

	Week starting on...	1/1	1/8	1/15	1/22	2/1	2/8	2/15	2/22	3/1	3/8	3/15	3/22	4/1	4/8	4/15	4/22	5/1	5/8	5/15	5/22	6/1	6/8	6/15	6/22	7/1	7/8	7/15	7/22	8/1	8/8	8/15	8/22	9/1	9/8	9/15	9/22	10/1	10/8	10/15	10/22	11/1	11/8	11/15	11/22	12/1	12/8	12/15	12/22
Frequency (%)
	Gadwall	22.527601597369042	20.810142238713667	17.582417582417584	17.87695410993444	16.740088105726873	10.24922990758891	9.196275888276647	17.14992927864215	19.61767471012222	22.55511588468061	22.79245283018868	23.685192092502795	24.20901246404602	21.335341365461847	22.120141342756185	18.578168212136	12.924341604506012	10.053940665268204	9.780184772220453	11.184324605514131	8.138629283489095	5.972850678733032	5.005055611729019	4.137360364087712	3.2890940565493363	5.4627249357326475	6.5420560747663545	7.029053420805999	5.555555555555555	5.972906403940887	6.018774157923799	8.348262271587245	9.410339256865912	11.943986820428336	11.929967426710098	14.584717607973422	16.83731513083049	19.863532979529946	22.401227464518602	24.693819424665335	26.613861386138616	26.721439749608766	24.425162689804772	23.01360057265569	24.976830398517144	23.233695652173914	18.85148514851485	23.635849590048064
	Total # checklists submitted - (Gadwall)	4257	3234	2821	3966	2724	3571	5263	2828	3191	3538	3975	5362	4172	3984	4245	6147	6569	6674	6278	5767	2568	2210	1978	2417	1733	1556	1498	2134	1566	1624	1811	2791	2476	2428	2456	3010	2637	2638	2607	3511	2525	2556	2305	2794	2158	2208	2525	3537
	
Abundance
	Gadwall	3.1371858116044162	3.030921459492888	1.9135058489897199	2.0151285930408473	1.6009544787077827	0.9308316998039765	0.8341250237507125	1.6421499292786421	1.9645879034785334	2.454494064443188	2.5720754716981133	2.4433047370384187	2.0910834132310643	1.632781124497992	1.3444051825677268	0.8605823979176834	0.45638605571624297	0.31345519928079113	0.30073271742593183	0.337610542743194	0.23286604361370716	0.17375565610859728	0.13144590495449948	0.1237070748862226	0.10963646855164455	0.2532133676092545	0.3190921228304406	0.3650421743205248	0.4003831417624521	0.5116995073891626	0.5654334621755936	0.7821569329989251	0.9075121163166397	1.03500823723229	1.5773615635179152	1.9837209302325582	2.242320819112628	2.9078847611827143	3.7518220176448023	4.005126744517232	4.72	4.122065727699531	3.9765726681127984	3.553328561202577	4.147358665430954	3.072463768115942	2.934257425742574	3.5527283008199038
	Total # checklists submitted - (Gadwall)	4257	3234	2821	3966	2724	3571	5263	2828	3191	3538	3975	5362	4172	3984	4245	6147	6569	6674	6278	5767	2568	2210	1978	2417	1733	1556	1498	2134	1566	1624	1811	2791	2476	2428	2456	3010	2637	2638	2607	3511	2525	2556	2305	2794	2158	2208	2525	3537
	
Birds Per Party Hour
	Gadwall	16.522299933387288	15.553773024541048	11.950798604497162	13.162630614093121	10.351624340979289	10.635194576137481	8.322922550125906	8.229240124255403	11.339425450321281	8.101056047489845	7.706345345776185	7.685437349380471	6.421471103221863	5.528892290968034	4.3813382703779835	2.7429225547487683	1.7268339733509928	1.5579726106538105	1.4207257014489811	1.565993357872199	1.8213916249828894	2.8520011471815705	1.5178125842965051	2.8600522142917733	1.9744730929046683	3.084428422292025	5.344981540614835	2.619104862555104	2.967108701715718	4.278218263611464	3.357216447585583	3.64880217030437	4.326700304447088	3.336976355106358	5.929296368392117	6.799341729981704	8.736147856077793	7.963649562239557	12.586084693677263	13.314508822051748	14.783425445123662	17.69469832275286	13.417408455516236	15.42745387391788	17.811266751935918	12.526550634483153	10.642662736824542	14.830122172925355
	# checklists reporting species - (Gadwall)	888	650	478	647	422	344	458	457	586	751	855	1189	969	821	895	1096	818	669	605	637	207	130	99	94	57	86	97	143	85	100	108	224	223	282	300	427	430	498	563	826	630	626	536	599	504	476	453	808
	
High Count
	Gadwall	358	303	140	150	117	112	91	103	141	100	103	134	105	100	40	35	20	18	22	20	16	13	12	15	12	30	46	38	38	50	48	89	104	79	167	121	100	150	156	177	182	128	120	150	320	211	163	311
	# checklists reporting species - (Gadwall)	1006	716	534	753	478	381	516	513	654	838	955	1332	1068	885	975	1187	885	702	643	693	219	143	111	105	61	91	102	153	91	101	111	241	241	309	331	468	473	558	635	934	719	727	604	694	581	549	517	896
	
Totals
	Gadwall	13673	10422	5754	8291	4384	3351	4491	4794	6330	8945	10574	13341	8916	6633	5817	5456	3075	2158	1943	2051	622	402	288	304	200	405	495	793	636	874	1028	2224	2331	2662	4498	6138	6181	7881	10331	14928	12208	10769	9564	10328	9264	7221	7940	12870
	# checklists reporting species - (Gadwall)	901	671	487	662	425	348	468	468	593	762	866	1210	981	827	906	1107	831	676	615	659	210	137	106	97	59	89	99	143	86	100	108	228	227	288	315	435	440	508	571	846	637	636	551	613	517	489	463	823
	
Average Count
	Gadwall	15.175360710321865	15.53204172876304	11.815195071868583	12.524169184290031	10.315294117647058	9.629310344827585	9.596153846153847	10.243589743589743	10.674536256323778	11.738845144356956	12.210161662817551	11.025619834710744	9.08868501529052	8.02055622732769	6.420529801324503	4.9286359530261965	3.700361010830325	3.1923076923076925	3.159349593495935	3.1122913505311076	2.961904761904762	2.934306569343066	2.7169811320754715	3.134020618556701	3.389830508474576	4.550561797752809	5.0	5.545454545454546	7.395348837209302	8.74	9.518518518518519	9.75438596491228	10.268722466960352	9.243055555555555	14.27936507936508	14.110344827586207	14.047727272727272	15.513779527559056	18.092819614711033	17.645390070921987	19.164835164835164	16.93238993710692	17.35753176043557	16.848287112561174	17.918762088974855	14.766871165644172	17.14902807775378	15.637910085054678
	# checklists reporting species - (Gadwall)	901	671	487	662	425	348	468	468	593	762	866	1210	981	827	906	1107	831	676	615	659	210	137	106	97	59	89	99	143	86	100	108	228	227	288	315	435	440	508	571	846	637	636	551	613	517	489	463	823
	
