

	Week starting on...	1/1	1/8	1/15	1/22	2/1	2/8	2/15	2/22	3/1	3/8	3/15	3/22	4/1	4/8	4/15	4/22	5/1	5/8	5/15	5/22	6/1	6/8	6/15	6/22	7/1	7/8	7/15	7/22	8/1	8/8	8/15	8/22	9/1	9/8	9/15	9/22	10/1	10/8	10/15	10/22	11/1	11/8	11/15	11/22	12/1	12/8	12/15	12/22
Frequency (%)
	Greater White-fronted Goose	0.0	0.0	0.07089684509039348	1.2607160867372669	0.0	0.0	0.019000570017100513	0.0	0.0	0.02826455624646693	0.025157232704402514	0.0	0.0	0.07530120481927711	0.0	0.0	0.0	0.0	0.0	0.0	0.0	0.0	0.0	0.0	0.0	0.0	0.0	0.0	0.0	0.0	0.0	0.0	0.0	0.0	0.0	0.03322259136212625	0.0	0.03790750568612585	0.0	0.0	0.0	0.03912363067292645	0.0	0.0	0.0	0.04528985507246377	0.039603960396039604	0.05654509471303364
	Total # checklists submitted - (Greater White-fronted Goose)	4257	3234	2821	3966	2724	3571	5263	2828	3191	3538	3975	5362	4172	3984	4245	6147	6569	6674	6278	5767	2568	2210	1978	2417	1733	1556	1498	2134	1566	1624	1811	2791	2476	2428	2456	3010	2637	2638	2607	3511	2525	2556	2305	2794	2158	2208	2525	3537
	
Abundance
	Greater White-fronted Goose	0.0	0.0	7.089684509039348E-4	0.021432173474533536	0.0	0.0	1.9000570017100514E-4	0.0	0.0	2.826455624646693E-4	7.547169811320754E-4	0.0	0.0	0.012801204819277108	0.0	0.0	0.0	0.0	0.0	0.0	0.0	0.0	0.0	0.0	0.0	0.0	0.0	0.0	0.0	0.0	0.0	0.0	0.0	0.0	0.0	6.64451827242525E-4	0.0	0.006444275966641395	0.0	0.0	0.0	3.912363067292645E-4	0.0	0.0	0.0	4.528985507246377E-4	3.9603960396039607E-4	0.002544529262086514
	Total # checklists submitted - (Greater White-fronted Goose)	4257	3234	2821	3966	2724	3571	5263	2828	3191	3538	3975	5362	4172	3984	4245	6147	6569	6674	6278	5767	2568	2210	1978	2417	1733	1556	1498	2134	1566	1624	1811	2791	2476	2428	2456	3010	2637	2638	2607	3511	2525	2556	2305	2794	2158	2208	2525	3537
	
Birds Per Party Hour
	Greater White-fronted Goose	0.0	0.0	0.8382352941176471	4.866419704176338	0.0	0.0	8.024096385542169	0.0	0.0	0.29850746268656714	1.2	0.0	0.0	2.752558479532164	0.0	0.0	0.0	0.0	0.0	0.0	0.0	0.0	0.0	0.0	0.0	0.0	0.0	0.0	0.0	0.0	0.0	0.0	0.0	0.0	0.0	0.5	0.0	171.7	0.0	0.0	0.0	4.0	0.0	0.0	0.0	0.35298270384751146	0.8576329331046312	0.4800768122899664
	# checklists reporting species - (Greater White-fronted Goose)	0.0	0.0	2	59	0.0	0.0	2	0.0	0.0	1	1	0.0	0.0	4	0.0	0.0	0.0	0.0	0.0	0.0	0.0	0.0	0.0	0.0	0.0	0.0	0.0	0.0	0.0	0.0	0.0	0.0	0.0	0.0	0.0	1	0.0	2	0.0	0.0	0.0	1	0.0	1	0.0	1	2	1
	
High Count
	Greater White-fronted Goose	0.0	0.0	1	2	0.0	0.0	1	0.0	0.0	1	3	0.0	0.0	17	0.0	0.0	0.0	0.0	0.0	0.0	0.0	0.0	0.0	0.0	0.0	0.0	0.0	0.0	0.0	0.0	0.0	0.0	0.0	0.0	0.0	2	0.0	17	0.0	0.0	0.0	1	0.0	24	0.0	1	1	8
	# checklists reporting species - (Greater White-fronted Goose)	0.0	0.0	2	59	0.0	0.0	2	0.0	0.0	1	1	0.0	0.0	4	0.0	0.0	0.0	0.0	0.0	0.0	0.0	0.0	0.0	0.0	0.0	0.0	0.0	0.0	0.0	0.0	0.0	0.0	0.0	0.0	0.0	1	0.0	2	0.0	0.0	0.0	2	0.0	1	0.0	1	2	2
	
Totals
	Greater White-fronted Goose	0.0	0.0	2	99	0.0	0.0	2	0.0	0.0	1	3	0.0	0.0	53	0.0	0.0	0.0	0.0	0.0	0.0	0.0	0.0	0.0	0.0	0.0	0.0	0.0	0.0	0.0	0.0	0.0	0.0	0.0	0.0	0.0	2	0.0	34	0.0	0.0	0.0	1	0.0	24	0.0	1	2	9
	# checklists reporting species - (Greater White-fronted Goose)	0.0	0.0	2	59	0.0	0.0	2	0.0	0.0	1	1	0.0	0.0	4	0.0	0.0	0.0	0.0	0.0	0.0	0.0	0.0	0.0	0.0	0.0	0.0	0.0	0.0	0.0	0.0	0.0	0.0	0.0	0.0	0.0	1	0.0	2	0.0	0.0	0.0	1	0.0	1	0.0	1	2	2
	
Average Count
	Greater White-fronted Goose	0.0	0.0	1.0	1.6779661016949152	0.0	0.0	1.0	0.0	0.0	1.0	3.0	0.0	0.0	13.25	0.0	0.0	0.0	0.0	0.0	0.0	0.0	0.0	0.0	0.0	0.0	0.0	0.0	0.0	0.0	0.0	0.0	0.0	0.0	0.0	0.0	2.0	0.0	17.0	0.0	0.0	0.0	1.0	0.0	24.0	0.0	1.0	1.0	4.5
	# checklists reporting species - (Greater White-fronted Goose)	0.0	0.0	2	59	0.0	0.0	2	0.0	0.0	1	1	0.0	0.0	4	0.0	0.0	0.0	0.0	0.0	0.0	0.0	0.0	0.0	0.0	0.0	0.0	0.0	0.0	0.0	0.0	0.0	0.0	0.0	0.0	0.0	1	0.0	2	0.0	0.0	0.0	1	0.0	1	0.0	1	2	2
	
