

	Week starting on...	1/1	1/8	1/15	1/22	2/1	2/8	2/15	2/22	3/1	3/8	3/15	3/22	4/1	4/8	4/15	4/22	5/1	5/8	5/15	5/22	6/1	6/8	6/15	6/22	7/1	7/8	7/15	7/22	8/1	8/8	8/15	8/22	9/1	9/8	9/15	9/22	10/1	10/8	10/15	10/22	11/1	11/8	11/15	11/22	12/1	12/8	12/15	12/22
Frequency (%)
	Northern Harrier	0.822175240779892	2.1645021645021645	1.240694789081886	1.2607160867372669	0.5873715124816447	0.33604032483898066	0.5320159604788144	0.6718528995756718	0.3760576621748668	0.6783493499152063	0.7044025157232704	0.8578888474449832	1.1505273250239694	1.2048192771084338	1.8610129564193167	1.6593460224499756	0.9590500837265946	0.494456098291879	0.3663587129659127	0.5895612970348535	0.1557632398753894	0.0	0.0	0.0	0.05770340450086555	0.0	0.0	0.046860356138706656	0.2554278416347382	0.3078817733990148	1.8774157923799006	2.1139376567538517	3.1906300484652665	6.3014827018121915	5.903908794788274	8.073089700996677	5.65036025786879	7.657316148597422	9.742999616417338	6.15209342067787	4.673267326732673	3.912363067292645	2.516268980477223	2.111667859699356	1.7145505097312326	1.3134057971014492	2.178217821782178	1.300537178399774
	Total # checklists submitted - (Northern Harrier)	4257	3234	2821	3966	2724	3571	5263	2828	3191	3538	3975	5362	4172	3984	4245	6147	6569	6674	6278	5767	2568	2210	1978	2417	1733	1556	1498	2134	1566	1624	1811	2791	2476	2428	2456	3010	2637	2638	2607	3511	2525	2556	2305	2794	2158	2208	2525	3537
	
Abundance
	Northern Harrier	0.00822175240779892	0.02350030921459493	0.014533853243530664	0.014120020171457387	0.006240822320117474	0.0033604032483898066	0.005320159604788144	0.007072135785007072	0.003760576621748668	0.00819672131147541	0.00729559748427673	0.008951883625512868	0.012943432406519654	0.01355421686746988	0.02049469964664311	0.017406865137465432	0.010656112041406606	0.005094396164219359	0.003504300732717426	0.006415814114791052	0.001557632398753894	0.0	0.0	0.0	5.770340450086555E-4	0.0	0.0	4.6860356138706655E-4	0.0031928480204342275	0.0049261083743842365	0.027609055770292656	0.02830526692941598	0.04765751211631664	0.16268533772652388	0.1461726384364821	0.24750830564784054	0.18733409177095184	0.18423047763457165	0.2742616033755274	0.12532042153232698	0.10851485148514851	0.07237871674491393	0.03253796095444685	0.023264137437365783	0.019925857275254866	0.014492753623188406	0.024554455445544555	0.01441899915182358
	Total # checklists submitted - (Northern Harrier)	4257	3234	2821	3966	2724	3571	5263	2828	3191	3538	3975	5362	4172	3984	4245	6147	6569	6674	6278	5767	2568	2210	1978	2417	1733	1556	1498	2134	1566	1624	1811	2791	2476	2428	2456	3010	2637	2638	2607	3511	2525	2556	2305	2794	2158	2208	2525	3537
	
Birds Per Party Hour
	Northern Harrier	0.9321982003042594	0.521233788379038	2.133074377551767	1.182292345134985	0.4019574361133964	0.5024342834104268	1.4155144629554663	1.0159664512157587	0.33055585302517054	0.42863557867753843	0.4795821689602184	1.8447343045411893	0.7778629451701317	0.47571992677493896	0.9428163869578678	0.9828105990978233	0.6071488520357741	0.4095174483248405	0.3532150504798657	0.5996405188093253	0.7023808273039258	0.0	0.0	0.0	1.2004801920768307	0.0	0.0	0.20618556701030927	0.5717171717171717	0.547950158798301	0.40781328095189745	0.9341680706401411	1.0344306922804871	0.8589334600732481	1.3719309808025502	1.297776246735474	1.2257877585978245	0.9344501258933268	1.0829852504619277	1.0473895296839737	0.7930062151879339	0.6699848295859631	0.5087603159204367	0.5760201864414494	0.41219773295507217	0.6190703797161257	0.5906262323893102	0.5587724262169618
	# checklists reporting species - (Northern Harrier)	35	70	37	51	16	12	28	18	15	24	31	50	48	52	86	106	69	34	24	36	5	0.0	0.0	0.0	1	1	0.0	1	3	10	39	65	94	193	230	325	201	231	304	272	138	109	64	58	36	33	54	49
	
High Count
	Northern Harrier	1	2	3	2	2	1	2	2	1	2	2	2	5	3	2	2	3	2	1	2	1	0.0	0.0	0.0	1	1	0.0	1	2	3	5	7	12	30	19	26	40	20	17	25	21	13	6	4	4	2	3	2
	# checklists reporting species - (Northern Harrier)	40	79	44	56	20	13	37	23	17	25	34	54	57	61	96	130	75	37	27	39	6	0.0	0.0	0.0	1	1	0.0	2	4	11	43	72	96	202	245	353	213	251	330	294	146	121	71	70	43	42	68	52
	
Totals
	Northern Harrier	40	85	48	63	22	13	38	24	17	30	35	57	62	68	106	137	81	38	26	42	6	0.0	0.0	0.0	1	1	0.0	2	5	14	59	96	143	474	568	987	625	583	864	555	325	221	90	81	50	49	76	58
	# checklists reporting species - (Northern Harrier)	40	78	42	56	20	13	37	22	17	25	33	54	54	59	96	127	74	36	26	39	6	0.0	0.0	0.0	1	1	0.0	2	4	11	43	72	95	200	243	351	213	246	328	293	145	119	71	70	43	42	67	52
	
Average Count
	Northern Harrier	1.0	1.0897435897435896	1.1428571428571428	1.125	1.1	1.0	1.027027027027027	1.0909090909090908	1.0	1.2	1.0606060606060606	1.0555555555555556	1.1481481481481481	1.152542372881356	1.1041666666666667	1.078740157480315	1.0945945945945945	1.0555555555555556	1.0	1.0769230769230769	1.0	0.0	0.0	0.0	1.0	1.0	0.0	1.0	1.25	1.2727272727272727	1.372093023255814	1.3333333333333333	1.5052631578947369	2.37	2.337448559670782	2.8119658119658117	2.9342723004694835	2.369918699186992	2.6341463414634148	1.89419795221843	2.2413793103448274	1.8571428571428572	1.267605633802817	1.1571428571428573	1.1627906976744187	1.1666666666666667	1.1343283582089552	1.1153846153846154
	# checklists reporting species - (Northern Harrier)	40	78	42	56	20	13	37	22	17	25	33	54	54	59	96	127	74	36	26	39	6	0.0	0.0	0.0	1	1	0.0	2	4	11	43	72	95	200	243	351	213	246	328	293	145	119	71	70	43	42	67	52
	
