

	Week starting on...	1/1	1/8	1/15	1/22	2/1	2/8	2/15	2/22	3/1	3/8	3/15	3/22	4/1	4/8	4/15	4/22	5/1	5/8	5/15	5/22	6/1	6/8	6/15	6/22	7/1	7/8	7/15	7/22	8/1	8/8	8/15	8/22	9/1	9/8	9/15	9/22	10/1	10/8	10/15	10/22	11/1	11/8	11/15	11/22	12/1	12/8	12/15	12/22
Frequency (%)
	Hooded Merganser	10.547333803147756	8.503401360544217	5.281814959234314	4.790721129601614	4.405286343612335	4.200504060487258	2.812084362530876	5.162659123055162	6.549670949545597	9.29903900508762	10.9937106918239	10.72361059306229	9.34803451581975	7.028112449799197	5.1825677267373385	3.4976411257523994	1.735423961029076	0.7042253521126761	0.9716470213443773	1.6819837003641407	2.5311526479750777	3.2126696832579182	2.224469160768453	2.6479106330161355	2.3658395845354874	2.956298200514139	4.472630173564753	5.295220243673851	6.960408684546615	6.773399014778326	7.785753727222529	8.169115012540308	9.248788368336026	8.484349258649095	8.428338762214983	8.23920265780731	7.129313613955252	8.946171341925702	10.16494054468738	14.611221874109939	18.77227722772277	22.57433489827856	19.002169197396963	16.785969935576233	18.39666357738647	17.391304347826086	12.871287128712872	12.157195363302234
	Total # checklists submitted - (Hooded Merganser)	4257	3234	2821	3966	2724	3571	5263	2828	3191	3538	3975	5362	4172	3984	4245	6147	6569	6674	6278	5767	2568	2210	1978	2417	1733	1556	1498	2134	1566	1624	1811	2791	2476	2428	2456	3010	2637	2638	2607	3511	2525	2556	2305	2794	2158	2208	2525	3537
	
Abundance
	Hooded Merganser	0.5193798449612403	0.27118119975262833	0.11768876285005317	0.08598083711548159	0.08039647577092511	0.08597031643797255	0.05510165304959149	0.11456859971711457	0.1585709808837355	0.3434143583945732	0.41283018867924526	0.4257739649384558	0.3645733461169703	0.22439759036144577	0.14605418138987045	0.08182853424434684	0.03577409042472218	0.0092897812406353	0.01768079006052883	0.033986474770244496	0.0837227414330218	0.10950226244343891	0.08746208291203236	0.05709557302441043	0.06809001731102135	0.061696658097686374	0.16221628838451269	0.14479850046860357	0.21519795657726692	0.2419950738916256	0.24295969077857538	0.2963095664636331	0.3525848142164782	0.34308072487644153	0.3481270358306189	0.3073089700996678	0.3029958285930982	0.4200151630022744	0.7280398925968546	1.3765309028766732	2.9275247524752475	3.7687793427230045	3.222125813449024	2.7075876879026484	2.381835032437442	2.041213768115942	1.2261386138613861	0.8886061634153237
	Total # checklists submitted - (Hooded Merganser)	4257	3234	2821	3966	2724	3571	5263	2828	3191	3538	3975	5362	4172	3984	4245	6147	6569	6674	6278	5767	2568	2210	1978	2417	1733	1556	1498	2134	1566	1624	1811	2791	2476	2428	2456	3010	2637	2638	2607	3511	2525	2556	2305	2794	2158	2208	2525	3537
	
Birds Per Party Hour
	Hooded Merganser	5.428495419857902	4.304968031327434	2.734704140433221	2.6096977053741632	2.0789527069699303	2.345938387324004	2.4735734431805367	3.2040213134488185	2.152024896043336	3.410304636308903	2.7305934991674197	4.664278863267874	5.2144022692682865	3.6108028317419425	2.352120234177751	1.356021903427334	0.9561782188153671	1.177169098127413	1.5781280767864683	2.3179283982750416	3.633181364695971	3.8930488996075394	5.094254352691875	3.2363169288067586	2.2109903260430133	2.0775604754678594	1.8802532400102856	1.5259499955865596	2.0391153453961093	3.4329116673458784	1.7187024581976273	2.175933966916659	1.7094632059156671	1.7309450773427812	1.6090571684989121	1.8257510285597736	2.174504204614742	2.290437019219865	3.863877095501931	4.251258960062341	7.0590520516234525	9.722696137088747	11.076573844695597	11.620754200877377	9.838372525949659	7.953002477567038	5.289352104686224	5.900709427209332
	# checklists reporting species - (Hooded Merganser)	430	266	143	177	110	137	145	139	208	329	440	575	382	279	219	217	105	52	63	98	72	70	48	66	42	48	73	121	109	119	151	240	232	208	214	256	187	229	265	520	480	564	432	459	388	379	325	420
	
High Count
	Hooded Merganser	60	22	12	20	12	12	10	16	19	30	25	29	28	22	10	8	8	12	8	17	12	12	12	8	11	8	25	13	21	21	14	34	25	22	33	31	26	65	56	100	155	162	150	200	100	100	140	75
	# checklists reporting species - (Hooded Merganser)	478	296	160	203	126	159	159	162	227	357	466	625	414	297	239	232	118	52	68	102	73	76	53	76	45	54	74	131	118	123	160	259	248	228	235	266	198	251	288	572	534	633	481	514	440	423	368	454
	
Totals
	Hooded Merganser	2339	955	362	370	227	320	307	351	541	1297	1725	2470	1609	937	662	529	242	82	124	202	228	256	190	160	126	121	256	370	371	468	496	918	935	888	1021	1000	836	1179	2032	5412	8070	10336	7907	7943	5450	4809	3449	3261
	# checklists reporting species - (Hooded Merganser)	444	285	153	189	114	147	154	155	220	344	454	603	400	284	228	223	111	52	66	100	73	74	53	75	44	54	74	130	115	122	157	257	243	219	229	265	193	242	276	548	498	586	449	472	402	393	345	437
	
Average Count
	Hooded Merganser	5.268018018018018	3.3508771929824563	2.366013071895425	1.9576719576719577	1.9912280701754386	2.17687074829932	1.9935064935064934	2.264516129032258	2.459090909090909	3.770348837209302	3.799559471365639	4.096185737976783	4.0225	3.2992957746478875	2.9035087719298245	2.3721973094170403	2.18018018018018	1.5769230769230769	1.878787878787879	2.02	3.1232876712328768	3.4594594594594597	3.5849056603773586	2.1333333333333333	2.8636363636363638	2.240740740740741	3.4594594594594597	2.8461538461538463	3.226086956521739	3.8360655737704916	3.159235668789809	3.5719844357976656	3.847736625514403	4.054794520547945	4.458515283842795	3.7735849056603774	4.331606217616581	4.871900826446281	7.36231884057971	9.875912408759124	16.204819277108435	17.638225255972696	17.610244988864142	16.828389830508474	13.557213930348258	12.236641221374045	9.997101449275362	7.462242562929061
	# checklists reporting species - (Hooded Merganser)	444	285	153	189	114	147	154	155	220	344	454	603	400	284	228	223	111	52	66	100	73	74	53	75	44	54	74	130	115	122	157	257	243	219	229	265	193	242	276	548	498	586	449	472	402	393	345	437
	
