

	Week starting on...	1/1	1/8	1/15	1/22	2/1	2/8	2/15	2/22	3/1	3/8	3/15	3/22	4/1	4/8	4/15	4/22	5/1	5/8	5/15	5/22	6/1	6/8	6/15	6/22	7/1	7/8	7/15	7/22	8/1	8/8	8/15	8/22	9/1	9/8	9/15	9/22	10/1	10/8	10/15	10/22	11/1	11/8	11/15	11/22	12/1	12/8	12/15	12/22
Frequency (%)
	Cackling Goose	0.02349072116513977	0.0	0.10634526763559021	0.07564296520423601	0.03671071953010279	0.02800336040324839	0.0	0.07072135785007072	0.0940144155437167	0.5087620124364047	0.3270440251572327	0.14919806042521447	0.16778523489932887	0.12550200803212852	0.04711425206124853	0.03253619651862698	0.0	0.0	0.0	0.0	0.0	0.0	0.0	0.0	0.0	0.0	0.0	0.0	0.0	0.0	0.0	0.0	0.0	0.04118616144975289	0.12214983713355047	0.3986710963455149	0.6446719757299962	0.1516300227445034	0.1534330648254699	0.3417829678154372	0.0	0.0782472613458529	0.21691973969631237	0.10737294201861132	0.13901760889712697	0.0	0.07920792079207921	0.11309018942606729
	Total # checklists submitted - (Cackling Goose)	4257	3234	2821	3966	2724	3571	5263	2828	3191	3538	3975	5362	4172	3984	4245	6147	6569	6674	6278	5767	2568	2210	1978	2417	1733	1556	1498	2134	1566	1624	1811	2791	2476	2428	2456	3010	2637	2638	2607	3511	2525	2556	2305	2794	2158	2208	2525	3537
	
Abundance
	Cackling Goose	2.349072116513977E-4	0.0	0.0010634526763559022	7.564296520423601E-4	0.0022026431718061676	5.600672080649678E-4	0.0	0.0021216407355021216	0.0015669069257286117	0.013284341435839458	0.0057861635220125785	0.002237970906378217	0.0026366251198465963	0.004016064257028112	4.711425206124853E-4	6.507239303725395E-4	0.0	0.0	0.0	0.0	0.0	0.0	0.0	0.0	0.0	0.0	0.0	0.0	0.0	0.0	0.0	0.0	0.0	0.0016474464579901153	0.003257328990228013	0.016611295681063124	0.009480470231323474	0.001516300227445034	0.0023014959723820483	0.009114212475078326	0.0	7.82472613458529E-4	0.0021691973969631237	0.0046528274874731565	0.012974976830398516	0.0	7.920792079207921E-4	0.007068136839129205
	Total # checklists submitted - (Cackling Goose)	4257	3234	2821	3966	2724	3571	5263	2828	3191	3538	3975	5362	4172	3984	4245	6147	6569	6674	6278	5767	2568	2210	1978	2417	1733	1556	1498	2134	1566	1624	1811	2791	2476	2428	2456	3010	2637	2638	2607	3511	2525	2556	2305	2794	2158	2208	2525	3537
	
Birds Per Party Hour
	Cackling Goose	1.0	0.0	1.2152708728296366	2.145873006928288	6.0	0.9837678307919331	0.0	1.4923442996068694	0.5096648285558923	1.8617283966874298	2.405428420258236	1.7427050576004606	1.2556458417203706	2.752740716635933	2.334334334334334	2.7559286637242546	0.0	0.0	0.0	0.0	0.0	0.0	0.0	0.0	0.0	0.0	0.0	0.0	0.0	0.0	0.0	0.0	0.0	1.6778523489932886	1.3818112536794331	1.7797746105514967	0.42375343176349295	0.6286305445911408	0.3159145352813281	1.1277284229173494	0.0	0.5751558155156103	2.799664928085981	1.0349079111359916	6.294912771869159	0.0	0.15476190476190477	4.46969696969697
	# checklists reporting species - (Cackling Goose)	1	0.0	2	3	1	1	0.0	2	4	21	13	7	7	6	3	2	0.0	0.0	0.0	0.0	0.0	0.0	0.0	0.0	0.0	0.0	0.0	0.0	0.0	0.0	0.0	0.0	0.0	1	3	12	17	4	4	14	1	3	5	5	3	0.0	2	4
	
High Count
	Cackling Goose	1	0.0	1	1	6	2	0.0	5	2	9	4	5	2	6	1	2	0.0	0.0	0.0	0.0	0.0	0.0	0.0	0.0	0.0	0.0	0.0	0.0	0.0	0.0	0.0	0.0	0.0	4	6	16	4	1	2	7	1	5	2	5	10	0.0	1	13
	# checklists reporting species - (Cackling Goose)	2	0.0	3	3	1	1	0.0	2	5	21	13	8	7	6	3	2	0.0	0.0	0.0	0.0	0.0	0.0	0.0	0.0	0.0	0.0	0.0	0.0	0.0	0.0	0.0	0.0	0.0	1	3	12	17	4	5	14	1	4	6	6	3	0.0	3	5
	
Totals
	Cackling Goose	2	0.0	3	3	6	2	0.0	6	7	50	23	12	11	17	3	4	0.0	0.0	0.0	0.0	0.0	0.0	0.0	0.0	0.0	0.0	0.0	0.0	0.0	0.0	0.0	0.0	0.0	4	8	50	25	4	8	35	1	9	6	16	28	0.0	3	26
	# checklists reporting species - (Cackling Goose)	2	0.0	3	3	1	1	0.0	2	5	21	13	7	7	6	3	2	0.0	0.0	0.0	0.0	0.0	0.0	0.0	0.0	0.0	0.0	0.0	0.0	0.0	0.0	0.0	0.0	0.0	1	3	12	17	4	5	14	1	4	5	6	3	0.0	3	5
	
Average Count
	Cackling Goose	1.0	0.0	1.0	1.0	6.0	2.0	0.0	3.0	1.4	2.380952380952381	1.7692307692307692	1.7142857142857142	1.5714285714285714	2.8333333333333335	1.0	2.0	0.0	0.0	0.0	0.0	0.0	0.0	0.0	0.0	0.0	0.0	0.0	0.0	0.0	0.0	0.0	0.0	0.0	4.0	2.6666666666666665	4.166666666666667	1.4705882352941178	1.0	1.6	2.5	1.0	2.25	1.2	2.6666666666666665	9.333333333333334	0.0	1.0	5.2
	# checklists reporting species - (Cackling Goose)	2	0.0	3	3	1	1	0.0	2	5	21	13	7	7	6	3	2	0.0	0.0	0.0	0.0	0.0	0.0	0.0	0.0	0.0	0.0	0.0	0.0	0.0	0.0	0.0	0.0	0.0	1	3	12	17	4	5	14	1	4	5	6	3	0.0	3	5
	
