

	Week starting on...	1/1	1/8	1/15	1/22	2/1	2/8	2/15	2/22	3/1	3/8	3/15	3/22	4/1	4/8	4/15	4/22	5/1	5/8	5/15	5/22	6/1	6/8	6/15	6/22	7/1	7/8	7/15	7/22	8/1	8/8	8/15	8/22	9/1	9/8	9/15	9/22	10/1	10/8	10/15	10/22	11/1	11/8	11/15	11/22	12/1	12/8	12/15	12/22
Frequency (%)
	Ovenbird	0.0	0.0	0.0	0.0	0.0	0.0	0.0	0.0	0.0	0.0	0.0	0.0	0.0	0.0	0.0	0.7320644216691069	10.930126351042777	15.687743482169614	14.87734947435489	3.658748049245708	0.3894080996884735	0.22624434389140274	0.2527805864509606	0.2068680182043856	0.28851702250432776	0.12853470437017994	0.20026702269692925	0.0	0.19157088122605362	0.12315270935960591	0.7730535615681944	2.149767108563239	4.604200323101777	4.85996705107084	4.275244299674267	2.3255813953488373	1.5927189988623434	0.4169825625473844	0.3068661296509398	0.0	0.0	0.0782472613458529	0.0	0.0	0.0	0.18115942028985507	0.0	0.05654509471303364
	Total # checklists submitted - (Ovenbird)	4257	3234	2821	3966	2724	3571	5263	2828	3191	3538	3975	5362	4172	3984	4245	6147	6569	6674	6278	5767	2568	2210	1978	2417	1733	1556	1498	2134	1566	1624	1811	2791	2476	2428	2456	3010	2637	2638	2607	3511	2525	2556	2305	2794	2158	2208	2525	3537
	
Abundance
	Ovenbird	0.0	0.0	0.0	0.0	0.0	0.0	0.0	0.0	0.0	0.0	0.0	0.0	0.0	0.0	0.0	0.008296730112249878	0.15360024356827523	0.25127359904105484	0.2314431347562918	0.044043696896133175	0.005451713395638629	0.0022624434389140274	0.0015166835187057635	0.002068680182043856	0.0028851702250432777	0.0019280205655526992	0.0013351134846461949	0.0	0.0019157088122605363	0.0012315270935960591	0.008282716731087797	0.030096739519885347	0.06502423263327949	0.06548599670510709	0.053338762214983716	0.02524916943521595	0.017064846416382253	0.004927975739196361	0.0038358266206367474	0.0	0.0	7.82472613458529E-4	0.0	0.0	0.0	0.0018115942028985507	0.0	5.654509471303364E-4
	Total # checklists submitted - (Ovenbird)	4257	3234	2821	3966	2724	3571	5263	2828	3191	3538	3975	5362	4172	3984	4245	6147	6569	6674	6278	5767	2568	2210	1978	2417	1733	1556	1498	2134	1566	1624	1811	2791	2476	2428	2456	3010	2637	2638	2607	3511	2525	2556	2305	2794	2158	2208	2525	3537
	
Birds Per Party Hour
	Ovenbird	0.0	0.0	0.0	0.0	0.0	0.0	0.0	0.0	0.0	0.0	0.0	0.0	0.0	0.0	0.0	0.5850971667328168	1.0161542311863447	1.2549958921881228	0.9872653175197635	0.8261391096937645	5.846064252122366	3.058535709365803	0.2871558221812029	0.6089601599753884	4.737541832164224	0.34350826386986527	1.437389770723104	0.0	0.4853801169590643	0.781874666278336	0.45915935713194334	0.8366620108675729	0.996743983770939	0.7615805241825376	1.3822198338812406	1.8010152458222979	1.5633172933492998	1.8857381925106473	2.2949642016524603	0.07792207792207792	0.0	0.6816632583503749	0.0	0.0	0.0	1.5665405585846224	0.0	2.662674650698603
	# checklists reporting species - (Ovenbird)	0.0	0	0.0	0.0	0.0	0.0	0	0.0	0.0	0.0	0.0	0.0	0.0	0.0	0.0	48	788	1168	1062	278	16	6	3	5	6	2	2	1	2	3	17	66	122	127	115	86	44	11	10	6	0.0	2	0.0	0.0	0.0	4	0	3
	
High Count
	Ovenbird	0.0	1	0.0	0.0	0.0	0.0	1	0.0	0.0	0.0	0.0	0.0	0.0	0.0	0.0	3	8	10	11	5	4	1	1	1	1	2	1	1	2	2	2	4	10	6	4	4	2	3	3	1	0.0	1	0.0	0.0	0.0	1	1	1
	# checklists reporting species - (Ovenbird)	0.0	1	0.0	0.0	0.0	0.0	1	0.0	0.0	0.0	0.0	0.0	0.0	0.0	0.0	48	817	1224	1109	297	18	10	8	7	10	2	3	1	3	4	17	73	129	134	125	89	46	12	10	6	0.0	2	0.0	0.0	0.0	4	2	3
	
Totals
	Ovenbird	0.0	1	0.0	0.0	0.0	0.0	1	0.0	0.0	0.0	0.0	0.0	0.0	0.0	0.0	55	1119	1918	1725	358	22	10	6	6	10	3	2	1	3	5	18	98	173	177	149	99	49	14	14	6	0.0	2	0.0	0.0	0.0	4	2	3
	# checklists reporting species - (Ovenbird)	0.0	1	0.0	0.0	0.0	0.0	1	0.0	0.0	0.0	0.0	0.0	0.0	0.0	0.0	48	808	1199	1084	292	17	10	6	6	10	2	2	1	2	4	17	71	125	132	121	89	46	12	10	6	0.0	2	0.0	0.0	0.0	4	2	3
	
Average Count
	Ovenbird	0.0	1.0	0.0	0.0	0.0	0.0	1.0	0.0	0.0	0.0	0.0	0.0	0.0	0.0	0.0	1.1458333333333333	1.38490099009901	1.5996663886572144	1.5913284132841328	1.226027397260274	1.2941176470588236	1.0	1.0	1.0	1.0	1.5	1.0	1.0	1.5	1.25	1.0588235294117647	1.380281690140845	1.384	1.3409090909090908	1.2314049586776858	1.1123595505617978	1.065217391304348	1.1666666666666667	1.4	1.0	0.0	1.0	0.0	0.0	0.0	1.0	1.0	1.0
	# checklists reporting species - (Ovenbird)	0.0	1	0.0	0.0	0.0	0.0	1	0.0	0.0	0.0	0.0	0.0	0.0	0.0	0.0	48	808	1199	1084	292	17	10	6	6	10	2	2	1	2	4	17	71	125	132	121	89	46	12	10	6	0.0	2	0.0	0.0	0.0	4	2	3
	
