

	Week starting on...	1/1	1/8	1/15	1/22	2/1	2/8	2/15	2/22	3/1	3/8	3/15	3/22	4/1	4/8	4/15	4/22	5/1	5/8	5/15	5/22	6/1	6/8	6/15	6/22	7/1	7/8	7/15	7/22	8/1	8/8	8/15	8/22	9/1	9/8	9/15	9/22	10/1	10/8	10/15	10/22	11/1	11/8	11/15	11/22	12/1	12/8	12/15	12/22
Frequency (%)
	Eastern Phoebe	0.09396288466055908	0.0	0.07089684509039348	0.02521432173474534	0.07342143906020558	0.02800336040324839	0.0	0.0	0.0	0.02826455624646693	0.25157232704402516	5.221932114882506	16.44295302013423	22.740963855421686	17.691401648998824	10.964698226777289	6.850357740904248	5.33413245430027	5.9254539662312835	5.340731749609849	3.1542056074766354	3.8009049773755654	2.982810920121335	3.5581299131154323	2.942873629544143	3.1491002570694087	3.6715620827770366	2.7647610121836927	4.150702426564496	2.770935960591133	4.914411927112092	4.801146542457901	5.492730210016155	5.642504118616145	11.604234527687296	20.0	26.924535456958665	24.260803639120546	21.365554276946682	12.16177727143264	5.188118811881188	1.8779342723004695	0.6507592190889371	0.322118826055834	0.41705282669138094	0.22644927536231885	0.2772277227722772	0.08481764206955046
	Total # checklists submitted - (Eastern Phoebe)	4257	3234	2821	3966	2724	3571	5263	2828	3191	3538	3975	5362	4172	3984	4245	6147	6569	6674	6278	5767	2568	2210	1978	2417	1733	1556	1498	2134	1566	1624	1811	2791	2476	2428	2456	3010	2637	2638	2607	3511	2525	2556	2305	2794	2158	2208	2525	3537
	
Abundance
	Eastern Phoebe	9.396288466055908E-4	0.0	7.089684509039348E-4	2.521432173474534E-4	7.342143906020558E-4	2.800336040324839E-4	0.0	0.0	0.0	2.826455624646693E-4	0.0025157232704402514	0.08690787019768743	0.3444391179290508	0.4987449799196787	0.3486454652532391	0.18204001952171792	0.08829349977165474	0.06997302966736589	0.07597961134119147	0.07057395526270158	0.03933021806853582	0.05248868778280543	0.04196157735085945	0.04426975589573852	0.03519907674552799	0.04948586118251928	0.05540720961281709	0.037019681349578254	0.0561941251596424	0.034482758620689655	0.06791827719491994	0.06843425295592978	0.0654281098546042	0.07166392092257001	0.2561074918566775	0.48372093023255813	0.9169510807736063	0.6292645943896892	0.48024549290372076	0.19624038735403018	0.06653465346534654	0.02269170579029734	0.00737527114967462	0.0032211882605583395	0.004633920296570899	0.002717391304347826	0.0031683168316831685	8.481764206955047E-4
	Total # checklists submitted - (Eastern Phoebe)	4257	3234	2821	3966	2724	3571	5263	2828	3191	3538	3975	5362	4172	3984	4245	6147	6569	6674	6278	5767	2568	2210	1978	2417	1733	1556	1498	2134	1566	1624	1811	2791	2476	2428	2456	3010	2637	2638	2607	3511	2525	2556	2305	2794	2158	2208	2525	3537
	
Birds Per Party Hour
	Eastern Phoebe	2.3253968253968256	0.0	0.8290486272137648	0.6666666666666666	0.8156108597285068	0.7727768685215494	0.0	0.0	0.0	0.3749531308586427	0.4541701783124233	1.2027668998128118	1.3964785560463602	1.5941701842684606	1.4463528366598137	1.1323459442776136	0.7453268287098339	0.778476736055553	0.8784136453669502	0.8455453825967265	1.8867753034468566	1.7246196335832509	0.9332396011350788	1.084048917217911	1.7818306270342847	1.3604351539796031	1.3958144703641846	1.1067592069675543	0.9218192000096997	0.8241396323385577	0.9620432311116303	0.9056281256557545	0.7253555785091755	0.7472252314680283	1.186811683051468	1.3598199183210404	1.994191587249803	1.8645634604638444	1.7452178307128514	0.9894930474667647	0.7294794447045928	0.5708576016080302	0.8711394106607044	0.8720240114575986	1.1338937787943126	0.46268217678677	0.34161984046620403	0.7765429762074703
	# checklists reporting species - (Eastern Phoebe)	5	0.0	2	1	2	2	0.0	0.0	0.0	1	9	294	717	937	774	688	459	366	380	324	85	85	60	86	51	49	54	61	65	54	89	142	139	143	298	617	726	649	578	444	141	51	15	10	10	5	7	3
	
High Count
	Eastern Phoebe	1	0.0	1	1	1	1	0.0	0.0	0.0	1	1	18	28	22	10	10	5	5	6	6	5	5	4	4	2	8	6	6	4	3	7	7	4	4	21	40	100	30	22	10	5	3	2	1	2	2	2	1
	# checklists reporting species - (Eastern Phoebe)	5	0.0	2	1	2	2	0.0	0.0	0.0	1	11	303	755	989	803	714	475	380	396	336	99	94	67	96	59	50	56	63	69	56	94	148	145	149	322	662	782	702	623	468	145	52	16	10	10	6	7	3
	
Totals
	Eastern Phoebe	5	0.0	2	1	2	2	0.0	0.0	0.0	1	11	493	1534	2146	1547	1171	609	498	504	436	122	127	91	119	68	79	84	83	93	71	129	206	173	185	679	1550	2556	1773	1341	744	186	62	18	10	11	7	8	3
	# checklists reporting species - (Eastern Phoebe)	5	0.0	2	1	2	2	0.0	0.0	0.0	1	11	301	746	971	788	700	464	370	381	332	95	92	67	94	55	50	55	63	67	56	89	147	141	146	314	646	761	687	613	457	144	52	16	10	10	6	7	3
	
Average Count
	Eastern Phoebe	1.0	0.0	1.0	1.0	1.0	1.0	0.0	0.0	0.0	1.0	1.0	1.6378737541528239	2.0563002680965146	2.2100926879505662	1.9631979695431472	1.6728571428571428	1.3125	1.345945945945946	1.3228346456692914	1.3132530120481927	1.2842105263157895	1.3804347826086956	1.3582089552238805	1.2659574468085106	1.2363636363636363	1.58	1.5272727272727273	1.3174603174603174	1.3880597014925373	1.2678571428571428	1.449438202247191	1.401360544217687	1.2269503546099292	1.2671232876712328	2.162420382165605	2.3993808049535605	3.3587385019710907	2.5807860262008733	2.1876019575856445	1.6280087527352298	1.2916666666666667	1.1923076923076923	1.125	1.0	1.1	1.1666666666666667	1.1428571428571428	1.0
	# checklists reporting species - (Eastern Phoebe)	5	0.0	2	1	2	2	0.0	0.0	0.0	1	11	301	746	971	788	700	464	370	381	332	95	92	67	94	55	50	55	63	67	56	89	147	141	146	314	646	761	687	613	457	144	52	16	10	10	6	7	3
	
