

	Week starting on...	1/1	1/8	1/15	1/22	2/1	2/8	2/15	2/22	3/1	3/8	3/15	3/22	4/1	4/8	4/15	4/22	5/1	5/8	5/15	5/22	6/1	6/8	6/15	6/22	7/1	7/8	7/15	7/22	8/1	8/8	8/15	8/22	9/1	9/8	9/15	9/22	10/1	10/8	10/15	10/22	11/1	11/8	11/15	11/22	12/1	12/8	12/15	12/22
Frequency (%)
	Mute Swan	25.53441390650693	26.22139764996908	24.77844735909252	26.248108925869897	25.91776798825257	16.35396247549706	14.915447463423902	26.874115983026876	27.953619554998433	30.638778971170154	30.49056603773585	29.298769116001495	29.72195589645254	27.86144578313253	27.30270906949352	27.135187896534894	25.331100624143705	22.295474977524723	22.013380057343102	26.564938442864573	18.029595015576323	14.16289592760181	13.852376137512639	11.460488208522962	13.560300057703403	11.632390745501285	14.419225634178906	13.917525773195877	16.15581098339719	13.177339901477833	16.84152401987852	18.16553206735937	22.819063004846527	22.652388797364086	21.74267100977199	20.564784053156146	21.387940841865756	22.327520849128128	23.628691983122362	25.263457704357734	26.930693069306933	28.951486697965574	25.42299349240781	23.51467430207588	25.393883225208526	27.128623188405797	20.673267326732674	26.519649420412776
	Total # checklists submitted - (Mute Swan)	4257	3234	2821	3966	2724	3571	5263	2828	3191	3538	3975	5362	4172	3984	4245	6147	6569	6674	6278	5767	2568	2210	1978	2417	1733	1556	1498	2134	1566	1624	1811	2791	2476	2428	2456	3010	2637	2638	2607	3511	2525	2556	2305	2794	2158	2208	2525	3537
	
Abundance
	Mute Swan	1.3887714352830631	1.4752628324056896	1.3278979085430698	1.3862834089762985	1.27863436123348	0.8311397367684122	0.7121413642409272	1.1364922206506365	1.1043560012535256	1.3058224985867721	1.280251572327044	1.2528907124207385	0.9892138063279002	0.8702309236947792	0.9241460541813898	0.8584675451439727	0.6838179327142639	0.611327539706323	0.5737496017840077	0.6866655106641235	0.5027258566978193	0.38597285067873305	0.4974721941354904	0.4033926354985519	0.5481823427582228	0.531491002570694	0.4699599465954606	0.5670103092783505	0.6283524904214559	0.6114532019704434	0.7852015461071231	0.8513077749910426	1.0916801292407108	1.128500823723229	1.3017100977198697	1.2282392026578073	1.4262419416003034	1.3802122820318423	1.428078250863061	1.6847052121902593	1.4574257425742574	1.640453834115806	1.4494577006507592	1.3081603435934144	1.4040778498609825	1.40625	1.2174257425742574	1.4379417585524457
	Total # checklists submitted - (Mute Swan)	4257	3234	2821	3966	2724	3571	5263	2828	3191	3538	3975	5362	4172	3984	4245	6147	6569	6674	6278	5767	2568	2210	1978	2417	1733	1556	1498	2134	1566	1624	1811	2791	2476	2428	2456	3010	2637	2638	2607	3511	2525	2556	2305	2794	2158	2208	2525	3537
	
Birds Per Party Hour
	Mute Swan	8.175000162611344	7.817256864258613	6.467118355584145	8.117527136873896	7.010997020783066	7.635227690928445	7.177729291648764	5.464835626225073	5.337644072717969	3.8229825784840874	3.975016499847354	4.278012086779931	2.6678599105050176	2.751472752463524	2.9359625282030724	2.6240024974402743	1.8143528848087527	1.996710766457248	2.060748213306601	1.7093154135295552	2.739364893394766	2.7810846045755677	4.007037274717749	5.421907436375787	4.445326836327244	7.973564910996052	2.548968165148415	4.503050786022318	2.943105504389356	9.182254694504358	2.87521923857483	3.766717804197023	3.2831785592984435	3.0872395374433506	4.5488734276359315	4.383959416565564	5.106067936279397	3.666110374943891	4.409533844584475	4.746908410242676	4.088430852787045	4.836673680263272	5.368816649406346	6.955873413922408	6.809108611582958	5.356006957841626	4.992676264802875	5.760222129691444
	# checklists reporting species - (Mute Swan)	1049	822	690	998	676	557	770	729	864	1049	1163	1510	1192	1088	1133	1615	1610	1469	1355	1503	470	297	272	274	225	177	212	292	254	224	302	500	553	530	537	612	555	563	599	856	657	716	564	645	533	580	521	930
	
High Count
	Mute Swan	100	108	106	94	70	83	106	52	38	120	43	50	35	38	38	45	42	47	35	41	44	16	31	47	70	117	37	80	35	39	90	91	80	42	65	100	75	80	63	69	36	60	42	50	65	50	47	55
	# checklists reporting species - (Mute Swan)	1147	898	753	1100	747	615	837	800	943	1139	1267	1648	1297	1169	1216	1738	1733	1562	1456	1627	494	329	300	305	253	197	232	318	272	239	322	532	591	571	579	659	606	623	659	934	727	780	616	703	589	640	569	1006
	
Totals
	Mute Swan	6020	4935	3944	5629	3560	3056	3887	3326	3713	4761	5209	6922	4239	3602	4019	5474	4630	4204	3739	4161	1402	883	1036	1096	997	856	735	1261	1062	1049	1503	2502	2798	2786	3409	3912	3947	3796	3918	6132	3840	4344	3430	3792	3167	3255	3298	5290
	# checklists reporting species - (Mute Swan)	1069	851	711	1031	704	580	794	755	882	1070	1182	1540	1221	1108	1151	1632	1634	1481	1369	1528	474	304	278	287	229	180	214	304	261	228	309	504	562	539	554	626	570	582	610	870	674	730	577	653	551	596	538	943
	
Average Count
	Mute Swan	5.631431244153414	5.799059929494712	5.547116736990155	5.459747817652764	5.056818181818182	5.268965517241379	4.895465994962216	4.405298013245033	4.209750566893424	4.449532710280374	4.406937394247039	4.494805194805195	3.4717444717444716	3.2509025270758123	3.491746307558645	3.3541666666666665	2.8335373317013466	2.838622552329507	2.731190650109569	2.7231675392670156	2.957805907172996	2.9046052631578947	3.726618705035971	3.818815331010453	4.353711790393013	4.7555555555555555	3.4345794392523366	4.1480263157894735	4.068965517241379	4.600877192982456	4.864077669902913	4.964285714285714	4.9786476868327405	5.1688311688311686	6.153429602888087	6.2492012779552715	6.924561403508772	6.52233676975945	6.422950819672131	7.048275862068966	5.6973293768546	5.950684931506849	5.944540727902946	5.807044410413476	5.747731397459165	5.4614093959731544	6.130111524163569	5.609756097560975
	# checklists reporting species - (Mute Swan)	1069	851	711	1031	704	580	794	755	882	1070	1182	1540	1221	1108	1151	1632	1634	1481	1369	1528	474	304	278	287	229	180	214	304	261	228	309	504	562	539	554	626	570	582	610	870	674	730	577	653	551	596	538	943
	
