

	Week starting on...	1/1	1/8	1/15	1/22	2/1	2/8	2/15	2/22	3/1	3/8	3/15	3/22	4/1	4/8	4/15	4/22	5/1	5/8	5/15	5/22	6/1	6/8	6/15	6/22	7/1	7/8	7/15	7/22	8/1	8/8	8/15	8/22	9/1	9/8	9/15	9/22	10/1	10/8	10/15	10/22	11/1	11/8	11/15	11/22	12/1	12/8	12/15	12/22
Frequency (%)
	Red-eyed Vireo	0.0	0.0	0.0	0.0	0.0	0.0	0.0	0.0	0.0	0.0	0.0	0.0	0.0	0.0	0.0	0.0	0.487136550464302	5.259214863649985	22.300095571838167	30.605167331368126	22.313084112149532	15.565610859728507	15.217391304347828	12.701696317749276	15.349105597230237	13.753213367609254	12.817089452603472	10.262417994376758	8.939974457215836	8.805418719211824	13.086692435118719	16.875671802221426	24.232633279483036	24.71169686985173	18.403908794788272	10.09966777408638	5.346985210466439	1.5163002274450341	0.34522439585730724	0.1708914839077186	0.039603960396039604	0.03912363067292645	0.0	0.0	0.0	0.0	0.0	0.0
	Total # checklists submitted - (Red-eyed Vireo)	4257	3234	2821	3966	2724	3571	5263	2828	3191	3538	3975	5362	4172	3984	4245	6147	6569	6674	6278	5767	2568	2210	1978	2417	1733	1556	1498	2134	1566	1624	1811	2791	2476	2428	2456	3010	2637	2638	2607	3511	2525	2556	2305	2794	2158	2208	2525	3537
	
Abundance
	Red-eyed Vireo	0.0	0.0	0.0	0.0	0.0	0.0	0.0	0.0	0.0	0.0	0.0	0.0	0.0	0.0	0.0	0.0	0.005023595676663115	0.09874138447707521	0.5146543485186366	0.886769550893012	0.470404984423676	0.2900452488687783	0.28867542972699695	0.2238311956971452	0.2608193883439123	0.2879177377892031	0.24966622162883845	0.19353327085285849	0.14942528735632185	0.17733990147783252	0.2578685808945334	0.39484055893944825	0.7132471728594507	0.6079077429983526	0.3786644951140065	0.15614617940199335	0.07622298065984073	0.0155420773313116	0.004219409282700422	0.0019937339789233835	3.9603960396039607E-4	3.912363067292645E-4	0.0	0.0	0.0	0.0	0.0	0.0
	Total # checklists submitted - (Red-eyed Vireo)	4257	3234	2821	3966	2724	3571	5263	2828	3191	3538	3975	5362	4172	3984	4245	6147	6569	6674	6278	5767	2568	2210	1978	2417	1733	1556	1498	2134	1566	1624	1811	2791	2476	2428	2456	3010	2637	2638	2607	3511	2525	2556	2305	2794	2158	2208	2525	3537
	
Birds Per Party Hour
	Red-eyed Vireo	0.0	0.0	0.0	0.0	0.0	0.0	0.0	0.0	0.0	0.0	0.0	0.0	0.0	0.0	0.0	0.0	0.752756008959637	1.123595449314461	1.6059305583610326	2.1166267019694898	2.915604183576284	3.1353162405317336	3.0063383494089755	3.549210102051327	3.1391194511617795	3.0771200848091556	2.048309004729981	1.6136156516681601	1.5140955142352468	1.7730617891770966	1.6924722866000068	1.5030411995026345	1.7197413883949535	1.5607717391319347	1.2031121535337137	0.9933982205416048	0.9992955385305038	0.6693352058304126	0.41809336539030995	0.4370554049960241	0.125	0.9372071227741331	0.0	0.0	0.0	0.0	0.0	0.0
	# checklists reporting species - (Red-eyed Vireo)	0.0	0.0	0.0	0.0	0.0	0.0	0.0	0.0	0.0	0.0	0.0	0.0	0.0	0.0	0.0	0.0	30	352	1430	1818	593	344	301	311	267	215	193	217	142	150	245	488	623	630	479	327	151	39	12	6	1	1	0.0	0.0	0.0	0.0	0.0	0.0
	
High Count
	Red-eyed Vireo	0.0	0.0	0.0	0.0	0.0	0.0	0.0	0.0	0.0	0.0	0.0	0.0	0.0	0.0	0.0	0.0	2	24	33	42	16	8	12	16	11	12	8	10	10	15	15	24	46	34	22	9	15	2	2	2	1	1	0.0	0.0	0.0	0.0	0.0	0.0
	# checklists reporting species - (Red-eyed Vireo)	0.0	0.0	0.0	0.0	0.0	0.0	0.0	0.0	0.0	0.0	0.0	0.0	0.0	0.0	0.0	0.0	34	388	1537	1999	700	456	513	598	473	281	204	227	149	159	260	516	651	661	504	352	155	44	13	6	2	1	0.0	0.0	0.0	0.0	0.0	0.0
	
Totals
	Red-eyed Vireo	0.0	0.0	0.0	0.0	0.0	0.0	0.0	0.0	0.0	0.0	0.0	0.0	0.0	0.0	0.0	0.0	34	732	3424	5518	1348	768	791	839	663	514	387	422	256	312	499	1192	1845	1647	1056	564	222	44	15	7	1	1	0.0	0.0	0.0	0.0	0.0	0.0
	# checklists reporting species - (Red-eyed Vireo)	0.0	0.0	0.0	0.0	0.0	0.0	0.0	0.0	0.0	0.0	0.0	0.0	0.0	0.0	0.0	0.0	32	368	1466	1916	671	432	502	590	454	274	197	222	142	154	254	506	635	642	498	350	154	40	13	6	1	1	0.0	0.0	0.0	0.0	0.0	0.0
	
Average Count
	Red-eyed Vireo	0.0	0.0	0.0	0.0	0.0	0.0	0.0	0.0	0.0	0.0	0.0	0.0	0.0	0.0	0.0	0.0	1.0625	1.9891304347826086	2.3356070941336973	2.8799582463465554	2.008941877794337	1.7777777777777777	1.5756972111553784	1.4220338983050846	1.460352422907489	1.8759124087591241	1.9644670050761421	1.9009009009009008	1.8028169014084507	2.0259740259740258	1.9645669291338583	2.355731225296443	2.905511811023622	2.5654205607476634	2.1204819277108435	1.6114285714285714	1.4415584415584415	1.1	1.1538461538461537	1.1666666666666667	1.0	1.0	0.0	0.0	0.0	0.0	0.0	0.0
	# checklists reporting species - (Red-eyed Vireo)	0.0	0.0	0.0	0.0	0.0	0.0	0.0	0.0	0.0	0.0	0.0	0.0	0.0	0.0	0.0	0.0	32	368	1466	1916	671	432	502	590	454	274	197	222	142	154	254	506	635	642	498	350	154	40	13	6	1	1	0.0	0.0	0.0	0.0	0.0	0.0
	
