

	Week starting on...	1/1	1/8	1/15	1/22	2/1	2/8	2/15	2/22	3/1	3/8	3/15	3/22	4/1	4/8	4/15	4/22	5/1	5/8	5/15	5/22	6/1	6/8	6/15	6/22	7/1	7/8	7/15	7/22	8/1	8/8	8/15	8/22	9/1	9/8	9/15	9/22	10/1	10/8	10/15	10/22	11/1	11/8	11/15	11/22	12/1	12/8	12/15	12/22
Frequency (%)
	Cliff Swallow	0.0	0.0	0.0	0.0	0.0	0.0	0.0	0.0	0.0	0.0	0.0	0.0	0.09587727708533077	0.12550200803212852	1.0129564193168434	2.7655767040832924	6.896026792510275	7.911297572670064	10.210258043963046	13.126408878099532	10.475077881619937	10.723981900452488	9.504550050556118	9.598676044683492	10.040392383150607	10.796915167095115	12.149532710280374	11.199625117150891	10.727969348659004	10.344827586206897	8.282716731087797	3.7979218917950557	1.2924071082390953	0.41186161449752884	0.0	0.0	0.0	0.0	0.038358266206367474	0.0	0.0	0.0	0.0	0.0	0.0	0.0	0.0	0.0
	Total # checklists submitted - (Cliff Swallow)	4257	3234	2821	3966	2724	3571	5263	2828	3191	3538	3975	5362	4172	3984	4245	6147	6569	6674	6278	5767	2568	2210	1978	2417	1733	1556	1498	2134	1566	1624	1811	2791	2476	2428	2456	3010	2637	2638	2607	3511	2525	2556	2305	2794	2158	2208	2525	3537
	
Abundance
	Cliff Swallow	0.0	0.0	0.0	0.0	0.0	0.0	0.0	0.0	0.0	0.0	0.0	0.0	9.587727708533077E-4	0.002259036144578313	0.03510011778563015	0.13844151618675776	0.5445273253158776	0.6669163919688342	0.9859827970691303	0.9743367435408358	0.9532710280373832	1.0751131221719457	1.313447927199191	1.1588746379809682	1.8759376803231391	1.7654241645244215	2.01935914552737	1.6190253045923149	1.0644955300127714	0.8054187192118226	0.5046935394809497	0.2998925116445718	0.036752827140549275	0.006177924217462933	0.0	0.0	0.0	0.0	3.835826620636747E-4	0.0	0.0	0.0	0.0	0.0	0.0	0.0	0.0	0.0
	Total # checklists submitted - (Cliff Swallow)	4257	3234	2821	3966	2724	3571	5263	2828	3191	3538	3975	5362	4172	3984	4245	6147	6569	6674	6278	5767	2568	2210	1978	2417	1733	1556	1498	2134	1566	1624	1811	2791	2476	2428	2456	3010	2637	2638	2607	3511	2525	2556	2305	2794	2158	2208	2525	3537
	
Birds Per Party Hour
	Cliff Swallow	0.0	0.0	0.0	0.0	0.0	0.0	0.0	0.0	0.0	0.0	0.0	0.0	0.4411293260473588	0.5425218835344818	2.35546490373948	5.014914165655483	6.964261447258049	5.493013144002006	6.237631390607772	7.936845538013459	10.480430789249146	15.574293697495886	14.598685998221598	25.877489270059947	26.006397014705644	14.720784241191886	17.11030985955129	9.623222652334315	7.192498442244236	4.932783522689653	3.048204390964564	4.333084527611366	1.505176344101799	1.8645559758819608	0.0	0.0	0.0	0.0	0.21052631578947367	0.0	0.0	0.0	0.0	0.0	0.0	0.0	0.0	0.0
	# checklists reporting species - (Cliff Swallow)	0.0	0.0	0.0	0.0	0.0	0.0	0.0	0.0	0.0	0.0	0.0	0.0	5	5	41	171	448	510	614	706	250	214	177	210	162	154	174	224	160	163	144	105	33	8	0.0	0.0	0.0	0.0	1	0.0	0.0	0.0	0.0	0.0	0.0	0.0	0.0	0.0
	
High Count
	Cliff Swallow	0.0	0.0	0.0	0.0	0.0	0.0	0.0	0.0	0.0	0.0	0.0	0.0	1	4	40	40	200	124	300	100	300	200	150	250	250	150	200	200	52	62	50	50	10	3	0.0	0.0	0.0	0.0	1	0.0	0.0	0.0	0.0	0.0	0.0	0.0	0.0	0.0
	# checklists reporting species - (Cliff Swallow)	0.0	0.0	0.0	0.0	0.0	0.0	0.0	0.0	0.0	0.0	0.0	0.0	5	5	43	183	486	562	678	818	296	257	207	260	192	177	195	250	176	175	160	112	34	11	0.0	0.0	0.0	0.0	1	0.0	0.0	0.0	0.0	0.0	0.0	0.0	0.0	0.0
	
Totals
	Cliff Swallow	0.0	0.0	0.0	0.0	0.0	0.0	0.0	0.0	0.0	0.0	0.0	0.0	5	9	149	887	3711	4642	6758	6238	2836	2488	2668	3134	3381	2849	3099	3529	1743	1318	935	847	92	16	0.0	0.0	0.0	0.0	1	0.0	0.0	0.0	0.0	0.0	0.0	0.0	0.0	0.0
	# checklists reporting species - (Cliff Swallow)	0.0	0.0	0.0	0.0	0.0	0.0	0.0	0.0	0.0	0.0	0.0	0.0	5	5	42	173	454	517	621	718	256	226	183	224	169	155	177	226	163	163	146	107	33	9	0.0	0.0	0.0	0.0	1	0.0	0.0	0.0	0.0	0.0	0.0	0.0	0.0	0.0
	
Average Count
	Cliff Swallow	0.0	0.0	0.0	0.0	0.0	0.0	0.0	0.0	0.0	0.0	0.0	0.0	1.0	1.8	3.5476190476190474	5.127167630057803	8.174008810572687	8.97872340425532	10.882447665056361	8.688022284122562	11.078125	11.008849557522124	14.579234972677595	13.991071428571429	20.005917159763314	18.38064516129032	17.508474576271187	15.61504424778761	10.693251533742332	8.085889570552148	6.404109589041096	7.91588785046729	2.787878787878788	1.7777777777777777	0.0	0.0	0.0	0.0	1.0	0.0	0.0	0.0	0.0	0.0	0.0	0.0	0.0	0.0
	# checklists reporting species - (Cliff Swallow)	0.0	0.0	0.0	0.0	0.0	0.0	0.0	0.0	0.0	0.0	0.0	0.0	5	5	42	173	454	517	621	718	256	226	183	224	169	155	177	226	163	163	146	107	33	9	0.0	0.0	0.0	0.0	1	0.0	0.0	0.0	0.0	0.0	0.0	0.0	0.0	0.0
	
