

	Week starting on...	1/1	1/8	1/15	1/22	2/1	2/8	2/15	2/22	3/1	3/8	3/15	3/22	4/1	4/8	4/15	4/22	5/1	5/8	5/15	5/22	6/1	6/8	6/15	6/22	7/1	7/8	7/15	7/22	8/1	8/8	8/15	8/22	9/1	9/8	9/15	9/22	10/1	10/8	10/15	10/22	11/1	11/8	11/15	11/22	12/1	12/8	12/15	12/22
Frequency (%)
	Tennessee Warbler	0.0	0.0	0.0	0.0	0.0	0.0	0.0	0.0	0.0	0.0	0.0	0.0	0.0	0.0	0.0	0.01626809825931349	0.6850357740904247	5.798621516332035	19.25772539025167	11.010924224033293	0.46728971962616817	0.0	0.0	0.0	0.0	0.0	0.06675567423230974	0.14058106841611998	0.06385696040868455	0.49261083743842365	1.601325234676974	3.8337513436044426	7.310177705977383	9.555189456342669	8.021172638436482	6.411960132890365	6.674251042851726	1.8953752843062925	1.4192558496355965	0.28481913984619767	0.1188118811881188	0.11737089201877934	0.04338394793926247	0.0	0.0	0.0	0.0	0.0
	Total # checklists submitted - (Tennessee Warbler)	4257	3234	2821	3966	2724	3571	5263	2828	3191	3538	3975	5362	4172	3984	4245	6147	6569	6674	6278	5767	2568	2210	1978	2417	1733	1556	1498	2134	1566	1624	1811	2791	2476	2428	2456	3010	2637	2638	2607	3511	2525	2556	2305	2794	2158	2208	2525	3537
	
Abundance
	Tennessee Warbler	0.0	0.0	0.0	0.0	0.0	0.0	0.0	0.0	0.0	0.0	0.0	0.0	0.0	0.0	0.0	1.6268098259313488E-4	0.008220429289085097	0.10683248426730596	0.5256451099076139	0.28298942257672965	0.005451713395638629	0.0	0.0	0.0	0.0	0.0	6.675567423230974E-4	0.0014058106841611997	6.385696040868455E-4	0.006157635467980296	0.02319160684704583	0.07201719813686851	0.1522617124394184	0.16515650741350907	0.17100977198697068	0.10199335548172757	0.11604095563139932	0.027672479150871874	0.015726889144610665	0.003417829678154372	0.001188118811881188	0.0011737089201877935	4.338394793926247E-4	0.0	0.0	0.0	0.0	0.0
	Total # checklists submitted - (Tennessee Warbler)	4257	3234	2821	3966	2724	3571	5263	2828	3191	3538	3975	5362	4172	3984	4245	6147	6569	6674	6278	5767	2568	2210	1978	2417	1733	1556	1498	2134	1566	1624	1811	2791	2476	2428	2456	3010	2637	2638	2607	3511	2525	2556	2305	2794	2158	2208	2525	3537
	
Birds Per Party Hour
	Tennessee Warbler	0.0	0.0	0.0	0.0	0.0	0.0	0.0	0.0	0.0	0.0	0.0	0.0	0.0	0.0	0.0	0.2	0.741176701663598	1.2650347690567116	1.4345660935015512	1.6662551457607535	0.9496791946972561	0.0	0.0	0.0	0.0	0.0	1.0	0.23247199184374678	1.0	0.7763459622700183	0.5939816407335311	0.8274822872330296	1.1126429825830526	0.8832285613561538	1.3132262749784072	1.177694117390043	1.0625900088081652	1.2858321751724116	0.6228129009521284	0.5936406263043511	0.22588600950761206	14.997019810389233	0.75	0.0	0.0	0.0	0.0	0.0
	# checklists reporting species - (Tennessee Warbler)	0.0	0.0	0.0	0.0	0.0	0.0	0.0	0.0	0.0	0.0	0.0	0.0	0.0	0.0	0.0	1	50	415	1311	741	15	1	0.0	0.0	0.0	0.0	1	3	1	9	33	116	189	247	208	209	187	55	41	14	3	4	2	0.0	0.0	0.0	0.0	0.0
	
High Count
	Tennessee Warbler	0.0	0.0	0.0	0.0	0.0	0.0	0.0	0.0	0.0	0.0	0.0	0.0	0.0	0.0	0.0	1	4	14	35	22	3	1	0.0	0.0	0.0	0.0	1	1	1	3	4	17	26	34	32	13	15	5	2	2	1	1	1	0.0	0.0	0.0	0.0	0.0
	# checklists reporting species - (Tennessee Warbler)	0.0	0.0	0.0	0.0	0.0	0.0	0.0	0.0	0.0	0.0	0.0	0.0	0.0	0.0	0.0	1	51	452	1398	784	15	1	0.0	0.0	0.0	0.0	1	3	1	9	34	119	201	262	222	217	195	55	41	14	3	4	2	0.0	0.0	0.0	0.0	0.0
	
Totals
	Tennessee Warbler	0.0	0.0	0.0	0.0	0.0	0.0	0.0	0.0	0.0	0.0	0.0	0.0	0.0	0.0	0.0	1	61	805	3621	1935	19	1	0.0	0.0	0.0	0.0	1	3	1	11	52	216	394	495	509	340	332	79	45	16	3	4	2	0.0	0.0	0.0	0.0	0.0
	# checklists reporting species - (Tennessee Warbler)	0.0	0.0	0.0	0.0	0.0	0.0	0.0	0.0	0.0	0.0	0.0	0.0	0.0	0.0	0.0	1	51	439	1353	764	15	1	0.0	0.0	0.0	0.0	1	3	1	9	34	118	192	253	213	214	193	55	41	14	3	4	2	0.0	0.0	0.0	0.0	0.0
	
Average Count
	Tennessee Warbler	0.0	0.0	0.0	0.0	0.0	0.0	0.0	0.0	0.0	0.0	0.0	0.0	0.0	0.0	0.0	1.0	1.196078431372549	1.8337129840546698	2.6762749445676275	2.532722513089005	1.2666666666666666	1.0	0.0	0.0	0.0	0.0	1.0	1.0	1.0	1.2222222222222223	1.5294117647058822	1.8305084745762712	2.0520833333333335	1.9565217391304348	2.3896713615023475	1.588785046728972	1.7202072538860103	1.4363636363636363	1.0975609756097562	1.1428571428571428	1.0	1.0	1.0	0.0	0.0	0.0	0.0	0.0
	# checklists reporting species - (Tennessee Warbler)	0.0	0.0	0.0	0.0	0.0	0.0	0.0	0.0	0.0	0.0	0.0	0.0	0.0	0.0	0.0	1	51	439	1353	764	15	1	0.0	0.0	0.0	0.0	1	3	1	9	34	118	192	253	213	214	193	55	41	14	3	4	2	0.0	0.0	0.0	0.0	0.0
	
