

	Week starting on...	1/1	1/8	1/15	1/22	2/1	2/8	2/15	2/22	3/1	3/8	3/15	3/22	4/1	4/8	4/15	4/22	5/1	5/8	5/15	5/22	6/1	6/8	6/15	6/22	7/1	7/8	7/15	7/22	8/1	8/8	8/15	8/22	9/1	9/8	9/15	9/22	10/1	10/8	10/15	10/22	11/1	11/8	11/15	11/22	12/1	12/8	12/15	12/22
Frequency (%)
	Red-bellied Woodpecker	5.990133897110642	5.071119356833643	5.246366536689118	5.521936459909228	5.323054331864904	5.348641837020442	5.092152764582938	5.2687411598302685	6.048260733312441	6.020350480497457	6.415094339622642	6.546064901156284	6.85522531160115	5.9989959839357425	5.91283863368669	6.686188384577843	7.459278428984625	7.1321546299071015	7.534246575342466	6.3464539621987175	6.580996884735201	5.791855203619909	4.196157735085945	3.434009102192801	3.4045008655510673	2.763496143958869	3.404539385847797	2.2492970946579196	2.0434227330779056	2.1551724137931036	3.5891772501380452	2.2214260121820137	3.634894991922456	2.9242174629324547	4.9267100977198695	4.584717607973422	4.133485020857035	4.776345716451857	6.444188722669736	6.06664767872401	6.257425742574258	4.029733959311424	5.813449023861171	5.046528274874731	5.375347544022243	5.298913043478261	7.762376237623762	6.474413344642352
	Total # checklists submitted - (Red-bellied Woodpecker)	4257	3234	2821	3966	2724	3571	5263	2828	3191	3538	3975	5362	4172	3984	4245	6147	6569	6674	6278	5767	2568	2210	1978	2417	1733	1556	1498	2134	1566	1624	1811	2791	2476	2428	2456	3010	2637	2638	2607	3511	2525	2556	2305	2794	2158	2208	2525	3537
	
Abundance
	Red-bellied Woodpecker	0.07986845196147521	0.061224489795918366	0.06593406593406594	0.06908724155320221	0.06681350954478708	0.059927191262951554	0.06365190955728672	0.06683168316831684	0.07677843936070197	0.07744488411531938	0.08276729559748428	0.09735173442745244	0.0941994247363375	0.08483935742971888	0.07820965842167256	0.09402960793883194	0.10199421525346324	0.09409649385675757	0.10273972602739725	0.08531298768857291	0.08450155763239875	0.07104072398190045	0.056622851365015166	0.0517170045510964	0.04789382573571841	0.036632390745501286	0.04806408544726302	0.030927835051546393	0.030012771392081736	0.03571428571428571	0.05024848150193263	0.031529917592260835	0.048869143780290794	0.039126853377265236	0.06392508143322476	0.05714285714285714	0.05915813424345848	0.06178923426838514	0.08285385500575373	0.07148960410139561	0.07683168316831683	0.04538341158059468	0.06550976138828633	0.05261274158911954	0.06626506024096386	0.0661231884057971	0.10891089108910891	0.07774950523042126
	Total # checklists submitted - (Red-bellied Woodpecker)	4257	3234	2821	3966	2724	3571	5263	2828	3191	3538	3975	5362	4172	3984	4245	6147	6569	6674	6278	5767	2568	2210	1978	2417	1733	1556	1498	2134	1566	1624	1811	2791	2476	2428	2456	3010	2637	2638	2607	3511	2525	2556	2305	2794	2158	2208	2525	3537
	
Birds Per Party Hour
	Red-bellied Woodpecker	2.623256090574089	1.7881580353826267	2.1468614210271193	1.6401812763020243	2.290360369217536	1.9517325670993912	2.057390576378939	1.7876536338471374	2.0169353836249195	1.7917689402593213	1.5942040403806979	2.0027672892315387	1.5015636476676306	2.815034579796067	1.4186321180135493	1.5152670452359713	1.0842990336621992	0.988473620731045	0.840091302867061	1.0610104464549472	1.3417328519519665	1.6713606249881696	1.4414127868041136	1.4273636392521432	2.284146452646251	1.2329948692806776	1.2369406608113451	1.00959705258995	1.3373059257383568	1.6688230142284273	1.0940458343786885	1.0950784615136062	0.9897017392579064	1.0710766842224786	1.1015588973817516	1.1289166813547107	1.694251224997702	1.1360213952202696	1.7081471551020755	0.982364204389765	1.102262644520899	1.3821858348236025	1.4858774024974721	1.6205841857040522	1.4440436775184047	1.4502796977763306	1.404663268601096	2.069255877352236
	# checklists reporting species - (Red-bellied Woodpecker)	267	171	153	231	151	199	279	155	202	223	263	367	292	250	263	419	509	496	485	382	178	128	90	87	62	43	55	52	35	36	70	64	93	70	119	151	115	136	172	226	170	113	140	154	122	122	205	238
	
High Count
	Red-bellied Woodpecker	7	4	4	4	3	4	6	5	4	4	6	8	7	6	5	11	7	5	6	8	4	5	5	6	7	4	4	4	7	7	4	7	4	4	4	4	7	4	4	3	5	3	3	2	4	3	6	4
	# checklists reporting species - (Red-bellied Woodpecker)	271	171	154	238	151	199	280	159	204	225	271	374	300	256	273	431	520	516	507	396	183	134	96	97	68	45	55	55	37	37	70	64	94	73	124	152	116	136	173	231	173	116	142	157	124	124	208	240
	
Totals
	Red-bellied Woodpecker	357	205	192	293	190	225	350	200	260	287	344	546	410	358	353	604	708	674	681	523	232	162	126	139	93	59	77	73	56	62	99	90	125	96	159	187	163	173	223	270	208	129	159	164	149	152	286	285
	# checklists reporting species - (Red-bellied Woodpecker)	270	171	153	232	151	199	279	156	202	223	263	367	295	254	265	425	514	508	496	393	180	131	96	95	65	43	55	54	36	37	70	64	93	71	121	152	115	136	173	230	171	115	142	156	122	123	205	238
	
Average Count
	Red-bellied Woodpecker	1.3222222222222222	1.1988304093567252	1.2549019607843137	1.2629310344827587	1.2582781456953642	1.1306532663316582	1.2544802867383513	1.2820512820512822	1.2871287128712872	1.2869955156950672	1.3079847908745248	1.4877384196185286	1.3898305084745763	1.4094488188976377	1.3320754716981131	1.4211764705882353	1.377431906614786	1.3267716535433072	1.372983870967742	1.3307888040712468	1.288888888888889	1.2366412213740459	1.3125	1.4631578947368422	1.4307692307692308	1.372093023255814	1.4	1.3518518518518519	1.5555555555555556	1.6756756756756757	1.4142857142857144	1.40625	1.3440860215053763	1.352112676056338	1.3140495867768596	1.230263157894737	1.4173913043478261	1.2720588235294117	1.2890173410404624	1.173913043478261	1.2163742690058479	1.1217391304347826	1.119718309859155	1.0512820512820513	1.221311475409836	1.2357723577235773	1.395121951219512	1.1974789915966386
	# checklists reporting species - (Red-bellied Woodpecker)	270	171	153	232	151	199	279	156	202	223	263	367	295	254	265	425	514	508	496	393	180	131	96	95	65	43	55	54	36	37	70	64	93	71	121	152	115	136	173	230	171	115	142	156	122	123	205	238
	
