

	Week starting on...	1/1	1/8	1/15	1/22	2/1	2/8	2/15	2/22	3/1	3/8	3/15	3/22	4/1	4/8	4/15	4/22	5/1	5/8	5/15	5/22	6/1	6/8	6/15	6/22	7/1	7/8	7/15	7/22	8/1	8/8	8/15	8/22	9/1	9/8	9/15	9/22	10/1	10/8	10/15	10/22	11/1	11/8	11/15	11/22	12/1	12/8	12/15	12/22
Frequency (%)
	Hoary Redpoll	0.21141649048625794	0.5565862708719851	0.21269053527118043	0.27735753908219873	0.25697503671071953	0.16802016241949033	0.11400342010260307	0.21216407355021216	0.12535255405828893	0.3391746749576032	0.12578616352201258	0.03729951510630362	0.0	0.0	0.0	0.0	0.0	0.0	0.0	0.0	0.0	0.0	0.0	0.0	0.0	0.0	0.0	0.0	0.0	0.0	0.0	0.0	0.0	0.0	0.0	0.0	0.0	0.0	0.0	0.0	0.15841584158415842	0.0	0.2603036876355748	0.07158196134574087	0.18535681186283595	0.2717391304347826	0.39603960396039606	0.2544529262086514
	Total # checklists submitted - (Hoary Redpoll)	4257	3234	2821	3966	2724	3571	5263	2828	3191	3538	3975	5362	4172	3984	4245	6147	6569	6674	6278	5767	2568	2210	1978	2417	1733	1556	1498	2134	1566	1624	1811	2791	2476	2428	2456	3010	2637	2638	2607	3511	2525	2556	2305	2794	2158	2208	2525	3537
	
Abundance
	Hoary Redpoll	0.0018792576932111817	0.008967223252937539	0.003544842254519674	0.006051437216338881	0.003303964757709251	0.0019602352282273874	0.001330039901197036	0.0021216407355021216	0.0012535255405828893	0.005652911249293386	0.0012578616352201257	3.729951510630362E-4	0.0	0.0	0.0	0.0	0.0	0.0	0.0	0.0	0.0	0.0	0.0	0.0	0.0	0.0	0.0	0.0	0.0	0.0	0.0	0.0	0.0	0.0	0.0	0.0	0.0	0.0	0.0	0.0	0.0015841584158415843	0.0	0.0026030368763557484	0.0010737294201861132	0.0018535681186283596	0.002717391304347826	0.0039603960396039604	0.0033927056827820186
	Total # checklists submitted - (Hoary Redpoll)	4257	3234	2821	3966	2724	3571	5263	2828	3191	3538	3975	5362	4172	3984	4245	6147	6569	6674	6278	5767	2568	2210	1978	2417	1733	1556	1498	2134	1566	1624	1811	2791	2476	2428	2456	3010	2637	2638	2607	3511	2525	2556	2305	2794	2158	2208	2525	3537
	
Birds Per Party Hour
	Hoary Redpoll	0.208906438463102	0.6919076222206165	0.4365931582554549	0.6126730508035702	0.5123918540504879	0.5717058447808995	0.6754673342673706	0.6636363636363636	0.3820018711335796	0.4610631667164271	0.2677735005877054	0.6	0.0	0.0	0.0	0.0	0.0	0.0	0.0	0.0	0.0	0.0	0.0	0.0	0.0	0.0	0.0	0.0	0.0	0.0	0.0	0.0	0.0	0.0	0.0	0.0	0.0	0.0	0.0	0.0	0.14121181908898545	0.3333333333333333	0.5473290139467122	0.8941858291269397	0.6576489209916176	0.6717784758541673	0.5337472156240979	0.528714322229933
	# checklists reporting species - (Hoary Redpoll)	8	17	8	11	7	6	7	6	4	13	5	2	0.0	0.0	0.0	0.0	0.0	0.0	0.0	0.0	0.0	0.0	0.0	0.0	0.0	0.0	0.0	0.0	0.0	0.0	0.0	0.0	0.0	0.0	0.0	0.0	0.0	0.0	0.0	0.0	4	1	6	2	4	6	11	9
	
High Count
	Hoary Redpoll	1	5	5	5	3	2	2	1	1	6	1	1	0.0	0.0	0.0	0.0	0.0	0.0	0.0	0.0	0.0	0.0	0.0	0.0	0.0	0.0	0.0	0.0	0.0	0.0	0.0	0.0	0.0	0.0	0.0	0.0	0.0	0.0	0.0	0.0	1	1	1	2	1	1	2	2
	# checklists reporting species - (Hoary Redpoll)	9	18	8	12	7	6	7	6	4	16	5	3	0.0	0.0	0.0	0.0	0.0	0.0	0.0	0.0	0.0	0.0	0.0	0.0	0.0	0.0	0.0	0.0	0.0	0.0	0.0	0.0	0.0	0.0	0.0	0.0	0.0	0.0	0.0	0.0	4	1	6	2	4	7	11	9
	
Totals
	Hoary Redpoll	8	29	12	24	9	7	8	6	4	23	5	3	0.0	0.0	0.0	0.0	0.0	0.0	0.0	0.0	0.0	0.0	0.0	0.0	0.0	0.0	0.0	0.0	0.0	0.0	0.0	0.0	0.0	0.0	0.0	0.0	0.0	0.0	0.0	0.0	4	1	6	3	4	7	12	12
	# checklists reporting species - (Hoary Redpoll)	8	18	8	11	7	6	7	6	4	15	5	3	0.0	0.0	0.0	0.0	0.0	0.0	0.0	0.0	0.0	0.0	0.0	0.0	0.0	0.0	0.0	0.0	0.0	0.0	0.0	0.0	0.0	0.0	0.0	0.0	0.0	0.0	0.0	0.0	4	1	6	2	4	7	11	9
	
Average Count
	Hoary Redpoll	1.0	1.6111111111111112	1.5	2.1818181818181817	1.2857142857142858	1.1666666666666667	1.1428571428571428	1.0	1.0	1.5333333333333334	1.0	1.0	0.0	0.0	0.0	0.0	0.0	0.0	0.0	0.0	0.0	0.0	0.0	0.0	0.0	0.0	0.0	0.0	0.0	0.0	0.0	0.0	0.0	0.0	0.0	0.0	0.0	0.0	0.0	0.0	1.0	1.0	1.0	1.5	1.0	1.0	1.0909090909090908	1.3333333333333333
	# checklists reporting species - (Hoary Redpoll)	8	18	8	11	7	6	7	6	4	15	5	3	0.0	0.0	0.0	0.0	0.0	0.0	0.0	0.0	0.0	0.0	0.0	0.0	0.0	0.0	0.0	0.0	0.0	0.0	0.0	0.0	0.0	0.0	0.0	0.0	0.0	0.0	0.0	0.0	4	1	6	2	4	7	11	9
	
