

	Week starting on...	1/1	1/8	1/15	1/22	2/1	2/8	2/15	2/22	3/1	3/8	3/15	3/22	4/1	4/8	4/15	4/22	5/1	5/8	5/15	5/22	6/1	6/8	6/15	6/22	7/1	7/8	7/15	7/22	8/1	8/8	8/15	8/22	9/1	9/8	9/15	9/22	10/1	10/8	10/15	10/22	11/1	11/8	11/15	11/22	12/1	12/8	12/15	12/22
Frequency (%)
	Wild Turkey	0.5637773079633545	0.6184291898577613	0.38993264799716415	0.12607160867372666	0.14684287812041116	0.19602352282273874	0.11400342010260307	0.21216407355021216	0.0	0.11305822498586772	0.05031446540880503	0.05594927265945542	0.07190795781399809	0.0	0.21201413427561835	0.1301447860745079	0.07611508601004718	0.10488462691039856	0.1752150366358713	0.2601005722212589	0.23364485981308408	0.13574660633484162	0.10111223458038424	0.04137360364087712	0.0	0.0	0.0	0.0	0.0	0.0	0.11043622308117064	0.0	0.0	0.08237232289950577	0.12214983713355047	0.09966777408637872	0.07584376185058779	0.0	0.07671653241273495	0.02848191398461977	0.0	0.0	0.21691973969631237	0.07158196134574087	0.23169601482854493	0.22644927536231885	0.594059405940594	0.48063330506078594
	Total # checklists submitted - (Wild Turkey)	4257	3234	2821	3966	2724	3571	5263	2828	3191	3538	3975	5362	4172	3984	4245	6147	6569	6674	6278	5767	2568	2210	1978	2417	1733	1556	1498	2134	1566	1624	1811	2791	2476	2428	2456	3010	2637	2638	2607	3511	2525	2556	2305	2794	2158	2208	2525	3537
	
Abundance
	Wild Turkey	0.01738313366220343	0.009894867037724181	0.0038993264799716413	0.0022692889561270802	0.004038179148311307	0.030523662839540746	0.006460193805814174	0.009900990099009901	0.0	0.0022611644997173543	5.031446540880503E-4	9.324878776575904E-4	0.0014381591562799617	0.0	0.002355712603062426	0.001301447860745079	9.133810321205663E-4	0.0010488462691039856	0.001752150366358713	0.003294607248135946	0.002336448598130841	0.003167420814479638	0.0010111223458038423	0.0012412081092263137	0.0	0.0	0.0	0.0	0.0	0.0	0.0016565433462175593	0.0	0.0	8.237232289950577E-4	0.003257328990228013	9.966777408637873E-4	0.0037921880925293893	0.0	0.0038358266206367474	2.848191398461977E-4	0.0	0.0	0.006507592190889371	0.0014316392269148174	0.0037071362372567192	0.0022644927536231885	0.008316831683168317	0.02714164546225615
	Total # checklists submitted - (Wild Turkey)	4257	3234	2821	3966	2724	3571	5263	2828	3191	3538	3975	5362	4172	3984	4245	6147	6569	6674	6278	5767	2568	2210	1978	2417	1733	1556	1498	2134	1566	1624	1811	2791	2476	2428	2456	3010	2637	2638	2607	3511	2525	2556	2305	2794	2158	2208	2525	3537
	
Birds Per Party Hour
	Wild Turkey	45.09834371938471	2.372012514370879	1.143222275596609	1.8741514350902	4.928571428571429	109.5315050105899	23.608118124686392	12.725167797326629	0.09601536245799328	5.268145005838095	1.1027326895418121	1.814312438717076	0.9277169505271695	0.4444444444444444	3.1827854343793613	0.43938327633079016	0.5687713046172916	0.3779316850362165	4.803884179940962	3.0250970650513795	2.395674258984616	1.7485474333704687	0.5440389759266335	0.75	0.0	0.0	0.0	0.0	0.0	0.0	1.6666666666666667	0.0	0.0	1.4893026322638858	0.8184955789122456	1.3289496956839195	7.837837837837838	0.0	22.05228098020826	2.0080321285140563	0.0	0.0	1.727102651717497	0.9122823982532453	0.6829016413792528	1.5291969399915426	1.9342345792666096	10.86343842845101
	# checklists reporting species - (Wild Turkey)	28	21	15	8	7	9	8	8	5	5	2	8	4	3	14	12	7	9	13	17	7	5	3	1	0.0	1	2	1	0	0.0	2	0	0.0	2	4	3	2	1	3	6	1	0.0	8	3	7	7	18	19
	
High Count
	Wild Turkey	19	10	18	9	10	51	16	20	8	5	1	30	3	1	4	2	2	1	1	3	1	5	1	3	0.0	1	1	1	1	0.0	2	1	0.0	1	4	1	7	2	6	7	7	0.0	5	3	3	8	10	41
	# checklists reporting species - (Wild Turkey)	29	21	15	9	7	9	10	8	5	5	2	9	5	3	14	12	9	10	14	18	8	6	3	2	0.0	1	2	1	1	0.0	2	1	0.0	2	4	3	2	3	3	6	1	0.0	8	3	8	7	18	19
	
Totals
	Wild Turkey	80	35	37	23	23	116	67	38	17	9	2	54	8	3	19	13	11	10	14	22	8	11	3	4	0.0	1	2	1	1	0.0	3	1	0.0	2	9	3	10	4	14	18	7	0.0	22	5	11	14	33	105
	# checklists reporting species - (Wild Turkey)	28	21	15	9	7	9	9	8	5	5	2	9	5	3	14	12	9	10	14	18	8	6	3	2	0.0	1	2	1	1	0.0	2	1	0.0	2	4	3	2	3	3	6	1	0.0	8	3	8	7	18	19
	
Average Count
	Wild Turkey	2.857142857142857	1.6666666666666667	2.466666666666667	2.5555555555555554	3.2857142857142856	12.88888888888889	7.444444444444445	4.75	3.4	1.8	1.0	6.0	1.6	1.0	1.3571428571428572	1.0833333333333333	1.2222222222222223	1.0	1.0	1.2222222222222223	1.0	1.8333333333333333	1.0	2.0	0.0	1.0	1.0	1.0	1.0	0.0	1.5	1.0	0.0	1.0	2.25	1.0	5.0	1.3333333333333333	4.666666666666667	3.0	7.0	0.0	2.75	1.6666666666666667	1.375	2.0	1.8333333333333333	5.526315789473684
	# checklists reporting species - (Wild Turkey)	28	21	15	9	7	9	9	8	5	5	2	9	5	3	14	12	9	10	14	18	8	6	3	2	0.0	1	2	1	1	0.0	2	1	0.0	2	4	3	2	3	3	6	1	0.0	8	3	8	7	18	19
	
