

	Week starting on...	1/1	1/8	1/15	1/22	2/1	2/8	2/15	2/22	3/1	3/8	3/15	3/22	4/1	4/8	4/15	4/22	5/1	5/8	5/15	5/22	6/1	6/8	6/15	6/22	7/1	7/8	7/15	7/22	8/1	8/8	8/15	8/22	9/1	9/8	9/15	9/22	10/1	10/8	10/15	10/22	11/1	11/8	11/15	11/22	12/1	12/8	12/15	12/22
Frequency (%)
	Eastern Screech-Owl	0.6812309137890533	0.6802721088435374	0.6026231832683445	0.4034291477559254	0.6240822320117474	0.33604032483898066	0.49401482044461337	0.4243281471004243	0.4700720777185835	0.6500847936687394	0.5283018867924528	0.2424468481909735	0.3595397890699904	0.2259036144578313	0.44758539458186103	0.2440214738897023	0.5936976708783681	0.8540605334132454	0.9238611022618668	0.5722212588867696	0.46728971962616817	0.3167420814479638	0.2527805864509606	0.2896152254861398	0.3462204270051933	0.5784061696658097	0.4005340453938585	0.28116213683223995	0.7662835249042145	0.3078817733990148	0.3313086692435119	0.5016123253314224	0.40387722132471726	0.5766062602965404	0.5700325732899023	0.53156146179402	0.41714069017823285	0.4169825625473844	0.5370157268891446	0.3987467957846767	0.8316831683168318	0.4303599374021909	0.39045553145336226	0.6084466714387974	0.5097312326227988	0.6340579710144928	2.3366336633663365	0.7633587786259541
	Total # checklists submitted - (Eastern Screech-Owl)	4257	3234	2821	3966	2724	3571	5263	2828	3191	3538	3975	5362	4172	3984	4245	6147	6569	6674	6278	5767	2568	2210	1978	2417	1733	1556	1498	2134	1566	1624	1811	2791	2476	2428	2456	3010	2637	2638	2607	3511	2525	2556	2305	2794	2158	2208	2525	3537
	
Abundance
	Eastern Screech-Owl	0.007047216349541931	0.007111935683364255	0.006380716058135413	0.004286434694906707	0.0069750367107195305	0.0033604032483898066	0.005130153904617138	0.0049504950495049506	0.004387339392040113	0.0070661390616167325	0.006540880503144654	0.002237970906378217	0.004314477468839885	0.0025100401606425703	0.004240282685512367	0.002602895721490158	0.00730704825696453	0.01947857356907402	0.015769353297228415	0.006936015259233571	0.00661993769470405	0.008597285067873304	0.004044489383215369	0.005378568473314025	0.01154068090017311	0.008354755784061696	0.011348464619492658	0.0028116213683223993	0.011494252873563218	0.003078817733990148	0.0033130866924351186	0.004657828735220351	0.004038772213247173	0.006589785831960461	0.005700325732899023	0.005980066445182724	0.004550625711035267	0.00530705079605762	0.006137322593018795	0.005126744517231558	0.008712871287128714	0.005086071987480438	0.0039045553145336228	0.006084466714387974	0.006024096385542169	0.007699275362318841	0.03405940594059406	0.008199038733389879
	Total # checklists submitted - (Eastern Screech-Owl)	4257	3234	2821	3966	2724	3571	5263	2828	3191	3538	3975	5362	4172	3984	4245	6147	6569	6674	6278	5767	2568	2210	1978	2417	1733	1556	1498	2134	1566	1624	1811	2791	2476	2428	2456	3010	2637	2638	2607	3511	2525	2556	2305	2794	2158	2208	2525	3537
	
Birds Per Party Hour
	Eastern Screech-Owl	3.288775049622865	5.0582512085297955	1.495301269211074	2.606448313326636	3.6814443523811864	2.7779171958861024	2.1853833997136514	1.0733622398362284	0.9879247122802883	1.8401483123231945	2.0630362045339146	3.75046833310671	4.569206563789299	0.7683350044936514	0.9813818893190931	2.3885666658594564	3.3228251139996887	3.489207231859738	1.5557112405894713	1.532938588437778	6.877618156149917	22.62338927627962	1.163346135381661	3.5939754066815355	2.2111111111111112	15.13668728951172	2.6147137802875955	2.770087901310577	1.4290362699262122	0.6013163989936489	0.3781987962629539	0.8916415451109327	5.279693242566417	1.5332267180433374	3.6479858154361215	1.4731889908486826	0.795012351149997	3.1398995433277026	1.531949916591105	1.4344063583352682	1.4881190319729822	3.330845994996903	2.32383885093288	1.2886440751607418	1.9987409693082931	0.8459391049765073	2.219081663132165	1.5971545488361933
	# checklists reporting species - (Eastern Screech-Owl)	39	24	24	31	20	19	34	17	19	25	26	19	16	13	20	17	46	69	62	38	21	11	6	11	15	11	13	10	17	9	12	21	15	19	20	26	18	12	21	19	25	15	17	22	20	22	62	30
	
High Count
	Eastern Screech-Owl	2	2	2	2	2	2	2	2	1	2	2	2	3	2	2	2	3	6	6	3	5	6	5	5	6	4	6	1	4	3	3	2	3	2	1	2	3	3	2	2	2	2	2	2	2	2	7	3
	# checklists reporting species - (Eastern Screech-Owl)	45	27	24	34	23	22	36	20	21	29	26	22	22	16	31	19	49	70	66	44	24	13	13	23	22	17	13	11	17	10	14	26	18	21	25	29	19	12	23	21	28	15	18	24	20	29	68	34
	
Totals
	Eastern Screech-Owl	46	28	25	36	25	24	36	22	20	30	31	23	25	16	31	21	60	154	110	51	40	31	23	32	44	24	35	11	23	13	16	25	21	23	24	32	22	15	26	25	29	17	19	25	22	32	102	36
	# checklists reporting species - (Eastern Screech-Owl)	45	27	24	33	23	22	35	20	20	28	26	21	21	15	30	19	48	69	64	44	24	13	13	22	21	17	13	11	17	10	14	24	17	21	24	29	19	12	23	21	28	15	18	24	20	28	68	34
	
Average Count
	Eastern Screech-Owl	1.0222222222222221	1.037037037037037	1.0416666666666667	1.0909090909090908	1.0869565217391304	1.0909090909090908	1.0285714285714285	1.1	1.0	1.0714285714285714	1.1923076923076923	1.0952380952380953	1.1904761904761905	1.0666666666666667	1.0333333333333334	1.105263157894737	1.25	2.2318840579710146	1.71875	1.1590909090909092	1.6666666666666667	2.3846153846153846	1.7692307692307692	1.4545454545454546	2.0952380952380953	1.411764705882353	2.6923076923076925	1.0	1.3529411764705883	1.3	1.1428571428571428	1.0416666666666667	1.2352941176470589	1.0952380952380953	1.0	1.103448275862069	1.1578947368421053	1.25	1.1304347826086956	1.1904761904761905	1.0357142857142858	1.1333333333333333	1.0555555555555556	1.0416666666666667	1.1	1.1428571428571428	1.5	1.0588235294117647
	# checklists reporting species - (Eastern Screech-Owl)	45	27	24	33	23	22	35	20	20	28	26	21	21	15	30	19	48	69	64	44	24	13	13	22	21	17	13	11	17	10	14	24	17	21	24	29	19	12	23	21	28	15	18	24	20	28	68	34
	
