

	Week starting on...	1/1	1/8	1/15	1/22	2/1	2/8	2/15	2/22	3/1	3/8	3/15	3/22	4/1	4/8	4/15	4/22	5/1	5/8	5/15	5/22	6/1	6/8	6/15	6/22	7/1	7/8	7/15	7/22	8/1	8/8	8/15	8/22	9/1	9/8	9/15	9/22	10/1	10/8	10/15	10/22	11/1	11/8	11/15	11/22	12/1	12/8	12/15	12/22
Frequency (%)
	Vesper Sparrow	0.0	0.0	0.0	0.0	0.0	0.0	0.0	0.0	0.0	0.0	0.0	0.0	0.4314477468839885	0.7530120481927711	1.0365135453474676	0.7971368147063609	0.21312224082813214	0.08990110878034162	0.3663587129659127	0.0	0.0	0.0	0.0	0.0	0.0	0.0	0.0	0.0	0.0	0.0	0.0	0.0	0.0	0.0	0.08143322475570033	0.19933554817275745	0.18960940462646947	0.1516300227445034	0.23014959723820483	0.48419253773853604	0.039603960396039604	0.03912363067292645	0.0	0.0	0.0	0.0	0.0	0.0
	Total # checklists submitted - (Vesper Sparrow)	4257	3234	2821	3966	2724	3571	5263	2828	3191	3538	3975	5362	4172	3984	4245	6147	6569	6674	6278	5767	2568	2210	1978	2417	1733	1556	1498	2134	1566	1624	1811	2791	2476	2428	2456	3010	2637	2638	2607	3511	2525	2556	2305	2794	2158	2208	2525	3537
	
Abundance
	Vesper Sparrow	0.0	0.0	0.0	0.0	0.0	0.0	0.0	0.0	0.0	0.0	0.0	0.0	0.004554170661553212	0.00853413654618474	0.013663133097762074	0.008296730112249878	0.002283452580301416	8.990110878034162E-4	0.00414144632048423	0.0	0.0	0.0	0.0	0.0	0.0	0.0	0.0	0.0	0.0	0.0	0.0	0.0	0.0	0.0	8.143322475570033E-4	0.0019933554817275745	0.0022753128555176336	0.001516300227445034	0.0023014959723820483	0.005126744517231558	3.9603960396039607E-4	7.82472613458529E-4	0.0	0.0	0.0	0.0	0.0	0.0
	Total # checklists submitted - (Vesper Sparrow)	4257	3234	2821	3966	2724	3571	5263	2828	3191	3538	3975	5362	4172	3984	4245	6147	6569	6674	6278	5767	2568	2210	1978	2417	1733	1556	1498	2134	1566	1624	1811	2791	2476	2428	2456	3010	2637	2638	2607	3511	2525	2556	2305	2794	2158	2208	2525	3537
	
Birds Per Party Hour
	Vesper Sparrow	0.0	0.0	0.0	0.0	0.0	0.0	0.0	0.0	0.0	0.0	0.0	0.0	0.4465364408467637	1.2890661567779702	2.4228677166188803	0.7387613367471281	0.411637344926709	0.6023627227351606	0.776795194999881	0.0	0.0	0.0	0.0	0.0	0.0	0.0	0.0	0.0	0.0	0.0	0.0	0.0	0.0	0.0	0.8333333333333334	0.5548083831538928	0.5291136899082927	0.46136585410759656	0.18550111459838126	0.8719251455820933	0.2	0.26666666666666666	0.0	0.0	0.0	0.0	0.0	0.0
	# checklists reporting species - (Vesper Sparrow)	0.0	0.0	0.0	0.0	0.0	0.0	0.0	0.0	0.0	0.0	0.0	0.0	18	36	55	55	14	8	25	0.0	0.0	0.0	0.0	0.0	0.0	0	0.0	0.0	0.0	0.0	0.0	0.0	0.0	0.0	2	7	7	4	6	20	1	1	0.0	0.0	0.0	0.0	0.0	0.0
	
High Count
	Vesper Sparrow	0.0	0.0	0.0	0.0	0.0	0.0	0.0	0.0	0.0	0.0	0.0	0.0	2	2	4	2	2	1	4	0.0	0.0	0.0	0.0	0.0	0.0	1	0.0	0.0	0.0	0.0	0.0	0.0	0.0	0.0	1	1	2	1	1	2	1	2	0.0	0.0	0.0	0.0	0.0	0.0
	# checklists reporting species - (Vesper Sparrow)	0.0	0.0	0.0	0.0	0.0	0.0	0.0	0.0	0.0	0.0	0.0	0.0	20	38	58	57	16	8	26	0.0	0.0	0.0	0.0	0.0	0.0	2	0.0	0.0	0.0	0.0	0.0	0.0	0.0	0.0	2	7	7	4	7	20	1	1	0.0	0.0	0.0	0.0	0.0	0.0
	
Totals
	Vesper Sparrow	0.0	0.0	0.0	0.0	0.0	0.0	0.0	0.0	0.0	0.0	0.0	0.0	22	42	79	59	17	8	29	0.0	0.0	0.0	0.0	0.0	0.0	2	0.0	0.0	0.0	0.0	0.0	0.0	0.0	0.0	2	7	8	4	7	21	1	2	0.0	0.0	0.0	0.0	0.0	0.0
	# checklists reporting species - (Vesper Sparrow)	0.0	0.0	0.0	0.0	0.0	0.0	0.0	0.0	0.0	0.0	0.0	0.0	20	38	57	57	15	8	26	0.0	0.0	0.0	0.0	0.0	0.0	2	0.0	0.0	0.0	0.0	0.0	0.0	0.0	0.0	2	7	7	4	7	20	1	1	0.0	0.0	0.0	0.0	0.0	0.0
	
Average Count
	Vesper Sparrow	0.0	0.0	0.0	0.0	0.0	0.0	0.0	0.0	0.0	0.0	0.0	0.0	1.1	1.105263157894737	1.3859649122807018	1.0350877192982457	1.1333333333333333	1.0	1.1153846153846154	0.0	0.0	0.0	0.0	0.0	0.0	1.0	0.0	0.0	0.0	0.0	0.0	0.0	0.0	0.0	1.0	1.0	1.1428571428571428	1.0	1.0	1.05	1.0	2.0	0.0	0.0	0.0	0.0	0.0	0.0
	# checklists reporting species - (Vesper Sparrow)	0.0	0.0	0.0	0.0	0.0	0.0	0.0	0.0	0.0	0.0	0.0	0.0	20	38	57	57	15	8	26	0.0	0.0	0.0	0.0	0.0	0.0	2	0.0	0.0	0.0	0.0	0.0	0.0	0.0	0.0	2	7	7	4	7	20	1	1	0.0	0.0	0.0	0.0	0.0	0.0
	
