

	Week starting on...	1/1	1/8	1/15	1/22	2/1	2/8	2/15	2/22	3/1	3/8	3/15	3/22	4/1	4/8	4/15	4/22	5/1	5/8	5/15	5/22	6/1	6/8	6/15	6/22	7/1	7/8	7/15	7/22	8/1	8/8	8/15	8/22	9/1	9/8	9/15	9/22	10/1	10/8	10/15	10/22	11/1	11/8	11/15	11/22	12/1	12/8	12/15	12/22
Frequency (%)
	Hairy Woodpecker	16.983791402396054	16.573902288188002	17.546969159872386	16.994452849218355	16.33627019089574	16.073928871464577	15.257457723731713	16.053748231966054	15.355687872140395	16.902204635387225	16.930817610062892	16.542334949645653	17.353787152444873	17.043172690763054	15.382803297997643	14.917846103790467	15.4818084944436	16.556787533712917	15.673781459063395	13.10906883995145	11.253894080996885	10.76923076923077	10.364004044489384	9.102192800992967	10.328909405654933	9.447300771208226	11.081441922563418	9.137769447047797	11.813537675606641	10.529556650246304	11.816675869685257	12.325331422429237	15.791599353796446	13.756177924217464	16.00162866449511	14.883720930232558	14.865377322715206	15.73161485974223	15.726889144610665	16.063799487325547	18.178217821782177	17.80125195618153	17.00650759219089	15.926986399427346	16.96014828544949	17.889492753623188	25.346534653465348	20.243143907266045
	Total # checklists submitted - (Hairy Woodpecker)	4257	3234	2821	3966	2724	3571	5263	2828	3191	3538	3975	5362	4172	3984	4245	6147	6569	6674	6278	5767	2568	2210	1978	2417	1733	1556	1498	2134	1566	1624	1811	2791	2476	2428	2456	3010	2637	2638	2607	3511	2525	2556	2305	2794	2158	2208	2525	3537
	
Abundance
	Hairy Woodpecker	0.2536997885835095	0.2622139764996908	0.27756114852889047	0.256933938477055	0.2540381791483113	0.24558947073648837	0.24662739882196466	0.24823196605374823	0.24913820119084926	0.2724703222159412	0.2691823899371069	0.2525177172696755	0.2483221476510067	0.24322289156626506	0.21177856301531214	0.19342768830323734	0.19439792966966052	0.21741084806712616	0.204683020070086	0.17686838911045605	0.16160436137071651	0.15248868778280544	0.1557128412537917	0.1439801406702524	0.15349105597230236	0.12982005141388175	0.15220293724966621	0.12417994376757263	0.16475095785440613	0.13916256157635468	0.16675869685256764	0.15836617699749195	0.2197092084006462	0.1771004942339374	0.20358306188925082	0.1946843853820598	0.19833143723928706	0.19636087945413191	0.2109704641350211	0.20336086585018515	0.24079207920792078	0.236697965571205	0.22472885032537962	0.2133142448103078	0.24976830398517144	0.2957427536231884	0.5900990099009901	0.3197625106022053
	Total # checklists submitted - (Hairy Woodpecker)	4257	3234	2821	3966	2724	3571	5263	2828	3191	3538	3975	5362	4172	3984	4245	6147	6569	6674	6278	5767	2568	2210	1978	2417	1733	1556	1498	2134	1566	1624	1811	2791	2476	2428	2456	3010	2637	2638	2607	3511	2525	2556	2305	2794	2158	2208	2525	3537
	
Birds Per Party Hour
	Hairy Woodpecker	2.304283536948158	2.1797584302561495	2.0862630303581144	1.6839732444039246	2.1385568389371157	2.0826351177648372	2.242914286338268	2.2999775218461194	1.8388027178852053	1.9262061190895357	1.8698134900903802	1.5561970948186024	1.5573274754918291	1.547340426368746	1.6026663867612287	1.2596083900910704	1.1400570466200726	1.1170140502680945	1.1831153386632083	1.3129137524739087	1.9300352028991379	2.8593024082872107	2.772129034402403	2.544445056199168	2.5926036388483404	1.7709591724341025	1.907915646317984	2.309098738914129	1.738467891543305	2.2784215287392664	1.8208940704413323	1.7794951498054046	1.435725870488431	1.5555127268525544	1.5611699152342216	1.3882823566533695	2.270022275223733	1.405496838128015	1.5230417632022264	1.2381538659236295	1.328152485875373	1.285814709278337	1.5386700492144523	1.3761747532261461	1.4467137664574006	1.6263565344568471	1.521717553100971	2.130929629520918
	# checklists reporting species - (Hairy Woodpecker)	732	560	508	684	451	600	829	465	507	602	684	918	728	695	669	940	1036	1145	1028	800	313	246	218	230	180	154	175	209	191	176	232	364	407	353	408	472	423	444	434	596	487	479	403	459	374	400	657	728
	
High Count
	Hairy Woodpecker	8	9	10	10	10	10	12	10	11	12	10	12	10	11	5	8	10	6	6	8	5	7	8	5	5	6	4	5	5	5	8	5	21	6	6	6	11	5	5	6	6	5	6	6	7	16	22	12
	# checklists reporting species - (Hairy Woodpecker)	789	596	537	739	474	623	856	492	539	636	722	961	771	722	712	996	1088	1198	1068	845	345	275	250	277	217	168	181	220	202	182	245	382	418	363	422	498	440	469	454	614	511	517	431	491	409	438	705	760
	
Totals
	Hairy Woodpecker	1159	920	827	1091	730	940	1362	745	863	1011	1130	1444	1101	1016	961	1283	1359	1562	1379	1118	476	376	360	414	307	222	246	293	274	236	336	482	576	459	531	643	575	577	595	764	666	685	562	650	585	699	1612	1179
	# checklists reporting species - (Hairy Woodpecker)	765	587	528	719	469	617	847	482	526	621	707	946	755	714	697	968	1058	1175	1045	839	342	269	248	275	212	163	179	215	195	180	242	377	412	359	416	484	435	462	449	609	507	511	429	489	401	429	696	749
	
Average Count
	Hairy Woodpecker	1.515032679738562	1.567291311754685	1.566287878787879	1.517385257301808	1.556503198294243	1.5235008103727714	1.6080283353010625	1.545643153526971	1.6406844106463878	1.6280193236714975	1.5983026874115982	1.5264270613107822	1.4582781456953642	1.42296918767507	1.3787661406025824	1.3254132231404958	1.2844990548204158	1.3293617021276596	1.3196172248803828	1.33253873659118	1.391812865497076	1.3977695167286246	1.4516129032258065	1.5054545454545454	1.4481132075471699	1.361963190184049	1.3743016759776536	1.3627906976744186	1.405128205128205	1.3111111111111111	1.3884297520661157	1.2785145888594165	1.3980582524271845	1.2785515320334262	1.2764423076923077	1.328512396694215	1.3218390804597702	1.248917748917749	1.3251670378619154	1.2545155993431856	1.3136094674556213	1.340508806262231	1.31002331002331	1.329243353783231	1.458852867830424	1.6293706293706294	2.3160919540229883	1.5740987983978638
	# checklists reporting species - (Hairy Woodpecker)	765	587	528	719	469	617	847	482	526	621	707	946	755	714	697	968	1058	1175	1045	839	342	269	248	275	212	163	179	215	195	180	242	377	412	359	416	484	435	462	449	609	507	511	429	489	401	429	696	749
	
