

	Week starting on...	1/1	1/8	1/15	1/22	2/1	2/8	2/15	2/22	3/1	3/8	3/15	3/22	4/1	4/8	4/15	4/22	5/1	5/8	5/15	5/22	6/1	6/8	6/15	6/22	7/1	7/8	7/15	7/22	8/1	8/8	8/15	8/22	9/1	9/8	9/15	9/22	10/1	10/8	10/15	10/22	11/1	11/8	11/15	11/22	12/1	12/8	12/15	12/22
Frequency (%)
	Eastern Towhee	0.21141649048625794	0.12368583797155226	0.42538107054236085	0.2017145738779627	0.3303964757709251	0.22402688322598713	0.24700741022230668	0.24752475247524752	0.15669069257286117	0.22611644997173544	0.2012578616352201	0.9324878776575904	1.7018216682646212	5.5471887550200805	8.598351001177857	12.7867252318204	12.98523367331405	5.349115972430327	2.9945842625039822	0.2774406103693428	0.35046728971962615	0.27149321266968324	0.3033367037411527	0.04137360364087712	0.28851702250432776	0.2570694087403599	0.0	0.23430178069353325	0.19157088122605362	0.12315270935960591	0.0	0.03582945180938731	0.04038772213247173	0.12355848434925865	0.24429967426710095	0.53156146179402	3.4129692832764507	5.913570887035633	4.641350210970464	2.335516946738821	0.712871287128713	0.03912363067292645	0.04338394793926247	0.21474588403722264	0.04633920296570899	0.04528985507246377	0.2376237623762376	0.5937234944868532
	Total # checklists submitted - (Eastern Towhee)	4257	3234	2821	3966	2724	3571	5263	2828	3191	3538	3975	5362	4172	3984	4245	6147	6569	6674	6278	5767	2568	2210	1978	2417	1733	1556	1498	2134	1566	1624	1811	2791	2476	2428	2456	3010	2637	2638	2607	3511	2525	2556	2305	2794	2158	2208	2525	3537
	
Abundance
	Eastern Towhee	0.0021141649048625794	0.0012368583797155227	0.004253810705423609	0.002017145738779627	0.003303964757709251	0.0022402688322598714	0.002470074102223067	0.0021216407355021216	0.0015669069257286117	0.0022611644997173543	0.002012578616352201	0.009511376352107423	0.018696069031639503	0.07103413654618473	0.13427561837455831	0.20969578656255083	0.21175216927995127	0.06323044650884027	0.03599872570882447	0.0031212068666551067	0.003115264797507788	0.0027149321266968325	0.0025278058645096056	4.137360364087712E-4	0.003462204270051933	0.002570694087403599	0.0	0.0028116213683223993	0.002554278416347382	0.0012315270935960591	0.0	3.5829451809387314E-4	4.038772213247173E-4	0.0012355848434925864	0.0024429967426710096	0.005980066445182724	0.048919226393629126	0.08567096285064443	0.05753739930955121	0.02819709484477357	0.0075247524752475245	3.912363067292645E-4	4.338394793926247E-4	0.0021474588403722263	4.633920296570899E-4	4.528985507246377E-4	0.002376237623762376	0.005937234944868533
	Total # checklists submitted - (Eastern Towhee)	4257	3234	2821	3966	2724	3571	5263	2828	3191	3538	3975	5362	4172	3984	4245	6147	6569	6674	6278	5767	2568	2210	1978	2417	1733	1556	1498	2134	1566	1624	1811	2791	2476	2428	2456	3010	2637	2638	2607	3511	2525	2556	2305	2794	2158	2208	2525	3537
	
Birds Per Party Hour
	Eastern Towhee	2.354142133752126	0.4166666666666667	0.8014284354068258	0.9370478313154614	1.740414324289488	0.7467382003781623	0.6056179947467364	1.4479450765858533	0.7833333333333333	0.7252071222829692	0.7937175719337506	1.2314868254054776	0.6854686189317354	1.5213048234067534	0.9955979083419315	1.4894903693476471	0.9240470034093673	0.7072550448833278	0.6965766646580039	1.5839048306017574	0.8990655092131653	10.281981039287936	2.24963175097149	0.5	0.7343477006585507	3.05141227438109	0.0	0.36507868715995606	0.5149423250784824	0.49320112034694613	0.0	0.37037037037037035	0.3333333333333333	0.5135802469135803	0.41086226902095146	0.4851348774398518	0.9059571696021975	1.120788918667409	0.9062614710518263	0.6787283630174455	0.5969121684878828	2.304147465437788	1.3333333333333333	1.4165417291354323	0.2222222222222222	1.0	0.35836385836385837	1.5762166982971768
	# checklists reporting species - (Eastern Towhee)	11	4	12	8	9	8	14	7	5	8	8	52	77	239	389	821	899	363	189	19	8	6	6	1	5	5	0.0	6	3	2	0.0	1	1	3	6	16	96	175	129	86	19	2	1	6	2	2	6	23
	
High Count
	Eastern Towhee	1	1	1	1	1	1	1	1	1	1	1	2	3	5	7	11	10	5	4	4	1	1	1	1	2	1	0.0	2	2	1	0.0	1	1	1	1	2	6	8	4	4	2	1	1	1	1	1	1	1
	# checklists reporting species - (Eastern Towhee)	11	4	12	8	9	8	14	8	6	8	8	52	80	252	407	860	927	378	199	19	10	7	9	1	6	5	0.0	6	3	2	0.0	1	1	3	6	16	105	188	137	93	21	2	1	6	2	2	6	23
	
Totals
	Eastern Towhee	11	4	12	8	9	8	14	7	6	8	8	53	86	315	626	1403	1487	448	235	24	9	7	8	1	7	5	0.0	7	4	2	0.0	1	1	3	6	18	144	262	166	108	22	2	1	6	2	2	6	23
	# checklists reporting species - (Eastern Towhee)	11	4	12	8	9	8	14	7	6	8	8	52	79	250	404	844	914	375	191	19	9	7	8	1	6	5	0.0	6	3	2	0.0	1	1	3	6	16	104	188	137	90	21	2	1	6	2	2	6	23
	
Average Count
	Eastern Towhee	1.0	1.0	1.0	1.0	1.0	1.0	1.0	1.0	1.0	1.0	1.0	1.0192307692307692	1.0886075949367089	1.26	1.5495049504950495	1.6623222748815165	1.62691466083151	1.1946666666666668	1.2303664921465969	1.263157894736842	1.0	1.0	1.0	1.0	1.1666666666666667	1.0	0.0	1.1666666666666667	1.3333333333333333	1.0	0.0	1.0	1.0	1.0	1.0	1.125	1.3846153846153846	1.3936170212765957	1.2116788321167884	1.2	1.0476190476190477	1.0	1.0	1.0	1.0	1.0	1.0	1.0
	# checklists reporting species - (Eastern Towhee)	11	4	12	8	9	8	14	7	6	8	8	52	79	250	404	844	914	375	191	19	9	7	8	1	6	5	0.0	6	3	2	0.0	1	1	3	6	16	104	188	137	90	21	2	1	6	2	2	6	23
	
