

	Week starting on...	1/1	1/8	1/15	1/22	2/1	2/8	2/15	2/22	3/1	3/8	3/15	3/22	4/1	4/8	4/15	4/22	5/1	5/8	5/15	5/22	6/1	6/8	6/15	6/22	7/1	7/8	7/15	7/22	8/1	8/8	8/15	8/22	9/1	9/8	9/15	9/22	10/1	10/8	10/15	10/22	11/1	11/8	11/15	11/22	12/1	12/8	12/15	12/22
Frequency (%)
	Cedar Waxwing	0.46981442330279544	0.525664811379097	0.31903580290677064	0.5042864346949066	0.6975036710719531	0.5600672080649678	0.3230096902907087	0.3536067892503536	0.6267627702914447	0.6218202374222724	0.4528301886792453	0.6900410294666169	0.5752636625119847	0.9287148594377509	1.5783274440518258	1.9684398893769317	3.6078550768762367	5.4989511537308955	12.997769990442817	27.518640541009194	28.582554517133957	28.95927601809955	29.979777553083924	25.56888705006206	30.17888055395268	31.748071979434446	31.64218958611482	31.91190253045923	33.524904214559385	29.98768472906404	27.277747101049144	24.579003941239698	21.768982229402262	16.062602965403624	10.912052117263844	8.23920265780731	4.6643913538111486	4.776345716451857	3.9892596854622173	6.579322130447165	8.514851485148515	6.964006259780908	7.592190889370933	2.505368647100931	1.5755329008341055	1.9927536231884055	1.900990099009901	1.3288097257562907
	Total # checklists submitted - (Cedar Waxwing)	4257	3234	2821	3966	2724	3571	5263	2828	3191	3538	3975	5362	4172	3984	4245	6147	6569	6674	6278	5767	2568	2210	1978	2417	1733	1556	1498	2134	1566	1624	1811	2791	2476	2428	2456	3010	2637	2638	2607	3511	2525	2556	2305	2794	2158	2208	2525	3537
	
Abundance
	Cedar Waxwing	0.04181348367394879	0.051638837353123065	0.021269053527118043	0.0340393343419062	0.092143906020558	0.048445813497619714	0.048071442143264295	0.03217821782178218	0.054214979630209964	0.054267947993216506	0.08855345911949686	0.03897799328608728	0.02996164908916587	0.09789156626506024	0.1740871613663133	0.16105417276720352	0.340234434464911	0.30985915492957744	0.7217266645428481	2.137333102132825	2.059968847352025	1.4027149321266967	1.4261880687563195	1.1146048820852297	1.4460473167916907	1.5777634961439588	1.5073431241655542	1.5745079662605437	2.318007662835249	2.2432266009852215	2.1827719491993376	2.0942314582586885	1.6983037156704361	1.6169686985172982	0.9723127035830619	0.881063122923588	0.5047402351156617	0.35519332827899924	0.42462600690448793	0.7778410709199658	2.080792079207921	1.0136932707355242	0.7396963123644251	0.1732283464566929	0.12974976830398516	0.23324275362318841	0.21108910891089108	0.23013853548204694
	Total # checklists submitted - (Cedar Waxwing)	4257	3234	2821	3966	2724	3571	5263	2828	3191	3538	3975	5362	4172	3984	4245	6147	6569	6674	6278	5767	2568	2210	1978	2417	1733	1556	1498	2134	1566	1624	1811	2791	2476	2428	2456	3010	2637	2638	2607	3511	2525	2556	2305	2794	2158	2208	2525	3537
	
Birds Per Party Hour
	Cedar Waxwing	8.790382396777462	7.62076961249897	7.084260411802555	4.652534738690601	39.057631755353434	14.908611595598272	23.162215483305086	6.7116266472102435	7.13833049092257	6.056817803636888	37.45817624661602	6.639893996382406	5.015360831362627	10.839294612528022	14.15977233856389	6.2856194040669315	8.166204828114093	4.902869938647027	3.296090404644028	6.913448787993027	8.13148986636577	7.542509256313338	7.4399585353629085	6.776915375866956	5.696882844889513	5.080534974125789	3.731076721227912	4.281306896681251	5.030073740377372	6.1427266596067955	4.594362907722329	6.093441917854913	6.456481576007024	4.935731286124085	5.951831796737294	5.298211713273264	5.6081734744667155	5.803712507437361	11.343526622199747	6.090436016376317	9.547637370740162	6.321068735157218	10.701639725632042	6.392679184206833	6.637873968387505	5.8117541062737414	4.5136790254090515	16.09001603695314
	# checklists reporting species - (Cedar Waxwing)	18	14	11	22	16	21	21	8	19	22	20	33	24	39	66	115	234	359	837	1619	753	647	604	635	520	507	478	676	534	500	493	680	529	388	263	247	123	125	108	229	220	180	184	68	35	42	49	48
	
High Count
	Cedar Waxwing	35	30	18	25	93	40	75	40	20	65	200	30	16	42	60	50	120	55	100	2000	145	55	55	50	30	110	30	50	500	121	246	180	100	115	107	115	100	50	68	200	689	150	126	44	54	155	85	95
	# checklists reporting species - (Cedar Waxwing)	22	19	11	23	20	23	22	10	21	23	20	42	30	47	79	134	256	402	893	1748	815	709	656	681	566	544	508	726	579	539	541	744	569	417	282	265	134	137	113	245	228	191	193	73	37	46	49	54
	
Totals
	Cedar Waxwing	180	171	74	139	272	191	293	91	193	201	380	286	171	470	795	1163	2344	2327	4888	15140	5690	3317	3021	2847	2642	2653	2323	3558	3811	3840	4394	6168	4421	4134	2468	2800	1381	960	1195	3083	5377	2804	1876	503	296	516	538	888
	# checklists reporting species - (Cedar Waxwing)	19	18	11	23	17	23	22	8	19	23	20	40	29	46	77	122	245	373	849	1665	775	673	628	657	530	519	484	694	544	507	511	709	544	397	267	257	126	130	112	237	226	186	187	72	36	42	49	54
	
Average Count
	Cedar Waxwing	9.473684210526315	9.5	6.7272727272727275	6.043478260869565	16.0	8.304347826086957	13.318181818181818	11.375	10.157894736842104	8.73913043478261	19.0	7.15	5.896551724137931	10.217391304347826	10.324675324675324	9.532786885245901	9.56734693877551	6.238605898123325	5.75736160188457	9.093093093093094	7.341935483870968	4.9286775631500745	4.810509554140127	4.333333333333333	4.9849056603773585	5.1117533718689785	4.799586776859504	5.126801152737752	7.005514705882353	7.57396449704142	8.598825831702545	8.699576868829338	8.126838235294118	10.413098236775818	9.243445692883896	10.894941634241246	10.96031746031746	7.384615384615385	10.669642857142858	13.0084388185654	23.792035398230087	15.075268817204302	10.032085561497325	6.986111111111111	8.222222222222221	12.285714285714286	10.979591836734693	16.444444444444443
	# checklists reporting species - (Cedar Waxwing)	19	18	11	23	17	23	22	8	19	23	20	40	29	46	77	122	245	373	849	1665	775	673	628	657	530	519	484	694	544	507	511	709	544	397	267	257	126	130	112	237	226	186	187	72	36	42	49	54
	
