

	Week starting on...	1/1	1/8	1/15	1/22	2/1	2/8	2/15	2/22	3/1	3/8	3/15	3/22	4/1	4/8	4/15	4/22	5/1	5/8	5/15	5/22	6/1	6/8	6/15	6/22	7/1	7/8	7/15	7/22	8/1	8/8	8/15	8/22	9/1	9/8	9/15	9/22	10/1	10/8	10/15	10/22	11/1	11/8	11/15	11/22	12/1	12/8	12/15	12/22
Frequency (%)
	Yellow Warbler	0.0	0.0	0.0	0.0	0.0	0.0	0.0	0.0	0.0	0.0	0.0	0.0	0.0	0.0	0.0	2.52155523019359	32.699040949916274	42.95774647887324	52.37336731443135	50.32079070573955	38.006230529595015	35.38461538461539	35.43983822042467	25.444766239139426	25.620311598384305	23.77892030848329	23.698264352469963	24.320524835988753	24.584929757343552	22.967980295566505	16.896742131419103	10.999641705481906	9.894991922455572	4.324546952224053	2.1172638436482085	0.6644518272425249	0.30337504740235116	0.265352539802881	0.1534330648254699	0.11392765593847907	0.039603960396039604	0.19561815336463223	0.21691973969631237	0.03579098067287043	0.04633920296570899	0.0	0.039603960396039604	0.02827254735651682
	Total # checklists submitted - (Yellow Warbler)	4257	3234	2821	3966	2724	3571	5263	2828	3191	3538	3975	5362	4172	3984	4245	6147	6569	6674	6278	5767	2568	2210	1978	2417	1733	1556	1498	2134	1566	1624	1811	2791	2476	2428	2456	3010	2637	2638	2607	3511	2525	2556	2305	2794	2158	2208	2525	3537
	
Abundance
	Yellow Warbler	0.0	0.0	0.0	0.0	0.0	0.0	0.0	0.0	0.0	0.0	0.0	0.0	0.0	0.0	0.0	0.04782820888238165	1.5748211295478765	3.269553491159724	4.824944249761071	4.279348014565632	2.4961059190031154	1.9538461538461538	1.7204246713852376	1.1055026892842366	1.221004039238315	1.0	1.1875834445927904	1.3983130271790065	1.879948914431673	1.2463054187192117	0.7332965212589729	0.23289143676101756	0.18134087237479807	0.058072487644151564	0.026465798045602607	0.008305647840531562	0.0030337504740235114	0.00265352539802881	0.0015343306482546988	0.0011392765593847907	3.9603960396039607E-4	0.0019561815336463224	0.0021691973969631237	3.5790980672870435E-4	4.633920296570899E-4	0.0	3.9603960396039607E-4	2.827254735651682E-4
	Total # checklists submitted - (Yellow Warbler)	4257	3234	2821	3966	2724	3571	5263	2828	3191	3538	3975	5362	4172	3984	4245	6147	6569	6674	6278	5767	2568	2210	1978	2417	1733	1556	1498	2134	1566	1624	1811	2791	2476	2428	2456	3010	2637	2638	2607	3511	2525	2556	2305	2794	2158	2208	2525	3537
	
Birds Per Party Hour
	Yellow Warbler	0.0	0.0	0.0	0.0	0.0	0.0	0.0	0.0	0.0	0.0	0.0	0.0	0.0	0.0	0.0	1.2437601624293808	2.788620897970102	4.626198155230794	5.103607242029261	4.957261716233454	5.513210848043733	5.623320230131719	6.603678278866402	5.035288326696028	4.298581553073423	2.813326786155809	3.4962641970234003	3.448639153787325	3.9643086053720196	4.065306472087869	1.5664096792709468	1.0295811033816482	0.9464348586615078	0.5252354321760484	0.5069686875469004	0.3357504964481286	0.3884903301653307	0.3244787828970386	0.36070576261669124	0.2597289387116629	0.4	0.7683443484155228	0.3836517840683836	0.25	0.3333333333333333	0.0	0.4	0.4444444444444444
	# checklists reporting species - (Yellow Warbler)	0.0	0.0	0.0	0.0	0.0	0.0	0.0	0.0	0.0	0.0	0.0	0.0	0.0	0.0	0.0	154	2232	2926	3316	2893	972	753	673	617	436	359	351	516	395	388	320	332	252	116	57	23	9	7	4	4	1	5	5	1	1	0.0	1	1
	
High Count
	Yellow Warbler	0.0	0.0	0.0	0.0	0.0	0.0	0.0	0.0	0.0	0.0	0.0	0.0	0.0	0.0	0.0	12	60	150	250	150	100	100	50	66	100	40	60	75	200	75	45	25	9	6	3	3	1	1	1	1	1	1	1	1	1	0.0	1	1
	# checklists reporting species - (Yellow Warbler)	0.0	0.0	0.0	0.0	0.0	0.0	0.0	0.0	0.0	0.0	0.0	0.0	0.0	0.0	0.0	168	2395	3227	3702	3238	1059	825	724	656	469	389	372	545	427	415	337	346	267	118	58	23	9	8	4	4	1	5	5	1	1	0.0	1	1
	
Totals
	Yellow Warbler	0.0	0.0	0.0	0.0	0.0	0.0	0.0	0.0	0.0	0.0	0.0	0.0	0.0	0.0	0.0	306	10961	23306	32053	26016	6575	4430	3477	2736	2159	1580	1803	3051	3128	2249	1465	726	480	162	72	29	9	8	4	4	1	5	5	1	1	0.0	1	1
	# checklists reporting species - (Yellow Warbler)	0.0	0.0	0.0	0.0	0.0	0.0	0.0	0.0	0.0	0.0	0.0	0.0	0.0	0.0	0.0	158	2276	2970	3356	2932	979	767	679	621	440	362	351	522	400	394	321	337	258	117	57	23	9	8	4	4	1	5	5	1	1	0.0	1	1
	
Average Count
	Yellow Warbler	0.0	0.0	0.0	0.0	0.0	0.0	0.0	0.0	0.0	0.0	0.0	0.0	0.0	0.0	0.0	1.9367088607594938	4.815905096660808	7.847138047138047	9.550953516090583	8.8731241473397	6.7160367722165475	5.775749674054759	5.120765832106038	4.405797101449275	4.906818181818182	4.3646408839779	5.136752136752137	5.844827586206897	7.82	5.708121827411167	4.56386292834891	2.1543026706231454	1.8604651162790697	1.3846153846153846	1.263157894736842	1.2608695652173914	1.0	1.0	1.0	1.0	1.0	1.0	1.0	1.0	1.0	0.0	1.0	1.0
	# checklists reporting species - (Yellow Warbler)	0.0	0.0	0.0	0.0	0.0	0.0	0.0	0.0	0.0	0.0	0.0	0.0	0.0	0.0	0.0	158	2276	2970	3356	2932	979	767	679	621	440	362	351	522	400	394	321	337	258	117	57	23	9	8	4	4	1	5	5	1	1	0.0	1	1
	
