

	Week starting on...	1/1	1/8	1/15	1/22	2/1	2/8	2/15	2/22	3/1	3/8	3/15	3/22	4/1	4/8	4/15	4/22	5/1	5/8	5/15	5/22	6/1	6/8	6/15	6/22	7/1	7/8	7/15	7/22	8/1	8/8	8/15	8/22	9/1	9/8	9/15	9/22	10/1	10/8	10/15	10/22	11/1	11/8	11/15	11/22	12/1	12/8	12/15	12/22
Frequency (%)
	Black-throated Green Warbler	0.0	0.0	0.0	0.0	0.0	0.0	0.0	0.0	0.0	0.0	0.0	0.0	0.0	0.1004016064257028	0.023557126030624265	1.935903692858305	17.932714263967117	20.437518729397663	20.755017521503664	6.883995144789319	0.5451713395638629	0.09049773755656108	0.10111223458038424	0.04137360364087712	0.0	0.0	0.0	0.0	0.0	0.18472906403940886	0.9939260077305356	3.582945180938732	11.22778675282714	13.591433278418453	12.37785016286645	13.853820598006644	9.594235874099354	2.122820318423048	1.380897583429229	0.6266021076616348	0.039603960396039604	0.0	1.0412147505422993	0.0	0.0	0.0	0.0	0.0
	Total # checklists submitted - (Black-throated Green Warbler)	4257	3234	2821	3966	2724	3571	5263	2828	3191	3538	3975	5362	4172	3984	4245	6147	6569	6674	6278	5767	2568	2210	1978	2417	1733	1556	1498	2134	1566	1624	1811	2791	2476	2428	2456	3010	2637	2638	2607	3511	2525	2556	2305	2794	2158	2208	2525	3537
	
Abundance
	Black-throated Green Warbler	0.0	0.0	0.0	0.0	0.0	0.0	0.0	0.0	0.0	0.0	0.0	0.0	0.0	0.001004016064257028	2.3557126030624264E-4	0.024564828371563364	0.3662657938803471	0.43512136649685346	0.4335775724753106	0.09866481706259754	0.005451713395638629	9.049773755656109E-4	5.055611729019212E-4	4.137360364087712E-4	0.0	0.0	0.0	0.0	0.0	0.0012315270935960591	0.012700165654334622	0.05804371193120745	0.2334410339256866	0.2833607907742998	0.2956026058631922	0.2867109634551495	0.18960940462646947	0.02539802880970432	0.01457614115841964	0.006266021076616349	3.9603960396039607E-4	0.0	0.010412147505422993	0.0	0.0	0.0	0.0	0.0
	Total # checklists submitted - (Black-throated Green Warbler)	4257	3234	2821	3966	2724	3571	5263	2828	3191	3538	3975	5362	4172	3984	4245	6147	6569	6674	6278	5767	2568	2210	1978	2417	1733	1556	1498	2134	1566	1624	1811	2791	2476	2428	2456	3010	2637	2638	2607	3511	2525	2556	2305	2794	2158	2208	2525	3537
	
Birds Per Party Hour
	Black-throated Green Warbler	0.0	0.0	0.0	0.0	0.0	0.0	0.0	0.0	0.0	0.0	0.0	0.0	0.0	0.20781392627230927	0.2	1.0041196196234947	1.3084276299278013	1.5734699067684352	1.3656356790052542	0.8773738966279078	1.8170460133215678	0.36276215549224056	1.2004801920768307	0.14285714285714285	0.0	0.0	0.0	0.0	0.0	0.5431528885158764	0.5446184172497268	0.6123247483854818	1.2100059247281127	1.2200801696628165	1.1099017234239024	1.29175362144108	0.9795540859524805	0.8180996651408605	0.7251343435769347	0.5301423428255018	0.14184397163120568	0.0	1.1784507160938649	0.0	0.0	0.0	0.0	0.0
	# checklists reporting species - (Black-throated Green Warbler)	0.0	0.0	0.0	0.0	0.0	0.0	0.0	0.0	0.0	0.0	0.0	0.0	0.0	4	1	128	1292	1510	1454	485	21	3	1	1	0.0	0.0	0.0	0.0	0.0	2	19	112	285	338	335	437	266	62	37	22	1	0.0	28	0.0	0.0	0.0	0.0	0.0
	
High Count
	Black-throated Green Warbler	0.0	0.0	0.0	0.0	0.0	0.0	0.0	0.0	0.0	0.0	0.0	0.0	0.0	1	1	5	20	35	25	10	2	1	1	1	0.0	0.0	0.0	0.0	0.0	1	3	7	15	16	18	20	46	3	2	1	1	0.0	1	0.0	0.0	0.0	0.0	0.0
	# checklists reporting species - (Black-throated Green Warbler)	0.0	0.0	0.0	0.0	0.0	0.0	0.0	0.0	0.0	0.0	0.0	0.0	0.0	4	1	140	1353	1601	1538	523	23	4	3	2	0.0	0.0	0.0	0.0	0.0	3	20	119	298	361	359	472	292	68	40	22	1	0.0	28	0.0	0.0	0.0	0.0	0.0
	
Totals
	Black-throated Green Warbler	0.0	0.0	0.0	0.0	0.0	0.0	0.0	0.0	0.0	0.0	0.0	0.0	0.0	4	1	176	2673	3368	3171	741	23	4	2	2	0.0	0.0	0.0	0.0	0.0	2	26	192	598	738	858	964	544	79	42	22	1	0.0	28	0.0	0.0	0.0	0.0	0.0
	# checklists reporting species - (Black-throated Green Warbler)	0.0	0.0	0.0	0.0	0.0	0.0	0.0	0.0	0.0	0.0	0.0	0.0	0.0	4	1	137	1318	1554	1485	506	22	4	2	2	0.0	0.0	0.0	0.0	0.0	2	19	119	288	349	352	462	286	66	39	22	1	0.0	28	0.0	0.0	0.0	0.0	0.0
	
Average Count
	Black-throated Green Warbler	0.0	0.0	0.0	0.0	0.0	0.0	0.0	0.0	0.0	0.0	0.0	0.0	0.0	1.0	1.0	1.2846715328467153	2.028072837632777	2.167310167310167	2.1353535353535356	1.4644268774703557	1.0454545454545454	1.0	1.0	1.0	0.0	0.0	0.0	0.0	0.0	1.0	1.368421052631579	1.6134453781512605	2.076388888888889	2.1146131805157595	2.4375	2.0865800865800868	1.902097902097902	1.196969696969697	1.0769230769230769	1.0	1.0	0.0	1.0	0.0	0.0	0.0	0.0	0.0
	# checklists reporting species - (Black-throated Green Warbler)	0.0	0.0	0.0	0.0	0.0	0.0	0.0	0.0	0.0	0.0	0.0	0.0	0.0	4	1	137	1318	1554	1485	506	22	4	2	2	0.0	0.0	0.0	0.0	0.0	2	19	119	288	349	352	462	286	66	39	22	1	0.0	28	0.0	0.0	0.0	0.0	0.0
	
