

	Week starting on...	1/1	1/8	1/15	1/22	2/1	2/8	2/15	2/22	3/1	3/8	3/15	3/22	4/1	4/8	4/15	4/22	5/1	5/8	5/15	5/22	6/1	6/8	6/15	6/22	7/1	7/8	7/15	7/22	8/1	8/8	8/15	8/22	9/1	9/8	9/15	9/22	10/1	10/8	10/15	10/22	11/1	11/8	11/15	11/22	12/1	12/8	12/15	12/22
Frequency (%)
	Great Blue Heron	1.4799154334038054	0.9894867037724181	0.9216589861751152	0.32778618255168934	0.25697503671071953	0.3920470456454775	0.19000570017100513	0.49504950495049505	0.4700720777185835	0.6218202374222724	1.6100628930817609	3.879149571055576	4.769894534995206	5.672690763052208	5.017667844522968	5.0268423621278675	4.9474805906530674	4.839676356008391	5.43166613571201	8.912779608115137	8.021806853582554	7.601809954751131	7.17896865520728	6.950765411667356	8.770917484131564	12.532133676092544	19.425901201602137	22.071227741330834	24.904214559386972	23.76847290640394	26.06294864715627	25.546399140093158	29.24071082390953	26.56507413509061	23.819218241042346	23.654485049833887	21.691315889268107	22.02426080363912	19.754507096279248	16.889774992879524	15.009900990099009	16.001564945226917	11.58351409978308	8.052970651395848	5.838739573679333	4.619565217391304	4.158415841584159	1.752897936104043
	Total # checklists submitted - (Great Blue Heron)	4257	3234	2821	3966	2724	3571	5263	2828	3191	3538	3975	5362	4172	3984	4245	6147	6569	6674	6278	5767	2568	2210	1978	2417	1733	1556	1498	2134	1566	1624	1811	2791	2476	2428	2456	3010	2637	2638	2607	3511	2525	2556	2305	2794	2158	2208	2525	3537
	
Abundance
	Great Blue Heron	0.01949729856706601	0.012059369202226345	0.01347040056717476	0.0035300050428643467	0.0025697503671071953	0.003920470456454775	0.0019000570017100513	0.005657708628005658	0.004700720777185835	0.0059355568117580556	0.019371069182389938	0.0546437896307348	0.07598274209012464	0.08157630522088354	0.06383981154299176	0.061981454367984384	0.06043537829197747	0.06008390770152832	0.07104173303599873	0.13455869602913126	0.09540498442367601	0.08823529411764706	0.08493427704752275	0.07943731899048408	0.10848240046162723	0.2069408740359897	0.4706275033377837	0.5440487347703843	0.48659003831417624	0.4710591133004926	0.5052457205963556	0.4668577570763167	0.5323101777059773	0.4600494233937397	0.3998371335504886	0.41229235880398674	0.35874099355328026	0.3923426838514026	0.3364019946298427	0.26374252349757904	0.24316831683168316	0.2644757433489828	0.18611713665943602	0.13314244810307801	0.10194624652455977	0.06114130434782609	0.06495049504950495	0.038733389878428046
	Total # checklists submitted - (Great Blue Heron)	4257	3234	2821	3966	2724	3571	5263	2828	3191	3538	3975	5362	4172	3984	4245	6147	6569	6674	6278	5767	2568	2210	1978	2417	1733	1556	1498	2134	1566	1624	1811	2791	2476	2428	2456	3010	2637	2638	2607	3511	2525	2556	2305	2794	2158	2208	2525	3537
	
Birds Per Party Hour
	Great Blue Heron	0.9338082566042344	0.6599067517261065	0.7939592888646955	1.5038624636209958	1.213830622795069	1.5255184888523134	0.8098733087566277	0.5001504951465223	0.7807916285339985	0.7489953468748182	1.0968063182240593	1.3470173572053812	0.999959721221748	0.8562844322733273	1.0516130242618267	1.2810931593600587	0.769379194223885	1.13425125153284	0.988440394757644	0.9962225081415896	1.4518395257856682	1.4077333427829046	1.237825403625088	1.181043895333601	1.429198888969429	1.3190060715540763	1.631723591676605	2.04219176108619	1.4775645815421092	3.4537043688381397	1.3939642756435207	1.5548107104527857	1.3476504706748853	1.4781387072348329	1.1183884199316612	1.1880961772404854	1.1416273987160779	1.1442561564257356	1.2620300120557186	0.9381666573500457	1.011228652390961	1.2503455577436475	1.006412116702605	1.0333327849755487	1.0353085339303372	1.1911589383433783	0.7581791100016989	0.7707226725088664
	# checklists reporting species - (Great Blue Heron)	71	33	30	14	8	14	13	16	16	24	67	221	207	229	215	316	339	340	356	547	218	173	147	173	157	202	315	490	400	411	506	734	711	657	604	725	592	584	537	608	402	423	283	236	137	112	107	66
	
High Count
	Great Blue Heron	4	3	3	2	1	2	1	3	1	10	3	9	12	12	7	6	8	4	5	11	7	11	4	3	4	8	21	37	20	14	11	11	12	10	9	11	11	8	10	7	12	9	13	10	6	10	5	5
	# checklists reporting species - (Great Blue Heron)	76	36	32	14	10	17	13	16	17	26	69	240	223	240	233	336	356	351	372	573	228	191	155	182	166	216	332	527	432	434	529	788	759	699	652	778	628	630	563	646	424	447	302	257	149	126	124	72
	
Totals
	Great Blue Heron	95	45	48	15	10	16	13	18	16	34	81	332	349	349	292	411	430	436	486	855	268	214	182	205	203	350	775	1314	838	833	1011	1403	1358	1187	1086	1321	1015	1090	949	997	680	722	473	421	249	176	185	154
	# checklists reporting species - (Great Blue Heron)	73	34	32	14	10	15	13	16	16	25	67	234	216	237	227	326	347	345	364	560	223	181	151	179	160	211	324	517	414	426	519	769	732	681	639	760	610	613	556	632	422	440	297	253	149	122	121	72
	
Average Count
	Great Blue Heron	1.3013698630136987	1.3235294117647058	1.5	1.0714285714285714	1.0	1.0666666666666667	1.0	1.125	1.0	1.36	1.208955223880597	1.4188034188034189	1.6157407407407407	1.4725738396624473	1.2863436123348018	1.2607361963190185	1.239193083573487	1.263768115942029	1.335164835164835	1.5267857142857142	1.201793721973094	1.1823204419889504	1.205298013245033	1.1452513966480447	1.26875	1.6587677725118484	2.3919753086419755	2.541586073500967	2.024154589371981	1.9553990610328638	1.9479768786127167	1.82444733420026	1.855191256830601	1.7430249632892805	1.699530516431925	1.7381578947368421	1.6639344262295082	1.7781402936378468	1.7068345323741008	1.5775316455696202	1.6113744075829384	1.6409090909090909	1.5925925925925926	1.6640316205533596	1.6711409395973154	1.4426229508196722	1.5289256198347108	2.138888888888889
	# checklists reporting species - (Great Blue Heron)	73	34	32	14	10	15	13	16	16	25	67	234	216	237	227	326	347	345	364	560	223	181	151	179	160	211	324	517	414	426	519	769	732	681	639	760	610	613	556	632	422	440	297	253	149	122	121	72
	
