

	Week starting on...	1/1	1/8	1/15	1/22	2/1	2/8	2/15	2/22	3/1	3/8	3/15	3/22	4/1	4/8	4/15	4/22	5/1	5/8	5/15	5/22	6/1	6/8	6/15	6/22	7/1	7/8	7/15	7/22	8/1	8/8	8/15	8/22	9/1	9/8	9/15	9/22	10/1	10/8	10/15	10/22	11/1	11/8	11/15	11/22	12/1	12/8	12/15	12/22
Frequency (%)
	Marsh Wren	0.0	0.0	0.0	0.0	0.0	0.0	0.0	0.0	0.0	0.0	0.0	0.0	0.0	0.0	0.16489988221436985	0.27655767040832924	0.5328056020703303	0.464489062031765	0.6052883083784645	0.5028611062944338	0.4283489096573208	0.4977375565610859	1.1627906976744187	1.8618121638394702	1.5579919215233697	1.2853470437017995	1.602136181575434	0.37488284910965325	0.6385696040868455	0.8004926108374385	0.8834897846493651	0.680759584378359	0.5250403877221325	0.5766062602965404	0.8550488599348535	0.8305647840531563	1.099734546833523	0.7581501137225171	0.42194092827004215	0.0854457419538593	0.0	0.0	0.0	0.03579098067287043	0.0	0.0	0.0	0.0
	Total # checklists submitted - (Marsh Wren)	4257	3234	2821	3966	2724	3571	5263	2828	3191	3538	3975	5362	4172	3984	4245	6147	6569	6674	6278	5767	2568	2210	1978	2417	1733	1556	1498	2134	1566	1624	1811	2791	2476	2428	2456	3010	2637	2638	2607	3511	2525	2556	2305	2794	2158	2208	2525	3537
	
Abundance
	Marsh Wren	0.0	0.0	0.0	0.0	0.0	0.0	0.0	0.0	0.0	0.0	0.0	0.0	0.0	0.0	0.0016489988221436984	0.0027655767040832926	0.006393667224843964	0.00464489062031765	0.006212169480726346	0.005375411825906017	0.006230529595015576	0.008144796380090498	0.028311425682507583	0.03516756309474555	0.030582804385458743	0.02442159383033419	0.0267022696929239	0.004217432052483599	0.011494252873563218	0.008620689655172414	0.011043622308117063	0.007165890361877463	0.005654281098546042	0.007413509060955519	0.009771986970684038	0.008637873754152824	0.011755783086841108	0.009097801364670205	0.004602991944764097	8.54457419538593E-4	0.0	0.0	0.0	3.5790980672870435E-4	0.0	0.0	0.0	0.0
	Total # checklists submitted - (Marsh Wren)	4257	3234	2821	3966	2724	3571	5263	2828	3191	3538	3975	5362	4172	3984	4245	6147	6569	6674	6278	5767	2568	2210	1978	2417	1733	1556	1498	2134	1566	1624	1811	2791	2476	2428	2456	3010	2637	2638	2607	3511	2525	2556	2305	2794	2158	2208	2525	3537
	
Birds Per Party Hour
	Marsh Wren	0.0	0.0	0.0	0.0	0.0	0.0	0.0	0.0	0.0	0.0	0.0	0.0	0.0	0.0	0.556874143542309	0.669191352523102	0.426090992397179	0.49536606856784543	0.3925942974120357	0.7554787255589858	0.8572506713739226	1.3237827274829987	2.0022350783656533	2.6778863384817484	1.9816435868654008	2.5074618841084284	1.8729285404607496	1.8806853216333697	2.642753643418222	0.9036488725180103	1.1120741734951547	1.1379780661498375	0.3803745710093236	1.2701816382591362	0.8650091098543371	0.4415096065374857	0.5659639121887909	0.8135036423354343	0.7286359780311623	0.2463634426721675	0.0	0.0	0.0	0.7501875468867217	0.0	0.0	0.0	0.0
	# checklists reporting species - (Marsh Wren)	0.0	0.0	0.0	0.0	0.0	0.0	0.0	0.0	0.0	0.0	0.0	0.0	0.0	0.0	8	18	36	32	42	29	12	12	23	49	31	20	26	9	10	13	16	18	13	15	22	27	28	21	12	3	0.0	0.0	0.0	1	0.0	0.0	0.0	0.0
	
High Count
	Marsh Wren	0.0	0.0	0.0	0.0	0.0	0.0	0.0	0.0	0.0	0.0	0.0	0.0	0.0	0.0	1	1	2	1	3	2	3	3	5	7	5	4	5	2	4	2	3	3	2	2	2	2	2	2	2	1	0.0	0.0	0.0	1	0.0	0.0	0.0	0.0
	# checklists reporting species - (Marsh Wren)	0.0	0.0	0.0	0.0	0.0	0.0	0.0	0.0	0.0	0.0	0.0	0.0	0.0	0.0	8	18	37	32	43	31	13	17	28	60	39	20	26	9	11	13	17	20	14	17	22	27	29	22	13	3	0.0	0.0	0.0	1	0.0	0.0	0.0	0.0
	
Totals
	Marsh Wren	0.0	0.0	0.0	0.0	0.0	0.0	0.0	0.0	0.0	0.0	0.0	0.0	0.0	0.0	8	18	44	32	48	34	18	24	61	104	72	38	42	10	19	14	21	21	15	20	26	28	31	25	13	3	0.0	0.0	0.0	1	0.0	0.0	0.0	0.0
	# checklists reporting species - (Marsh Wren)	0.0	0.0	0.0	0.0	0.0	0.0	0.0	0.0	0.0	0.0	0.0	0.0	0.0	0.0	8	18	37	32	43	30	12	17	28	58	39	20	26	9	11	13	17	19	14	16	22	27	28	21	12	3	0.0	0.0	0.0	1	0.0	0.0	0.0	0.0
	
Average Count
	Marsh Wren	0.0	0.0	0.0	0.0	0.0	0.0	0.0	0.0	0.0	0.0	0.0	0.0	0.0	0.0	1.0	1.0	1.1891891891891893	1.0	1.1162790697674418	1.1333333333333333	1.5	1.411764705882353	2.1785714285714284	1.793103448275862	1.8461538461538463	1.9	1.6153846153846154	1.1111111111111112	1.7272727272727273	1.0769230769230769	1.2352941176470589	1.105263157894737	1.0714285714285714	1.25	1.1818181818181819	1.037037037037037	1.1071428571428572	1.1904761904761905	1.0833333333333333	1.0	0.0	0.0	0.0	1.0	0.0	0.0	0.0	0.0
	# checklists reporting species - (Marsh Wren)	0.0	0.0	0.0	0.0	0.0	0.0	0.0	0.0	0.0	0.0	0.0	0.0	0.0	0.0	8	18	37	32	43	30	12	17	28	58	39	20	26	9	11	13	17	19	14	16	22	27	28	21	12	3	0.0	0.0	0.0	1	0.0	0.0	0.0	0.0
	
