

	Week starting on...	1/1	1/8	1/15	1/22	2/1	2/8	2/15	2/22	3/1	3/8	3/15	3/22	4/1	4/8	4/15	4/22	5/1	5/8	5/15	5/22	6/1	6/8	6/15	6/22	7/1	7/8	7/15	7/22	8/1	8/8	8/15	8/22	9/1	9/8	9/15	9/22	10/1	10/8	10/15	10/22	11/1	11/8	11/15	11/22	12/1	12/8	12/15	12/22
Frequency (%)
	Sanderling	0.0	0.0	0.0	0.0	0.0	0.0	0.0	0.0	0.0	0.0	0.0	0.0	0.0	0.0	0.0	0.0	0.22834525803014158	0.31465388073119566	0.684931506849315	4.213629269984394	2.0638629283489096	0.27149321266968324	0.0	0.0	0.0	0.3856041131105398	2.469959946595461	1.5932521087160263	1.2132822477650063	3.5098522167487682	4.638321369409166	4.514510927982802	5.533117932148627	3.789126853377265	3.8680781758957656	3.5548172757475087	2.3890784982935154	2.160727824109174	0.9589566551591868	0.5696382796923953	0.4356435643564357	0.03912363067292645	0.0	0.0	0.0	0.0	0.0	0.0
	Total # checklists submitted - (Sanderling)	4257	3234	2821	3966	2724	3571	5263	2828	3191	3538	3975	5362	4172	3984	4245	6147	6569	6674	6278	5767	2568	2210	1978	2417	1733	1556	1498	2134	1566	1624	1811	2791	2476	2428	2456	3010	2637	2638	2607	3511	2525	2556	2305	2794	2158	2208	2525	3537
	
Abundance
	Sanderling	0.0	0.0	0.0	0.0	0.0	0.0	0.0	0.0	0.0	0.0	0.0	0.0	0.0	0.0	0.0	0.0	0.00243568275232151	0.004195385076415942	0.0135393437400446	0.6046471302236865	0.16277258566978192	0.017194570135746608	0.0	0.0	0.0	0.010925449871465296	0.11214953271028037	0.04451733833177132	0.0280970625798212	0.1022167487684729	0.13031474323578135	0.27660336796847007	0.5262520193861067	0.3653212520593081	0.3326547231270358	0.23189368770764118	0.10997345468335229	0.12319939347990902	0.04756425009589567	0.019937339789233836	0.008316831683168317	3.912363067292645E-4	0.0	0.0	0.0	0.0	0.0	0.0
	Total # checklists submitted - (Sanderling)	4257	3234	2821	3966	2724	3571	5263	2828	3191	3538	3975	5362	4172	3984	4245	6147	6569	6674	6278	5767	2568	2210	1978	2417	1733	1556	1498	2134	1566	1624	1811	2791	2476	2428	2456	3010	2637	2638	2607	3511	2525	2556	2305	2794	2158	2208	2525	3537
	
Birds Per Party Hour
	Sanderling	0.0	0.0	0.0	0.0	0.0	0.0	0.0	0.0	0.0	0.0	0.0	0.0	0.0	0.0	0.0	0.0	0.21233202645685056	0.33764615863441966	0.7170749015082784	6.713963936261552	5.3894099186440965	1.8497739649517906	0.0	0.25	0.0	2.623581933487652	14.248738791262445	1.8614694621113739	2.891032045812497	3.607538940249445	1.7557586107797327	3.2104881798304357	6.354086196649214	3.7773559407073356	5.313002801111022	3.3394734693473684	1.9942102326165076	1.9852368108846474	1.1020303723222902	1.0707308212580056	0.8509853078612577	12.048192771084338	0.0	0.0	0.0	0.0	0.0	0.0
	# checklists reporting species - (Sanderling)	0.0	0.0	0.0	0.0	0.0	0.0	0.0	0.0	0.0	0.0	0.0	0.0	0.0	0.0	0.0	0.0	15	22	46	266	59	8	0.0	1	0.0	6	47	41	22	66	95	145	151	96	101	117	67	58	25	23	11	1	0.0	0.0	0.0	0.0	0.0	0.0
	
High Count
	Sanderling	0.0	0.0	0.0	0.0	0.0	0.0	0.0	0.0	0.0	0.0	0.0	0.0	0.0	0.0	0.0	0.0	2	4	12	187	67	11	0.0	1	0.0	5	9	10	5	10	16	29	42	50	45	45	16	27	18	9	6	1	0.0	0.0	0.0	0.0	0.0	0.0
	# checklists reporting species - (Sanderling)	0.0	0.0	0.0	0.0	0.0	0.0	0.0	0.0	0.0	0.0	0.0	0.0	0.0	0.0	0.0	0.0	15	22	48	277	60	9	0.0	1	0.0	6	49	44	24	68	99	149	154	99	110	123	70	60	30	27	12	1	0.0	0.0	0.0	0.0	0.0	0.0
	
Totals
	Sanderling	0.0	0.0	0.0	0.0	0.0	0.0	0.0	0.0	0.0	0.0	0.0	0.0	0.0	0.0	0.0	0.0	16	29	105	4205	529	48	0.0	1	0.0	17	217	116	52	197	284	897	1440	937	1019	886	310	355	140	88	23	1	0.0	0.0	0.0	0.0	0.0	0.0
	# checklists reporting species - (Sanderling)	0.0	0.0	0.0	0.0	0.0	0.0	0.0	0.0	0.0	0.0	0.0	0.0	0.0	0.0	0.0	0.0	15	22	46	270	60	9	0.0	1	0.0	6	47	43	24	67	97	148	152	97	109	123	69	60	30	26	12	1	0.0	0.0	0.0	0.0	0.0	0.0
	
Average Count
	Sanderling	0.0	0.0	0.0	0.0	0.0	0.0	0.0	0.0	0.0	0.0	0.0	0.0	0.0	0.0	0.0	0.0	1.0666666666666667	1.3181818181818181	2.282608695652174	15.574074074074074	8.816666666666666	5.333333333333333	0.0	1.0	0.0	2.8333333333333335	4.617021276595745	2.697674418604651	2.1666666666666665	2.9402985074626864	2.9278350515463916	6.0608108108108105	9.473684210526315	9.65979381443299	9.34862385321101	7.203252032520325	4.492753623188406	5.916666666666667	4.666666666666667	3.3846153846153846	1.9166666666666667	1.0	0.0	0.0	0.0	0.0	0.0	0.0
	# checklists reporting species - (Sanderling)	0.0	0.0	0.0	0.0	0.0	0.0	0.0	0.0	0.0	0.0	0.0	0.0	0.0	0.0	0.0	0.0	15	22	46	270	60	9	0.0	1	0.0	6	47	43	24	67	97	148	152	97	109	123	69	60	30	26	12	1	0.0	0.0	0.0	0.0	0.0	0.0
	
