

	Week starting on...	1/1	1/8	1/15	1/22	2/1	2/8	2/15	2/22	3/1	3/8	3/15	3/22	4/1	4/8	4/15	4/22	5/1	5/8	5/15	5/22	6/1	6/8	6/15	6/22	7/1	7/8	7/15	7/22	8/1	8/8	8/15	8/22	9/1	9/8	9/15	9/22	10/1	10/8	10/15	10/22	11/1	11/8	11/15	11/22	12/1	12/8	12/15	12/22
Frequency (%)
	Merlin	1.03359173126615	1.2059369202226344	0.8153137185395251	0.9077155824508321	0.8076358296622614	0.644077289274713	0.5130153904617138	1.4144271570014144	1.1595111250391725	1.5262860373092142	1.8364779874213837	1.864975755315181	1.7737296260786195	2.2339357429718874	2.497055359246172	2.2938018545632017	2.1768914598873494	1.678154030566377	1.2583625358394392	1.2484827466620427	0.9735202492211837	0.904977375565611	0.9605662285136503	0.9515928837401738	1.5002885170225042	1.4138817480719794	1.335113484646195	1.7806935332708531	1.979565772669221	2.5246305418719213	2.043070127001657	4.371193120745252	6.663974151857835	11.161449752883032	10.627035830618894	9.136212624584719	7.394766780432309	7.998483699772555	8.05523590333717	4.8988892053546	4.2772277227722775	4.029733959311424	2.386117136659436	1.9327129563350036	1.6218721037998145	1.4945652173913044	1.8613861386138613	1.7246253887475262
	Total # checklists submitted - (Merlin)	4257	3234	2821	3966	2724	3571	5263	2828	3191	3538	3975	5362	4172	3984	4245	6147	6569	6674	6278	5767	2568	2210	1978	2417	1733	1556	1498	2134	1566	1624	1811	2791	2476	2428	2456	3010	2637	2638	2607	3511	2525	2556	2305	2794	2158	2208	2525	3537
	
Abundance
	Merlin	0.0103359173126615	0.012059369202226345	0.008507621410847217	0.009581442259203227	0.008076358296622614	0.007560907308877065	0.005130153904617138	0.015205091937765204	0.012535255405828893	0.01639344262295082	0.02012578616352201	0.02126072361059306	0.01893576222435283	0.02535140562248996	0.029917550058892815	0.02537823328452904	0.025117978383315573	0.018879232843871743	0.013220770946161198	0.01404543089994798	0.012071651090342679	0.010407239819004524	0.015672396359959553	0.0215142738932561	0.03462204270051933	0.038560411311053984	0.0260347129506008	0.029522024367385193	0.030012771392081736	0.02832512315270936	0.02263942573163998	0.05768541741311358	0.07835218093699516	0.15485996705107083	0.15431596091205213	0.12491694352159469	0.10276829730754646	0.11599696739954511	0.12543153049482164	0.06322984904585588	0.044356435643564354	0.046948356807511735	0.026464208242950107	0.01968503937007874	0.017145505097312327	0.015398550724637682	0.01900990099009901	0.017246253887475263
	Total # checklists submitted - (Merlin)	4257	3234	2821	3966	2724	3571	5263	2828	3191	3538	3975	5362	4172	3984	4245	6147	6569	6674	6278	5767	2568	2210	1978	2417	1733	1556	1498	2134	1566	1624	1811	2791	2476	2428	2456	3010	2637	2638	2607	3511	2525	2556	2305	2794	2158	2208	2525	3537
	
Birds Per Party Hour
	Merlin	2.3423171894396764	1.1094895773219249	3.254652055910747	0.9911410056998318	0.7644271401330395	5.5791293945453075	3.8311969189428217	2.1792841391103512	3.110767780683256	2.730832064026953	1.8808750506313727	1.7634869939981594	2.5079749010515524	2.5537018943553322	1.9191964137007052	2.176375250894561	1.0253969265293439	1.3514178109281578	0.7477207268307927	0.605782090039612	1.0027549840115273	3.2048953558158866	4.90147693680638	3.4336718155477812	1.6385840059909027	5.996222514178265	3.0753730190443624	1.8696850807734	5.1844717921391315	5.7615817177181246	2.2625252304950116	1.5783296344414843	1.069724251809332	0.9587082041284216	0.6946729969191018	0.8968116069740247	0.6655976956724834	1.0899563213410952	0.6497006220947316	0.8460489018291767	1.1365648647003994	1.0641498414535904	0.7011782179840965	2.6611391043400827	0.6605381021532681	0.8841601345783235	0.9669525987924079	2.3315957817199617
	# checklists reporting species - (Merlin)	53	48	31	52	36	29	38	56	42	61	86	124	91	102	125	153	164	121	84	90	30	26	24	28	40	35	35	53	40	56	47	145	191	317	312	328	232	245	242	203	125	115	64	64	46	43	54	74
	
High Count
	Merlin	1	1	2	2	1	2	1	2	2	2	3	3	2	2	4	3	3	2	2	2	2	2	5	7	7	7	6	5	4	4	3	4	5	7	8	9	10	10	16	8	2	3	2	2	3	2	2	1
	# checklists reporting species - (Merlin)	56	53	32	57	39	33	39	58	50	68	97	130	97	108	132	163	169	124	87	93	33	26	26	34	40	36	35	57	42	63	50	153	201	327	326	345	247	256	248	213	127	123	67	67	49	46	58	76
	
Totals
	Merlin	56	53	33	59	39	37	39	63	52	72	102	147	110	123	156	183	195	139	92	104	39	30	38	65	78	80	62	85	62	79	56	198	232	444	459	462	326	356	377	274	131	140	73	68	51	47	59	76
	# checklists reporting species - (Merlin)	56	53	32	57	39	33	39	58	49	67	94	129	96	106	132	159	168	124	86	93	33	26	26	34	40	35	35	57	42	63	50	151	199	324	325	343	244	253	248	212	127	122	67	67	49	46	58	76
	
Average Count
	Merlin	1.0	1.0	1.03125	1.0350877192982457	1.0	1.121212121212121	1.0	1.0862068965517242	1.0612244897959184	1.0746268656716418	1.0851063829787233	1.1395348837209303	1.1458333333333333	1.1603773584905661	1.1818181818181819	1.150943396226415	1.1607142857142858	1.1209677419354838	1.069767441860465	1.118279569892473	1.1818181818181819	1.1538461538461537	1.4615384615384615	1.911764705882353	1.95	2.2857142857142856	1.7714285714285714	1.4912280701754386	1.4761904761904763	1.253968253968254	1.12	1.3112582781456954	1.1658291457286432	1.3703703703703705	1.4123076923076923	1.346938775510204	1.3360655737704918	1.407114624505929	1.5201612903225807	1.2924528301886793	1.031496062992126	1.1475409836065573	1.0895522388059702	1.0149253731343284	1.0408163265306123	1.0217391304347827	1.0172413793103448	1.0
	# checklists reporting species - (Merlin)	56	53	32	57	39	33	39	58	49	67	94	129	96	106	132	159	168	124	86	93	33	26	26	34	40	35	35	57	42	63	50	151	199	324	325	343	244	253	248	212	127	122	67	67	49	46	58	76
	
