

	Week starting on...	1/1	1/8	1/15	1/22	2/1	2/8	2/15	2/22	3/1	3/8	3/15	3/22	4/1	4/8	4/15	4/22	5/1	5/8	5/15	5/22	6/1	6/8	6/15	6/22	7/1	7/8	7/15	7/22	8/1	8/8	8/15	8/22	9/1	9/8	9/15	9/22	10/1	10/8	10/15	10/22	11/1	11/8	11/15	11/22	12/1	12/8	12/15	12/22
Frequency (%)
	Blue-winged Teal	0.0	0.0	0.0	0.0	0.0	0.0	0.0	0.0	0.0	0.11305822498586772	0.25157232704402516	2.1820216337187617	2.7085330776605945	3.0622489959839356	3.274440518256773	3.5464454205303397	3.881869386512407	0.9439616421935871	1.0035043007327173	0.9883821744407838	0.7009345794392523	0.8597285067873304	0.2527805864509606	0.9102192800992966	0.2308136180034622	0.3213367609254499	0.13351134846461948	0.09372071227741331	0.6385696040868455	1.477832512315271	1.601325234676974	3.9054102472232177	3.9579967689822295	3.0065897858319603	2.8908794788273613	1.5614617940199336	1.4031095942358742	1.7058377558756634	0.19179133103183738	0.05696382796923954	0.15841584158415842	0.03912363067292645	0.0	0.0	0.0	0.0	0.0	0.0
	Total # checklists submitted - (Blue-winged Teal)	4257	3234	2821	3966	2724	3571	5263	2828	3191	3538	3975	5362	4172	3984	4245	6147	6569	6674	6278	5767	2568	2210	1978	2417	1733	1556	1498	2134	1566	1624	1811	2791	2476	2428	2456	3010	2637	2638	2607	3511	2525	2556	2305	2794	2158	2208	2525	3537
	
Abundance
	Blue-winged Teal	0.0	0.0	0.0	0.0	0.0	0.0	0.0	0.0	0.0	0.0011305822498586771	0.006540880503144654	0.04028347631480791	0.07238734419942473	0.06827309236947791	0.07137809187279152	0.07971368147063608	0.08479220581519258	0.012885825591848966	0.014972921312519911	0.017513438529564766	0.009345794392523364	0.011312217194570135	0.003033367037411527	0.01034340091021928	0.0028851702250432777	0.003213367609254499	0.0020026702269692926	9.372071227741331E-4	0.013409961685823755	0.04926108374384237	0.06294864715626726	0.15549982085274094	0.13529886914378028	0.06548599670510709	0.07206840390879479	0.03986710963455149	0.04133485020857035	0.047763457164518575	0.004602991944764097	5.696382796923954E-4	0.0015841584158415843	3.912363067292645E-4	0.0	0.0	0.0	0.0	0.0	0.0
	Total # checklists submitted - (Blue-winged Teal)	4257	3234	2821	3966	2724	3571	5263	2828	3191	3538	3975	5362	4172	3984	4245	6147	6569	6674	6278	5767	2568	2210	1978	2417	1733	1556	1498	2134	1566	1624	1811	2791	2476	2428	2456	3010	2637	2638	2607	3511	2525	2556	2305	2794	2158	2208	2525	3537
	
Birds Per Party Hour
	Blue-winged Teal	0.0	0.0	0.0	0.0	0.0	0.0	0.0	0.0	0.0	0.6610734735002326	2.344663357440391	1.3916327988197426	2.0279106644819835	1.4820463216301372	1.9700621651343095	1.4016257498558806	1.2897412462926443	1.2278009325199002	1.6359618318783442	1.0543775976144716	2.005942116433848	0.845198802330577	1.0437492126847028	0.5458089318210392	0.38249140975708007	0.5961096111861074	2.3293413173652695	4.106859576968272	1.418800897757667	3.491330835300083	2.570542678583913	1.7557216770823296	1.4530131692158665	1.2611079787233725	3.1087205064061725	1.9231604255378796	1.3478386964600886	1.9525666760657454	1.8610841915778913	0.15904727712121883	0.43597018695087536	1.0	0.0	0.0	0.0	0.0	0.0	0.0
	# checklists reporting species - (Blue-winged Teal)	0.0	0.0	0.0	0.0	0.0	0.0	0.0	0.0	0.0	6	10	122	116	127	152	225	272	64	64	63	18	19	5	25	6	5	3	4	9	25	33	117	97	72	74	48	39	43	5	2	7	1	0.0	0.0	0.0	0.0	0.0	0.0
	
High Count
	Blue-winged Teal	0.0	0.0	0.0	0.0	0.0	0.0	0.0	0.0	0.0	1	4	6	8	7	12	14	15	4	4	5	3	3	2	2	2	1	2	9	8	14	13	25	18	12	20	7	10	20	8	1	1	1	0.0	0.0	0.0	0.0	0.0	0.0
	# checklists reporting species - (Blue-winged Teal)	0.0	0.0	0.0	0.0	0.0	0.0	0.0	0.0	0.0	6	10	122	120	130	161	242	275	69	68	68	18	24	6	25	7	6	3	4	10	25	33	118	103	77	79	55	42	48	6	2	7	1	0.0	0.0	0.0	0.0	0.0	0.0
	
Totals
	Blue-winged Teal	0.0	0.0	0.0	0.0	0.0	0.0	0.0	0.0	0.0	6	26	222	325	288	342	537	598	96	98	125	24	30	7	30	9	6	4	20	21	81	121	474	357	165	191	136	119	130	13	2	7	1	0.0	0.0	0.0	0.0	0.0	0.0
	# checklists reporting species - (Blue-winged Teal)	0.0	0.0	0.0	0.0	0.0	0.0	0.0	0.0	0.0	6	10	122	120	129	157	235	272	67	67	66	18	24	6	25	7	6	3	4	10	25	33	117	100	74	76	54	42	44	6	2	7	1	0.0	0.0	0.0	0.0	0.0	0.0
	
Average Count
	Blue-winged Teal	0.0	0.0	0.0	0.0	0.0	0.0	0.0	0.0	0.0	1.0	2.6	1.819672131147541	2.7083333333333335	2.2325581395348837	2.178343949044586	2.2851063829787233	2.198529411764706	1.4328358208955223	1.462686567164179	1.893939393939394	1.3333333333333333	1.25	1.1666666666666667	1.2	1.2857142857142858	1.0	1.3333333333333333	5.0	2.1	3.24	3.6666666666666665	4.051282051282051	3.57	2.22972972972973	2.513157894736842	2.5185185185185186	2.8333333333333335	2.9545454545454546	2.1666666666666665	1.0	1.0	1.0	0.0	0.0	0.0	0.0	0.0	0.0
	# checklists reporting species - (Blue-winged Teal)	0.0	0.0	0.0	0.0	0.0	0.0	0.0	0.0	0.0	6	10	122	120	129	157	235	272	67	67	66	18	24	6	25	7	6	3	4	10	25	33	117	100	74	76	54	42	44	6	2	7	1	0.0	0.0	0.0	0.0	0.0	0.0
	
