

	Week starting on...	1/1	1/8	1/15	1/22	2/1	2/8	2/15	2/22	3/1	3/8	3/15	3/22	4/1	4/8	4/15	4/22	5/1	5/8	5/15	5/22	6/1	6/8	6/15	6/22	7/1	7/8	7/15	7/22	8/1	8/8	8/15	8/22	9/1	9/8	9/15	9/22	10/1	10/8	10/15	10/22	11/1	11/8	11/15	11/22	12/1	12/8	12/15	12/22
Frequency (%)
	Winter Wren	1.550387596899225	1.3605442176870748	1.205246366536689	1.1598587997982854	1.1747430249632893	1.2321478577429292	0.8740262207866236	1.0608203677510608	1.2535255405828893	1.1871113623516112	1.257861635220126	3.3569563595673255	7.598274209012463	13.90562248995984	13.474676089517079	13.90922401171303	10.27553661135637	3.6859454599940062	1.7202930869703728	0.08670019074041964	0.3115264797507788	0.04524886877828054	0.10111223458038424	0.16549441456350847	0.28851702250432776	0.1928020565552699	0.20026702269692925	0.32802249297094654	0.0	0.12315270935960591	0.05521811154058532	0.0	0.16155088852988692	1.112026359143328	2.198697068403909	4.78405315614618	11.945392491467576	12.319939347990902	9.167625623321825	8.231273141555112	5.346534653465347	4.147104851330203	3.2537960954446854	3.149606299212598	3.429101019462465	4.483695652173913	5.544554455445545	2.629346904156064
	Total # checklists submitted - (Winter Wren)	4257	3234	2821	3966	2724	3571	5263	2828	3191	3538	3975	5362	4172	3984	4245	6147	6569	6674	6278	5767	2568	2210	1978	2417	1733	1556	1498	2134	1566	1624	1811	2791	2476	2428	2456	3010	2637	2638	2607	3511	2525	2556	2305	2794	2158	2208	2525	3537
	
Abundance
	Winter Wren	0.01949729856706601	0.016388373531230675	0.015242821694434599	0.013867876954109935	0.014317180616740088	0.014001680201624195	0.012350370511115333	0.012022630834512023	0.01472892510184895	0.014980214810627474	0.013836477987421384	0.04550540842969041	0.11936720997123682	0.26706827309236947	0.25017667844522967	0.24808849845453065	0.15344801339625513	0.043751872939766255	0.019273654029945842	8.670019074041963E-4	0.0035046728971962616	4.5248868778280545E-4	0.0010111223458038423	0.002068680182043856	0.003462204270051933	0.0019280205655526992	0.0020026702269692926	0.0032802249297094657	0.0	0.0012315270935960591	5.521811154058532E-4	0.0	0.0016155088852988692	0.011943986820428337	0.029315960912052116	0.10166112956810631	0.2335987864998104	0.24260803639120546	0.1699271192942079	0.12532042153232698	0.07603960396039604	0.05516431924882629	0.041648590021691974	0.04044380816034359	0.04355885078776645	0.06295289855072464	0.1005940594059406	0.032513429459994345
	Total # checklists submitted - (Winter Wren)	4257	3234	2821	3966	2724	3571	5263	2828	3191	3538	3975	5362	4172	3984	4245	6147	6569	6674	6278	5767	2568	2210	1978	2417	1733	1556	1498	2134	1566	1624	1811	2791	2476	2428	2456	3010	2637	2638	2607	3511	2525	2556	2305	2794	2158	2208	2525	3537
	
Birds Per Party Hour
	Winter Wren	1.3945572754747764	1.219373489964966	1.701440505455173	2.2303871224107983	1.0767293513689808	1.49519602005599	1.6194050634338615	0.9989805250276154	0.7705767547942246	1.1475188461644148	0.9777158276990022	1.1585163828902063	1.198920065640436	1.4959004672149074	1.3243120731410474	1.5406628737964985	0.9675288340840066	0.8032670886153765	0.5916182853079791	0.9471585893762441	2.771244953635308	0.5937126513432133	0.8333333333333334	0.18761904761904763	3.112127241999673	0.8333333333333334	1.2837853940450124	0.7050655782613847	0.0	0.8030264314168588	0.625	0.0	0.4237763748431597	0.6759287193202972	0.6766362200830455	1.1311668471262573	1.7050694039162204	1.4137871115027756	1.5674078653384582	1.1427179312128413	0.9184630482627156	1.2525380811279323	1.471616981902576	1.7136644965016803	1.4034375899078453	0.9715626548657065	0.8208973557324583	0.8453259296502559
	# checklists reporting species - (Winter Wren)	69	48	36	50	35	44	45	32	42	43	51	193	327	593	588	904	706	253	115	8	8	3	2	5	5	3	4	7	0.0	3	1	0.0	4	28	55	150	339	355	254	304	141	114	81	97	83	105	142	94
	
High Count
	Winter Wren	4	3	6	3	3	2	3	3	3	4	2	7	19	24	15	15	10	17	3	1	2	1	2	2	2	1	1	1	0.0	1	1	0.0	1	2	7	17	11	19	19	13	11	5	3	4	5	7	10	3
	# checklists reporting species - (Winter Wren)	74	49	37	53	36	48	47	33	43	44	53	200	344	617	624	937	725	263	118	14	11	7	4	9	12	3	4	8	0.0	3	1	0.0	4	29	63	177	374	388	284	325	150	119	83	100	86	110	149	98
	
Totals
	Winter Wren	90	59	46	63	43	54	66	38	50	55	58	266	543	1146	1124	1639	1080	307	131	13	12	7	5	10	13	3	4	8	0.0	3	1	0.0	4	31	81	348	692	739	498	485	210	157	106	126	109	151	270	119
	# checklists reporting species - (Winter Wren)	72	49	37	53	36	46	47	33	43	44	53	199	339	607	609	920	713	259	116	13	11	7	4	9	12	3	4	8	0.0	3	1	0.0	4	29	61	174	364	380	276	318	150	119	83	100	86	109	148	96
	
Average Count
	Winter Wren	1.25	1.2040816326530612	1.2432432432432432	1.1886792452830188	1.1944444444444444	1.173913043478261	1.4042553191489362	1.1515151515151516	1.1627906976744187	1.25	1.0943396226415094	1.3366834170854272	1.6017699115044248	1.887973640856672	1.845648604269294	1.7815217391304348	1.514726507713885	1.1853281853281854	1.1293103448275863	1.0	1.0909090909090908	1.0	1.25	1.1111111111111112	1.0833333333333333	1.0	1.0	1.0	0.0	1.0	1.0	0.0	1.0	1.0689655172413792	1.3278688524590163	2.0	1.901098901098901	1.944736842105263	1.8043478260869565	1.5251572327044025	1.4	1.319327731092437	1.2771084337349397	1.26	1.2674418604651163	1.385321100917431	1.8243243243243243	1.2395833333333333
	# checklists reporting species - (Winter Wren)	72	49	37	53	36	46	47	33	43	44	53	199	339	607	609	920	713	259	116	13	11	7	4	9	12	3	4	8	0.0	3	1	0.0	4	29	61	174	364	380	276	318	150	119	83	100	86	109	148	96
	
