

	Week starting on...	1/1	1/8	1/15	1/22	2/1	2/8	2/15	2/22	3/1	3/8	3/15	3/22	4/1	4/8	4/15	4/22	5/1	5/8	5/15	5/22	6/1	6/8	6/15	6/22	7/1	7/8	7/15	7/22	8/1	8/8	8/15	8/22	9/1	9/8	9/15	9/22	10/1	10/8	10/15	10/22	11/1	11/8	11/15	11/22	12/1	12/8	12/15	12/22
Frequency (%)
	Lapland Longspur	0.02349072116513977	0.0	0.03544842254519674	0.07564296520423601	0.25697503671071953	0.0	0.0	0.0	0.0	0.0	0.0	0.0	0.0	0.0251004016064257	0.0	0.0	0.030446034404018874	0.0	0.23892959541255177	0.0	0.0	0.0	0.0	0.0	0.0	0.0	0.0	0.0	0.0	0.0	0.0	0.0	0.0	0.0	0.04071661237785017	0.19933554817275745	0.22753128555176336	0.7202426080363912	0.5753739930955121	1.6804329250925663	0.6336633663366337	0.39123630672926446	0.5206073752711496	0.25053686471009307	0.18535681186283595	0.09057971014492754	0.07920792079207921	0.05654509471303364
	Total # checklists submitted - (Lapland Longspur)	4257	3234	2821	3966	2724	3571	5263	2828	3191	3538	3975	5362	4172	3984	4245	6147	6569	6674	6278	5767	2568	2210	1978	2417	1733	1556	1498	2134	1566	1624	1811	2791	2476	2428	2456	3010	2637	2638	2607	3511	2525	2556	2305	2794	2158	2208	2525	3537
	
Abundance
	Lapland Longspur	2.349072116513977E-4	0.0	3.544842254519674E-4	0.0015128593040847202	0.0047723935389133625	0.0	0.0	0.0	0.0	0.0	0.0	0.0	0.0	2.51004016064257E-4	0.0	0.0	3.0446034404018875E-4	0.0	0.002548582351067219	0.0	0.0	0.0	0.0	0.0	0.0	0.0	0.0	0.0	0.0	0.0	0.0	0.0	0.0	0.0	4.0716612377850165E-4	0.009966777408637873	0.0030337504740235114	0.014025777103866566	0.009205983889528193	0.025918541726003986	0.010297029702970298	0.020735524256651018	0.006507592190889371	0.004294917680744453	0.0018535681186283596	9.057971014492754E-4	0.0015841584158415843	5.654509471303364E-4
	Total # checklists submitted - (Lapland Longspur)	4257	3234	2821	3966	2724	3571	5263	2828	3191	3538	3975	5362	4172	3984	4245	6147	6569	6674	6278	5767	2568	2210	1978	2417	1733	1556	1498	2134	1566	1624	1811	2791	2476	2428	2456	3010	2637	2638	2607	3511	2525	2556	2305	2794	2158	2208	2525	3537
	
Birds Per Party Hour
	Lapland Longspur	0.5	0.0	0.25	0.44446444644464445	0.4257692839884621	0.0	0.0	0.0	0.0	0.0	0.0	0.0	0.0	0.36363636363636365	0.0	0.0	0.18937266435500977	0.0	0.678385305047991	0.0	0.0	0.0	0.0	0.0	0.0	0.0	0.0	0.0	0.0	0.0	0.0	0.0	0.0	0.0	0.2	0.8778684790727275	0.2655103609715757	0.464746794118334	0.3737011172476296	0.47077490181481424	1.2580932593733667	1.5068768089736964	1.1660186457754478	1.7182170232086105	0.41454572560058595	0.2543859649122807	0.2857142857142857	0.4043454437842931
	# checklists reporting species - (Lapland Longspur)	1	0	1	3	7	0	0.0	0.0	0.0	0	0.0	0.0	0.0	1	0.0	0.0	2	0.0	17	0.0	0.0	0.0	0.0	0.0	0.0	0.0	0.0	0.0	0.0	0.0	0.0	0.0	0.0	0.0	1	6	7	19	15	65	18	12	16	7	4	2	1	4
	
High Count
	Lapland Longspur	1	2	1	2	2	1	0.0	0.0	0.0	1	0.0	0.0	0.0	1	0.0	0.0	1	0.0	2	0.0	0.0	0.0	0.0	0.0	0.0	0.0	0.0	0.0	0.0	0.0	0.0	0.0	0.0	0.0	1	18	2	8	6	9	4	32	2	6	1	1	2	1
	# checklists reporting species - (Lapland Longspur)	2	1	1	3	7	1	0.0	0.0	0.0	1	0.0	0.0	0.0	1	0.0	0.0	2	0.0	17	0.0	0.0	0.0	0.0	0.0	0.0	0.0	0.0	0.0	0.0	0.0	0.0	0.0	0.0	0.0	1	6	7	20	15	66	19	13	17	9	4	2	3	4
	
Totals
	Lapland Longspur	2	2	1	6	13	1	0.0	0.0	0.0	0	0.0	0.0	0.0	1	0.0	0.0	2	0.0	18	0.0	0.0	0.0	0.0	0.0	0.0	0.0	0.0	0.0	0.0	0.0	0.0	0.0	0.0	0.0	1	30	9	45	24	103	31	56	20	14	4	2	6	4
	# checklists reporting species - (Lapland Longspur)	2	1	1	3	7	1	0.0	0.0	0.0	0	0.0	0.0	0.0	1	0.0	0.0	2	0.0	17	0.0	0.0	0.0	0.0	0.0	0.0	0.0	0.0	0.0	0.0	0.0	0.0	0.0	0.0	0.0	1	6	7	20	15	66	18	13	17	9	4	2	3	4
	
Average Count
	Lapland Longspur	1.0	2.0	1.0	2.0	1.8571428571428572	1.0	0.0	0.0	0.0	0.0	0.0	0.0	0.0	1.0	0.0	0.0	1.0	0.0	1.0588235294117647	0.0	0.0	0.0	0.0	0.0	0.0	0.0	0.0	0.0	0.0	0.0	0.0	0.0	0.0	0.0	1.0	5.0	1.2857142857142858	2.25	1.6	1.5606060606060606	1.7222222222222223	4.3076923076923075	1.1764705882352942	1.5555555555555556	1.0	1.0	2.0	1.0
	# checklists reporting species - (Lapland Longspur)	2	1	1	3	7	1	0.0	0.0	0.0	0	0.0	0.0	0.0	1	0.0	0.0	2	0.0	17	0.0	0.0	0.0	0.0	0.0	0.0	0.0	0.0	0.0	0.0	0.0	0.0	0.0	0.0	0.0	1	6	7	20	15	66	18	13	17	9	4	2	3	4
	
