

	Week starting on...	1/1	1/8	1/15	1/22	2/1	2/8	2/15	2/22	3/1	3/8	3/15	3/22	4/1	4/8	4/15	4/22	5/1	5/8	5/15	5/22	6/1	6/8	6/15	6/22	7/1	7/8	7/15	7/22	8/1	8/8	8/15	8/22	9/1	9/8	9/15	9/22	10/1	10/8	10/15	10/22	11/1	11/8	11/15	11/22	12/1	12/8	12/15	12/22
Frequency (%)
	Northern Rough-winged Swallow	0.0	0.0	0.0	0.0	0.0	0.0	0.0	0.0	0.0	0.0	0.0	0.01864975755315181	0.14381591562799617	2.2339357429718874	8.315665488810366	14.397266959492436	15.69493073527173	16.7365897512736	17.47371774450462	18.36310039882088	14.291277258566979	13.438914027149321	12.285136501516684	10.508895324782788	12.925562608193882	13.239074550128535	10.68090787716956	9.372071227741332	9.13154533844189	7.389162561576355	6.405300938707896	2.5797205302758868	0.7673667205169629	0.20593080724876442	0.08143322475570033	0.0	0.0	0.0	0.0	0.0	0.0	0.0	0.0	0.0	0.0	0.0	0.0	0.0
	Total # checklists submitted - (Northern Rough-winged Swallow)	4257	3234	2821	3966	2724	3571	5263	2828	3191	3538	3975	5362	4172	3984	4245	6147	6569	6674	6278	5767	2568	2210	1978	2417	1733	1556	1498	2134	1566	1624	1811	2791	2476	2428	2456	3010	2637	2638	2607	3511	2525	2556	2305	2794	2158	2208	2525	3537
	
Abundance
	Northern Rough-winged Swallow	0.0	0.0	0.0	0.0	0.0	0.0	0.0	0.0	0.0	0.0	0.0	1.864975755315181E-4	0.0021572387344199425	0.051957831325301206	0.27868080094228503	0.6102163657068489	0.6690516060283148	0.7478273898711417	0.6981522777954763	0.6544130397086874	0.4727414330218069	0.4149321266968326	0.3614762386248736	0.36739760033098884	0.65666474321985	0.6555269922879178	0.5160213618157543	0.49109653233364575	0.4540229885057471	0.35591133004926107	0.23191606847045831	0.0695091365102114	0.025848142164781908	0.004942339373970346	0.0036644951140065146	0.0	0.0	0.0	0.0	0.0	0.0	0.0	0.0	0.0	0.0	0.0	0.0	0.0
	Total # checklists submitted - (Northern Rough-winged Swallow)	4257	3234	2821	3966	2724	3571	5263	2828	3191	3538	3975	5362	4172	3984	4245	6147	6569	6674	6278	5767	2568	2210	1978	2417	1733	1556	1498	2134	1566	1624	1811	2791	2476	2428	2456	3010	2637	2638	2607	3511	2525	2556	2305	2794	2158	2208	2525	3537
	
Birds Per Party Hour
	Northern Rough-winged Swallow	0.0	0.0	0.0	0.0	0.0	0.0	0.0	0.0	0.0	0.0	0.0	0.35298270384751146	1.0302908917363758	1.354243740582672	2.5134651289468075	2.9301766792996453	3.0169429035419095	3.234538285289911	2.3463063197137277	2.3097587202891465	2.9680100072427136	4.0717822901894705	3.2284914135886456	8.262956273220809	5.682786052319796	3.9822225144586607	3.511099782389795	4.986009739968916	4.645132706477156	2.291032821387779	1.7936961676948457	1.8868888099694245	1.4349448137148269	1.1195338918375035	2.4146308543663113	0.0	0.0	0.0	0.0	0.0	0.0	0.0	0.0	0.0	0.0	0.0	0.0	0.0
	# checklists reporting species - (Northern Rough-winged Swallow)	0.0	0.0	0.0	0.0	0.0	0.0	0.0	0.0	0.0	0.0	0.0	1	6	95	350	871	991	1097	1076	1018	364	283	237	249	213	197	157	179	136	110	112	67	20	5	2	0.0	0.0	0.0	0.0	0.0	0.0	0.0	0.0	0.0	0.0	0.0	0.0	0.0
	
High Count
	Northern Rough-winged Swallow	0.0	0.0	0.0	0.0	0.0	0.0	0.0	0.0	0.0	0.0	0.0	1	3	20	60	125	60	100	45	52	25	20	22	30	40	100	30	50	50	57	25	20	11	4	6	0.0	0.0	0.0	0.0	0.0	0.0	0.0	0.0	0.0	0.0	0.0	0.0	0.0
	# checklists reporting species - (Northern Rough-winged Swallow)	0.0	0.0	0.0	0.0	0.0	0.0	0.0	0.0	0.0	0.0	0.0	1	6	99	379	941	1077	1171	1142	1134	398	321	288	297	253	219	173	211	157	123	127	76	20	5	2	0.0	0.0	0.0	0.0	0.0	0.0	0.0	0.0	0.0	0.0	0.0	0.0	0.0
	
Totals
	Northern Rough-winged Swallow	0.0	0.0	0.0	0.0	0.0	0.0	0.0	0.0	0.0	0.0	0.0	1	9	233	1257	3911	4493	5173	4481	3974	1282	958	775	959	1211	1047	844	1064	780	587	440	219	68	12	9	0.0	0.0	0.0	0.0	0.0	0.0	0.0	0.0	0.0	0.0	0.0	0.0	0.0
	# checklists reporting species - (Northern Rough-winged Swallow)	0.0	0.0	0.0	0.0	0.0	0.0	0.0	0.0	0.0	0.0	0.0	1	6	96	361	894	1013	1112	1086	1039	377	300	269	279	236	204	160	182	137	110	115	69	20	5	2	0.0	0.0	0.0	0.0	0.0	0.0	0.0	0.0	0.0	0.0	0.0	0.0	0.0
	
Average Count
	Northern Rough-winged Swallow	0.0	0.0	0.0	0.0	0.0	0.0	0.0	0.0	0.0	0.0	0.0	1.0	1.5	2.4270833333333335	3.481994459833795	4.374720357941834	4.435340572556762	4.651978417266187	4.126151012891344	3.8248315688161694	3.40053050397878	3.1933333333333334	2.8810408921933086	3.4372759856630823	5.13135593220339	5.132352941176471	5.275	5.846153846153846	5.693430656934306	5.336363636363636	3.8260869565217392	3.1739130434782608	3.4	2.4	4.5	0.0	0.0	0.0	0.0	0.0	0.0	0.0	0.0	0.0	0.0	0.0	0.0	0.0
	# checklists reporting species - (Northern Rough-winged Swallow)	0.0	0.0	0.0	0.0	0.0	0.0	0.0	0.0	0.0	0.0	0.0	1	6	96	361	894	1013	1112	1086	1039	377	300	269	279	236	204	160	182	137	110	115	69	20	5	2	0.0	0.0	0.0	0.0	0.0	0.0	0.0	0.0	0.0	0.0	0.0	0.0	0.0
	
