

	Week starting on...	1/1	1/8	1/15	1/22	2/1	2/8	2/15	2/22	3/1	3/8	3/15	3/22	4/1	4/8	4/15	4/22	5/1	5/8	5/15	5/22	6/1	6/8	6/15	6/22	7/1	7/8	7/15	7/22	8/1	8/8	8/15	8/22	9/1	9/8	9/15	9/22	10/1	10/8	10/15	10/22	11/1	11/8	11/15	11/22	12/1	12/8	12/15	12/22
Frequency (%)
	American Crow	10.735259572468875	12.368583797155226	11.378943637008152	11.976802824004034	11.16005873715125	10.305236628395408	13.452403572107164	20.65063649222065	23.973675963647757	27.275296777840584	28.553459119496853	28.590078328981722	26.36625119846596	23.443775100401606	21.83745583038869	21.13225963884822	22.195159080529763	19.13395265208271	17.075501752150366	14.392231662909657	14.057632398753894	12.126696832579185	11.678463094034377	11.170872983036823	12.637045585689554	11.439588688946015	11.281708945260348	10.918462980318651	10.472541507024266	10.899014778325125	10.988404196576477	11.859548548907203	11.873990306946688	13.344316309719934	12.54071661237785	14.61794019933555	15.510049298445203	18.53677028051554	18.68047564250096	19.90885787524922	18.059405940594058	15.258215962441316	15.488069414316701	13.13528990694345	12.187210379981464	11.458333333333332	15.801980198019802	11.56347186881538
	Total # checklists submitted - (American Crow)	4257	3234	2821	3966	2724	3571	5263	2828	3191	3538	3975	5362	4172	3984	4245	6147	6569	6674	6278	5767	2568	2210	1978	2417	1733	1556	1498	2134	1566	1624	1811	2791	2476	2428	2456	3010	2637	2638	2607	3511	2525	2556	2305	2794	2158	2208	2525	3537
	
Abundance
	American Crow	0.24054498473103125	0.3129251700680272	0.27543424317617865	0.3189611699445285	0.3043318649045521	0.2679921590590871	0.4155424662739882	0.7026166902404526	0.6267627702914447	1.022328999434709	0.7942138364779874	0.7610966057441253	0.585091083413231	0.4811746987951807	0.41083627797408717	0.392061168049455	0.4014309636169889	0.33533113575067425	0.3037591589678241	0.24848274666204265	0.23870716510903428	0.20316742081447964	0.21334681496461072	0.2271410839884154	0.241200230813618	0.2615681233933162	0.287716955941255	0.24133083411433928	0.24968071519795657	0.24322660098522167	0.24295969077857538	0.2920100322465066	0.2544426494345719	0.30971993410214166	0.31636807817589574	0.3780730897009967	0.4069017823284035	0.5868081880212282	0.9236670502493287	0.9800626602107662	0.6550495049504951	0.46205007824726135	0.4052060737527115	0.28131710808876165	0.43697868396663575	0.317481884057971	0.45821782178217824	0.2810291207237772
	Total # checklists submitted - (American Crow)	4257	3234	2821	3966	2724	3571	5263	2828	3191	3538	3975	5362	4172	3984	4245	6147	6569	6674	6278	5767	2568	2210	1978	2417	1733	1556	1498	2134	1566	1624	1811	2791	2476	2428	2456	3010	2637	2638	2607	3511	2525	2556	2305	2794	2158	2208	2525	3537
	
Birds Per Party Hour
	American Crow	3.8563965087320304	3.6294588429468666	3.8237018134525655	4.264973664650358	3.629111059645331	5.171264424239261	3.9556860793953645	5.163732965698459	5.190617255697481	5.469943890597435	3.5185984645584747	3.559977648153292	2.477490208118626	2.0444265215444077	2.192344887637282	1.8411490346533423	1.6738197190388007	1.5207413031629022	1.721145032140017	2.3071005812572856	3.201603075213596	3.133124081636862	4.907425735804268	6.160735985487883	4.564702765612084	3.3250259107473528	5.483569175164947	2.7992634726783487	2.1934493213462782	3.8843205639304084	1.9392682301464526	2.6305309454441184	3.500764442247435	1.9641400421659325	1.9456575832554697	2.550499870752441	4.394870285125343	3.1012879026851587	4.737273211417717	3.7311335708081153	3.008371099874364	6.781568339980856	2.8522090762938745	2.8539112969358005	5.835591944018529	3.5980079490345225	2.1266913261743166	4.567418058463443
	# checklists reporting species - (American Crow)	499	428	348	496	325	378	745	604	800	973	1129	1556	1092	929	929	1316	1445	1294	1075	854	371	270	233	282	236	187	181	240	179	183	204	333	291	344	329	460	431	517	511	728	481	401	370	384	284	259	425	428
	
High Count
	American Crow	30	35	40	40	30	27	60	108	70	92	80	60	20	30	13	21	15	17	30	27	15	9	12	10	18	14	16	17	11	13	15	30	12	12	20	20	37	42	150	100	100	45	32	16	164	15	18	29
	# checklists reporting species - (American Crow)	540	452	364	530	366	408	780	652	854	1045	1221	1671	1198	1005	998	1396	1552	1365	1160	915	414	295	251	300	259	202	195	258	197	199	221	370	331	366	347	490	469	544	551	776	507	427	384	407	303	276	458	461
	
Totals
	American Crow	1199	1160	934	1397	999	1064	2340	2188	2307	3851	3449	4405	2596	2025	1847	2539	2750	2382	2028	1563	716	490	454	591	471	441	486	578	444	425	488	882	699	844	855	1258	1207	1758	2664	3920	1834	1264	998	857	1026	740	1320	1136
	# checklists reporting species - (American Crow)	519	448	360	521	349	402	767	639	827	1019	1179	1634	1141	973	960	1348	1485	1324	1106	878	388	278	241	295	243	194	192	252	187	193	215	357	310	359	338	478	450	530	532	759	492	416	381	400	296	273	451	449
	
Average Count
	American Crow	2.3102119460500963	2.5892857142857144	2.5944444444444446	2.6813819577735125	2.8624641833810887	2.646766169154229	3.0508474576271185	3.424100156494523	2.7896009673518742	3.7791952894995093	2.925360474978796	2.6958384332925336	2.275197195442594	2.0811921891058582	1.9239583333333334	1.8835311572700297	1.8518518518518519	1.799093655589124	1.833634719710669	1.7801822323462415	1.8453608247422681	1.7625899280575539	1.883817427385892	2.0033898305084747	1.9382716049382716	2.2731958762886597	2.53125	2.2936507936507935	2.374331550802139	2.2020725388601035	2.269767441860465	2.4705882352941178	2.2548387096774194	2.350974930362117	2.529585798816568	2.6317991631799162	2.6822222222222223	3.3169811320754716	5.007518796992481	5.1646903820816865	3.727642276422764	3.0384615384615383	2.6194225721784776	2.1425	3.4662162162162162	2.7106227106227108	2.926829268292683	2.530066815144766
	# checklists reporting species - (American Crow)	519	448	360	521	349	402	767	639	827	1019	1179	1634	1141	973	960	1348	1485	1324	1106	878	388	278	241	295	243	194	192	252	187	193	215	357	310	359	338	478	450	530	532	759	492	416	381	400	296	273	451	449
	
