

	Week starting on...	1/1	1/8	1/15	1/22	2/1	2/8	2/15	2/22	3/1	3/8	3/15	3/22	4/1	4/8	4/15	4/22	5/1	5/8	5/15	5/22	6/1	6/8	6/15	6/22	7/1	7/8	7/15	7/22	8/1	8/8	8/15	8/22	9/1	9/8	9/15	9/22	10/1	10/8	10/15	10/22	11/1	11/8	11/15	11/22	12/1	12/8	12/15	12/22
Frequency (%)
	Common Yellowthroat	0.04698144233027954	0.0	0.0	0.02521432173474534	0.0	0.0	0.0	0.0	0.0	0.0	0.0	0.0	0.0	0.0	0.0	0.1138766878151944	4.353782919774699	13.500149835181299	27.09461611978337	14.010750823651813	5.490654205607477	3.0316742081447963	2.4772497472194135	2.2341745966073643	2.019619157530294	1.6066838046272494	2.1361815754339117	1.0309278350515463	1.0855683269476373	0.7389162561576355	1.6565433462175594	7.739161590827661	14.781906300484653	15.609555189456342	13.151465798045603	11.727574750830565	9.25293894577171	3.56330553449583	2.1480629075565782	1.2816861293078896	0.4356435643564357	0.3129890453834116	0.1301518438177874	0.21474588403722264	0.3707136237256719	0.0	0.19801980198019803	0.11309018942606729
	Total # checklists submitted - (Common Yellowthroat)	4257	3234	2821	3966	2724	3571	5263	2828	3191	3538	3975	5362	4172	3984	4245	6147	6569	6674	6278	5767	2568	2210	1978	2417	1733	1556	1498	2134	1566	1624	1811	2791	2476	2428	2456	3010	2637	2638	2607	3511	2525	2556	2305	2794	2158	2208	2525	3537
	
Abundance
	Common Yellowthroat	4.698144233027954E-4	0.0	0.0	2.521432173474534E-4	0.0	0.0	0.0	0.0	0.0	0.0	0.0	0.0	0.0	0.0	0.0	0.001301447860745079	0.05662962399147511	0.22235540905004494	0.6059254539662313	0.2569793653546038	0.08138629283489096	0.04072398190045249	0.036905965621840245	0.031857674803475386	0.030582804385458743	0.017994858611825194	0.027369826435246995	0.01358950328022493	0.016602809706257982	0.009236453201970444	0.02319160684704583	0.11895378000716589	0.3344103392568659	0.33772652388797364	0.2764657980456026	0.20764119601328904	0.14637846037163443	0.04094010614101592	0.023014959723820484	0.013671318712617488	0.004356435643564357	0.0035211267605633804	0.0013015184381778742	0.0021474588403722263	0.0037071362372567192	0.0	0.0019801980198019802	0.0011309018942606728
	Total # checklists submitted - (Common Yellowthroat)	4257	3234	2821	3966	2724	3571	5263	2828	3191	3538	3975	5362	4172	3984	4245	6147	6569	6674	6278	5767	2568	2210	1978	2417	1733	1556	1498	2134	1566	1624	1811	2791	2476	2428	2456	3010	2637	2638	2607	3511	2525	2556	2305	2794	2158	2208	2525	3537
	
Birds Per Party Hour
	Common Yellowthroat	0.7045454545454546	0.0	0.0	0.5455537370430987	0.0	0.0	0.0	0.0	0.0	0.0	0.0	0.0	0.0	0.0	0.0	0.7022608726631083	0.852742502192017	1.1582236797821859	1.219107518462334	1.1801723027697744	1.5059625842710371	2.604512593892192	2.4009555741088056	1.7087828969177954	1.3361991026299205	1.761330966888284	2.3428150896377526	1.6776007544031455	1.6543426713541938	3.162865497736604	1.0048590650545768	0.7712944835577112	1.1381926792377102	1.130962274053074	1.1400489746685645	0.9866122478626854	0.8562956239034353	0.5168144190290621	0.5753534068037095	0.7655321682239243	0.6753767358913738	0.40608726033400905	0.5133333333333333	0.41183100779027304	0.26999559082892416	0.0	0.2854521952752307	0.2216117216117216
	# checklists reporting species - (Common Yellowthroat)	2	0.0	0.0	1	0.0	0.0	0.0	0.0	0.0	0.0	0.0	0.0	0.0	0.0	0.0	6	311	978	1852	931	163	64	46	55	38	27	29	21	17	12	31	235	376	404	339	370	256	93	58	47	13	8	5	7	9	1	5	4
	
High Count
	Common Yellowthroat	1	0.0	0.0	1	0.0	0.0	0.0	0.0	0.0	0.0	0.0	0.0	0.0	0.0	0.0	3	4	20	22	15	6	3	9	7	6	10	5	2	6	2	4	8	14	16	21	10	11	3	3	2	1	2	2	1	1	1	1	1
	# checklists reporting species - (Common Yellowthroat)	2	0.0	0.0	1	0.0	0.0	0.0	0.0	0.0	0.0	0.0	0.0	0.0	0.0	0.0	8	321	1031	1951	1044	202	110	77	108	63	32	33	23	17	12	32	249	400	424	369	395	278	98	60	48	13	8	5	7	9	2	5	4
	
Totals
	Common Yellowthroat	2	0.0	0.0	1	0.0	0.0	0.0	0.0	0.0	0.0	0.0	0.0	0.0	0.0	0.0	8	409	1663	4209	1909	289	131	102	134	84	44	41	30	26	15	44	385	866	900	737	685	427	112	64	51	13	9	6	7	9	2	5	4
	# checklists reporting species - (Common Yellowthroat)	2	0.0	0.0	1	0.0	0.0	0.0	0.0	0.0	0.0	0.0	0.0	0.0	0.0	0.0	6	316	1007	1892	1005	190	104	74	107	63	32	29	23	17	12	32	248	390	416	360	390	273	96	60	48	13	8	5	7	9	2	5	4
	
Average Count
	Common Yellowthroat	1.0	0.0	0.0	1.0	0.0	0.0	0.0	0.0	0.0	0.0	0.0	0.0	0.0	0.0	0.0	1.3333333333333333	1.2943037974683544	1.6514399205561072	2.224630021141649	1.899502487562189	1.5210526315789474	1.2596153846153846	1.3783783783783783	1.2523364485981308	1.3333333333333333	1.375	1.4137931034482758	1.3043478260869565	1.5294117647058822	1.25	1.375	1.5524193548387097	2.2205128205128206	2.1634615384615383	2.047222222222222	1.7564102564102564	1.564102564102564	1.1666666666666667	1.0666666666666667	1.0625	1.0	1.125	1.2	1.0	1.0	1.0	1.0	1.0
	# checklists reporting species - (Common Yellowthroat)	2	0.0	0.0	1	0.0	0.0	0.0	0.0	0.0	0.0	0.0	0.0	0.0	0.0	0.0	6	316	1007	1892	1005	190	104	74	107	63	32	29	23	17	12	32	248	390	416	360	390	273	96	60	48	13	8	5	7	9	2	5	4
	
