

	Week starting on...	1/1	1/8	1/15	1/22	2/1	2/8	2/15	2/22	3/1	3/8	3/15	3/22	4/1	4/8	4/15	4/22	5/1	5/8	5/15	5/22	6/1	6/8	6/15	6/22	7/1	7/8	7/15	7/22	8/1	8/8	8/15	8/22	9/1	9/8	9/15	9/22	10/1	10/8	10/15	10/22	11/1	11/8	11/15	11/22	12/1	12/8	12/15	12/22
Frequency (%)
	Black-and-white Warbler	0.0	0.0	0.0	0.0	0.0	0.0	0.0	0.0	0.0	0.0	0.0	0.01864975755315181	0.0	0.0	0.04711425206124853	3.204815357084757	24.006698127568885	25.996403955648784	21.91780821917808	4.699150338130744	0.23364485981308408	0.13574660633484162	0.05055611729019212	0.0	0.0	0.0	0.13351134846461948	0.0	0.19157088122605362	1.5394088669950738	5.356156819436776	7.560014331780724	13.893376413570275	15.074135090609555	9.77198697068404	4.053156146179402	1.1376564277588168	0.37907505686125853	0.19179133103183738	0.02848191398461977	0.0	0.0	0.0	0.0	0.04633920296570899	0.04528985507246377	0.1188118811881188	0.0
	Total # checklists submitted - (Black-and-white Warbler)	4257	3234	2821	3966	2724	3571	5263	2828	3191	3538	3975	5362	4172	3984	4245	6147	6569	6674	6278	5767	2568	2210	1978	2417	1733	1556	1498	2134	1566	1624	1811	2791	2476	2428	2456	3010	2637	2638	2607	3511	2525	2556	2305	2794	2158	2208	2525	3537
	
Abundance
	Black-and-white Warbler	0.0	0.0	0.0	0.0	0.0	0.0	0.0	0.0	0.0	0.0	0.0	1.864975755315181E-4	0.0	0.0	4.711425206124853E-4	0.040995607613469986	0.45166692038362005	0.5083907701528319	0.38324307104173305	0.05722212588867696	0.0027258566978193145	0.0013574660633484162	5.055611729019212E-4	0.0	0.0	0.0	0.0013351134846461949	0.0	0.0019157088122605363	0.020320197044334975	0.09387078961899503	0.12396990326048012	0.2431340872374798	0.24505766062602966	0.14372964169381108	0.053156146179401995	0.012135001896094046	0.004548900682335102	0.0019179133103183737	2.848191398461977E-4	0.0	0.0	0.0	0.0	4.633920296570899E-4	4.528985507246377E-4	0.001188118811881188	0.0
	Total # checklists submitted - (Black-and-white Warbler)	4257	3234	2821	3966	2724	3571	5263	2828	3191	3538	3975	5362	4172	3984	4245	6147	6569	6674	6278	5767	2568	2210	1978	2417	1733	1556	1498	2134	1566	1624	1811	2791	2476	2428	2456	3010	2637	2638	2607	3511	2525	2556	2305	2794	2158	2208	2525	3537
	
Birds Per Party Hour
	Black-and-white Warbler	0.0	0.0	0.0	0.0	0.0	0.0	0.0	0.0	0.0	0.0	0.0	0.5405405405405406	0.0	0.0	0.3103929102627665	0.9548253324877168	1.3772992853243362	1.3437264228346422	1.2537049947125711	0.8429553085972972	0.9432926337041344	1.173097885328101	0.2857142857142857	0.0	0.0	0.0	0.5833333333333334	0.0	0.3596290234588107	1.0240573922904617	0.9194088601227276	0.9548403572771751	0.9187535226118649	0.9038357892159538	0.8555596984538618	0.6719240558434777	1.608630990355523	0.7987529767175555	0.9794168096054888	1.0706638115631693	0.0	0.0	0.0	0.0	0.5452562704471101	0.18181818181818182	0.2962762689685757	0.0
	# checklists reporting species - (Black-and-white Warbler)	0.0	0.0	0.0	0.0	0.0	0.0	0.0	0.0	0.0	0.0	0.0	1	0.0	0.0	2	211	1747	1907	1503	304	8	3	1	0.0	0.0	0.0	2	0.0	3	27	115	229	349	381	257	126	29	9	5	1	0.0	0.0	0.0	0.0	1	1	3	0.0
	
High Count
	Black-and-white Warbler	0.0	0.0	0.0	0.0	0.0	0.0	0.0	0.0	0.0	0.0	0.0	1	0.0	0.0	1	6	20	80	12	4	2	1	1	0.0	0.0	0.0	1	0.0	1	5	13	11	14	10	7	7	2	4	1	1	0.0	0.0	0.0	0.0	1	1	1	0.0
	# checklists reporting species - (Black-and-white Warbler)	0.0	0.0	0.0	0.0	0.0	0.0	0.0	0.0	0.0	0.0	0.0	1	0.0	0.0	2	223	1835	2015	1589	329	10	3	1	0.0	0.0	0.0	2	0.0	3	28	118	244	362	402	269	137	31	10	5	1	0.0	0.0	0.0	0.0	1	1	3	0.0
	
Totals
	Black-and-white Warbler	0.0	0.0	0.0	0.0	0.0	0.0	0.0	0.0	0.0	0.0	0.0	1	0.0	0.0	2	279	3340	3849	2729	394	10	3	1	0.0	0.0	0.0	2	0.0	3	36	196	401	622	633	395	177	33	12	5	1	0.0	0.0	0.0	0.0	1	1	3	0.0
	# checklists reporting species - (Black-and-white Warbler)	0.0	0.0	0.0	0.0	0.0	0.0	0.0	0.0	0.0	0.0	0.0	1	0.0	0.0	2	217	1793	1959	1534	315	9	3	1	0.0	0.0	0.0	2	0.0	3	27	117	240	354	390	264	134	31	9	5	1	0.0	0.0	0.0	0.0	1	1	3	0.0
	
Average Count
	Black-and-white Warbler	0.0	0.0	0.0	0.0	0.0	0.0	0.0	0.0	0.0	0.0	0.0	1.0	0.0	0.0	1.0	1.2857142857142858	1.8627997769102063	1.9647779479326186	1.7790091264667536	1.2507936507936508	1.1111111111111112	1.0	1.0	0.0	0.0	0.0	1.0	0.0	1.0	1.3333333333333333	1.6752136752136753	1.6708333333333334	1.7570621468926553	1.623076923076923	1.496212121212121	1.3208955223880596	1.064516129032258	1.3333333333333333	1.0	1.0	0.0	0.0	0.0	0.0	1.0	1.0	1.0	0.0
	# checklists reporting species - (Black-and-white Warbler)	0.0	0.0	0.0	0.0	0.0	0.0	0.0	0.0	0.0	0.0	0.0	1	0.0	0.0	2	217	1793	1959	1534	315	9	3	1	0.0	0.0	0.0	2	0.0	3	27	117	240	354	390	264	134	31	9	5	1	0.0	0.0	0.0	0.0	1	1	3	0.0
	
