

	Week starting on...	1/1	1/8	1/15	1/22	2/1	2/8	2/15	2/22	3/1	3/8	3/15	3/22	4/1	4/8	4/15	4/22	5/1	5/8	5/15	5/22	6/1	6/8	6/15	6/22	7/1	7/8	7/15	7/22	8/1	8/8	8/15	8/22	9/1	9/8	9/15	9/22	10/1	10/8	10/15	10/22	11/1	11/8	11/15	11/22	12/1	12/8	12/15	12/22
Frequency (%)
	American Kestrel	2.6309607704956544	3.1230674087816945	2.481389578163772	1.9415027735753907	3.15712187958884	1.8482217866143937	1.7480524415732472	2.0155586987270153	2.068317141961767	1.8937252685132844	2.1132075471698113	3.30100708690787	4.1466922339405565	3.413654618473896	4.051825677267374	2.9933300797136813	2.4509057695235197	1.4983518130056936	0.9397897419560369	0.9537020981446159	0.8566978193146416	0.8597285067873304	0.8594539939332658	0.5792304509722797	1.0963646855164455	0.7712082262210797	1.2016021361815754	1.1246485473289598	0.9578544061302682	1.7241379310344827	2.2087244616234125	3.045503403797922	4.92730210016155	9.225700164744646	10.627035830618894	9.501661129568106	5.915813424345847	5.648218347232752	8.32374376678174	3.1330105383081746	1.9405940594059405	2.190923317683881	1.6052060737527116	1.825340014316392	1.5291936978683967	2.5815217391304346	3.881188118811881	2.827254735651682
	Total # checklists submitted - (American Kestrel)	4257	3234	2821	3966	2724	3571	5263	2828	3191	3538	3975	5362	4172	3984	4245	6147	6569	6674	6278	5767	2568	2210	1978	2417	1733	1556	1498	2134	1566	1624	1811	2791	2476	2428	2456	3010	2637	2638	2607	3511	2525	2556	2305	2794	2158	2208	2525	3537
	
Abundance
	American Kestrel	0.02748414376321353	0.03432282003710575	0.030485643388869197	0.02193645990922844	0.037444933920704845	0.019322318678241388	0.019000570017100513	0.026874115983026876	0.022563459730492008	0.020915771622385528	0.02389937106918239	0.03729951510630362	0.04913710450623202	0.03890562248995984	0.04546525323910483	0.03269887750122011	0.025117978383315573	0.015732694036559785	0.010035043007327174	0.010230622507369516	0.008566978193146417	0.00904977375565611	0.011627906976744186	0.006619776582540339	0.013271783035199077	0.007069408740359897	0.01602136181575434	0.015463917525773196	0.010217113665389528	0.029556650246305417	0.03589177250138045	0.08348262271587245	0.16074313408723748	0.6565074135090609	0.7206840390879479	0.6634551495016612	0.3769434963974213	0.24336618650492797	0.29689298043728424	0.04386214753631444	0.02297029702970297	0.024256651017214397	0.018655097613882864	0.021474588403722263	0.016682113067655237	0.03215579710144927	0.04514851485148515	0.03194797851286401
	Total # checklists submitted - (American Kestrel)	4257	3234	2821	3966	2724	3571	5263	2828	3191	3538	3975	5362	4172	3984	4245	6147	6569	6674	6278	5767	2568	2210	1978	2417	1733	1556	1498	2134	1566	1624	1811	2791	2476	2428	2456	3010	2637	2638	2607	3511	2525	2556	2305	2794	2158	2208	2525	3537
	
Birds Per Party Hour
	American Kestrel	1.5685678453176493	2.127791412316927	2.6774205699004274	1.2445961828711491	1.0226184905680813	2.7347635964305503	1.846245254930923	1.3194583880663626	2.1328177624267255	1.0444623840187768	1.2510635719441268	1.6679868227504555	1.2959298776830306	1.0432664855308798	1.205400253635415	0.7622854376732533	0.6174656966676593	0.9294653275599304	1.6207688624703236	2.1198063294190144	5.325968067585553	2.7220751572846593	4.0861321283899255	4.606202029199536	6.9032812767258775	8.238004352436272	4.753644620882516	2.35043517747911	1.234134523972958	1.640329326618241	0.9084968724994577	2.399352902096392	1.660733110365251	2.624964148271904	3.1479217682100744	2.1908214505725083	2.3646151408718508	1.9263125325355572	1.3300654245287067	1.086741823541539	1.2922502867753345	0.5895983963722511	0.6254003776549869	0.762840013620432	1.4601935488506406	1.5138525949539186	0.8362660834352211	1.1668656354411355
	# checklists reporting species - (American Kestrel)	121	104	77	88	93	65	97	55	67	70	92	177	174	143	175	187	167	98	63	56	21	18	20	19	24	12	25	28	14	34	44	97	167	333	404	403	231	203	273	135	58	66	48	60	38	65	107	106
	
High Count
	American Kestrel	3	3	5	2	3	2	3	3	3	2	3	4	5	4	3	3	2	3	3	2	1	4	3	2	4	2	4	6	2	12	7	42	34	203	143	132	127	53	35	5	4	3	3	3	2	7	3	3
	# checklists reporting species - (American Kestrel)	148	130	92	103	110	79	114	70	81	86	101	204	192	161	197	210	192	112	72	67	27	24	24	25	28	23	28	31	15	35	46	107	176	355	429	418	246	223	281	148	63	75	55	71	50	79	122	122
	
Totals
	American Kestrel	154	138	109	114	123	82	128	90	86	95	116	225	224	183	219	230	198	115	76	71	26	28	30	28	32	22	38	40	16	59	72	267	521	2066	2632	2481	1316	822	879	200	73	80	60	81	52	91	138	135
	# checklists reporting species - (American Kestrel)	140	122	89	100	106	76	110	66	75	84	100	197	187	158	195	205	186	107	68	61	26	23	24	24	26	19	26	31	14	35	46	105	172	349	422	415	244	217	279	143	63	72	52	70	48	76	118	118
	
Average Count
	American Kestrel	1.1	1.1311475409836065	1.2247191011235956	1.14	1.1603773584905661	1.0789473684210527	1.1636363636363636	1.3636363636363635	1.1466666666666667	1.130952380952381	1.16	1.1421319796954315	1.1978609625668448	1.1582278481012658	1.123076923076923	1.1219512195121952	1.064516129032258	1.074766355140187	1.1176470588235294	1.1639344262295082	1.0	1.2173913043478262	1.25	1.1666666666666667	1.2307692307692308	1.1578947368421053	1.4615384615384615	1.2903225806451613	1.1428571428571428	1.6857142857142857	1.565217391304348	2.5428571428571427	3.0290697674418605	5.919770773638969	6.23696682464455	5.978313253012049	5.39344262295082	3.7880184331797233	3.150537634408602	1.3986013986013985	1.1587301587301588	1.1111111111111112	1.1538461538461537	1.1571428571428573	1.0833333333333333	1.1973684210526316	1.1694915254237288	1.1440677966101696
	# checklists reporting species - (American Kestrel)	140	122	89	100	106	76	110	66	75	84	100	197	187	158	195	205	186	107	68	61	26	23	24	24	26	19	26	31	14	35	46	105	172	349	422	415	244	217	279	143	63	72	52	70	48	76	118	118
	
