

	Week starting on...	1/1	1/8	1/15	1/22	2/1	2/8	2/15	2/22	3/1	3/8	3/15	3/22	4/1	4/8	4/15	4/22	5/1	5/8	5/15	5/22	6/1	6/8	6/15	6/22	7/1	7/8	7/15	7/22	8/1	8/8	8/15	8/22	9/1	9/8	9/15	9/22	10/1	10/8	10/15	10/22	11/1	11/8	11/15	11/22	12/1	12/8	12/15	12/22
Frequency (%)
	Black Scoter	0.11745360582569886	0.06184291898577613	0.03544842254519674	0.02521432173474534	0.0	0.05600672080649678	0.24700741022230668	0.14144271570014144	0.031338138514572234	0.1695873374788016	0.1761006289308176	0.37299515106303616	0.21572387344199426	0.0251004016064257	0.0706713780918728	0.1301447860745079	0.015223017202009437	0.08990110878034162	0.03185727938834024	0.10404022888850356	0.0	0.0	0.0	0.0	0.0	0.0	0.0	0.0	0.0	0.0	0.0	0.0	0.0	0.0	0.0	0.0	0.18960940462646947	0.37907505686125853	1.726121979286536	3.7596126459698094	3.4851485148514856	1.7605633802816902	1.2147505422993492	1.2526843235504654	0.3243744207599629	0.5434782608695652	0.2376237623762376	0.45236075770426915
	Total # checklists submitted - (Black Scoter)	4257	3234	2821	3966	2724	3571	5263	2828	3191	3538	3975	5362	4172	3984	4245	6147	6569	6674	6278	5767	2568	2210	1978	2417	1733	1556	1498	2134	1566	1624	1811	2791	2476	2428	2456	3010	2637	2638	2607	3511	2525	2556	2305	2794	2158	2208	2525	3537
	
Abundance
	Black Scoter	9.396288466055908E-4	6.184291898577613E-4	3.544842254519674E-4	2.521432173474534E-4	0.0	0.0014001680201624195	0.002470074102223067	0.0010608203677510608	3.1338138514572234E-4	0.00395703787450537	0.001761006289308176	0.00484893696381947	0.0026366251198465963	5.02008032128514E-4	0.002355712603062426	0.0021148527737107534	1.5223017202009437E-4	0.001198681450404555	0.0012742911755336094	0.0026010057222125888	0.0	0.0	0.0	0.0	0.0	0.0	0.0	0.0	0.0	0.0	0.0	0.0	0.0	0.0	0.0	0.0	0.004171406901782328	0.008339651250947688	0.039892596854622174	0.15237823981771575	0.1299009900990099	0.03951486697965571	0.029067245119305855	0.01896921975662133	0.004633920296570899	0.010416666666666666	0.002376237623762376	0.004523607577042691
	Total # checklists submitted - (Black Scoter)	4257	3234	2821	3966	2724	3571	5263	2828	3191	3538	3975	5362	4172	3984	4245	6147	6569	6674	6278	5767	2568	2210	1978	2417	1733	1556	1498	2134	1566	1624	1811	2791	2476	2428	2456	3010	2637	2638	2607	3511	2525	2556	2305	2794	2158	2208	2525	3537
	
Birds Per Party Hour
	Black Scoter	0.545251784298176	3.110979663117571	0.26666666666666666	0.2222222222222222	0.0	0.4523560209424084	0.9636723755750494	1.3523809523809525	1.2004801920768307	6.135646019239105	9.495973816957177	0.7239599576172422	0.426978353848311	0.6666666666666666	35.089759535655055	0.7441865028052198	0.2	0.8029568140754124	6.572131017527163	0.754572717484718	0.0	0.0	0.0	0.0	0.0	0.0	0.0	0.0	0.0	0.0	0.0	0.0	0.0	0.3749531308586427	0.0	3.6666666666666665	0.7651258760310937	1.1075043743346356	0.6697135465950608	1.0963287659979117	1.5282939472912411	1.2693762353164508	1.0546988701087732	0.5597404549623975	0.6656359559665913	1.0685086258523646	0.21474958340420955	0.7199354884365194
	# checklists reporting species - (Black Scoter)	4	3	1	1	0.0	2	14	3	1	6	7	19	9	1	3	9	1	7	2	7	0.0	0.0	0.0	0.0	0.0	0.0	0.0	0.0	0.0	0.0	0.0	0.0	0.0	1	0.0	1	5	9	49	139	92	49	28	38	8	12	6	16
	
High Count
	Black Scoter	1	9	1	1	0.0	4	1	1	1	4	1	2	2	2	7	3	1	3	6	6	0.0	0.0	0.0	0.0	0.0	0.0	0.0	0.0	0.0	0.0	0.0	0.0	0.0	1	0.0	11	3	10	10	32	22	10	7	3	2	4	1	1
	# checklists reporting species - (Black Scoter)	5	4	1	1	0.0	2	14	4	1	6	7	20	9	1	4	12	1	7	2	7	0.0	0.0	0.0	0.0	0.0	0.0	0.0	0.0	0.0	0.0	0.0	0.0	0.0	1	0.0	1	5	11	51	148	100	51	29	41	9	15	7	16
	
Totals
	Black Scoter	4	12	1	1	0.0	5	14	3	1	14	7	26	11	2	11	19	1	9	8	17	0.0	0.0	0.0	0.0	0.0	0.0	0.0	0.0	0.0	0.0	0.0	0.0	0.0	1	0.0	11	11	32	119	581	370	116	68	60	13	26	7	16
	# checklists reporting species - (Black Scoter)	4	4	1	1	0.0	2	14	3	1	6	7	20	9	1	4	12	1	7	2	7	0.0	0.0	0.0	0.0	0.0	0.0	0.0	0.0	0.0	0.0	0.0	0.0	0.0	1	0.0	1	5	10	51	145	99	51	29	41	9	15	7	16
	
Average Count
	Black Scoter	1.0	3.0	1.0	1.0	0.0	2.5	1.0	1.0	1.0	2.3333333333333335	1.0	1.3	1.2222222222222223	2.0	2.75	1.5833333333333333	1.0	1.2857142857142858	4.0	2.4285714285714284	0.0	0.0	0.0	0.0	0.0	0.0	0.0	0.0	0.0	0.0	0.0	0.0	0.0	1.0	0.0	11.0	2.2	3.2	2.3333333333333335	4.006896551724138	3.7373737373737375	2.2745098039215685	2.3448275862068964	1.4634146341463414	1.4444444444444444	1.7333333333333334	1.0	1.0
	# checklists reporting species - (Black Scoter)	4	4	1	1	0.0	2	14	3	1	6	7	20	9	1	4	12	1	7	2	7	0.0	0.0	0.0	0.0	0.0	0.0	0.0	0.0	0.0	0.0	0.0	0.0	0.0	1	0.0	1	5	10	51	145	99	51	29	41	9	15	7	16
	
