

	Week starting on...	1/1	1/8	1/15	1/22	2/1	2/8	2/15	2/22	3/1	3/8	3/15	3/22	4/1	4/8	4/15	4/22	5/1	5/8	5/15	5/22	6/1	6/8	6/15	6/22	7/1	7/8	7/15	7/22	8/1	8/8	8/15	8/22	9/1	9/8	9/15	9/22	10/1	10/8	10/15	10/22	11/1	11/8	11/15	11/22	12/1	12/8	12/15	12/22
Frequency (%)
	Least Bittern	0.0	0.0	0.0	0.0	0.0	0.0	0.0	0.0	0.0	0.0	0.0	0.0	0.0	0.0	0.0	0.03253619651862698	0.030446034404018874	0.10488462691039856	0.684931506849315	1.9767643488815676	0.1557632398753894	0.3167420814479638	0.2527805864509606	0.2068680182043856	0.2308136180034622	0.06426735218508997	0.06675567423230974	0.046860356138706656	0.4469987228607918	0.9236453201970444	0.7730535615681944	0.17914725904693657	0.6462035541195477	1.3591433278418452	0.8957654723127036	0.29900332225913623	0.037921880925293895	0.0	0.3068661296509398	0.11392765593847907	0.0	0.0	0.0	0.0	0.0	0.0	0.0	0.0
	Total # checklists submitted - (Least Bittern)	4257	3234	2821	3966	2724	3571	5263	2828	3191	3538	3975	5362	4172	3984	4245	6147	6569	6674	6278	5767	2568	2210	1978	2417	1733	1556	1498	2134	1566	1624	1811	2791	2476	2428	2456	3010	2637	2638	2607	3511	2525	2556	2305	2794	2158	2208	2525	3537
	
Abundance
	Least Bittern	0.0	0.0	0.0	0.0	0.0	0.0	0.0	0.0	0.0	0.0	0.0	0.0	0.0	0.0	0.0	3.2536196518626975E-4	3.0446034404018875E-4	0.0010488462691039856	0.007008601465434852	0.019767643488815677	0.001557632398753894	0.004072398190045249	0.003538928210313448	0.002068680182043856	0.002308136180034622	6.426735218508997E-4	6.675567423230974E-4	4.6860356138706655E-4	0.005108556832694764	0.009852216748768473	0.00883489784649365	0.0017914725904693658	0.006865912762520194	0.013591433278418451	0.008957654723127036	0.002990033222591362	3.792188092529389E-4	0.0	0.0030686612965093976	0.0011392765593847907	0.0	0.0	0.0	0.0	0.0	0.0	0.0	0.0
	Total # checklists submitted - (Least Bittern)	4257	3234	2821	3966	2724	3571	5263	2828	3191	3538	3975	5362	4172	3984	4245	6147	6569	6674	6278	5767	2568	2210	1978	2417	1733	1556	1498	2134	1566	1624	1811	2791	2476	2428	2456	3010	2637	2638	2607	3511	2525	2556	2305	2794	2158	2208	2525	3537
	
Birds Per Party Hour
	Least Bittern	0.0	0.0	0.0	0.0	0.0	0.0	0.0	0.0	0.0	0.0	0.0	0.0	0.0	0.0	0.0	0.5714285714285714	1.125	0.5980461479606127	0.5661266813040862	0.8836538845430004	0.6633919323271198	0.4700224527254799	0.7006687132624164	2.038076648388229	0.5440976211753692	0.9372071227741331	12.048192771084338	0.2	0.32907332941968565	0.4426888603699188	0.4132931525295023	0.3031091286006096	0.33468732525241934	0.7689071521404307	0.9037992026825369	0.2514012658518969	0.38211692777990064	0.0	0.4804710029423313	1.0491150351986256	0.0	0.0	0.0	0.0	0.0	0.0	0.0	0.0
	# checklists reporting species - (Least Bittern)	0.0	0.0	0.0	0.0	0.0	0.0	0.0	0.0	0.0	0.0	0.0	0.0	0.0	0.0	0.0	2	2	7	51	139	7	7	6	5	4	1	1	1	7	17	15	7	17	42	25	9	1	0	11	4	0.0	0.0	0.0	0.0	0.0	0.0	0.0	0.0
	
High Count
	Least Bittern	0.0	0.0	0.0	0.0	0.0	0.0	0.0	0.0	0.0	0.0	0.0	0.0	0.0	0.0	0.0	1	1	1	2	1	1	2	2	1	1	1	1	1	2	2	2	2	2	1	1	1	1	1	1	1	0.0	0.0	0.0	0.0	0.0	0.0	0.0	0.0
	# checklists reporting species - (Least Bittern)	0.0	0.0	0.0	0.0	0.0	0.0	0.0	0.0	0.0	0.0	0.0	0.0	0.0	0.0	0.0	2	4	9	53	143	7	9	6	5	5	3	2	2	8	17	16	9	19	52	31	11	1	1	11	4	0.0	0.0	0.0	0.0	0.0	0.0	0.0	0.0
	
Totals
	Least Bittern	0.0	0.0	0.0	0.0	0.0	0.0	0.0	0.0	0.0	0.0	0.0	0.0	0.0	0.0	0.0	2	4	9	54	142	7	12	9	5	5	3	2	2	9	18	18	11	20	50	30	11	1	1	11	4	0.0	0.0	0.0	0.0	0.0	0.0	0.0	0.0
	# checklists reporting species - (Least Bittern)	0.0	0.0	0.0	0.0	0.0	0.0	0.0	0.0	0.0	0.0	0.0	0.0	0.0	0.0	0.0	2	4	9	53	142	7	9	6	5	5	3	2	2	8	17	16	9	19	50	30	11	1	1	11	4	0.0	0.0	0.0	0.0	0.0	0.0	0.0	0.0
	
Average Count
	Least Bittern	0.0	0.0	0.0	0.0	0.0	0.0	0.0	0.0	0.0	0.0	0.0	0.0	0.0	0.0	0.0	1.0	1.0	1.0	1.0188679245283019	1.0	1.0	1.3333333333333333	1.5	1.0	1.0	1.0	1.0	1.0	1.125	1.0588235294117647	1.125	1.2222222222222223	1.0526315789473684	1.0	1.0	1.0	1.0	1.0	1.0	1.0	0.0	0.0	0.0	0.0	0.0	0.0	0.0	0.0
	# checklists reporting species - (Least Bittern)	0.0	0.0	0.0	0.0	0.0	0.0	0.0	0.0	0.0	0.0	0.0	0.0	0.0	0.0	0.0	2	4	9	53	142	7	9	6	5	5	3	2	2	8	17	16	9	19	50	30	11	1	1	11	4	0.0	0.0	0.0	0.0	0.0	0.0	0.0	0.0
	
