

	Week starting on...	1/1	1/8	1/15	1/22	2/1	2/8	2/15	2/22	3/1	3/8	3/15	3/22	4/1	4/8	4/15	4/22	5/1	5/8	5/15	5/22	6/1	6/8	6/15	6/22	7/1	7/8	7/15	7/22	8/1	8/8	8/15	8/22	9/1	9/8	9/15	9/22	10/1	10/8	10/15	10/22	11/1	11/8	11/15	11/22	12/1	12/8	12/15	12/22
Frequency (%)
	American Robin	22.692036645525018	23.222016079158937	24.672102091456928	25.34039334341906	21.879588839941263	17.614113693643237	17.86053581607448	27.934936350777935	30.55468505170793	48.275862068965516	62.062893081761004	74.03953748601269	77.73250239693192	80.42168674698796	78.68080094228505	79.8438262567106	79.29669660526716	77.79442613125562	78.05033450143358	78.48101265822784	78.34890965732087	78.91402714932127	76.49140546006066	73.89325610260654	74.09117137911136	73.97172236503856	70.76101468624833	70.29053420805998	68.00766283524904	58.743842364532014	58.25510767531751	49.982085274095304	44.87075928917609	38.138385502471166	36.88925081433225	37.60797342192691	40.803943875616234	42.2289613343442	44.61066359800537	45.42865280546853	43.48514851485149	35.68075117370892	37.39696312364425	29.70651395848246	29.332715477293792	28.57789855072464	35.366336633663366	25.86938083121289
	Total # checklists submitted - (American Robin)	4257	3234	2821	3966	2724	3571	5263	2828	3191	3538	3975	5362	4172	3984	4245	6147	6569	6674	6278	5767	2568	2210	1978	2417	1733	1556	1498	2134	1566	1624	1811	2791	2476	2428	2456	3010	2637	2638	2607	3511	2525	2556	2305	2794	2158	2208	2525	3537
	
Abundance
	American Robin	2.153394409208363	1.6110080395794681	1.6575682382133996	1.8335854765506807	1.1545521292217327	0.9406328759451135	0.9479384381531446	1.515912305516266	1.374490755249138	2.535048049745619	4.309937106918239	6.930249906751213	7.9201821668264625	8.543172690763052	8.293286219081272	7.7574426549536355	6.685796924950525	6.280791129757267	6.014017202930869	6.1265822784810124	5.75506230529595	5.6877828054298645	5.704246713852376	4.534960695076541	4.459896133871898	4.669665809768637	4.251001335113485	4.2328959700093725	4.052362707535122	3.0314039408866993	2.628934290447267	2.379075600143318	2.221324717285945	1.5831960461285008	1.4865635179153094	1.7322259136212625	2.224876753886993	2.9010614101592114	4.336018411967779	6.110509826260325	6.384950495049505	2.901799687010955	2.7462039045553146	2.1904080171796707	2.4253938832252087	2.4356884057971016	4.773465346534653	2.0887757986994626
	Total # checklists submitted - (American Robin)	4257	3234	2821	3966	2724	3571	5263	2828	3191	3538	3975	5362	4172	3984	4245	6147	6569	6674	6278	5767	2568	2210	1978	2417	1733	1556	1498	2134	1566	1624	1811	2791	2476	2428	2456	3010	2637	2638	2607	3511	2525	2556	2305	2794	2158	2208	2525	3537
	
Birds Per Party Hour
	American Robin	13.726874291289086	9.878567096483959	16.912345351850526	10.93116075789962	8.156389263120314	17.834436221914856	8.791203109996761	10.985442196175942	7.029910607063213	6.369453643660856	7.482694584964448	11.375270226767059	12.576103166259324	11.858851044669562	11.883643410245	10.42436915557514	8.47604803312206	7.868587424930538	7.099518402199743	7.535296645463194	10.516154607278121	12.103449673116566	12.53266029307295	12.7504816953944	9.960301519127489	9.01736058215853	6.621401333685588	7.405798633671419	6.201316992441924	6.023375972028984	4.669072198075506	5.067127603007922	4.473324963084186	3.983112510338474	4.783876167001282	4.758910793398374	5.543086130710689	6.460696897002758	10.782970813479762	10.509274956380755	10.970084500416984	7.72824308468319	9.362470724108672	11.175593677898249	11.144002869222774	9.869437331302018	9.408391707457401	10.186479305103989
	# checklists reporting species - (American Robin)	965	773	718	1033	635	654	970	823	1012	1728	2395	3844	3062	3041	3146	4590	4814	4862	4535	4267	1974	1667	1457	1746	1256	1132	1027	1453	1032	968	1043	1378	1073	932	898	1129	1069	1123	1170	1619	1098	925	873	847	654	655	925	919
	
High Count
	American Robin	175	75	107	150	143	200	120	87	50	150	150	235	200	113	404	500	100	150	200	200	150	116	106	100	76	95	69	100	75	57	51	130	150	67	60	100	100	239	400	686	1000	200	100	101	260	100	220	152
	# checklists reporting species - (American Robin)	1054	822	756	1107	665	691	1025	877	1080	1839	2660	4256	3491	3465	3617	5265	5606	5568	5257	4906	2241	1880	1650	1937	1427	1258	1170	1650	1176	1058	1152	1495	1178	993	954	1218	1176	1223	1262	1745	1180	983	926	891	694	687	984	982
	
Totals
	American Robin	9516	5703	4946	8068	3564	3749	5458	4765	4721	9388	17682	38203	34107	35167	36256	48976	45236	43599	38952	36607	15497	13020	11655	11355	8001	7649	6647	9418	6625	5232	4942	6934	5620	4126	3780	5591	6145	8042	12110	22578	16667	7725	6638	6519	5600	5896	13615	7743
	# checklists reporting species - (American Robin)	1004	798	735	1071	654	682	1003	852	1040	1774	2471	3967	3157	3158	3263	4717	4960	4961	4636	4366	2032	1714	1508	1802	1303	1159	1077	1508	1055	993	1075	1424	1098	954	918	1172	1111	1163	1205	1673	1126	949	900	867	678	670	967	942
	
Average Count
	American Robin	9.47808764940239	7.146616541353383	6.729251700680272	7.533146591970121	5.4495412844036695	5.497067448680352	5.4416749750747755	5.592723004694836	4.539423076923077	5.291995490417136	7.1558073654390935	9.630199142929166	10.803611023123219	11.135845471817605	11.111247318418632	10.382870468518126	9.120161290322581	8.788349123160653	8.402070750647109	8.384562528630326	7.626476377952756	7.596266044340723	7.728779840848806	6.301331853496116	6.140445126630852	6.599654874892148	6.1717734447539465	6.245358090185676	6.279620853080568	5.268882175226586	4.597209302325582	4.86938202247191	5.118397085610201	4.3249475890985325	4.117647058823529	4.770477815699659	5.531053105310531	6.914875322441961	10.049792531120332	13.495517035265989	14.801953818827709	8.140147523709167	7.375555555555556	7.5190311418685125	8.259587020648967	8.8	14.079627714581179	8.219745222929935
	# checklists reporting species - (American Robin)	1004	798	735	1071	654	682	1003	852	1040	1774	2471	3967	3157	3158	3263	4717	4960	4961	4636	4366	2032	1714	1508	1802	1303	1159	1077	1508	1055	993	1075	1424	1098	954	918	1172	1111	1163	1205	1673	1126	949	900	867	678	670	967	942
	
