

	Week starting on...	1/1	1/8	1/15	1/22	2/1	2/8	2/15	2/22	3/1	3/8	3/15	3/22	4/1	4/8	4/15	4/22	5/1	5/8	5/15	5/22	6/1	6/8	6/15	6/22	7/1	7/8	7/15	7/22	8/1	8/8	8/15	8/22	9/1	9/8	9/15	9/22	10/1	10/8	10/15	10/22	11/1	11/8	11/15	11/22	12/1	12/8	12/15	12/22
Frequency (%)
	Evening Grosbeak	0.5402865867982147	0.3401360544217687	0.10634526763559021	0.07564296520423601	0.22026431718061676	0.22402688322598713	0.11400342010260307	0.49504950495049505	0.15669069257286117	0.22611644997173544	0.10062893081761005	0.11189854531891084	0.16778523489932887	0.0	0.0	0.08134049129656742	0.06089206880803775	0.0749175906502847	0.2867155144950621	0.0	0.0	0.0	0.0	0.0	0.0	0.06426735218508997	0.0	0.0	0.0	0.0	0.0	0.0	0.0	0.0	0.0	0.0	0.0	0.0758150113722517	0.8822401227464518	2.079179720877243	1.9405940594059405	0.9780907668231612	0.4772234273318872	0.14316392269148173	0.18535681186283595	0.04528985507246377	0.712871287128713	0.7068136839129205
	Total # checklists submitted - (Evening Grosbeak)	4257	3234	2821	3966	2724	3571	5263	2828	3191	3538	3975	5362	4172	3984	4245	6147	6569	6674	6278	5767	2568	2210	1978	2417	1733	1556	1498	2134	1566	1624	1811	2791	2476	2428	2456	3010	2637	2638	2607	3511	2525	2556	2305	2794	2158	2208	2525	3537
	
Abundance
	Evening Grosbeak	0.023255813953488372	0.012987012987012988	0.002835873803615739	0.0045385779122541605	0.007709251101321586	0.009521142537104453	0.004180125403762113	0.02157001414427157	0.007207771858351614	0.0045223289994347085	0.006289308176100629	0.005221932114882507	0.003595397890699904	0.0	0.0	0.0021148527737107534	7.611508601004719E-4	8.990110878034162E-4	0.002867155144950621	0.0	0.0	0.0	0.0	0.0	0.0	0.0012853470437017994	0.0	0.0	0.0	0.0	0.0	0.0	0.0	0.0	0.0	0.0	0.0	7.58150113722517E-4	0.18603759110088225	0.6379948732554828	0.12118811881188118	0.04107981220657277	0.01735357917570499	0.0046528274874731565	0.004633920296570899	0.001358695652173913	0.033663366336633666	0.034209782301385355
	Total # checklists submitted - (Evening Grosbeak)	4257	3234	2821	3966	2724	3571	5263	2828	3191	3538	3975	5362	4172	3984	4245	6147	6569	6674	6278	5767	2568	2210	1978	2417	1733	1556	1498	2134	1566	1624	1811	2791	2476	2428	2456	3010	2637	2638	2607	3511	2525	2556	2305	2794	2158	2208	2525	3537
	
Birds Per Party Hour
	Evening Grosbeak	7.3780905061910405	4.5293392714134475	2.032740578542062	7.607142857142857	4.427127566239691	4.2734981893113115	3.9292013790741804	7.948192487674727	5.4948366510044	3.3958333333333335	23.845045105321216	9.104310406197198	3.187743937806869	0.0	0.0	20.485334932284104	0.7874803863645957	2.2646160162315674	1.9453754436726864	0.0	0.0	0.0	0.0	0.0	0.0	2.0	0.0	0.0	0.0	0.0	0.0	0.0	0.0	0.0	0.0	0.0	0.0	0.24961943387850336	9.293011599033608	38.08751380189184	6.742829022878495	2.818345244250213	11.307805319182597	1.262857142857143	1.3584705278103746	3.0	5.717662962212501	9.006340870219136
	# checklists reporting species - (Evening Grosbeak)	25	11	4	4	6	8	6	14	6	8	6	6	7	0.0	0.0	5	4	7	18	0.0	0.0	0.0	0.0	0.0	0.0	1	0.0	0.0	0.0	0.0	0.0	0.0	0.0	0.0	0.0	0.0	0.0	3	28	85	50	29	13	5	4	1	21	24
	
High Count
	Evening Grosbeak	6	6	6	6	5	6	7	6	7	5	7	6	5	0.0	0.0	4	2	2	1	0.0	0.0	0.0	0.0	0.0	0.0	2	0.0	0.0	0.0	0.0	0.0	0.0	0.0	0.0	0.0	0.0	0.0	1	95	415	36	25	16	8	6	3	10	8
	# checklists reporting species - (Evening Grosbeak)	25	11	4	4	7	8	6	14	6	8	6	6	7	0.0	0.0	5	4	7	18	0.0	0.0	0.0	0.0	0.0	0.0	1	0.0	0.0	0.0	0.0	0.0	0.0	0.0	0.0	0.0	0.0	0.0	3	29	88	53	29	13	5	4	1	22	25
	
Totals
	Evening Grosbeak	102	42	13	23	22	34	22	61	28	16	30	28	15	0.0	0.0	13	5	10	18	0.0	0.0	0.0	0.0	0.0	0.0	2	0.0	0.0	0.0	0.0	0.0	0.0	0.0	0.0	0.0	0.0	0.0	3	653	2589	330	128	45	18	10	3	103	121
	# checklists reporting species - (Evening Grosbeak)	25	11	4	4	7	8	6	14	6	8	6	6	7	0.0	0.0	5	4	7	18	0.0	0.0	0.0	0.0	0.0	0.0	1	0.0	0.0	0.0	0.0	0.0	0.0	0.0	0.0	0.0	0.0	0.0	3	29	87	51	29	13	5	4	1	22	24
	
Average Count
	Evening Grosbeak	4.08	3.8181818181818183	3.25	5.75	3.142857142857143	4.25	3.6666666666666665	4.357142857142857	4.666666666666667	2.0	5.0	4.666666666666667	2.142857142857143	0.0	0.0	2.6	1.25	1.4285714285714286	1.0	0.0	0.0	0.0	0.0	0.0	0.0	2.0	0.0	0.0	0.0	0.0	0.0	0.0	0.0	0.0	0.0	0.0	0.0	1.0	22.517241379310345	29.75862068965517	6.470588235294118	4.413793103448276	3.4615384615384617	3.6	2.5	3.0	4.681818181818182	5.041666666666667
	# checklists reporting species - (Evening Grosbeak)	25	11	4	4	7	8	6	14	6	8	6	6	7	0.0	0.0	5	4	7	18	0.0	0.0	0.0	0.0	0.0	0.0	1	0.0	0.0	0.0	0.0	0.0	0.0	0.0	0.0	0.0	0.0	0.0	3	29	87	51	29	13	5	4	1	22	24
	
