

	Week starting on...	1/1	1/8	1/15	1/22	2/1	2/8	2/15	2/22	3/1	3/8	3/15	3/22	4/1	4/8	4/15	4/22	5/1	5/8	5/15	5/22	6/1	6/8	6/15	6/22	7/1	7/8	7/15	7/22	8/1	8/8	8/15	8/22	9/1	9/8	9/15	9/22	10/1	10/8	10/15	10/22	11/1	11/8	11/15	11/22	12/1	12/8	12/15	12/22
Frequency (%)
	White-throated Sparrow	11.674888419074465	10.111317254174397	9.46472881956753	9.959657085224407	9.06754772393539	6.636796415569868	5.92817784533536	7.284299858557285	7.207771858351614	6.500847936687395	6.238993710691823	7.236105930622902	6.351869606903164	11.947791164658634	24.47585394581861	49.780380673499266	61.98812604658244	47.40785136350015	29.45205479452055	3.1732269810993587	0.27258566978193144	0.09049773755656108	0.05055611729019212	0.2068680182043856	0.1154068090017311	0.12853470437017994	0.13351134846461948	0.046860356138706656	0.06385696040868455	0.0	0.11043622308117064	0.6449301325689717	2.827140549273021	8.813838550247118	26.791530944625407	40.69767441860465	54.721274175199085	54.5489006823351	50.4794783275796	45.05838792366847	30.376237623762375	22.14397496087637	19.609544468546638	16.714387974230494	14.457831325301203	14.175724637681158	17.504950495049503	11.789652247667515
	Total # checklists submitted - (White-throated Sparrow)	4257	3234	2821	3966	2724	3571	5263	2828	3191	3538	3975	5362	4172	3984	4245	6147	6569	6674	6278	5767	2568	2210	1978	2417	1733	1556	1498	2134	1566	1624	1811	2791	2476	2428	2456	3010	2637	2638	2607	3511	2525	2556	2305	2794	2158	2208	2525	3537
	
Abundance
	White-throated Sparrow	0.28353300446323704	0.21304885590599876	0.18823112371499467	0.20448814926878467	0.1802496328928047	0.12993559227107254	0.1185635569067072	0.1492220650636492	0.14102162331557505	0.11955907292255512	0.1220125786163522	0.11991794106676613	0.10786193672099713	0.21561244979919678	1.2273262661955242	5.0	10.603592632059675	4.037009289781241	1.6637464160560689	0.0547945205479452	0.003894080996884735	9.049773755656109E-4	5.055611729019212E-4	0.002068680182043856	0.001154068090017311	0.0012853470437017994	0.0013351134846461949	4.6860356138706655E-4	6.385696040868455E-4	0.0	0.0011043622308117063	0.006091006807595844	0.05331179321486268	0.26112026359143325	2.3534201954397393	4.491362126245847	7.34963974213121	5.716451857467779	4.225546605293441	2.6285958416405584	1.2348514851485148	0.6971830985915493	0.4863340563991323	0.40837508947745166	0.34244670991658943	0.4257246376811594	0.5421782178217822	0.2883799830364716
	Total # checklists submitted - (White-throated Sparrow)	4257	3234	2821	3966	2724	3571	5263	2828	3191	3538	3975	5362	4172	3984	4245	6147	6569	6674	6278	5767	2568	2210	1978	2417	1733	1556	1498	2134	1566	1624	1811	2791	2476	2428	2456	3010	2637	2638	2607	3511	2525	2556	2305	2794	2158	2208	2525	3537
	
Birds Per Party Hour
	White-throated Sparrow	4.63619167318919	3.9095231590833146	4.405971835700651	3.6931042211331135	3.362703798577254	4.31345513047104	4.528512551884601	6.670374774297296	4.260552125498715	3.2884665989859783	3.551372388381908	2.4703644567071104	2.28221514002035	2.0872621636830107	4.500735157137411	7.962020160137802	11.148384296467434	5.882675146408703	3.2175822543765937	0.7936790317984821	7.325666571942587	0.7574023890897374	0.7501875468867217	3.431618760644375	0.54033471645261	3.5392682464950145	0.6621796951021732	3.003003003003003	5.9880239520958085	0.0	0.17391304347826086	0.6138764385831669	0.9414043053399981	1.8793982700368657	5.7833750628279885	9.85686688886642	9.80366988733194	8.005626797703343	8.293470649647476	4.968572220485453	4.44975911179556	2.9305151062561112	3.636476275781605	3.92374397765085	3.660171082876229	5.355198096750008	2.6434243858158983	3.4030032068936107
	# checklists reporting species - (White-throated Sparrow)	512	335	269	411	258	240	323	221	235	235	253	390	267	490	1033	3082	4020	3176	1835	180	7	2	1	5	2	2	2	1	1	0.0	1	16	70	225	703	1241	1446	1451	1324	1583	778	573	462	470	330	321	453	424
	
High Count
	White-throated Sparrow	14	11	15	14	15	15	11	8	7	6	9	7	10	18	200	457	1200	1425	250	15	3	1	1	1	1	1	1	1	1	0.0	1	2	7	25	165	400	500	320	298	122	42	42	19	17	15	21	30	15
	# checklists reporting species - (White-throated Sparrow)	527	348	280	427	265	249	334	224	242	242	263	404	286	517	1155	3358	4444	3412	1981	191	8	3	4	5	2	2	2	1	1	0.0	2	18	75	232	765	1378	1633	1610	1469	1738	826	611	481	495	338	341	485	434
	
Totals
	White-throated Sparrow	1262	727	561	860	521	492	664	453	467	440	505	670	470	938	5715	32373	73913	28134	10877	335	10	2	4	5	2	2	2	1	1	0.0	2	17	136	663	6428	14870	20940	16715	11954	9862	3314	1891	1171	1191	779	1000	1481	1047
	# checklists reporting species - (White-throated Sparrow)	518	342	278	419	264	243	331	224	239	241	260	398	277	510	1092	3194	4147	3253	1864	184	7	2	4	5	2	2	2	1	1	0.0	2	16	72	230	740	1320	1551	1533	1413	1662	807	601	479	494	336	336	477	431
	
Average Count
	White-throated Sparrow	2.436293436293436	2.125730994152047	2.0179856115107913	2.052505966587112	1.9734848484848484	2.0246913580246915	2.0060422960725077	2.0223214285714284	1.9539748953974896	1.8257261410788381	1.9423076923076923	1.6834170854271358	1.6967509025270757	1.8392156862745097	5.233516483516484	10.135566687539136	17.823245719797445	8.64863203197049	5.835300429184549	1.8206521739130435	1.4285714285714286	1.0	1.0	1.0	1.0	1.0	1.0	1.0	1.0	0.0	1.0	1.0625	1.8888888888888888	2.882608695652174	8.686486486486487	11.265151515151516	13.500967117988395	10.903457273320287	8.46001415428167	5.9338146811070995	4.106567534076828	3.146422628951747	2.4446764091858038	2.4109311740890687	2.318452380952381	2.9761904761904763	3.1048218029350103	2.4292343387471
	# checklists reporting species - (White-throated Sparrow)	518	342	278	419	264	243	331	224	239	241	260	398	277	510	1092	3194	4147	3253	1864	184	7	2	4	5	2	2	2	1	1	0.0	2	16	72	230	740	1320	1551	1533	1413	1662	807	601	479	494	336	336	477	431
	
