

	Week starting on...	1/1	1/8	1/15	1/22	2/1	2/8	2/15	2/22	3/1	3/8	3/15	3/22	4/1	4/8	4/15	4/22	5/1	5/8	5/15	5/22	6/1	6/8	6/15	6/22	7/1	7/8	7/15	7/22	8/1	8/8	8/15	8/22	9/1	9/8	9/15	9/22	10/1	10/8	10/15	10/22	11/1	11/8	11/15	11/22	12/1	12/8	12/15	12/22
Frequency (%)
	King Eider	1.4564247122386658	0.8967223252937538	2.3041474654377883	0.30257186081694404	1.7988252569750367	0.8961075329039485	0.5320159604788144	1.379066478076379	1.8176120338451895	0.6500847936687394	0.9056603773584906	1.1935844834017157	0.6711409395973155	0.9287148594377509	0.37691401648998824	0.3578981617048967	0.15223017202009437	0.11986814504045551	0.31857279388340237	0.6936015259233571	0.1557632398753894	0.0	0.0	0.0	0.0	0.0	0.0	0.09372071227741331	0.0	0.12315270935960591	0.05521811154058532	0.0	0.0	0.0	0.0	0.03322259136212625	0.0	0.0	0.0	0.0	0.31683168316831684	1.2128325508607198	2.3427331887201737	1.4316392269148175	2.873030583873957	3.170289855072464	0.8316831683168318	1.6398077466779757
	Total # checklists submitted - (King Eider)	4257	3234	2821	3966	2724	3571	5263	2828	3191	3538	3975	5362	4172	3984	4245	6147	6569	6674	6278	5767	2568	2210	1978	2417	1733	1556	1498	2134	1566	1624	1811	2791	2476	2428	2456	3010	2637	2638	2607	3511	2525	2556	2305	2794	2158	2208	2525	3537
	
Abundance
	King Eider	0.014799154334038054	0.012987012987012988	0.03544842254519674	0.01059001512859304	0.019823788546255508	0.009241108933071968	0.010260307809234277	0.028288543140028287	0.02413036665622062	0.017806670435274168	0.01660377358490566	0.025550167847817978	0.015100671140939598	0.018072289156626505	0.005418138987043581	0.008947454042622418	0.004414674988582737	0.0017980221756068325	0.0031857279388340237	0.007456216403676088	0.001557632398753894	0.0	0.0	0.0	0.0	0.0	0.0	9.372071227741331E-4	0.0	0.0012315270935960591	5.521811154058532E-4	0.0	0.0	0.0	0.0	3.322259136212625E-4	0.0	0.0	0.0	0.0	0.0031683168316831685	0.012519561815336464	0.02472885032537961	0.02111667859699356	0.04309545875810936	0.034420289855072464	0.008316831683168317	0.018659881255301103
	Total # checklists submitted - (King Eider)	4257	3234	2821	3966	2724	3571	5263	2828	3191	3538	3975	5362	4172	3984	4245	6147	6569	6674	6278	5767	2568	2210	1978	2417	1733	1556	1498	2134	1566	1624	1811	2791	2476	2428	2456	3010	2637	2638	2607	3511	2525	2556	2305	2794	2158	2208	2525	3537
	
Birds Per Party Hour
	King Eider	1.333478656429678	1.3337077243834239	0.9346259498675286	1.618601215807835	0.8838587294177029	0.8369899304060234	0.8549011175530205	1.006575607571479	1.0272025321950815	1.3740546521432824	0.8492024705919731	1.1044699026008726	1.1533840608385233	0.7169771928359522	0.4606343401675932	0.8079609936045778	1.2092593572966333	0.44124444919142064	0.4261691807471773	0.5476891400404236	0.7195673412421494	0.0	0.0	0.0	0.0	0.0	0.0	0.19444444444444445	0.0	0.15742498820854547	0.2222222222222222	0.0	0.0	0.0	0.0	0.13793103448275862	0.0	0.0	0.0	0.0	0.24255720206766576	0.35728299109159606	0.4438737154446411	1.2669804400926026	1.0843161953700322	1.291001899627331	0.6468458906201238	1.1293606044984241
	# checklists reporting species - (King Eider)	65	31	74	13	54	36	32	42	58	25	37	65	29	39	16	22	10	9	20	38	5	0.0	0.0	0.0	0.0	0.0	0.0	2	0.0	2	1	0.0	0.0	0.0	0.0	1	0.0	0.0	0.0	0.0	8	36	62	47	66	78	22	61
	
High Count
	King Eider	2	5	5	6	4	2	5	5	5	5	5	6	6	5	5	5	5	5	1	5	1	0.0	0.0	0.0	0.0	0.0	0.0	1	0.0	1	1	0.0	0.0	0.0	0.0	1	0.0	0.0	0.0	0.0	1	2	3	3	4	3	3	3
	# checklists reporting species - (King Eider)	65	34	76	17	56	42	33	48	62	26	38	69	34	42	21	24	10	9	24	41	5	0.0	0.0	0.0	0.0	0.0	0.0	2	0.0	2	1	0.0	0.0	0.0	0.0	1	0.0	0.0	0.0	0.0	8	37	66	51	71	79	26	67
	
Totals
	King Eider	66	49	117	58	64	43	61	92	86	71	69	145	73	85	33	61	29	13	23	44	5	0.0	0.0	0.0	0.0	0.0	0.0	2	0.0	2	1	0.0	0.0	0.0	0.0	1	0.0	0.0	0.0	0.0	8	38	71	76	106	87	29	75
	# checklists reporting species - (King Eider)	65	34	76	16	56	41	32	47	62	26	38	69	34	42	21	24	10	9	23	40	5	0.0	0.0	0.0	0.0	0.0	0.0	2	0.0	2	1	0.0	0.0	0.0	0.0	1	0.0	0.0	0.0	0.0	8	37	66	51	71	79	26	67
	
Average Count
	King Eider	1.0153846153846153	1.4411764705882353	1.5394736842105263	3.625	1.1428571428571428	1.048780487804878	1.90625	1.9574468085106382	1.3870967741935485	2.730769230769231	1.8157894736842106	2.101449275362319	2.1470588235294117	2.0238095238095237	1.5714285714285714	2.5416666666666665	2.9	1.4444444444444444	1.0	1.1	1.0	0.0	0.0	0.0	0.0	0.0	0.0	1.0	0.0	1.0	1.0	0.0	0.0	0.0	0.0	1.0	0.0	0.0	0.0	0.0	1.0	1.027027027027027	1.0757575757575757	1.4901960784313726	1.4929577464788732	1.1012658227848102	1.1153846153846154	1.1194029850746268
	# checklists reporting species - (King Eider)	65	34	76	16	56	41	32	47	62	26	38	69	34	42	21	24	10	9	23	40	5	0.0	0.0	0.0	0.0	0.0	0.0	2	0.0	2	1	0.0	0.0	0.0	0.0	1	0.0	0.0	0.0	0.0	8	37	66	51	71	79	26	67
	
