

	Week starting on...	1/1	1/8	1/15	1/22	2/1	2/8	2/15	2/22	3/1	3/8	3/15	3/22	4/1	4/8	4/15	4/22	5/1	5/8	5/15	5/22	6/1	6/8	6/15	6/22	7/1	7/8	7/15	7/22	8/1	8/8	8/15	8/22	9/1	9/8	9/15	9/22	10/1	10/8	10/15	10/22	11/1	11/8	11/15	11/22	12/1	12/8	12/15	12/22
Frequency (%)
	Semipalmated Sandpiper	0.0	0.0	0.0	0.0	0.0	0.0	0.0	0.0	0.0	0.0	0.0	0.0	0.0	0.0	0.0	0.0	0.04566905160602831	0.40455498951153734	2.1981522777954763	10.664123461071615	7.8660436137071645	2.986425339366516	1.0616784630940344	0.6619776582540339	0.2308136180034622	1.0282776349614395	5.607476635514018	5.295220243673851	6.449553001277139	10.652709359605911	10.712313638873551	10.103905410247222	7.996768982229402	3.789126853377265	2.5244299674267103	1.3621262458471761	1.3651877133105803	0.7202426080363912	0.7671653241273495	0.28481913984619767	0.19801980198019803	0.0	0.0	0.0	0.0	0.0	0.0	0.0
	Total # checklists submitted - (Semipalmated Sandpiper)	4257	3234	2821	3966	2724	3571	5263	2828	3191	3538	3975	5362	4172	3984	4245	6147	6569	6674	6278	5767	2568	2210	1978	2417	1733	1556	1498	2134	1566	1624	1811	2791	2476	2428	2456	3010	2637	2638	2607	3511	2525	2556	2305	2794	2158	2208	2525	3537
	
Abundance
	Semipalmated Sandpiper	0.0	0.0	0.0	0.0	0.0	0.0	0.0	0.0	0.0	0.0	0.0	0.0	0.0	0.0	0.0	0.0	6.089206880803775E-4	0.00973928678453701	0.0807582032494425	2.771458297208254	2.163551401869159	0.11900452488687782	0.03488372093023256	0.00992966487381051	0.002308136180034622	0.030205655526992288	0.19959946595460615	0.28444236176194937	0.34738186462324394	0.5332512315270936	0.5831032578685809	0.6861340021497672	0.49959612277867527	0.0914332784184514	0.09120521172638436	0.035880398671096346	0.031095942358740993	0.011372251705837756	0.009589566551591868	0.003987467957846767	0.002376237623762376	0.0	0.0	0.0	0.0	0.0	0.0	0.0
	Total # checklists submitted - (Semipalmated Sandpiper)	4257	3234	2821	3966	2724	3571	5263	2828	3191	3538	3975	5362	4172	3984	4245	6147	6569	6674	6278	5767	2568	2210	1978	2417	1733	1556	1498	2134	1566	1624	1811	2791	2476	2428	2456	3010	2637	2638	2607	3511	2525	2556	2305	2794	2158	2208	2525	3537
	
Birds Per Party Hour
	Semipalmated Sandpiper	0.0	0.0	0.0	0.0	0.0	0.0	0.0	0.0	0.0	0.0	0.0	0.0	0.0	0.0	0.0	0.0	1.4238310708898945	3.1214478688471923	1.4796608481989522	9.758722970159793	18.054503993828593	3.1319674852977584	3.5795252514227287	1.1572801051956934	1.0527777777777778	1.9040492864114487	5.229645145604119	2.8000221342203906	3.645695777158905	6.943371451865458	3.7280081412545316	4.81174138836169	3.8574539622568498	0.9784917928126463	1.7252002361650778	2.1785485234464637	1.3607304993967213	0.8973239649950392	0.342689846178561	0.7559449517625686	0.9251808806020794	0.0	0.0	0.0	0.0	0.0	0.0	0.0
	# checklists reporting species - (Semipalmated Sandpiper)	0.0	0.0	0.0	0.0	0.0	0.0	0.0	0.0	0.0	0.0	0.0	0.0	0.0	0.0	0.0	0.0	3	27	148	665	220	72	21	16	6	16	91	134	111	198	226	316	206	95	65	43	38	21	21	10	4	0.0	0.0	0.0	0.0	0.0	0.0	0.0
	
High Count
	Semipalmated Sandpiper	0.0	0.0	0.0	0.0	0.0	0.0	0.0	0.0	0.0	0.0	0.0	0.0	0.0	0.0	0.0	0.0	2	12	50	2800	800	67	14	3	4	7	10	34	24	36	23	70	70	18	20	12	10	10	3	5	2	0.0	0.0	0.0	0.0	0.0	0.0	0.0
	# checklists reporting species - (Semipalmated Sandpiper)	0.0	0.0	0.0	0.0	0.0	0.0	0.0	0.0	0.0	0.0	0.0	0.0	0.0	0.0	0.0	0.0	3	29	153	699	229	73	21	16	6	16	93	146	118	206	242	337	220	105	74	51	39	21	22	10	5	0.0	0.0	0.0	0.0	0.0	0.0	0.0
	
Totals
	Semipalmated Sandpiper	0.0	0.0	0.0	0.0	0.0	0.0	0.0	0.0	0.0	0.0	0.0	0.0	0.0	0.0	0.0	0.0	4	66	565	18042	7542	365	69	24	9	47	331	763	610	1035	1233	2298	1338	252	249	142	95	43	27	14	6	0.0	0.0	0.0	0.0	0.0	0.0	0.0
	# checklists reporting species - (Semipalmated Sandpiper)	0.0	0.0	0.0	0.0	0.0	0.0	0.0	0.0	0.0	0.0	0.0	0.0	0.0	0.0	0.0	0.0	3	27	151	677	228	73	21	16	6	16	92	146	118	202	236	331	213	101	73	51	39	21	22	10	5	0.0	0.0	0.0	0.0	0.0	0.0	0.0
	
Average Count
	Semipalmated Sandpiper	0.0	0.0	0.0	0.0	0.0	0.0	0.0	0.0	0.0	0.0	0.0	0.0	0.0	0.0	0.0	0.0	1.3333333333333333	2.4444444444444446	3.7417218543046356	26.64992614475628	33.078947368421055	5.0	3.2857142857142856	1.5	1.5	2.9375	3.597826086956522	5.226027397260274	5.169491525423729	5.123762376237623	5.22457627118644	6.942598187311178	6.28169014084507	2.495049504950495	3.410958904109589	2.784313725490196	2.4358974358974357	2.0476190476190474	1.2272727272727273	1.4	1.2	0.0	0.0	0.0	0.0	0.0	0.0	0.0
	# checklists reporting species - (Semipalmated Sandpiper)	0.0	0.0	0.0	0.0	0.0	0.0	0.0	0.0	0.0	0.0	0.0	0.0	0.0	0.0	0.0	0.0	3	27	151	677	228	73	21	16	6	16	92	146	118	202	236	331	213	101	73	51	39	21	22	10	5	0.0	0.0	0.0	0.0	0.0	0.0	0.0
	
