

	Week starting on...	1/1	1/8	1/15	1/22	2/1	2/8	2/15	2/22	3/1	3/8	3/15	3/22	4/1	4/8	4/15	4/22	5/1	5/8	5/15	5/22	6/1	6/8	6/15	6/22	7/1	7/8	7/15	7/22	8/1	8/8	8/15	8/22	9/1	9/8	9/15	9/22	10/1	10/8	10/15	10/22	11/1	11/8	11/15	11/22	12/1	12/8	12/15	12/22
Frequency (%)
	Bohemian Waxwing	0.0	0.0	0.0	0.0	0.0	0.0	0.0	0.0	0.0	0.0	0.0	0.07459903021260723	0.047938638542665384	0.0502008032128514	0.09422850412249706	0.0	0.0	0.0	0.0	0.0	0.0	0.0	0.0	0.0	0.0	0.0	0.0	0.0	0.0	0.0	0.0	0.0	0.0	0.0	0.0	0.0	0.0	0.0	0.0	0.0	0.0	0.0	0.1735357917570499	0.03579098067287043	0.0	0.1358695652173913	0.0	0.05654509471303364
	Total # checklists submitted - (Bohemian Waxwing)	4257	3234	2821	3966	2724	3571	5263	2828	3191	3538	3975	5362	4172	3984	4245	6147	6569	6674	6278	5767	2568	2210	1978	2417	1733	1556	1498	2134	1566	1624	1811	2791	2476	2428	2456	3010	2637	2638	2607	3511	2525	2556	2305	2794	2158	2208	2525	3537
	
Abundance
	Bohemian Waxwing	0.0	0.0	0.0	0.0	0.0	0.0	0.0	0.0	0.0	0.0	0.0	0.01864975755315181	0.004074784276126558	0.0025100401606425703	0.007302709069493522	0.0	0.0	0.0	0.0	0.0	0.0	0.0	0.0	0.0	0.0	0.0	0.0	0.0	0.0	0.0	0.0	0.0	0.0	0.0	0.0	0.0	0.0	0.0	0.0	0.0	0.0	0.0	0.0017353579175704988	0.0035790980672870437	0.0	0.001358695652173913	0.0	5.654509471303364E-4
	Total # checklists submitted - (Bohemian Waxwing)	4257	3234	2821	3966	2724	3571	5263	2828	3191	3538	3975	5362	4172	3984	4245	6147	6569	6674	6278	5767	2568	2210	1978	2417	1733	1556	1498	2134	1566	1624	1811	2791	2476	2428	2456	3010	2637	2638	2607	3511	2525	2556	2305	2794	2158	2208	2525	3537
	
Birds Per Party Hour
	Bohemian Waxwing	0.0	0.0	0.0	0.0	0.0	0.0	0.0	0.0	0.0	0.0	60.24096385542169	25.14954853636222	61.13388734995383	1.3333333333333333	2.2877162877162878	6.678738907726715	0.0	0.0	0.0	0.0	0.0	0.0	0.0	0.0	0.0	0.0	0.0	0.0	0.0	0.0	0.0	0.0	0.0	0.0	0.0	0.0	0.0	0.0	0.0	1.3333333333333333	0.0	0.0	0.4545246526740056	14.285714285714286	0.0	0.3878787878787879	0.0	1.5
	# checklists reporting species - (Bohemian Waxwing)	0.0	0.0	0.0	0.0	0.0	0.0	0.0	0	0.0	0.0	1	4	5	1	3	3	0.0	0.0	0.0	0.0	0.0	0.0	0.0	0.0	0.0	0.0	0.0	0.0	0.0	0.0	0.0	0.0	0.0	0.0	0.0	0.0	0.0	0.0	0	1	0.0	0	4	1	0.0	3	0.0	2
	
High Count
	Bohemian Waxwing	0.0	0.0	0.0	0.0	0.0	0.0	0.0	100	0.0	0.0	5	80	100	50	25	2	0.0	0.0	0.0	0.0	0.0	0.0	0.0	0.0	0.0	0.0	0.0	0.0	0.0	0.0	0.0	0.0	0.0	0.0	0.0	0.0	0.0	0.0	1	8	0.0	17	1	10	0.0	1	0.0	1
	# checklists reporting species - (Bohemian Waxwing)	0.0	0.0	0.0	0.0	0.0	0.0	0.0	1	0.0	0.0	1	6	6	3	5	3	0.0	0.0	0.0	0.0	0.0	0.0	0.0	0.0	0.0	0.0	0.0	0.0	0.0	0.0	0.0	0.0	0.0	0.0	0.0	0.0	0.0	0.0	1	1	0.0	2	4	1	0.0	3	0.0	2
	
Totals
	Bohemian Waxwing	0.0	0.0	0.0	0.0	0.0	0.0	0.0	100	0.0	0.0	5	126	230	60	51	4	0.0	0.0	0.0	0.0	0.0	0.0	0.0	0.0	0.0	0.0	0.0	0.0	0.0	0.0	0.0	0.0	0.0	0.0	0.0	0.0	0.0	0.0	1	8	0.0	18	4	10	0.0	3	0.0	2
	# checklists reporting species - (Bohemian Waxwing)	0.0	0.0	0.0	0.0	0.0	0.0	0.0	1	0.0	0.0	1	6	6	3	5	3	0.0	0.0	0.0	0.0	0.0	0.0	0.0	0.0	0.0	0.0	0.0	0.0	0.0	0.0	0.0	0.0	0.0	0.0	0.0	0.0	0.0	0.0	1	1	0.0	2	4	1	0.0	3	0.0	2
	
Average Count
	Bohemian Waxwing	0.0	0.0	0.0	0.0	0.0	0.0	0.0	100.0	0.0	0.0	5.0	21.0	38.333333333333336	20.0	10.2	1.3333333333333333	0.0	0.0	0.0	0.0	0.0	0.0	0.0	0.0	0.0	0.0	0.0	0.0	0.0	0.0	0.0	0.0	0.0	0.0	0.0	0.0	0.0	0.0	1.0	8.0	0.0	9.0	1.0	10.0	0.0	1.0	0.0	1.0
	# checklists reporting species - (Bohemian Waxwing)	0.0	0.0	0.0	0.0	0.0	0.0	0.0	1	0.0	0.0	1	6	6	3	5	3	0.0	0.0	0.0	0.0	0.0	0.0	0.0	0.0	0.0	0.0	0.0	0.0	0.0	0.0	0.0	0.0	0.0	0.0	0.0	0.0	0.0	0.0	1	1	0.0	2	4	1	0.0	3	0.0	2
	
