

	Week starting on...	1/1	1/8	1/15	1/22	2/1	2/8	2/15	2/22	3/1	3/8	3/15	3/22	4/1	4/8	4/15	4/22	5/1	5/8	5/15	5/22	6/1	6/8	6/15	6/22	7/1	7/8	7/15	7/22	8/1	8/8	8/15	8/22	9/1	9/8	9/15	9/22	10/1	10/8	10/15	10/22	11/1	11/8	11/15	11/22	12/1	12/8	12/15	12/22
Frequency (%)
	Pectoral Sandpiper	0.0	0.0	0.0	0.0	0.0	0.0	0.0	0.0	0.0	0.0	0.8050314465408804	0.07459903021260723	0.0	0.07530120481927711	0.04711425206124853	0.06507239303725396	0.10656112041406607	0.0749175906502847	0.11150047785919083	0.1387203051846714	0.0	0.0	0.0	0.0	0.0	0.1928020565552699	2.0026702269692924	1.1246485473289598	2.0434227330779056	2.0935960591133003	2.4295969077857538	2.973844500179147	2.382875605815832	2.3887973640856672	1.7508143322475571	1.06312292358804	0.9859689040576414	0.9476876421531463	1.4959723820483315	1.2816861293078896	0.6732673267326733	0.27386541471048514	0.08676789587852494	0.03579098067287043	0.0	0.0	0.0	0.0
	Total # checklists submitted - (Pectoral Sandpiper)	4257	3234	2821	3966	2724	3571	5263	2828	3191	3538	3975	5362	4172	3984	4245	6147	6569	6674	6278	5767	2568	2210	1978	2417	1733	1556	1498	2134	1566	1624	1811	2791	2476	2428	2456	3010	2637	2638	2607	3511	2525	2556	2305	2794	2158	2208	2525	3537
	
Abundance
	Pectoral Sandpiper	0.0	0.0	0.0	0.0	0.0	0.0	0.0	0.0	0.0	0.0	0.008050314465408805	0.0029839612085042896	0.0	0.0012550200803212851	7.067137809187279E-4	9.760858955588092E-4	0.0015223017202009438	7.491759065028469E-4	0.00270786874800892	0.0017340038148083927	0.0	0.0	0.0	0.0	0.0	0.0019280205655526992	0.04205607476635514	0.016869728209934397	0.02681992337164751	0.02894088669950739	0.02871341800110436	0.03797921891795056	0.030290791599353797	0.05024711696869852	0.03175895765472313	0.023920265780730896	0.02540766021994691	0.029567854435178165	0.05907172995780591	0.019937339789233836	0.007920792079207921	0.0027386541471048514	8.676789587852494E-4	3.5790980672870435E-4	0.0	0.0	0.0	0.0
	Total # checklists submitted - (Pectoral Sandpiper)	4257	3234	2821	3966	2724	3571	5263	2828	3191	3538	3975	5362	4172	3984	4245	6147	6569	6674	6278	5767	2568	2210	1978	2417	1733	1556	1498	2134	1566	1624	1811	2791	2476	2428	2456	3010	2637	2638	2607	3511	2525	2556	2305	2794	2158	2208	2525	3537
	
Birds Per Party Hour
	Pectoral Sandpiper	0.0	0.0	0.0	0.0	0.0	0.0	0.0	0.0	0.0	0.0	0.4609970385215846	1.616608807334783	0.0	0.9475128644939965	0.8333333333333334	0.4439942262088875	0.3478876540247361	0.2428313435747334	0.6256574504752429	0.5618581661423871	0.0	0.0	0.0	0.0	0.0	0.30868383871318333	4.157472426749318	0.8347537823349446	0.7278876024280916	2.370736555975209	0.9717779432929526	1.2904500614542487	0.9055868312366738	0.9752467830313252	0.7641215713588904	1.5918144363440043	1.1102613447655139	0.6937960192077247	2.9935190175936413	0.7783951476931743	0.4548747552545628	0.42838184326461876	0.2850371462261277	0.2857142857142857	0.0	0.0	0.0	0.0
	# checklists reporting species - (Pectoral Sandpiper)	0.0	0.0	0.0	0.0	0.0	0.0	0.0	0.0	0.0	0.0	33	4	0.0	3	2	4	7	5	7	8	0.0	0.0	0.0	0.0	0.0	3	39	29	33	43	51	96	64	63	47	33	27	27	39	49	20	7	2	1	0.0	0.0	0.0	0.0
	
High Count
	Pectoral Sandpiper	0.0	0.0	0.0	0.0	0.0	0.0	0.0	0.0	0.0	0.0	1	4	0.0	2	2	2	4	4	8	2	0.0	0.0	0.0	0.0	0.0	1	5	4	2	4	3	6	3	8	4	12	7	11	30	6	2	1	1	1	0.0	0.0	0.0	0.0
	# checklists reporting species - (Pectoral Sandpiper)	0.0	0.0	0.0	0.0	0.0	0.0	0.0	0.0	0.0	0.0	33	4	0.0	3	3	4	7	6	7	9	0.0	0.0	0.0	0.0	0.0	3	41	31	34	45	53	101	65	68	52	35	28	28	41	51	20	8	2	1	0.0	0.0	0.0	0.0
	
Totals
	Pectoral Sandpiper	0.0	0.0	0.0	0.0	0.0	0.0	0.0	0.0	0.0	0.0	33	16	0.0	5	4	6	10	9	17	11	0.0	0.0	0.0	0.0	0.0	3	83	43	44	60	64	130	84	149	91	75	69	93	171	78	23	8	2	1	0.0	0.0	0.0	0.0
	# checklists reporting species - (Pectoral Sandpiper)	0.0	0.0	0.0	0.0	0.0	0.0	0.0	0.0	0.0	0.0	33	4	0.0	3	3	4	7	6	7	9	0.0	0.0	0.0	0.0	0.0	3	41	31	33	44	52	100	65	67	52	35	28	28	39	51	20	8	2	1	0.0	0.0	0.0	0.0
	
Average Count
	Pectoral Sandpiper	0.0	0.0	0.0	0.0	0.0	0.0	0.0	0.0	0.0	0.0	1.0	4.0	0.0	1.6666666666666667	1.3333333333333333	1.5	1.4285714285714286	1.5	2.4285714285714284	1.2222222222222223	0.0	0.0	0.0	0.0	0.0	1.0	2.024390243902439	1.3870967741935485	1.3333333333333333	1.3636363636363635	1.2307692307692308	1.3	1.2923076923076924	2.2238805970149254	1.75	2.142857142857143	2.4642857142857144	3.3214285714285716	4.384615384615385	1.5294117647058822	1.15	1.0	1.0	1.0	0.0	0.0	0.0	0.0
	# checklists reporting species - (Pectoral Sandpiper)	0.0	0.0	0.0	0.0	0.0	0.0	0.0	0.0	0.0	0.0	33	4	0.0	3	3	4	7	6	7	9	0.0	0.0	0.0	0.0	0.0	3	41	31	33	44	52	100	65	67	52	35	28	28	39	51	20	8	2	1	0.0	0.0	0.0	0.0
	
