

	Week starting on...	1/1	1/8	1/15	1/22	2/1	2/8	2/15	2/22	3/1	3/8	3/15	3/22	4/1	4/8	4/15	4/22	5/1	5/8	5/15	5/22	6/1	6/8	6/15	6/22	7/1	7/8	7/15	7/22	8/1	8/8	8/15	8/22	9/1	9/8	9/15	9/22	10/1	10/8	10/15	10/22	11/1	11/8	11/15	11/22	12/1	12/8	12/15	12/22
Frequency (%)
	American Coot	3.6645525017618046	4.390847247990106	3.403048564338887	4.765506807866869	5.212922173274596	3.024362923550826	2.413072392171765	4.702970297029703	5.546850517079285	5.596382136800452	4.427672955974843	5.054084296904141	4.985618408437201	4.718875502008032	4.31095406360424	1.4478607450789003	0.22834525803014158	0.2097692538207971	0.15928639694170119	0.3121206866655107	0.19470404984423675	0.04524886877828054	0.3538928210313448	0.0	0.05770340450086555	0.06426735218508997	0.20026702269692925	0.09372071227741331	0.0	0.06157635467980296	0.11043622308117064	0.0	0.04038772213247173	0.20593080724876442	0.6107491856677525	2.425249169435216	2.9958285930982176	5.307050796057619	9.12926735711546	9.000284819139846	8.514851485148515	7.707355242566511	5.336225596529284	3.0780243378668573	3.243744207599629	1.947463768115942	2.5742574257425743	2.5162567147299972
	Total # checklists submitted - (American Coot)	4257	3234	2821	3966	2724	3571	5263	2828	3191	3538	3975	5362	4172	3984	4245	6147	6569	6674	6278	5767	2568	2210	1978	2417	1733	1556	1498	2134	1566	1624	1811	2791	2476	2428	2456	3010	2637	2638	2607	3511	2525	2556	2305	2794	2158	2208	2525	3537
	
Abundance
	American Coot	0.06365985435752877	0.08256029684601113	0.07160581354129741	0.08900655572365103	0.10462555066079295	0.053486418370204424	0.045791373741212234	0.09087694483734088	0.10874334064556565	0.11164499717354437	0.08981132075471698	0.0876538604998135	0.08844678811121764	0.07053212851405623	0.06972909305064783	0.0177322271026517	0.002283452580301416	0.00239736290080911	0.002389295954125518	0.0034680076296167853	0.0019470404984423676	4.5248868778280545E-4	0.003538928210313448	0.0	5.770340450086555E-4	6.426735218508997E-4	0.0020026702269692926	9.372071227741331E-4	0.0	6.157635467980296E-4	0.0011043622308117063	0.0	0.0016155088852988692	0.002059308072487644	0.0061074918566775245	0.03322259136212625	0.05726204019719378	0.21076573161485973	0.43037974683544306	0.4206778695528339	0.35326732673267325	0.3196400625978091	0.10455531453362256	0.05654974946313529	0.04355885078776645	0.036684782608695655	0.04356435643564356	0.04240882103477523
	Total # checklists submitted - (American Coot)	4257	3234	2821	3966	2724	3571	5263	2828	3191	3538	3975	5362	4172	3984	4245	6147	6569	6674	6278	5767	2568	2210	1978	2417	1733	1556	1498	2134	1566	1624	1811	2791	2476	2428	2456	3010	2637	2638	2607	3511	2525	2556	2305	2794	2158	2208	2525	3537
	
Birds Per Party Hour
	American Coot	3.313513032236675	3.4103143701721	2.8638850208901823	2.79239891337081	3.2196694494112816	2.907209577621097	3.1590371362225937	2.801891958919876	2.6995631256616264	2.440789367230163	2.038931082122111	1.7776028440113143	1.777278300070351	1.1878244907610176	1.2077807367020874	1.2188325702918599	2.921256190783927	0.4552996503460777	1.7373239584561209	0.45646956500808505	0.29047202406357336	0.5452562704471101	0.6906959526838188	0.0	0.3333333333333333	0.2727024815925825	0.22140152367375449	0.36897027381198705	0.0	1.0	0.21999040076793858	0.0	0.0	0.2519047619047619	0.3605931005935366	0.6997053172454243	0.7774314214344863	1.2053165924608906	2.5690872680343317	1.575719954046189	1.912665012386645	1.884194014606962	1.3216854344258133	1.1424558556359803	0.8520769522868152	1.5741498741351934	2.0692288870044098	1.945488422623222
	# checklists reporting species - (American Coot)	156	146	101	194	139	107	125	136	180	201	180	267	206	189	184	89	13	15	8	19	5	1	7	0.0	1	1	3	3	0.0	1	2	0.0	0	5	19	75	82	141	249	316	224	196	125	90	72	44	65	92
	
High Count
	American Coot	11	14	15	8	6	6	20	11	13	20	20	7	10	10	20	4	2	2	2	3	1	1	1	0.0	1	1	1	1	0.0	1	1	0.0	4	1	1	4	6	32	40	20	35	17	15	12	5	15	10	14
	# checklists reporting species - (American Coot)	167	152	109	206	150	115	136	142	194	211	191	289	218	205	203	103	18	16	11	22	6	1	7	0.0	1	1	3	4	0.0	2	2	0.0	1	6	22	79	88	161	263	346	242	213	134	96	80	49	71	100
	
Totals
	American Coot	287	281	219	378	294	200	254	269	377	411	381	493	385	298	329	126	20	17	16	23	6	1	7	0.0	1	1	3	4	0.0	1	2	0.0	4	6	22	112	164	619	1230	1591	979	875	259	175	109	89	115	165
	# checklists reporting species - (American Coot)	161	151	107	203	148	112	131	140	188	205	186	280	214	196	194	96	15	15	10	21	6	1	7	0.0	1	1	3	4	0.0	1	2	0.0	1	6	22	79	88	154	255	336	237	205	131	95	79	49	68	97
	
Average Count
	American Coot	1.7826086956521738	1.8609271523178808	2.046728971962617	1.8620689655172413	1.9864864864864864	1.7857142857142858	1.9389312977099236	1.9214285714285715	2.00531914893617	2.004878048780488	2.0483870967741935	1.7607142857142857	1.7990654205607477	1.5204081632653061	1.6958762886597938	1.3125	1.3333333333333333	1.1333333333333333	1.6	1.0952380952380953	1.0	1.0	1.0	0.0	1.0	1.0	1.0	1.0	0.0	1.0	1.0	0.0	4.0	1.0	1.0	1.4177215189873418	1.8636363636363635	4.01948051948052	4.823529411764706	4.7351190476190474	4.1308016877637135	4.2682926829268295	1.9770992366412214	1.8421052631578947	1.379746835443038	1.816326530612245	1.6911764705882353	1.7010309278350515
	# checklists reporting species - (American Coot)	161	151	107	203	148	112	131	140	188	205	186	280	214	196	194	96	15	15	10	21	6	1	7	0.0	1	1	3	4	0.0	1	2	0.0	1	6	22	79	88	154	255	336	237	205	131	95	79	49	68	97
	
