

	Week starting on...	1/1	1/8	1/15	1/22	2/1	2/8	2/15	2/22	3/1	3/8	3/15	3/22	4/1	4/8	4/15	4/22	5/1	5/8	5/15	5/22	6/1	6/8	6/15	6/22	7/1	7/8	7/15	7/22	8/1	8/8	8/15	8/22	9/1	9/8	9/15	9/22	10/1	10/8	10/15	10/22	11/1	11/8	11/15	11/22	12/1	12/8	12/15	12/22
Frequency (%)
	Broad-winged Hawk	0.0	0.0	0.0	0.0	0.0	0.0	0.0	0.0	0.0	0.0	0.0	0.0	0.0	0.0251004016064257	0.04711425206124853	0.504311046038718	0.22834525803014158	0.28468684447108183	0.1752150366358713	0.29478064851742675	0.0	0.04524886877828054	0.0	0.04137360364087712	0.0	0.06426735218508997	0.06675567423230974	0.09372071227741331	0.0	0.18472906403940886	0.4969630038652678	1.361519168756718	3.836833602584814	6.919275123558484	6.596091205211726	4.019933554817276	2.6166097838452784	0.6444275966641395	0.5753739930955121	0.0854457419538593	0.0	0.0782472613458529	0.0	0.0	0.0	0.0	0.0	0.0
	Total # checklists submitted - (Broad-winged Hawk)	4257	3234	2821	3966	2724	3571	5263	2828	3191	3538	3975	5362	4172	3984	4245	6147	6569	6674	6278	5767	2568	2210	1978	2417	1733	1556	1498	2134	1566	1624	1811	2791	2476	2428	2456	3010	2637	2638	2607	3511	2525	2556	2305	2794	2158	2208	2525	3537
	
Abundance
	Broad-winged Hawk	0.0	0.0	0.0	0.0	0.0	0.0	0.0	0.0	0.0	0.0	0.0	0.0	0.0	2.51004016064257E-4	7.067137809187279E-4	0.006507239303725394	0.002740143096361699	0.003146538807311957	0.0022300095571838167	0.00450840991850182	0.0	4.5248868778280545E-4	0.0	4.137360364087712E-4	0.0	6.426735218508997E-4	6.675567423230974E-4	0.0014058106841611997	0.0	0.008004926108374385	0.004969630038652678	0.05195270512361161	0.5884491114701131	5.080724876441516	16.085504885993487	0.8654485049833887	0.14144861585134622	0.00796057619408643	0.007671653241273495	8.54457419538593E-4	0.0	7.82472613458529E-4	0.0	0.0	0.0	0.0	0.0	0.0
	Total # checklists submitted - (Broad-winged Hawk)	4257	3234	2821	3966	2724	3571	5263	2828	3191	3538	3975	5362	4172	3984	4245	6147	6569	6674	6278	5767	2568	2210	1978	2417	1733	1556	1498	2134	1566	1624	1811	2791	2476	2428	2456	3010	2637	2638	2607	3511	2525	2556	2305	2794	2158	2208	2525	3537
	
Birds Per Party Hour
	Broad-winged Hawk	0.0	0.0	0.0	0.0	0.0	0.0	0.0	0.0	0.0	0.0	0.0	0.0	0.0	0.3333333333333333	1.0	1.4848675811777599	2.117463398781716	1.476372839112535	0.7955437517869853	6.678051032133352	0.0	0.18125793003443902	0.0	0.25	0.0	4.0	0.0	6.274096385542169	0.0	0.8278521424724978	2.165208895301529	1.2296403482316605	4.734152687570398	43.17536730062817	96.27892785830885	8.992814762474659	6.557826040759794	2.831459771522619	0.6536695304610096	0.3111111111111111	0.0	0.28236607142857145	0.0	0.0	0.0	0.0	0.0	0.0
	# checklists reporting species - (Broad-winged Hawk)	0.0	0.0	0.0	0.0	0.0	0.0	0.0	0.0	0.0	0.0	0.0	0.0	0.0	1	3	35	17	20	15	19	0.0	1	0.0	1	0.0	1	0	2	0.0	4	15	48	123	242	286	198	107	28	20	3	0.0	2	0.0	0.0	0.0	0.0	0.0	0.0
	
High Count
	Broad-winged Hawk	0.0	0.0	0.0	0.0	0.0	0.0	0.0	0.0	0.0	0.0	0.0	0.0	0.0	1	2	5	3	2	5	8	0.0	1	0.0	1	0.0	1	1	2	0.0	8	9	57	261	1547	7060	537	141	19	5	1	0.0	1	0.0	0.0	0.0	0.0	0.0	0.0
	# checklists reporting species - (Broad-winged Hawk)	0.0	0.0	0.0	0.0	0.0	0.0	0.0	0.0	0.0	0.0	0.0	0.0	0.0	1	5	37	18	20	16	19	0.0	1	0.0	1	0.0	1	1	2	0.0	4	15	49	125	257	294	204	111	28	20	3	0.0	2	0.0	0.0	0.0	0.0	0.0	0.0
	
Totals
	Broad-winged Hawk	0.0	0.0	0.0	0.0	0.0	0.0	0.0	0.0	0.0	0.0	0.0	0.0	0.0	1	6	48	22	22	19	28	0.0	1	0.0	1	0.0	1	1	3	0.0	14	28	166	1878	18081	54939	4086	1068	88	30	3	0.0	2	0.0	0.0	0.0	0.0	0.0	0.0
	# checklists reporting species - (Broad-winged Hawk)	0.0	0.0	0.0	0.0	0.0	0.0	0.0	0.0	0.0	0.0	0.0	0.0	0.0	1	5	35	18	20	15	19	0.0	1	0.0	1	0.0	1	1	2	0.0	4	15	49	123	251	293	201	111	28	20	3	0.0	2	0.0	0.0	0.0	0.0	0.0	0.0
	
Average Count
	Broad-winged Hawk	0.0	0.0	0.0	0.0	0.0	0.0	0.0	0.0	0.0	0.0	0.0	0.0	0.0	1.0	1.2	1.3714285714285714	1.2222222222222223	1.1	1.2666666666666666	1.4736842105263157	0.0	1.0	0.0	1.0	0.0	1.0	1.0	1.5	0.0	3.5	1.8666666666666667	3.3877551020408165	15.268292682926829	72.03585657370517	187.50511945392492	20.328358208955223	9.621621621621621	3.142857142857143	1.5	1.0	0.0	1.0	0.0	0.0	0.0	0.0	0.0	0.0
	# checklists reporting species - (Broad-winged Hawk)	0.0	0.0	0.0	0.0	0.0	0.0	0.0	0.0	0.0	0.0	0.0	0.0	0.0	1	5	35	18	20	15	19	0.0	1	0.0	1	0.0	1	1	2	0.0	4	15	49	123	251	293	201	111	28	20	3	0.0	2	0.0	0.0	0.0	0.0	0.0	0.0
	
