

	Week starting on...	1/1	1/8	1/15	1/22	2/1	2/8	2/15	2/22	3/1	3/8	3/15	3/22	4/1	4/8	4/15	4/22	5/1	5/8	5/15	5/22	6/1	6/8	6/15	6/22	7/1	7/8	7/15	7/22	8/1	8/8	8/15	8/22	9/1	9/8	9/15	9/22	10/1	10/8	10/15	10/22	11/1	11/8	11/15	11/22	12/1	12/8	12/15	12/22
Frequency (%)
	Bald Eagle	1.5973690392295041	1.3296227581941866	2.056008507621411	1.790216843166919	1.57856093979442	1.512181461775413	0.7600228006840205	1.0608203677510608	1.0341585709808836	0.819672131147541	0.5283018867924528	0.37299515106303616	0.23969319271332695	0.25100401606425704	0.16489988221436985	0.2277533756303888	0.16745318922210384	0.0749175906502847	0.270786874800892	0.19074041962892319	0.1557632398753894	0.09049773755656108	0.0	0.08274720728175423	0.1154068090017311	0.1928020565552699	0.0	0.14058106841611998	0.19157088122605362	0.3078817733990148	1.0491441192711208	2.293084915800788	3.998384491114701	6.754530477759473	6.148208469055374	4.451827242524916	3.450891164201744	2.539802880970432	5.6003068661296505	4.784961549416121	1.8217821782178216	1.6823161189358373	1.2147505422993492	0.7874015748031495	1.0194624652455977	0.9510869565217392	2.0594059405940595	0.9612666101215719
	Total # checklists submitted - (Bald Eagle)	4257	3234	2821	3966	2724	3571	5263	2828	3191	3538	3975	5362	4172	3984	4245	6147	6569	6674	6278	5767	2568	2210	1978	2417	1733	1556	1498	2134	1566	1624	1811	2791	2476	2428	2456	3010	2637	2638	2607	3511	2525	2556	2305	2794	2158	2208	2525	3537
	
Abundance
	Bald Eagle	0.017618040873854827	0.01453308596165739	0.02304147465437788	0.02168431669188099	0.016152716593245228	0.01792215065807897	0.009500285008550257	0.010608203677510608	0.01065496709495456	0.008479366873940079	0.005283018867924529	0.003729951510630362	0.0026366251198465963	0.0027610441767068274	0.0016489988221436984	0.002440214738897023	0.0016745318922210383	5.993407252022775E-4	0.002867155144950621	0.0017340038148083927	0.001557632398753894	9.049773755656109E-4	0.0	8.274720728175424E-4	5.770340450086555E-4	0.0019280205655526992	0.0	0.0014058106841611997	0.0019157088122605363	0.005541871921182266	0.012147984538928768	0.06700107488355428	0.1191437802907916	0.18369028006589785	0.18241042345276873	0.1521594684385382	0.08532423208191127	0.04283548142532222	0.15266589950134254	0.10168043292509257	0.025346534653465348	0.030907668231611892	0.01388286334056399	0.0082319255547602	0.010194624652455977	0.009963768115942028	0.02297029702970297	0.011591744416171897
	Total # checklists submitted - (Bald Eagle)	4257	3234	2821	3966	2724	3571	5263	2828	3191	3538	3975	5362	4172	3984	4245	6147	6569	6674	6278	5767	2568	2210	1978	2417	1733	1556	1498	2134	1566	1624	1811	2791	2476	2428	2456	3010	2637	2638	2607	3511	2525	2556	2305	2794	2158	2208	2525	3537
	
Birds Per Party Hour
	Bald Eagle	0.8757605265317718	1.888610565154943	1.4041682243422464	1.5614691894223063	0.9898048327120959	1.6517693687923967	1.83730970904728	1.0704598836119585	0.7355837454453933	0.6537210695574486	0.6490847659252983	0.8525959811741409	0.4416649886334616	0.4621685689026732	0.8219364209235946	0.3476652251087631	0.5804220752759383	1.1908161582196355	0.811945408599404	0.229443835091829	0.9749844970285855	0.2539886650473877	12.048192771084338	0.4166666666666667	0.11950286806883365	2.547005988023952	0.5	0.43281653746770027	0.16960436990076516	3.8987755733338774	0.3701714045080743	0.7651893113424282	1.1434647676171543	0.9560398866200729	1.1085140271839145	1.052241666383989	0.8186175295811904	0.7346717016873909	0.7261201323993345	0.9212585361599863	1.4000451574764794	0.6918865856234424	0.5751196148230403	1.7541197101848343	0.622062836854381	0.844845546604416	0.5920144285308546	1.4942909424141047
	# checklists reporting species - (Bald Eagle)	85	50	66	80	50	54	43	37	37	38	25	20	13	11	9	23	12	6	20	12	5	3	1	3	2	4	1	3	6	9	25	74	117	207	225	182	115	99	184	205	60	54	38	27	31	24	55	41
	
High Count
	Bald Eagle	2	3	3	3	2	4	2	2	2	2	2	1	2	2	1	2	1	1	2	1	1	1	1	1	1	1	1	1	1	5	2	17	46	17	23	33	10	10	14	10	4	8	2	2	2	2	2	2
	# checklists reporting species - (Bald Eagle)	92	58	72	96	54	62	48	42	39	39	28	22	16	12	10	24	13	7	21	15	6	5	1	3	4	4	4	4	8	11	27	78	120	213	230	190	122	107	189	210	61	55	40	27	33	25	61	43
	
Totals
	Bald Eagle	100	63	82	118	58	72	61	43	40	41	28	21	17	13	10	26	13	6	22	14	6	5	1	3	3	4	4	4	8	17	30	212	336	549	615	564	270	177	497	423	82	104	44	28	34	25	68	50
	# checklists reporting species - (Bald Eagle)	92	58	72	96	54	61	47	42	39	39	27	21	16	12	10	23	13	6	21	14	6	5	1	3	3	4	4	4	8	11	27	78	120	212	230	190	122	107	189	209	61	55	40	27	33	24	61	42
	
Average Count
	Bald Eagle	1.0869565217391304	1.0862068965517242	1.1388888888888888	1.2291666666666667	1.0740740740740742	1.180327868852459	1.297872340425532	1.0238095238095237	1.0256410256410255	1.0512820512820513	1.037037037037037	1.0	1.0625	1.0833333333333333	1.0	1.1304347826086956	1.0	1.0	1.0476190476190477	1.0	1.0	1.0	1.0	1.0	1.0	1.0	1.0	1.0	1.0	1.5454545454545454	1.1111111111111112	2.717948717948718	2.8	2.589622641509434	2.6739130434782608	2.968421052631579	2.2131147540983607	1.6542056074766356	2.6296296296296298	2.0239234449760763	1.3442622950819672	1.8909090909090909	1.1	1.037037037037037	1.0303030303030303	1.0416666666666667	1.1147540983606556	1.1904761904761905
	# checklists reporting species - (Bald Eagle)	92	58	72	96	54	61	47	42	39	39	27	21	16	12	10	23	13	6	21	14	6	5	1	3	3	4	4	4	8	11	27	78	120	212	230	190	122	107	189	209	61	55	40	27	33	24	61	42
	
