

	Week starting on...	1/1	1/8	1/15	1/22	2/1	2/8	2/15	2/22	3/1	3/8	3/15	3/22	4/1	4/8	4/15	4/22	5/1	5/8	5/15	5/22	6/1	6/8	6/15	6/22	7/1	7/8	7/15	7/22	8/1	8/8	8/15	8/22	9/1	9/8	9/15	9/22	10/1	10/8	10/15	10/22	11/1	11/8	11/15	11/22	12/1	12/8	12/15	12/22
Frequency (%)
	Dark-eyed Junco	32.464176650223166	32.25108225108225	33.46331088266572	34.39233484619263	33.70044052863436	37.74852982357883	36.766102983089496	29.879773691654883	27.765590723911	26.370830977953645	30.037735849056602	38.02685565087654	40.31639501438159	48.77008032128514	45.6301531213192	37.28648121034651	20.992540721571014	3.506143242433323	0.31857279388340237	0.03468007629616785	0.0	0.0	0.05055611729019212	0.04137360364087712	0.0	0.06426735218508997	0.0	0.046860356138706656	0.0	0.0	0.0	0.10748835542816196	0.48465266558966075	0.8649093904448105	4.030944625407166	9.03654485049834	18.923018581721653	28.24109173616376	34.407364787111625	49.10281970948448	48.79207920792079	46.557120500782474	42.51626898047722	41.26700071581961	41.98331788693234	40.03623188405797	44.79207920792079	35.990952784845916
	Total # checklists submitted - (Dark-eyed Junco)	4257	3234	2821	3966	2724	3571	5263	2828	3191	3538	3975	5362	4172	3984	4245	6147	6569	6674	6278	5767	2568	2210	1978	2417	1733	1556	1498	2134	1566	1624	1811	2791	2476	2428	2456	3010	2637	2638	2607	3511	2525	2556	2305	2794	2158	2208	2525	3537
	
Abundance
	Dark-eyed Junco	1.70589617101245	1.6388373531230673	1.7295285359801489	1.7710539586485123	1.6079295154185023	1.782973956874825	1.7282918487554626	1.3525459688826025	1.1711062362895643	1.0503109101187111	1.0669182389937106	1.4015292801193584	1.6776126558005753	2.4126506024096384	2.524381625441696	1.4314299658369936	0.5489420003044604	0.049895115373089605	0.003345014335775725	3.468007629616785E-4	0.0	0.0	5.055611729019212E-4	4.137360364087712E-4	0.0	6.426735218508997E-4	0.0	9.372071227741331E-4	0.0	0.0	0.0	0.0010748835542816195	0.006865912762520194	0.011943986820428337	0.11644951140065146	0.38571428571428573	1.5240803943875616	1.887035633055345	2.3870349060222478	3.7251495300484194	3.156831683168317	2.3118153364632237	1.9648590021691974	1.9226914817465999	2.160333642261353	2.096014492753623	3.5524752475247525	2.01696352841391
	Total # checklists submitted - (Dark-eyed Junco)	4257	3234	2821	3966	2724	3571	5263	2828	3191	3538	3975	5362	4172	3984	4245	6147	6569	6674	6278	5767	2568	2210	1978	2417	1733	1556	1498	2134	1566	1624	1811	2791	2476	2428	2456	3010	2637	2638	2607	3511	2525	2556	2305	2794	2158	2208	2525	3537
	
Birds Per Party Hour
	Dark-eyed Junco	11.384819536656378	10.657826065118172	10.956015754015157	9.660984007255351	11.359822683293954	10.01456619801376	8.806100230053026	9.196108312397433	7.335522561078416	6.719583653041515	5.372184638437805	6.017438373976241	5.824425372993541	6.6817502800835475	7.227844627789107	3.929245833677788	1.999186095196815	1.2341651626309365	0.9101026071378207	0.17059155724975292	0.0	0.0	0.3333333333333333	1.0	0.0	2.0	0.0	1.0	0.0	0.0	0.0	0.6676737046258168	0.628511295448393	1.8210077950937384	1.5493735250220682	2.5357459105230564	5.056496742657743	5.316054088065187	10.321503385590052	7.303254132881775	7.036407746513852	5.700059004035717	6.535534256333675	7.185930777002745	7.55097426047739	9.255244726930961	8.106208426603587	9.03970690807983
	# checklists reporting species - (Dark-eyed Junco)	1428	1075	977	1362	946	1403	2018	861	927	966	1217	2084	1709	1961	1927	2318	1403	248	21	2	0	0.0	1	1	0.0	1	0.0	1	0.0	0.0	0.0	3	13	24	118	287	527	769	912	1745	1272	1209	1011	1198	931	895	1156	1284
	
High Count
	Dark-eyed Junco	60	55	60	69	54	51	56	34	35	80	40	60	186	82	222	80	70	10	2	1	1	0.0	1	1	0.0	1	0.0	2	0.0	0.0	0.0	1	4	3	50	40	300	120	230	262	100	105	45	60	50	90	153	70
	# checklists reporting species - (Dark-eyed Junco)	1541	1149	1033	1474	1001	1454	2068	914	975	1011	1293	2204	1834	2130	2116	2482	1482	250	21	2	1	0.0	1	1	0.0	1	0.0	1	0.0	0.0	0.0	3	13	24	123	315	585	845	1011	1945	1378	1294	1083	1268	996	954	1235	1367
	
Totals
	Dark-eyed Junco	7817	5809	5269	7531	4749	6750	9595	4092	4055	3991	4493	7877	7528	10236	11356	9354	3819	353	22	2	0	0.0	1	1	0.0	1	0.0	2	0.0	0.0	0.0	3	18	32	330	1258	4304	5495	6802	14093	8564	6408	4894	5776	4936	4944	9800	7485
	# checklists reporting species - (Dark-eyed Junco)	1479	1114	1004	1419	968	1429	2041	882	944	986	1257	2150	1780	2055	2021	2399	1447	250	21	2	0	0.0	1	1	0.0	1	0.0	1	0.0	0.0	0.0	3	13	24	121	311	566	822	978	1847	1323	1251	1050	1245	967	923	1206	1331
	
Average Count
	Dark-eyed Junco	5.285327924273157	5.214542190305206	5.24800796812749	5.307258632840028	4.9059917355371905	4.7235829251224635	4.701126898579128	4.639455782312925	4.295550847457627	4.047667342799189	3.5743834526650757	3.663720930232558	4.229213483146068	4.981021897810219	5.619000494804552	3.8991246352646938	2.639253628196268	1.412	1.0476190476190477	1.0	0.0	0.0	1.0	1.0	0.0	1.0	0.0	2.0	0.0	0.0	0.0	1.0	1.3846153846153846	1.3333333333333333	2.727272727272727	4.045016077170418	7.604240282685512	6.684914841849149	6.955010224948875	7.63021115322144	6.473167044595616	5.122302158273381	4.660952380952381	4.639357429718875	5.104446742502585	5.356446370530877	8.12603648424544	5.62359128474831
	# checklists reporting species - (Dark-eyed Junco)	1479	1114	1004	1419	968	1429	2041	882	944	986	1257	2150	1780	2055	2021	2399	1447	250	21	2	0	0.0	1	1	0.0	1	0.0	1	0.0	0.0	0.0	3	13	24	121	311	566	822	978	1847	1323	1251	1050	1245	967	923	1206	1331
	
