

	Week starting on...	1/1	1/8	1/15	1/22	2/1	2/8	2/15	2/22	3/1	3/8	3/15	3/22	4/1	4/8	4/15	4/22	5/1	5/8	5/15	5/22	6/1	6/8	6/15	6/22	7/1	7/8	7/15	7/22	8/1	8/8	8/15	8/22	9/1	9/8	9/15	9/22	10/1	10/8	10/15	10/22	11/1	11/8	11/15	11/22	12/1	12/8	12/15	12/22
Frequency (%)
	Northern Saw-whet Owl	1.550387596899225	1.453308596165739	0.8862105636299186	1.109430156328795	0.7342143906020557	0.6720806496779613	0.49401482044461337	0.6364922206506365	0.6581009088060169	0.9044657998869418	1.0566037735849056	0.5408429690414025	0.4793863854266539	0.4769076305220884	0.3297997644287397	0.3416300634455832	0.25879129243416044	0.04495055439017081	0.01592863969417012	0.017340038148083926	0.0	0.0	0.0	0.0	0.0	0.0	0.0	0.0	0.0	0.0	0.0	0.03582945180938731	0.0	0.0	0.04071661237785017	0.0664451827242525	0.18960940462646947	0.22744503411675512	0.42194092827004215	1.2532042153232696	1.306930693069307	1.7996870109546166	1.3449023861171365	1.0021474588403723	0.6487488415199258	0.7699275362318841	1.1485148514851484	1.5267175572519083
	Total # checklists submitted - (Northern Saw-whet Owl)	4257	3234	2821	3966	2724	3571	5263	2828	3191	3538	3975	5362	4172	3984	4245	6147	6569	6674	6278	5767	2568	2210	1978	2417	1733	1556	1498	2134	1566	1624	1811	2791	2476	2428	2456	3010	2637	2638	2607	3511	2525	2556	2305	2794	2158	2208	2525	3537
	
Abundance
	Northern Saw-whet Owl	0.018322762508809022	0.017934446505875078	0.010280042538107055	0.012102874432677761	0.007342143906020558	0.007000840100812098	0.005510165304959149	0.00884016973125884	0.00814791601378878	0.010175240248728096	0.011320754716981131	0.005967922417008579	0.004793863854266539	0.004769076305220884	0.003297997644287397	0.003578981617048967	0.002892373268381793	4.495055439017081E-4	1.5928639694170118E-4	1.7340038148083925E-4	0.0	0.0	0.0	0.0	0.0	0.0	0.0	0.0	0.0	0.0	0.0	3.5829451809387314E-4	0.0	0.0	4.0716612377850165E-4	6.64451827242525E-4	0.0018960940462646946	0.00265352539802881	0.004986574606827772	0.01452577613215608	0.015841584158415842	0.022300469483568074	0.01388286334056399	0.010021474588403722	0.006487488415199258	0.008152173913043478	0.011485148514851485	0.016398077466779758
	Total # checklists submitted - (Northern Saw-whet Owl)	4257	3234	2821	3966	2724	3571	5263	2828	3191	3538	3975	5362	4172	3984	4245	6147	6569	6674	6278	5767	2568	2210	1978	2417	1733	1556	1498	2134	1566	1624	1811	2791	2476	2428	2456	3010	2637	2638	2607	3511	2525	2556	2305	2794	2158	2208	2525	3537
	
Birds Per Party Hour
	Northern Saw-whet Owl	1.1168332377333023	0.7678746073738867	0.4150796113357926	0.9245788426656755	0.32759466342696053	0.9514142150232567	0.39691254029363604	0.511771779496592	0.3483988922278137	0.3073792808946002	2.012135281934016	0.3935106512087759	0.3719684217802219	0.6791059004955754	0.46901892978381166	4.481821947080956	0.4137298601422672	0.7167050215377353	0.4286326618088298	1.001001001001001	0.0	0.0	0.0	0.0	0.0	0.0	0.0	0.0	0.0	0.0	0.0	7.518796992481203	0.0	0.0	0.18181818181818182	6.0239834155056835	0.3143284219976654	0.6013538348444009	0.927601175216702	0.5311871740936438	0.801537207505159	2.105093534130097	0.5706346577363433	0.6639845680587788	0.5248571216446013	0.24065050238951083	0.8333917772949759	0.6521502092282698
	# checklists reporting species - (Northern Saw-whet Owl)	70	46	23	43	20	22	27	17	22	37	42	27	21	19	16	22	18	3	1	3	0	0.0	0.0	0.0	0.0	0.0	0.0	0	0.0	0.0	0.0	1	0.0	0.0	1	2	7	6	10	57	35	58	32	29	16	18	34	58
	
High Count
	Northern Saw-whet Owl	3	3	2	2	1	2	3	4	2	2	2	2	1	3	1	2	2	1	1	1	1	0.0	0.0	0.0	0.0	0.0	0.0	1	0.0	0.0	0.0	1	0.0	0.0	1	1	1	2	3	6	3	3	2	1	2	2	2	2
	# checklists reporting species - (Northern Saw-whet Owl)	81	57	33	61	27	33	38	24	32	48	51	36	26	24	17	23	20	3	1	5	2	0.0	0.0	0.0	0.0	0.0	0.0	1	0.0	0.0	0.0	1	0.0	0.0	2	2	7	7	13	63	44	67	40	33	21	23	39	65
	
Totals
	Northern Saw-whet Owl	95	72	38	66	27	35	44	31	37	54	55	39	26	26	17	24	21	3	1	5	2	0.0	0.0	0.0	0.0	0.0	0.0	1	0.0	0.0	0.0	1	0.0	0.0	2	2	7	8	14	78	50	79	41	33	23	24	40	72
	# checklists reporting species - (Northern Saw-whet Owl)	80	56	33	60	27	32	38	24	31	47	51	36	26	24	17	23	19	3	1	5	2	0.0	0.0	0.0	0.0	0.0	0.0	1	0.0	0.0	0.0	1	0.0	0.0	2	2	7	7	12	63	42	66	40	33	21	23	39	65
	
Average Count
	Northern Saw-whet Owl	1.1875	1.2857142857142858	1.1515151515151516	1.1	1.0	1.09375	1.1578947368421053	1.2916666666666667	1.1935483870967742	1.148936170212766	1.0784313725490196	1.0833333333333333	1.0	1.0833333333333333	1.0	1.0434782608695652	1.105263157894737	1.0	1.0	1.0	1.0	0.0	0.0	0.0	0.0	0.0	0.0	1.0	0.0	0.0	0.0	1.0	0.0	0.0	1.0	1.0	1.0	1.1428571428571428	1.1666666666666667	1.2380952380952381	1.1904761904761905	1.196969696969697	1.025	1.0	1.0952380952380953	1.0434782608695652	1.0256410256410255	1.1076923076923078
	# checklists reporting species - (Northern Saw-whet Owl)	80	56	33	60	27	32	38	24	31	47	51	36	26	24	17	23	19	3	1	5	2	0.0	0.0	0.0	0.0	0.0	0.0	1	0.0	0.0	0.0	1	0.0	0.0	2	2	7	7	12	63	42	66	40	33	21	23	39	65
	
