

	Week starting on...	1/1	1/8	1/15	1/22	2/1	2/8	2/15	2/22	3/1	3/8	3/15	3/22	4/1	4/8	4/15	4/22	5/1	5/8	5/15	5/22	6/1	6/8	6/15	6/22	7/1	7/8	7/15	7/22	8/1	8/8	8/15	8/22	9/1	9/8	9/15	9/22	10/1	10/8	10/15	10/22	11/1	11/8	11/15	11/22	12/1	12/8	12/15	12/22
Frequency (%)
	Solitary Sandpiper	0.0	0.0	0.0	0.0	0.0	0.0	0.0	0.0	0.0	0.0	0.0	0.0	0.0	0.0	0.04711425206124853	0.43923865300146414	2.100776373877302	2.0227749475576866	2.5167250716788785	0.468181029998266	0.23364485981308408	0.0	0.0	0.0	0.05770340450086555	0.7069408740359897	1.7356475300400533	2.7647610121836927	2.0434227330779056	3.32512315270936	3.9757040309221425	3.4396273737011827	3.5541195476575123	2.3476112026359144	2.035830618892508	1.9269102990033222	0.4550625711035267	0.265352539802881	0.038358266206367474	0.05696382796923954	0.0	0.0	0.0	0.0	0.0	0.0	0.0	0.0
	Total # checklists submitted - (Solitary Sandpiper)	4257	3234	2821	3966	2724	3571	5263	2828	3191	3538	3975	5362	4172	3984	4245	6147	6569	6674	6278	5767	2568	2210	1978	2417	1733	1556	1498	2134	1566	1624	1811	2791	2476	2428	2456	3010	2637	2638	2607	3511	2525	2556	2305	2794	2158	2208	2525	3537
	
Abundance
	Solitary Sandpiper	0.0	0.0	0.0	0.0	0.0	0.0	0.0	0.0	0.0	0.0	0.0	0.0	0.0	0.0	4.711425206124853E-4	0.005368472425573451	0.033490637844420766	0.02861851962840875	0.03424657534246575	0.00468181029998266	0.003115264797507788	0.0	0.0	0.0	5.770340450086555E-4	0.008354755784061696	0.030040053404539385	0.04592314901593252	0.028735632183908046	0.046182266009852216	0.06184428492545555	0.060193479039770695	0.051696284329563816	0.030065897858319604	0.03216612377850163	0.025913621262458473	0.004929844520288207	0.003032600454890068	3.835826620636747E-4	5.696382796923954E-4	0.0	0.0	0.0	0.0	0.0	0.0	0.0	0.0
	Total # checklists submitted - (Solitary Sandpiper)	4257	3234	2821	3966	2724	3571	5263	2828	3191	3538	3975	5362	4172	3984	4245	6147	6569	6674	6278	5767	2568	2210	1978	2417	1733	1556	1498	2134	1566	1624	1811	2791	2476	2428	2456	3010	2637	2638	2607	3511	2525	2556	2305	2794	2158	2208	2525	3537
	
Birds Per Party Hour
	Solitary Sandpiper	0.0	0.0	0.0	0.0	0.0	0.0	0.0	0.0	0.0	0.0	0.0	0.0	0.0	0.0	0.8095238095238095	1.095709436497303	0.8384271579082112	0.9854631464964128	0.6674970004544057	0.434949310297632	0.5645323260804949	0.0	0.0	0.0	0.5078548986003999	0.7546559885576201	2.0821394746575144	1.007937589931321	2.4575041758329284	1.513726903949846	1.5487445434856328	1.578432135602907	0.9786709707329471	1.1240584024434765	0.7228687251430083	1.0918316256345304	0.8879159347148607	0.7173163377379501	1.0	0.36783056800850394	0.0	0.0	0.0	0.0	0.0	0.0	0.0	0.0
	# checklists reporting species - (Solitary Sandpiper)	0.0	0.0	0.0	0.0	0.0	0.0	0.0	0.0	0.0	0.0	0.0	0.0	0.0	0.0	2	28	147	150	175	28	5	0.0	0.0	0.0	3	11	29	66	34	63	81	109	92	63	52	58	13	8	1	2	0.0	0.0	0.0	0.0	0.0	0.0	0.0	0.0
	
High Count
	Solitary Sandpiper	0.0	0.0	0.0	0.0	0.0	0.0	0.0	0.0	0.0	0.0	0.0	0.0	0.0	0.0	1	2	16	15	10	2	3	0.0	0.0	0.0	1	2	6	7	4	5	6	9	4	4	6	6	2	2	1	1	0.0	0.0	0.0	0.0	0.0	0.0	0.0	0.0
	# checklists reporting species - (Solitary Sandpiper)	0.0	0.0	0.0	0.0	0.0	0.0	0.0	0.0	0.0	0.0	0.0	0.0	0.0	0.0	2	29	151	154	179	31	6	0.0	0.0	0.0	3	12	30	68	36	67	82	111	93	65	58	62	15	8	1	2	0.0	0.0	0.0	0.0	0.0	0.0	0.0	0.0
	
Totals
	Solitary Sandpiper	0.0	0.0	0.0	0.0	0.0	0.0	0.0	0.0	0.0	0.0	0.0	0.0	0.0	0.0	2	36	236	227	238	31	8	0.0	0.0	0.0	3	14	49	109	50	91	132	189	133	81	87	86	17	9	1	2	0.0	0.0	0.0	0.0	0.0	0.0	0.0	0.0
	# checklists reporting species - (Solitary Sandpiper)	0.0	0.0	0.0	0.0	0.0	0.0	0.0	0.0	0.0	0.0	0.0	0.0	0.0	0.0	2	28	149	152	177	29	5	0.0	0.0	0.0	3	12	30	66	35	66	82	111	93	64	54	58	14	8	1	2	0.0	0.0	0.0	0.0	0.0	0.0	0.0	0.0
	
Average Count
	Solitary Sandpiper	0.0	0.0	0.0	0.0	0.0	0.0	0.0	0.0	0.0	0.0	0.0	0.0	0.0	0.0	1.0	1.2857142857142858	1.5838926174496644	1.493421052631579	1.344632768361582	1.0689655172413792	1.6	0.0	0.0	0.0	1.0	1.1666666666666667	1.6333333333333333	1.6515151515151516	1.4285714285714286	1.378787878787879	1.6097560975609757	1.7027027027027026	1.4301075268817205	1.265625	1.6111111111111112	1.4827586206896552	1.2142857142857142	1.125	1.0	1.0	0.0	0.0	0.0	0.0	0.0	0.0	0.0	0.0
	# checklists reporting species - (Solitary Sandpiper)	0.0	0.0	0.0	0.0	0.0	0.0	0.0	0.0	0.0	0.0	0.0	0.0	0.0	0.0	2	28	149	152	177	29	5	0.0	0.0	0.0	3	12	30	66	35	66	82	111	93	64	54	58	14	8	1	2	0.0	0.0	0.0	0.0	0.0	0.0	0.0	0.0
	
