

	Week starting on...	1/1	1/8	1/15	1/22	2/1	2/8	2/15	2/22	3/1	3/8	3/15	3/22	4/1	4/8	4/15	4/22	5/1	5/8	5/15	5/22	6/1	6/8	6/15	6/22	7/1	7/8	7/15	7/22	8/1	8/8	8/15	8/22	9/1	9/8	9/15	9/22	10/1	10/8	10/15	10/22	11/1	11/8	11/15	11/22	12/1	12/8	12/15	12/22
Frequency (%)
	Chestnut-sided Warbler	0.0	0.0	0.0	0.0	0.0	0.0	0.0	0.0	0.0	0.0	0.0	0.0	0.0	0.0	0.0	0.01626809825931349	3.4860709392601614	16.062331435421036	32.20770946161198	12.276747008843419	0.4283489096573208	0.09049773755656108	0.15166835187057634	0.12412081092263137	0.0	0.0	0.0	0.0	0.06385696040868455	0.6157635467980296	4.086140254003314	8.348262271587245	13.81260096930533	14.29159802306425	9.568403908794789	3.355481727574751	0.5688282138794084	0.1516300227445034	0.038358266206367474	0.02848191398461977	0.0	0.0	0.0	0.0	0.0	0.0	0.0	0.0
	Total # checklists submitted - (Chestnut-sided Warbler)	4257	3234	2821	3966	2724	3571	5263	2828	3191	3538	3975	5362	4172	3984	4245	6147	6569	6674	6278	5767	2568	2210	1978	2417	1733	1556	1498	2134	1566	1624	1811	2791	2476	2428	2456	3010	2637	2638	2607	3511	2525	2556	2305	2794	2158	2208	2525	3537
	
Abundance
	Chestnut-sided Warbler	0.0	0.0	0.0	0.0	0.0	0.0	0.0	0.0	0.0	0.0	0.0	0.0	0.0	0.0	0.0	1.6268098259313488E-4	0.044298980057847465	0.3386275097392868	0.8066263141127747	0.23513091728801802	0.0050623052959501555	9.049773755656109E-4	0.0010111223458038423	0.0012412081092263137	0.0	0.0	0.0	0.0	6.385696040868455E-4	0.010467980295566502	0.06570955273329653	0.14905051952705123	0.29281098546042006	0.2705930807248764	0.17060260586319217	0.044850498338870434	0.006825938566552901	0.001516300227445034	3.835826620636747E-4	2.848191398461977E-4	0.0	0.0	0.0	0.0	0.0	0.0	0.0	0.0
	Total # checklists submitted - (Chestnut-sided Warbler)	4257	3234	2821	3966	2724	3571	5263	2828	3191	3538	3975	5362	4172	3984	4245	6147	6569	6674	6278	5767	2568	2210	1978	2417	1733	1556	1498	2134	1566	1624	1811	2791	2476	2428	2456	3010	2637	2638	2607	3511	2525	2556	2305	2794	2158	2208	2525	3537
	
Birds Per Party Hour
	Chestnut-sided Warbler	0.0	0.0	0.0	0.0	0.0	0.0	0.0	0.0	0.0	0.0	0.0	0.0	0.0	0.0	0.0	5.434782608695652	1.2142009263331612	1.435206771970188	1.8261675563096185	1.2208388259042384	0.9879006001180348	1.315855969677827	0.5357142857142857	14.168356409320264	0.0	0.0	0.0	0.0	0.3000300030003	1.5474161617512159	0.8938789417254782	1.0809092549963404	1.3840545220145566	1.1210950637496697	1.026673964843186	0.9470254933740972	0.5313051299783289	1.4566666666666666	0.2898550724637681	0.2857142857142857	0.0	0.0	0.0	0.0	0.0	0.0	0.0	0.0
	# checklists reporting species - (Chestnut-sided Warbler)	0.0	0.0	0.0	0.0	0.0	0.0	0.0	0.0	0.0	0.0	0.0	0.0	0.0	0.0	0.0	1	238	1193	2263	859	20	2	2	3	0.0	0.0	0.0	0.0	1	10	80	247	345	372	253	103	18	4	1	1	0.0	0.0	0.0	0.0	0.0	0.0	0.0	0.0
	
High Count
	Chestnut-sided Warbler	0.0	0.0	0.0	0.0	0.0	0.0	0.0	0.0	0.0	0.0	0.0	0.0	0.0	0.0	0.0	1	8	80	36	21	2	1	1	1	0.0	0.0	0.0	0.0	1	6	8	11	32	15	14	6	4	1	1	1	0.0	0.0	0.0	0.0	0.0	0.0	0.0	0.0
	# checklists reporting species - (Chestnut-sided Warbler)	0.0	0.0	0.0	0.0	0.0	0.0	0.0	0.0	0.0	0.0	0.0	0.0	0.0	0.0	0.0	1	262	1299	2405	918	23	3	3	3	0.0	0.0	0.0	0.0	1	10	83	265	365	398	277	113	19	4	1	1	0.0	0.0	0.0	0.0	0.0	0.0	0.0	0.0
	
Totals
	Chestnut-sided Warbler	0.0	0.0	0.0	0.0	0.0	0.0	0.0	0.0	0.0	0.0	0.0	0.0	0.0	0.0	0.0	1	334	2735	5940	1740	27	3	2	3	0.0	0.0	0.0	0.0	1	17	128	458	752	721	495	151	23	4	1	1	0.0	0.0	0.0	0.0	0.0	0.0	0.0	0.0
	# checklists reporting species - (Chestnut-sided Warbler)	0.0	0.0	0.0	0.0	0.0	0.0	0.0	0.0	0.0	0.0	0.0	0.0	0.0	0.0	0.0	1	247	1246	2315	882	23	3	2	3	0.0	0.0	0.0	0.0	1	10	82	262	355	387	271	110	19	4	1	1	0.0	0.0	0.0	0.0	0.0	0.0	0.0	0.0
	
Average Count
	Chestnut-sided Warbler	0.0	0.0	0.0	0.0	0.0	0.0	0.0	0.0	0.0	0.0	0.0	0.0	0.0	0.0	0.0	1.0	1.3522267206477734	2.195024077046549	2.5658747300215983	1.9727891156462585	1.173913043478261	1.0	1.0	1.0	0.0	0.0	0.0	0.0	1.0	1.7	1.5609756097560976	1.748091603053435	2.1183098591549294	1.8630490956072352	1.8265682656826567	1.3727272727272728	1.2105263157894737	1.0	1.0	1.0	0.0	0.0	0.0	0.0	0.0	0.0	0.0	0.0
	# checklists reporting species - (Chestnut-sided Warbler)	0.0	0.0	0.0	0.0	0.0	0.0	0.0	0.0	0.0	0.0	0.0	0.0	0.0	0.0	0.0	1	247	1246	2315	882	23	3	2	3	0.0	0.0	0.0	0.0	1	10	82	262	355	387	271	110	19	4	1	1	0.0	0.0	0.0	0.0	0.0	0.0	0.0	0.0
	
