

	Week starting on...	1/1	1/8	1/15	1/22	2/1	2/8	2/15	2/22	3/1	3/8	3/15	3/22	4/1	4/8	4/15	4/22	5/1	5/8	5/15	5/22	6/1	6/8	6/15	6/22	7/1	7/8	7/15	7/22	8/1	8/8	8/15	8/22	9/1	9/8	9/15	9/22	10/1	10/8	10/15	10/22	11/1	11/8	11/15	11/22	12/1	12/8	12/15	12/22
Frequency (%)
	Great Horned Owl	2.4195442800093963	1.855287569573284	2.1269053527118045	1.5632879475542107	2.0558002936857562	1.4281713805656677	0.8740262207866236	1.4144271570014144	1.0341585709808836	1.611079706048615	1.4842767295597483	2.36851920925028	2.1572387344199426	2.033132530120482	1.3898704358068317	1.6430779241906623	0.8829349977165474	0.6742583158525622	0.3345014335775725	0.2774406103693428	0.3894080996884735	0.13574660633484162	0.2527805864509606	0.3723624327678941	0.2308136180034622	0.2570694087403599	0.26702269692923897	0.28116213683223995	0.19157088122605362	0.12315270935960591	0.16565433462175594	0.32246506628448585	0.24232633279483037	0.16474464579901155	0.24429967426710095	0.09966777408637872	0.11376564277588168	0.11372251705837756	0.1534330648254699	0.19937339789233835	0.4356435643564357	0.35211267605633806	0.7809110629067245	0.6084466714387974	1.2048192771084338	1.585144927536232	2.613861386138614	1.5549901046084251
	Total # checklists submitted - (Great Horned Owl)	4257	3234	2821	3966	2724	3571	5263	2828	3191	3538	3975	5362	4172	3984	4245	6147	6569	6674	6278	5767	2568	2210	1978	2417	1733	1556	1498	2134	1566	1624	1811	2791	2476	2428	2456	3010	2637	2638	2607	3511	2525	2556	2305	2794	2158	2208	2525	3537
	
Abundance
	Great Horned Owl	0.031007751937984496	0.023809523809523808	0.02623183268344559	0.018910741301059002	0.02459618208516887	0.016241949033884068	0.010450313509405283	0.015912305516265914	0.012535255405828893	0.023742227247032222	0.028427672955974842	0.05594927265945543	0.04314477468839885	0.0373995983935743	0.024970553592461718	0.026679681145274116	0.016897549094230475	0.010188792328438718	0.00541573749601784	0.00450840991850182	0.004672897196261682	0.0018099547511312218	0.005055611729019211	0.008274720728175424	0.0051933064050779	0.004498714652956298	0.0026702269692923898	0.0028116213683223993	0.002554278416347382	0.0012315270935960591	0.0016565433462175593	0.003941239699032604	0.002827140549273021	0.002059308072487644	0.003257328990228013	0.00132890365448505	0.0015168752370117557	0.0011372251705837756	0.0015343306482546988	0.0019937339789233835	0.005544554455445544	0.0035211267605633804	0.009978308026030369	0.006084466714387974	0.015291936978683966	0.021739130434782608	0.03445544554455446	0.017811704834605598
	Total # checklists submitted - (Great Horned Owl)	4257	3234	2821	3966	2724	3571	5263	2828	3191	3538	3975	5362	4172	3984	4245	6147	6569	6674	6278	5767	2568	2210	1978	2417	1733	1556	1498	2134	1566	1624	1811	2791	2476	2428	2456	3010	2637	2638	2607	3511	2525	2556	2305	2794	2158	2208	2525	3537
	
Birds Per Party Hour
	Great Horned Owl	2.1303186761688395	2.0080737639375412	1.1634906812814254	1.4736655890833392	0.8776857078369122	2.207821183073728	0.7375986906987214	1.6611088137027588	1.1079360560689004	1.2290616324595123	2.09284182646366	2.9950809439930755	3.6887629367319796	2.413406876851283	1.5151310114691703	1.1242774947026462	1.4451625063355809	0.832269807980563	1.425831072784315	3.2451525196236637	5.028093764288537	0.5142045888670141	1.5395452553148066	2.0793491937277353	2.3021613257462312	0.8229852455677132	29.770739064856713	0.5731587065297323	3.0458374107352264	1.5109906325019666	1.2142857142857142	1.8538458666496305	0.6445307229773168	1.931168831168831	3.1800477875423523	1.1281948840259572	0.7743589743589744	0.14160865444324608	0.32444744474447446	0.3628752932416023	0.5594833177429173	2.063445895790353	0.8110063119651789	1.9784301263341706	0.80037009803175	0.6547024762157989	0.8522065074202693	0.9431133812630426
	# checklists reporting species - (Great Horned Owl)	110	66	63	64	57	52	48	37	35	57	60	135	94	85	67	107	57	50	23	18	13	3	5	10	4	5	4	6	4	2	4	13	7	7	7	5	5	7	10	9	13	11	16	15	28	39	66	60
	
High Count
	Great Horned Owl	3	4	2	4	3	3	2	2	2	4	5	5	5	4	4	4	5	3	3	4	2	2	3	5	4	4	2	1	2	1	1	2	2	3	2	2	2	2	2	1	2	2	2	2	2	4	4	2
	# checklists reporting species - (Great Horned Owl)	130	82	78	81	73	64	60	50	40	65	69	148	95	88	68	110	65	53	24	20	14	6	7	16	5	5	5	6	5	2	4	14	9	7	11	9	5	7	10	9	15	21	29	32	44	59	85	77
	
Totals
	Great Horned Owl	165	103	96	99	88	75	69	56	50	95	128	341	188	163	125	179	120	82	37	33	18	7	12	27	10	9	6	6	7	2	4	16	10	10	14	12	7	8	11	9	18	22	35	34	54	81	110	87
	# checklists reporting species - (Great Horned Owl)	129	82	77	81	72	64	60	48	40	64	69	148	94	87	68	108	64	53	23	20	14	6	7	16	5	5	5	6	5	2	4	14	9	7	10	9	5	7	10	9	15	21	29	31	44	59	84	75
	
Average Count
	Great Horned Owl	1.2790697674418605	1.2560975609756098	1.2467532467532467	1.2222222222222223	1.2222222222222223	1.171875	1.15	1.1666666666666667	1.25	1.484375	1.855072463768116	2.304054054054054	2.0	1.8735632183908046	1.838235294117647	1.6574074074074074	1.875	1.5471698113207548	1.608695652173913	1.65	1.2857142857142858	1.1666666666666667	1.7142857142857142	1.6875	2.0	1.8	1.2	1.0	1.4	1.0	1.0	1.1428571428571428	1.1111111111111112	1.4285714285714286	1.4	1.3333333333333333	1.4	1.1428571428571428	1.1	1.0	1.2	1.0476190476190477	1.206896551724138	1.096774193548387	1.2272727272727273	1.3728813559322033	1.3095238095238095	1.16
	# checklists reporting species - (Great Horned Owl)	129	82	77	81	72	64	60	48	40	64	69	148	94	87	68	108	64	53	23	20	14	6	7	16	5	5	5	6	5	2	4	14	9	7	10	9	5	7	10	9	15	21	29	31	44	59	84	75
	
