

	Week starting on...	1/1	1/8	1/15	1/22	2/1	2/8	2/15	2/22	3/1	3/8	3/15	3/22	4/1	4/8	4/15	4/22	5/1	5/8	5/15	5/22	6/1	6/8	6/15	6/22	7/1	7/8	7/15	7/22	8/1	8/8	8/15	8/22	9/1	9/8	9/15	9/22	10/1	10/8	10/15	10/22	11/1	11/8	11/15	11/22	12/1	12/8	12/15	12/22
Frequency (%)
	Lesser Yellowlegs	0.0	0.0	0.0	0.0	0.0	0.0	0.0	0.0	0.0	0.0	0.0	0.0	0.0	0.0	0.18845700824499412	1.0736944851146901	2.9075962855838027	3.551093796823494	2.261866836572157	1.0230622507369516	0.1557632398753894	0.0	0.05055611729019212	0.12412081092263137	0.4039238315060588	2.120822622107969	4.873164218958611	4.5923149015932525	6.257982120051085	12.376847290640395	11.595803423522916	10.856323898244357	6.179321486268174	3.3772652388797364	2.1172638436482085	0.8305647840531563	1.3272658323852862	0.796057619408643	0.6520905255082471	0.42722870976929656	0.0	0.0	0.0	0.0	0.0	0.0	0.0	0.0
	Total # checklists submitted - (Lesser Yellowlegs)	4257	3234	2821	3966	2724	3571	5263	2828	3191	3538	3975	5362	4172	3984	4245	6147	6569	6674	6278	5767	2568	2210	1978	2417	1733	1556	1498	2134	1566	1624	1811	2791	2476	2428	2456	3010	2637	2638	2607	3511	2525	2556	2305	2794	2158	2208	2525	3537
	
Abundance
	Lesser Yellowlegs	0.0	0.0	0.0	0.0	0.0	0.0	0.0	0.0	0.0	0.0	0.0	0.0	0.0	0.0	0.002355712603062426	0.023588742476004555	0.09712284974882021	0.10967935271201679	0.048104491876393755	0.01595283509623721	0.001557632398753894	0.0	5.055611729019212E-4	0.0016549441456350847	0.004616272360069244	0.038560411311053984	0.1268357810413885	0.19072164948453607	0.25734355044699875	0.5123152709359606	0.469906129210381	0.4668577570763167	0.16558966074313408	0.06630971993410215	0.037866449511400654	0.030897009966777408	0.019719378081152827	0.026535253980288095	0.019562715765247412	0.008829393335232128	0.0	0.0	0.0	0.0	0.0	0.0	0.0	0.0
	Total # checklists submitted - (Lesser Yellowlegs)	4257	3234	2821	3966	2724	3571	5263	2828	3191	3538	3975	5362	4172	3984	4245	6147	6569	6674	6278	5767	2568	2210	1978	2417	1733	1556	1498	2134	1566	1624	1811	2791	2476	2428	2456	3010	2637	2638	2607	3511	2525	2556	2305	2794	2158	2208	2525	3537
	
Birds Per Party Hour
	Lesser Yellowlegs	0.0	0.0	0.0	0.0	0.0	0.0	0.0	0.0	0.0	0.0	0.0	0.0	0.0	0.0	4.064241442516076	1.112297328835958	1.6411013373388514	1.9122797065150547	0.9060263166894296	0.4838103513123886	0.4214346524634467	0.0	0.25	2.216986794717887	0.6944149833126178	1.5762756657761603	2.3584938149367365	2.0754057951903513	2.4892829165412063	3.4184787910010903	3.2309943158525463	3.181019158117925	1.5457884785639473	1.0105426210304125	0.8947643507084163	4.6228249012477916	2.012562812585208	2.1414094919229067	2.877221078106102	3.4799434175811057	0.0	0.0	0.0	0.0	0.0	0.0	0.0	0.0
	# checklists reporting species - (Lesser Yellowlegs)	0.0	0.0	0.0	0.0	0.0	0.0	0.0	0.0	0.0	0.0	0.0	0.0	0.0	0.0	10	66	196	252	146	64	4	0.0	1	3	9	34	82	119	107	243	243	330	166	86	56	24	32	23	17	16	0.0	0.0	0.0	0.0	0.0	0.0	0.0	0.0
	
High Count
	Lesser Yellowlegs	0.0	0.0	0.0	0.0	0.0	0.0	0.0	0.0	0.0	0.0	0.0	0.0	0.0	0.0	3	37	19	18	9	8	1	0.0	1	2	4	7	9	34	19	20	22	31	28	15	11	30	8	27	7	8	0.0	0.0	0.0	0.0	0.0	0.0	0.0	0.0
	# checklists reporting species - (Lesser Yellowlegs)	0.0	0.0	0.0	0.0	0.0	0.0	0.0	0.0	0.0	0.0	0.0	0.0	0.0	0.0	10	72	202	260	151	66	4	0.0	1	3	10	38	84	128	115	252	250	358	171	92	60	27	38	23	19	16	0.0	0.0	0.0	0.0	0.0	0.0	0.0	0.0
	
Totals
	Lesser Yellowlegs	0.0	0.0	0.0	0.0	0.0	0.0	0.0	0.0	0.0	0.0	0.0	0.0	0.0	0.0	12	157	672	803	317	107	4	0.0	1	4	14	70	213	497	440	999	1006	1495	446	189	109	96	59	76	52	32	0.0	0.0	0.0	0.0	0.0	0.0	0.0	0.0
	# checklists reporting species - (Lesser Yellowlegs)	0.0	0.0	0.0	0.0	0.0	0.0	0.0	0.0	0.0	0.0	0.0	0.0	0.0	0.0	10	69	200	255	148	65	4	0.0	1	3	10	37	84	127	112	250	247	350	170	91	59	25	34	23	18	16	0.0	0.0	0.0	0.0	0.0	0.0	0.0	0.0
	
Average Count
	Lesser Yellowlegs	0.0	0.0	0.0	0.0	0.0	0.0	0.0	0.0	0.0	0.0	0.0	0.0	0.0	0.0	1.2	2.2753623188405796	3.36	3.149019607843137	2.141891891891892	1.646153846153846	1.0	0.0	1.0	1.3333333333333333	1.4	1.8918918918918919	2.5357142857142856	3.9133858267716537	3.9285714285714284	3.996	4.0728744939271255	4.271428571428571	2.623529411764706	2.076923076923077	1.847457627118644	3.84	1.7352941176470589	3.3043478260869565	2.888888888888889	2.0	0.0	0.0	0.0	0.0	0.0	0.0	0.0	0.0
	# checklists reporting species - (Lesser Yellowlegs)	0.0	0.0	0.0	0.0	0.0	0.0	0.0	0.0	0.0	0.0	0.0	0.0	0.0	0.0	10	69	200	255	148	65	4	0.0	1	3	10	37	84	127	112	250	247	350	170	91	59	25	34	23	18	16	0.0	0.0	0.0	0.0	0.0	0.0	0.0	0.0
	
