

	Week starting on...	1/1	1/8	1/15	1/22	2/1	2/8	2/15	2/22	3/1	3/8	3/15	3/22	4/1	4/8	4/15	4/22	5/1	5/8	5/15	5/22	6/1	6/8	6/15	6/22	7/1	7/8	7/15	7/22	8/1	8/8	8/15	8/22	9/1	9/8	9/15	9/22	10/1	10/8	10/15	10/22	11/1	11/8	11/15	11/22	12/1	12/8	12/15	12/22
Frequency (%)
	Wood Thrush	0.0	0.0	0.0	0.0	0.0	0.0	0.0	0.0	0.0	0.0	0.0	0.0	0.0	0.0	0.023557126030624265	0.5856515373352855	3.897092403714416	7.117171111777046	7.868748008920039	2.375585226287498	1.0124610591900312	1.1764705882352942	0.5561172901921132	0.6206040546131568	1.0963646855164455	0.7069408740359897	0.46728971962616817	0.4217432052483599	0.1277139208173691	0.18472906403940886	0.05521811154058532	0.17914725904693657	0.40387722132471726	0.700164744645799	0.4885993485342019	0.6644518272425249	0.8722032612817596	0.22744503411675512	0.0	0.05696382796923954	0.0	0.0	0.0	0.03579098067287043	0.04633920296570899	0.0	0.0	0.0
	Total # checklists submitted - (Wood Thrush)	4257	3234	2821	3966	2724	3571	5263	2828	3191	3538	3975	5362	4172	3984	4245	6147	6569	6674	6278	5767	2568	2210	1978	2417	1733	1556	1498	2134	1566	1624	1811	2791	2476	2428	2456	3010	2637	2638	2607	3511	2525	2556	2305	2794	2158	2208	2525	3537
	
Abundance
	Wood Thrush	0.0	0.0	0.0	0.0	0.0	0.0	0.0	0.0	0.0	0.0	0.0	0.0	0.0	0.0	2.3557126030624264E-4	0.006507239303725394	0.04582128177804841	0.08765358106083308	0.1079961771264734	0.029824865614704352	0.012071651090342679	0.011312217194570135	0.006066734074823054	0.005792304509722797	0.015002885170225043	0.007712082262210797	0.006008010680907877	0.006091846298031865	0.001277139208173691	0.0018472906403940886	5.521811154058532E-4	0.002149767108563239	0.0044426494345718905	0.00700164744645799	0.004885993485342019	0.0069767441860465115	0.010238907849829351	0.002274450341167551	0.0	5.696382796923954E-4	0.0	0.0	0.0	3.5790980672870435E-4	4.633920296570899E-4	0.0	0.0	0.0
	Total # checklists submitted - (Wood Thrush)	4257	3234	2821	3966	2724	3571	5263	2828	3191	3538	3975	5362	4172	3984	4245	6147	6569	6674	6278	5767	2568	2210	1978	2417	1733	1556	1498	2134	1566	1624	1811	2791	2476	2428	2456	3010	2637	2638	2607	3511	2525	2556	2305	2794	2158	2208	2525	3537
	
Birds Per Party Hour
	Wood Thrush	0.0	0.0	0.0	0.0	0.0	0.0	0.0	0.0	0.0	0.0	0.0	0.0	0.0	0.0	1.0	1.897558118222557	0.8104871475224423	1.1128020773168616	0.7279138522205135	1.1398433432028903	2.6567561355753297	0.7295631872696086	2.4036826221783576	3.9671223994681157	7.284446217541946	2.8054858740428945	17.44366201765259	2.4571790045457784	0.44477989871445267	0.9027415143603134	0.7333333333333333	0.7566281741377964	0.6499274727115003	1.4469362361320735	0.8679181523428077	6.571070527026393	1.1450392117087724	0.8572050533393362	0.0	0.7535938903863432	0.0	0.0	0.0	0.6666666666666666	2.25	0.0	0.0	0.0
	# checklists reporting species - (Wood Thrush)	0.0	0.0	0.0	0.0	0.0	0.0	0.0	0.0	0.0	0.0	0.0	0.0	0.0	0.0	1	36	269	501	531	141	27	25	12	14	21	11	7	9	2	4	3	8	9	20	13	22	27	5	0	2	0.0	0.0	0.0	1	2	0.0	0.0	0.0
	
High Count
	Wood Thrush	0.0	0.0	0.0	0.0	0.0	0.0	0.0	0.0	0.0	0.0	0.0	0.0	0.0	0.0	1	6	3	10	10	4	3	2	2	1	6	2	2	5	1	1	1	2	2	1	2	2	4	1	1	1	0.0	0.0	0.0	1	1	0.0	0.0	0.0
	# checklists reporting species - (Wood Thrush)	0.0	0.0	0.0	0.0	0.0	0.0	0.0	0.0	0.0	0.0	0.0	0.0	0.0	0.0	1	38	284	522	546	161	34	37	27	35	50	17	8	10	2	4	3	9	11	22	16	25	28	8	1	3	0.0	0.0	0.0	1	2	0.0	0.0	0.0
	
Totals
	Wood Thrush	0.0	0.0	0.0	0.0	0.0	0.0	0.0	0.0	0.0	0.0	0.0	0.0	0.0	0.0	1	42	328	630	742	196	39	36	28	33	60	18	10	13	2	4	3	10	12	21	15	27	32	7	1	3	0.0	0.0	0.0	1	2	0.0	0.0	0.0
	# checklists reporting species - (Wood Thrush)	0.0	0.0	0.0	0.0	0.0	0.0	0.0	0.0	0.0	0.0	0.0	0.0	0.0	0.0	1	36	275	515	538	156	34	35	26	33	50	17	8	9	2	4	3	9	11	21	14	25	28	7	1	3	0.0	0.0	0.0	1	2	0.0	0.0	0.0
	
Average Count
	Wood Thrush	0.0	0.0	0.0	0.0	0.0	0.0	0.0	0.0	0.0	0.0	0.0	0.0	0.0	0.0	1.0	1.1666666666666667	1.1927272727272726	1.2233009708737863	1.379182156133829	1.2564102564102564	1.1470588235294117	1.0285714285714285	1.0769230769230769	1.0	1.2	1.0588235294117647	1.25	1.4444444444444444	1.0	1.0	1.0	1.1111111111111112	1.0909090909090908	1.0	1.0714285714285714	1.08	1.1428571428571428	1.0	1.0	1.0	0.0	0.0	0.0	1.0	1.0	0.0	0.0	0.0
	# checklists reporting species - (Wood Thrush)	0.0	0.0	0.0	0.0	0.0	0.0	0.0	0.0	0.0	0.0	0.0	0.0	0.0	0.0	1	36	275	515	538	156	34	35	26	33	50	17	8	9	2	4	3	9	11	21	14	25	28	7	1	3	0.0	0.0	0.0	1	2	0.0	0.0	0.0
	
