

	Week starting on...	1/1	1/8	1/15	1/22	2/1	2/8	2/15	2/22	3/1	3/8	3/15	3/22	4/1	4/8	4/15	4/22	5/1	5/8	5/15	5/22	6/1	6/8	6/15	6/22	7/1	7/8	7/15	7/22	8/1	8/8	8/15	8/22	9/1	9/8	9/15	9/22	10/1	10/8	10/15	10/22	11/1	11/8	11/15	11/22	12/1	12/8	12/15	12/22
Frequency (%)
	White-rumped Sandpiper	0.0	0.0	0.0	0.0	0.0	0.0	0.0	0.0	0.0	0.0	0.0	0.0	0.0	0.0	0.0	0.0	0.0	0.3446209169913096	0.23892959541255177	1.4912432807352176	1.791277258566978	0.36199095022624433	0.10111223458038424	0.0	0.0	0.0	0.0	0.046860356138706656	1.2132822477650063	1.7857142857142856	0.27609055770292656	0.5374417771408098	1.17124394184168	0.20593080724876442	0.9771986970684038	0.29900332225913623	0.07584376185058779	0.4927975739196361	0.38358266206367475	1.1392765593847907	0.7920792079207921	0.19561815336463223	0.08676789587852494	0.0	0.0	0.0	0.0	0.0
	Total # checklists submitted - (White-rumped Sandpiper)	4257	3234	2821	3966	2724	3571	5263	2828	3191	3538	3975	5362	4172	3984	4245	6147	6569	6674	6278	5767	2568	2210	1978	2417	1733	1556	1498	2134	1566	1624	1811	2791	2476	2428	2456	3010	2637	2638	2607	3511	2525	2556	2305	2794	2158	2208	2525	3537
	
Abundance
	White-rumped Sandpiper	0.0	0.0	0.0	0.0	0.0	0.0	0.0	0.0	0.0	0.0	0.0	0.0	0.0	0.0	0.0	0.0	0.0	0.004495055439017081	0.004460019114367633	0.02358245188139414	0.02102803738317757	0.004524886877828055	0.0015166835187057635	0.0	0.0	0.0	0.0	4.6860356138706655E-4	0.01277139208173691	0.023399014778325122	0.0027609055770292656	0.00573271228950197	0.017366720516962843	0.002059308072487644	0.018729641693811076	0.004651162790697674	0.0011376564277588168	0.007202426080363912	0.005753739930955121	0.020222158929080036	0.008316831683168317	0.0019561815336463224	8.676789587852494E-4	0.0	0.0	0.0	0.0	0.0
	Total # checklists submitted - (White-rumped Sandpiper)	4257	3234	2821	3966	2724	3571	5263	2828	3191	3538	3975	5362	4172	3984	4245	6147	6569	6674	6278	5767	2568	2210	1978	2417	1733	1556	1498	2134	1566	1624	1811	2791	2476	2428	2456	3010	2637	2638	2607	3511	2525	2556	2305	2794	2158	2208	2525	3537
	
Birds Per Party Hour
	White-rumped Sandpiper	0.0	0.0	0.0	0.0	0.0	0.0	0.0	0.0	0.0	0.0	0.0	0.0	0.0	0.0	0.0	0.0	0.0	0.3146497239458488	0.6533001410624102	0.7791145335318865	0.8281077140432463	0.7107224555752799	3.3071724438630916	0.0	0.0	0.0	0.0	1.1090750436300174	0.7820819933439259	2.351503630948113	1.100379603980712	0.7657037936368181	1.0544283520289117	0.39395824534024393	0.6912743666310289	0.6306964786117718	0.35526315789473684	0.4870452252185158	0.3352710393785099	0.8788229957591926	0.29197166167901273	0.2438095238095238	0.75	0.0	0.0	0.0	0.0	0.0
	# checklists reporting species - (White-rumped Sandpiper)	0.0	0.0	0.0	0.0	0.0	0.0	0.0	0.0	0.0	0.0	0.0	0.0	0.0	0.0	0.0	0.0	0.0	23	16	94	48	8	2	0.0	0.0	0.0	0.0	2	23	37	6	17	35	6	26	10	2	12	10	43	19	5	2	0.0	0.0	0.0	0.0	0.0
	
High Count
	White-rumped Sandpiper	0.0	0.0	0.0	0.0	0.0	0.0	0.0	0.0	0.0	0.0	0.0	0.0	0.0	0.0	0.0	0.0	0.0	4	4	22	2	2	2	0.0	0.0	0.0	0.0	1	2	4	1	2	2	1	5	3	2	4	4	6	2	2	1	0.0	0.0	0.0	0.0	0.0
	# checklists reporting species - (White-rumped Sandpiper)	0.0	0.0	0.0	0.0	0.0	0.0	0.0	0.0	0.0	0.0	0.0	0.0	0.0	0.0	0.0	0.0	0.0	24	17	97	48	8	2	0.0	0.0	0.0	0.0	2	27	40	6	17	35	6	27	13	2	13	10	45	21	6	2	0.0	0.0	0.0	0.0	0.0
	
Totals
	White-rumped Sandpiper	0.0	0.0	0.0	0.0	0.0	0.0	0.0	0.0	0.0	0.0	0.0	0.0	0.0	0.0	0.0	0.0	0.0	31	29	152	57	10	3	0.0	0.0	0.0	0.0	2	29	54	6	19	51	6	52	18	3	19	15	76	22	7	2	0.0	0.0	0.0	0.0	0.0
	# checklists reporting species - (White-rumped Sandpiper)	0.0	0.0	0.0	0.0	0.0	0.0	0.0	0.0	0.0	0.0	0.0	0.0	0.0	0.0	0.0	0.0	0.0	24	16	96	48	8	2	0.0	0.0	0.0	0.0	2	27	40	6	17	35	6	27	13	2	12	10	45	20	6	2	0.0	0.0	0.0	0.0	0.0
	
Average Count
	White-rumped Sandpiper	0.0	0.0	0.0	0.0	0.0	0.0	0.0	0.0	0.0	0.0	0.0	0.0	0.0	0.0	0.0	0.0	0.0	1.2916666666666667	1.8125	1.5833333333333333	1.1875	1.25	1.5	0.0	0.0	0.0	0.0	1.0	1.0740740740740742	1.35	1.0	1.1176470588235294	1.457142857142857	1.0	1.9259259259259258	1.3846153846153846	1.5	1.5833333333333333	1.5	1.6888888888888889	1.1	1.1666666666666667	1.0	0.0	0.0	0.0	0.0	0.0
	# checklists reporting species - (White-rumped Sandpiper)	0.0	0.0	0.0	0.0	0.0	0.0	0.0	0.0	0.0	0.0	0.0	0.0	0.0	0.0	0.0	0.0	0.0	24	16	96	48	8	2	0.0	0.0	0.0	0.0	2	27	40	6	17	35	6	27	13	2	12	10	45	20	6	2	0.0	0.0	0.0	0.0	0.0
	
