

	Week starting on...	1/1	1/8	1/15	1/22	2/1	2/8	2/15	2/22	3/1	3/8	3/15	3/22	4/1	4/8	4/15	4/22	5/1	5/8	5/15	5/22	6/1	6/8	6/15	6/22	7/1	7/8	7/15	7/22	8/1	8/8	8/15	8/22	9/1	9/8	9/15	9/22	10/1	10/8	10/15	10/22	11/1	11/8	11/15	11/22	12/1	12/8	12/15	12/22
Frequency (%)
	Red-winged Blackbird	0.6812309137890533	0.5875077303648732	0.8153137185395251	0.8825012607160867	0.6607929515418502	0.5320638476617194	0.9880296408892267	11.244695898161245	27.013475399561266	51.017524024872806	62.742138364779876	65.27415143603133	65.74784276126559	66.06425702811245	68.52767962308597	69.9690906133073	69.26472826914294	68.72939766257117	67.71264733991717	68.56251083752383	61.52647975077882	62.171945701357465	60.76845298281091	55.10964004964832	58.45354875937681	56.169665809768645	59.546061415220294	53.608247422680414	47.63729246487867	36.637931034482754	29.59690778575373	23.432461483339303	19.789983844911145	13.344316309719934	12.662866449511402	12.558139534883722	14.599924156238151	20.318423047763456	20.214806290755657	16.00683565935631	9.108910891089108	8.333333333333332	4.598698481561822	2.040085898353615	1.4828544949026876	1.0416666666666665	1.0297029702970297	0.6785411365564037
	Total # checklists submitted - (Red-winged Blackbird)	4257	3234	2821	3966	2724	3571	5263	2828	3191	3538	3975	5362	4172	3984	4245	6147	6569	6674	6278	5767	2568	2210	1978	2417	1733	1556	1498	2134	1566	1624	1811	2791	2476	2428	2456	3010	2637	2638	2607	3511	2525	2556	2305	2794	2158	2208	2525	3537
	
Abundance
	Red-winged Blackbird	0.012684989429175475	0.012677798392084107	0.0999645515774548	0.02118003025718608	0.037444933920704845	0.027723326799215905	0.03192095762872886	0.667963224893918	1.7411469758696334	5.4146410401356695	8.597987421383648	9.288138754196195	8.565436241610739	9.794427710843374	10.02190812720848	10.899788514722628	10.952504186329731	9.002097692538207	8.082828926409684	8.486388070053755	7.030763239875389	6.6393665158371045	6.6521739130434785	5.223003723624328	5.589151759953837	6.160668380462725	6.740320427236315	5.48078725398313	4.588761174968072	3.3245073891625614	2.310877967973495	1.4027230383375133	1.0722940226171245	0.8883855024711697	0.6473941368078175	0.8029900332225913	1.254455821008722	2.064821834723275	5.171077867280399	9.502990600968385	24.32237623762376	3.3360719874804383	1.6984815618221258	0.06120257695060845	0.033364226135310475	0.029891304347826088	0.034851485148514855	0.01130901894260673
	Total # checklists submitted - (Red-winged Blackbird)	4257	3234	2821	3966	2724	3571	5263	2828	3191	3538	3975	5362	4172	3984	4245	6147	6569	6674	6278	5767	2568	2210	1978	2417	1733	1556	1498	2134	1566	1624	1811	2791	2476	2428	2456	3010	2637	2638	2607	3511	2525	2556	2305	2794	2158	2208	2525	3537
	
Birds Per Party Hour
	Red-winged Blackbird	5.325939158314225	2.350125463501738	55.843980909881395	2.8462349439431915	17.67039006580385	22.451045771993403	6.888781981391044	6.251277534901893	8.333921361804588	12.721195395066383	14.21945593393108	16.866715904748112	12.74168657820509	13.551186703205289	15.34164494126435	15.341577831130117	13.289423311874083	12.065834907452498	10.10143298722647	10.364282147078825	13.157014880155712	14.423488456116589	15.095457919835345	14.114874921600656	12.225679833258344	11.156360146751805	10.377300873734635	9.126994598751244	8.591572691549882	9.989612304735825	4.30095728605733	4.082130999687511	3.802472082111223	4.373060462415731	3.947829863464093	5.9861809114543725	5.335400239012141	9.189023159913011	46.76963829712404	21.682876526653658	59.69605183089232	20.18753843508401	20.522253743481528	2.339997930899947	1.403400071211008	11.61391008945729	2.259387033988921	1.7400867328618512
	# checklists reporting species - (Red-winged Blackbird)	35	21	23	37	19	21	54	328	906	1792	2309	3271	2520	2387	2609	3813	3930	4066	3712	3514	1471	1290	1116	1266	947	826	845	1056	709	587	512	630	466	315	304	365	383	535	524	540	228	209	107	60	34	24	29	26
	
High Count
	Red-winged Blackbird	6	5	80	21	60	47	50	200	136	220	1300	2000	300	355	300	250	500	300	200	250	200	100	189	140	100	140	200	220	250	220	400	120	100	100	100	90	300	365	1190	5000	10350	1000	1110	32	16	20	16	6
	# checklists reporting species - (Red-winged Blackbird)	37	21	24	38	21	21	60	351	975	1965	2664	3712	2926	2796	3100	4565	4861	4915	4549	4253	1729	1488	1292	1442	1087	938	952	1221	786	645	565	693	512	345	333	404	420	588	574	604	243	224	121	65	38	26	36	26
	
Totals
	Red-winged Blackbird	71	43	283	87	127	101	183	1981	5915	20110	35979	51349	36802	40100	43714	68897	74105	62633	52389	50423	18555	15096	13459	13029	9927	9794	10339	12056	7320	5544	4278	4082	2784	2297	1643	2663	4095	5790	15309	35601	63997	8744	3970	225	79	71	101	42
	# checklists reporting species - (Red-winged Blackbird)	37	21	24	38	20	21	59	344	926	1839	2373	3360	2585	2456	2691	3908	4056	4148	3795	3605	1515	1322	1148	1302	976	846	867	1089	720	599	521	654	484	327	313	388	400	559	550	573	236	220	117	65	38	26	35	26
	
Average Count
	Red-winged Blackbird	1.9189189189189189	2.0476190476190474	11.791666666666666	2.289473684210526	6.35	4.809523809523809	3.1016949152542375	5.758720930232558	6.387688984881209	10.935290918977705	15.16182048040455	15.282440476190477	14.236750483558994	16.327361563517915	16.244518766257897	17.62973387922211	18.270463510848128	15.09956605593057	13.804743083003952	13.986962552011097	12.247524752475247	11.419062027231467	11.723867595818815	10.006912442396313	10.17110655737705	11.576832151300236	11.925028835063436	11.070707070707071	10.166666666666666	9.25542570951586	8.21113243761996	6.241590214067278	5.75206611570248	7.0244648318042815	5.2492012779552715	6.86340206185567	10.2375	10.35778175313059	27.834545454545456	62.13089005235602	271.1737288135593	39.74545454545454	33.93162393162393	3.4615384615384617	2.0789473684210527	2.730769230769231	2.8857142857142857	1.6153846153846154
	# checklists reporting species - (Red-winged Blackbird)	37	21	24	38	20	21	59	344	926	1839	2373	3360	2585	2456	2691	3908	4056	4148	3795	3605	1515	1322	1148	1302	976	846	867	1089	720	599	521	654	484	327	313	388	400	559	550	573	236	220	117	65	38	26	35	26
	
