

	Week starting on...	1/1	1/8	1/15	1/22	2/1	2/8	2/15	2/22	3/1	3/8	3/15	3/22	4/1	4/8	4/15	4/22	5/1	5/8	5/15	5/22	6/1	6/8	6/15	6/22	7/1	7/8	7/15	7/22	8/1	8/8	8/15	8/22	9/1	9/8	9/15	9/22	10/1	10/8	10/15	10/22	11/1	11/8	11/15	11/22	12/1	12/8	12/15	12/22
Frequency (%)
	Gray-cheeked Thrush	0.46981442330279544	1.4842300556586272	0.31903580290677064	0.0	0.0	0.0	0.0	0.0	0.0	0.0	0.0	0.0	0.0	0.0	0.023557126030624265	0.0	0.07611508601004718	0.9439616421935871	3.9662312838483595	3.2772672099878624	0.0778816199376947	0.04524886877828054	0.0	0.0	0.0	0.0	0.0	0.0	0.0	0.0	0.05521811154058532	0.14331780723754925	0.5250403877221325	2.14168039538715	3.908794788273615	3.9867109634551494	2.7682973075464545	1.1751326762699015	0.3068661296509398	0.11392765593847907	0.0	0.0	0.0	0.0	0.0	0.0	0.0	0.0
	Total # checklists submitted - (Gray-cheeked Thrush)	4257	3234	2821	3966	2724	3571	5263	2828	3191	3538	3975	5362	4172	3984	4245	6147	6569	6674	6278	5767	2568	2210	1978	2417	1733	1556	1498	2134	1566	1624	1811	2791	2476	2428	2456	3010	2637	2638	2607	3511	2525	2556	2305	2794	2158	2208	2525	3537
	
Abundance
	Gray-cheeked Thrush	0.004698144233027954	0.014842300556586271	0.0031903580290677065	0.0	0.0	0.0	0.0	0.0	0.0	0.0	0.0	0.0	0.0	0.0	2.3557126030624264E-4	0.0	7.611508601004719E-4	0.009889121965837579	0.04380375915896782	0.03918848621466967	7.78816199376947E-4	4.5248868778280545E-4	0.0	0.0	0.0	0.0	0.0	0.0	0.0	0.0	5.521811154058532E-4	0.0014331780723754925	0.006865912762520194	0.024299835255354202	0.046009771986970684	0.06611295681063123	0.03147516116799393	0.013267626990144048	0.0030686612965093976	0.0011392765593847907	0.0	0.0	0.0	0.0	0.0	0.0	0.0	0.0
	Total # checklists submitted - (Gray-cheeked Thrush)	4257	3234	2821	3966	2724	3571	5263	2828	3191	3538	3975	5362	4172	3984	4245	6147	6569	6674	6278	5767	2568	2210	1978	2417	1733	1556	1498	2134	1566	1624	1811	2791	2476	2428	2456	3010	2637	2638	2607	3511	2525	2556	2305	2794	2158	2208	2525	3537
	
Birds Per Party Hour
	Gray-cheeked Thrush	3.5663051494789224	2.061845215954887	0.7437212409521649	0.0	0.0	0.0	0.0	0.0	0.0	0.0	0.0	0.0	0.0	0.0	0.3333333333333333	0.0	10.321907013396375	0.7060322682489845	0.6527717543333685	0.6164785030512134	1.7541357063731282	0.6666666666666666	0.0	0.0	0.0	0.0	0.0	0.0	0.0	0.0	0.16666666666666666	0.33749248941138815	0.5592003076541331	1.0246804504846212	0.8200693387816169	1.1734868516511838	1.3568883065378228	0.6663298230695669	1.1000521882290986	0.9400501701575272	0.0	0.0	0.0	0.0	0.0	0.0	0.0	0.0
	# checklists reporting species - (Gray-cheeked Thrush)	22	50	9	0.0	0.0	0.0	0.0	0.0	0.0	0.0	0.0	0.0	0.0	0.0	1	0.0	6	63	263	206	3	1	0.0	0.0	0.0	0.0	0.0	0.0	0.0	0.0	1	4	13	61	108	133	83	31	9	4	0.0	0.0	0.0	0.0	0.0	0.0	0.0	0.0
	
High Count
	Gray-cheeked Thrush	1	1	1	0.0	0.0	0.0	0.0	0.0	0.0	0.0	0.0	0.0	0.0	0.0	1	0.0	1	3	4	4	1	1	0.0	0.0	0.0	0.0	0.0	0.0	0.0	0.0	1	1	4	12	5	20	38	3	1	1	0.0	0.0	0.0	0.0	0.0	0.0	0.0	0.0
	# checklists reporting species - (Gray-cheeked Thrush)	22	50	9	0.0	0.0	0.0	0.0	0.0	0.0	0.0	0.0	0.0	0.0	0.0	1	0.0	6	70	279	228	4	1	0.0	0.0	0.0	0.0	0.0	0.0	0.0	0.0	1	4	13	64	121	147	90	33	9	5	0.0	0.0	0.0	0.0	0.0	0.0	0.0	0.0
	
Totals
	Gray-cheeked Thrush	22	50	9	0.0	0.0	0.0	0.0	0.0	0.0	0.0	0.0	0.0	0.0	0.0	1	0.0	6	71	307	264	3	1	0.0	0.0	0.0	0.0	0.0	0.0	0.0	0.0	1	4	17	80	146	232	147	37	9	5	0.0	0.0	0.0	0.0	0.0	0.0	0.0	0.0
	# checklists reporting species - (Gray-cheeked Thrush)	22	50	9	0.0	0.0	0.0	0.0	0.0	0.0	0.0	0.0	0.0	0.0	0.0	1	0.0	6	67	270	218	3	1	0.0	0.0	0.0	0.0	0.0	0.0	0.0	0.0	1	4	13	62	118	145	90	33	9	5	0.0	0.0	0.0	0.0	0.0	0.0	0.0	0.0
	
Average Count
	Gray-cheeked Thrush	1.0	1.0	1.0	0.0	0.0	0.0	0.0	0.0	0.0	0.0	0.0	0.0	0.0	0.0	1.0	0.0	1.0	1.0597014925373134	1.137037037037037	1.2110091743119267	1.0	1.0	0.0	0.0	0.0	0.0	0.0	0.0	0.0	0.0	1.0	1.0	1.3076923076923077	1.2903225806451613	1.2372881355932204	1.6	1.6333333333333333	1.121212121212121	1.0	1.0	0.0	0.0	0.0	0.0	0.0	0.0	0.0	0.0
	# checklists reporting species - (Gray-cheeked Thrush)	22	50	9	0.0	0.0	0.0	0.0	0.0	0.0	0.0	0.0	0.0	0.0	0.0	1	0.0	6	67	270	218	3	1	0.0	0.0	0.0	0.0	0.0	0.0	0.0	0.0	1	4	13	62	118	145	90	33	9	5	0.0	0.0	0.0	0.0	0.0	0.0	0.0	0.0
	
