

	Week starting on...	1/1	1/8	1/15	1/22	2/1	2/8	2/15	2/22	3/1	3/8	3/15	3/22	4/1	4/8	4/15	4/22	5/1	5/8	5/15	5/22	6/1	6/8	6/15	6/22	7/1	7/8	7/15	7/22	8/1	8/8	8/15	8/22	9/1	9/8	9/15	9/22	10/1	10/8	10/15	10/22	11/1	11/8	11/15	11/22	12/1	12/8	12/15	12/22
Frequency (%)
	White-winged Crossbill	0.4463237021376556	0.49474335188620905	0.1772421127259837	0.10085728693898136	0.03671071953010279	0.11201344161299356	0.1520045601368041	0.10608203677510608	0.0	0.05652911249293386	0.10062893081761005	0.05594927265945542	0.0	0.0	0.0	0.0	0.0	0.0	0.01592863969417012	0.0	0.0	0.0	0.0	0.0	0.0	0.0	0.0	0.0	0.0	0.0	0.0	0.0	0.0	0.0	0.0	0.0	0.0	0.0	0.34522439585730724	0.25633722586157787	1.2673267326732673	1.1345852895148671	1.6919739696312366	1.789549033643522	1.5755329008341055	0.36231884057971014	0.2772277227722772	0.650268589199887
	Total # checklists submitted - (White-winged Crossbill)	4257	3234	2821	3966	2724	3571	5263	2828	3191	3538	3975	5362	4172	3984	4245	6147	6569	6674	6278	5767	2568	2210	1978	2417	1733	1556	1498	2134	1566	1624	1811	2791	2476	2428	2456	3010	2637	2638	2607	3511	2525	2556	2305	2794	2158	2208	2525	3537
	
Abundance
	White-winged Crossbill	0.020906741836974396	0.046072974644403214	0.011343495214462956	0.004790721129601614	0.005506607929515419	0.003920470456454775	0.006840205206156184	0.001768033946251768	0.0	0.005652911249293386	0.004528301886792453	0.0039164490861618795	0.0	0.0	0.0	0.0	0.0	0.0	1.5928639694170118E-4	0.0	0.0	0.0	0.0	0.0	0.0	0.0	0.0	0.0	0.0	0.0	0.0	0.0	0.0	0.0	0.0	0.0	0.0	0.0	0.0034522439585730723	0.03617203076046711	0.06613861386138614	0.02464788732394366	0.05770065075921909	0.08088761632068718	0.0783132530120482	0.010869565217391304	0.005544554455445544	0.035623409669211195
	Total # checklists submitted - (White-winged Crossbill)	4257	3234	2821	3966	2724	3571	5263	2828	3191	3538	3975	5362	4172	3984	4245	6147	6569	6674	6278	5767	2568	2210	1978	2417	1733	1556	1498	2134	1566	1624	1811	2791	2476	2428	2456	3010	2637	2638	2607	3511	2525	2556	2305	2794	2158	2208	2525	3537
	
Birds Per Party Hour
	White-winged Crossbill	8.650815336491423	9.945622851345988	9.738027894324746	5.55398205426987	9.784735812133073	6.509949720543129	5.735211859268779	1.8843723935450107	0.0	6.377777777777778	1.712839725162119	2.089160839160839	0.0	0.0	0.0	0.0	0.0	0.0	0.3380756484973146	0.0	0.0	0.0	0.0	0.0	0.0	0.0	0.0	0.0	0.0	0.0	0.0	0.0	0.0	0.0	0.0	0.0	0.0	0.0	0.25277725711455656	4.51267397308456	4.384637266223406	1.4771923926737272	4.718764855820584	5.634337862991452	3.95469275728622	1.7933161137371525	1.5262046286246393	4.970299103032597
	# checklists reporting species - (White-winged Crossbill)	18	17	12	5	1	5	8	5	0.0	4	4	4	0.0	0.0	0.0	0.0	0.0	0.0	2	0.0	0.0	0.0	0.0	0.0	0.0	0.0	0.0	0.0	0.0	0.0	0.0	0.0	0.0	0.0	0.0	0.0	0.0	0.0	9	11	33	35	40	58	37	8	7	26
	
High Count
	White-winged Crossbill	17	50	18	16	15	10	10	9	0.0	14	9	10	0.0	0.0	0.0	0.0	0.0	0.0	1	0.0	0.0	0.0	0.0	0.0	0.0	0.0	0.0	0.0	0.0	0.0	0.0	0.0	0.0	0.0	0.0	0.0	0.0	0.0	1	80	28	5	15	16	13	14	5	20
	# checklists reporting species - (White-winged Crossbill)	20	20	13	8	3	7	8	9	0.0	6	7	6	0.0	0.0	0.0	0.0	0.0	0.0	3	0.0	0.0	0.0	0.0	0.0	0.0	0.0	0.0	0.0	0.0	0.0	0.0	0.0	0.0	0.0	0.0	0.0	0.0	0.0	9	13	36	38	41	59	37	8	8	26
	
Totals
	White-winged Crossbill	93	164	76	54	23	34	36	24	0.0	44	34	31	0.0	0.0	0.0	0.0	0.0	0.0	3	0.0	0.0	0.0	0.0	0.0	0.0	0.0	0.0	0.0	0.0	0.0	0.0	0.0	0.0	0.0	0.0	0.0	0.0	0.0	9	270	174	85	137	275	187	24	15	141
	# checklists reporting species - (White-winged Crossbill)	20	18	13	7	3	7	8	9	0.0	6	6	6	0.0	0.0	0.0	0.0	0.0	0.0	3	0.0	0.0	0.0	0.0	0.0	0.0	0.0	0.0	0.0	0.0	0.0	0.0	0.0	0.0	0.0	0.0	0.0	0.0	0.0	9	13	33	38	41	59	37	8	8	26
	
Average Count
	White-winged Crossbill	4.65	9.11111111111111	5.846153846153846	7.714285714285714	7.666666666666667	4.857142857142857	4.5	2.6666666666666665	0.0	7.333333333333333	5.666666666666667	5.166666666666667	0.0	0.0	0.0	0.0	0.0	0.0	1.0	0.0	0.0	0.0	0.0	0.0	0.0	0.0	0.0	0.0	0.0	0.0	0.0	0.0	0.0	0.0	0.0	0.0	0.0	0.0	1.0	20.76923076923077	5.2727272727272725	2.236842105263158	3.341463414634146	4.661016949152542	5.054054054054054	3.0	1.875	5.423076923076923
	# checklists reporting species - (White-winged Crossbill)	20	18	13	7	3	7	8	9	0.0	6	6	6	0.0	0.0	0.0	0.0	0.0	0.0	3	0.0	0.0	0.0	0.0	0.0	0.0	0.0	0.0	0.0	0.0	0.0	0.0	0.0	0.0	0.0	0.0	0.0	0.0	0.0	9	13	33	38	41	59	37	8	8	26
	
