

	Week starting on...	1/1	1/8	1/15	1/22	2/1	2/8	2/15	2/22	3/1	3/8	3/15	3/22	4/1	4/8	4/15	4/22	5/1	5/8	5/15	5/22	6/1	6/8	6/15	6/22	7/1	7/8	7/15	7/22	8/1	8/8	8/15	8/22	9/1	9/8	9/15	9/22	10/1	10/8	10/15	10/22	11/1	11/8	11/15	11/22	12/1	12/8	12/15	12/22
Frequency (%)
	Bobolink	0.0	0.0	0.0	0.0	0.0	0.0	0.0	0.0	0.0	0.0	0.0	0.0	0.0	0.0	0.04711425206124853	0.04880429477794046	1.6745318922210384	3.3712915792628113	4.2688754380375915	1.36986301369863	0.0778816199376947	0.40723981900452494	0.40444893832153694	0.08274720728175423	0.2308136180034622	0.12853470437017994	0.13351134846461948	0.0	0.19157088122605362	0.18472906403940886	0.3865267807840972	0.21497671085632392	0.32310177705977383	0.2471169686985173	0.12214983713355047	0.16611295681063123	0.07584376185058779	0.0	0.0	0.0	0.0	0.0	0.0	0.0	0.0	0.0	0.0	0.0
	Total # checklists submitted - (Bobolink)	4257	3234	2821	3966	2724	3571	5263	2828	3191	3538	3975	5362	4172	3984	4245	6147	6569	6674	6278	5767	2568	2210	1978	2417	1733	1556	1498	2134	1566	1624	1811	2791	2476	2428	2456	3010	2637	2638	2607	3511	2525	2556	2305	2794	2158	2208	2525	3537
	
Abundance
	Bobolink	0.0	0.0	0.0	0.0	0.0	0.0	0.0	0.0	0.0	0.0	0.0	0.0	0.0	0.0	4.711425206124853E-4	3.2536196518626975E-4	0.03881869386512407	0.0948456697632604	0.15880853775087608	0.021675047685104906	0.001557632398753894	0.007692307692307693	0.005561172901921132	0.002068680182043856	0.004616272360069244	0.0038560411311053984	0.0020026702269692926	0.0	0.0031928480204342275	0.009236453201970444	0.07233572611816676	0.015406664278036546	0.015751211631663976	0.002471169686985173	0.0016286644951140066	0.0016611295681063123	7.584376185058779E-4	0.0	0.0	0.0	0.0	0.0	0.0	0.0	0.0	0.0	0.0	0.0
	Total # checklists submitted - (Bobolink)	4257	3234	2821	3966	2724	3571	5263	2828	3191	3538	3975	5362	4172	3984	4245	6147	6569	6674	6278	5767	2568	2210	1978	2417	1733	1556	1498	2134	1566	1624	1811	2791	2476	2428	2456	3010	2637	2638	2607	3511	2525	2556	2305	2794	2158	2208	2525	3537
	
Birds Per Party Hour
	Bobolink	0.0	0.0	0.0	0.0	0.0	0.0	0.0	0.0	0.0	0.0	0.0	0.0	0.0	0.0	0.20952380952380953	0.14835164835164835	0.8360989429812328	1.2022359930883884	1.3888000990431615	0.6885179885047272	0.5864978902953587	6.023026064664113	0.6841550820245683	1.1523186701168353	5.432610441767069	11.024096385542169	0.5833333333333334	0.8570799059929495	0.41876750700280113	1.5885210337672138	4.892280917652204	1.5327912395579075	0.8627024567657751	0.4176453036187566	0.3111111111111111	0.16806045861741173	0.583591884295093	0.0	0.0	0.16666666666666666	0.0	0.0	0.0	0.0	0.0	0.0	0.0	0.0
	# checklists reporting species - (Bobolink)	0.0	0.0	0.0	0.0	0.0	0.0	0.0	0.0	0.0	0.0	0.0	0.0	0.0	0.0	2	2	120	247	283	87	2	9	9	5	5	2	2	2	3	3	8	8	7	6	3	5	2	0.0	0.0	1	0.0	0.0	0.0	0.0	0.0	0.0	0.0	0.0
	
High Count
	Bobolink	0.0	0.0	0.0	0.0	0.0	0.0	0.0	0.0	0.0	0.0	0.0	0.0	0.0	0.0	1	1	9	40	50	9	2	4	3	3	5	5	2	3	2	11	125	32	15	3	2	1	1	0.0	0.0	1	0.0	0.0	0.0	0.0	0.0	0.0	0.0	0.0
	# checklists reporting species - (Bobolink)	0.0	0.0	0.0	0.0	0.0	0.0	0.0	0.0	0.0	0.0	0.0	0.0	0.0	0.0	2	4	125	271	297	95	2	13	9	6	5	3	2	3	3	3	8	8	8	8	3	5	2	0.0	0.0	1	0.0	0.0	0.0	0.0	0.0	0.0	0.0	0.0
	
Totals
	Bobolink	0.0	0.0	0.0	0.0	0.0	0.0	0.0	0.0	0.0	0.0	0.0	0.0	0.0	0.0	2	3	283	753	1100	147	4	21	12	13	9	10	3	5	5	15	132	51	39	9	4	5	2	0.0	0.0	1	0.0	0.0	0.0	0.0	0.0	0.0	0.0	0.0
	# checklists reporting species - (Bobolink)	0.0	0.0	0.0	0.0	0.0	0.0	0.0	0.0	0.0	0.0	0.0	0.0	0.0	0.0	2	3	123	266	291	93	2	13	9	6	5	3	2	3	3	3	8	8	8	7	3	5	2	0.0	0.0	1	0.0	0.0	0.0	0.0	0.0	0.0	0.0	0.0
	
Average Count
	Bobolink	0.0	0.0	0.0	0.0	0.0	0.0	0.0	0.0	0.0	0.0	0.0	0.0	0.0	0.0	1.0	1.0	2.3008130081300813	2.830827067669173	3.7800687285223367	1.5806451612903225	2.0	1.6153846153846154	1.3333333333333333	2.1666666666666665	1.8	3.3333333333333335	1.5	1.6666666666666667	1.6666666666666667	5.0	16.5	6.375	4.875	1.2857142857142858	1.3333333333333333	1.0	1.0	0.0	0.0	1.0	0.0	0.0	0.0	0.0	0.0	0.0	0.0	0.0
	# checklists reporting species - (Bobolink)	0.0	0.0	0.0	0.0	0.0	0.0	0.0	0.0	0.0	0.0	0.0	0.0	0.0	0.0	2	3	123	266	291	93	2	13	9	6	5	3	2	3	3	3	8	8	8	7	3	5	2	0.0	0.0	1	0.0	0.0	0.0	0.0	0.0	0.0	0.0	0.0
	
