

	Week starting on...	1/1	1/8	1/15	1/22	2/1	2/8	2/15	2/22	3/1	3/8	3/15	3/22	4/1	4/8	4/15	4/22	5/1	5/8	5/15	5/22	6/1	6/8	6/15	6/22	7/1	7/8	7/15	7/22	8/1	8/8	8/15	8/22	9/1	9/8	9/15	9/22	10/1	10/8	10/15	10/22	11/1	11/8	11/15	11/22	12/1	12/8	12/15	12/22
Frequency (%)
	Canada Goose	33.850129198966414	30.457637600494742	29.067706487061322	32.04740292486132	30.43318649045521	22.06664799775973	21.964658939768192	38.86138613861386	44.06142275148856	51.83719615602035	52.930817610062896	49.75755315180903	50.71907957813998	47.76606425702811	46.878680800942284	46.47795672685863	42.609225148424414	39.18189991009889	39.057024530105124	43.99167678168892	38.51246105919003	34.57013574660633	27.047522750252778	20.769549027720313	24.927870744373916	27.506426735218508	32.10947930574099	34.817244611059046	34.73818646232439	34.11330049261084	36.22308117062396	35.686134002149764	39.903069466882066	43.41021416803954	40.30944625407166	40.53156146179402	37.466818354190366	35.78468536770281	38.3199079401611	39.39048704072914	39.28712871287129	37.67605633802817	31.323210412147507	31.92555476020043	35.31047265987025	34.51086956521739	33.62376237623763	32.17415889171614
	Total # checklists submitted - (Canada Goose)	4257	3234	2821	3966	2724	3571	5263	2828	3191	3538	3975	5362	4172	3984	4245	6147	6569	6674	6278	5767	2568	2210	1978	2417	1733	1556	1498	2134	1566	1624	1811	2791	2476	2428	2456	3010	2637	2638	2607	3511	2525	2556	2305	2794	2158	2208	2525	3537
	
Abundance
	Canada Goose	9.9579516091144	11.143784786641929	10.824884792626728	10.868633383761976	11.212555066079295	6.399607952954354	5.10393311799354	7.335926449787836	8.792228141648387	10.895986433013002	7.506666666666667	4.8515479298769115	4.074304889741131	3.1664156626506026	2.8249705535924616	2.6460061818773384	2.445577713502816	2.201528318849266	2.4208346607199744	5.77076469568233	8.941978193146417	9.642986425339366	8.841253791708796	6.041373603640877	6.045008655510675	6.7589974293059125	7.406542056074766	6.8013120899718835	6.317369093231163	6.068965517241379	7.660408614025401	7.0824077391615905	7.794830371567044	8.470757825370676	9.4185667752443	9.73388704318937	9.131209708001517	8.035633055344958	9.494054468738012	9.565081173454857	8.733861386138614	9.23943661971831	8.518004338394794	8.75948460987831	9.906858202038926	12.233242753623188	18.255841584158414	12.992649137687305
	Total # checklists submitted - (Canada Goose)	4257	3234	2821	3966	2724	3571	5263	2828	3191	3538	3975	5362	4172	3984	4245	6147	6569	6674	6278	5767	2568	2210	1978	2417	1733	1556	1498	2134	1566	1624	1811	2791	2476	2428	2456	3010	2637	2638	2607	3511	2525	2556	2305	2794	2158	2208	2525	3537
	
Birds Per Party Hour
	Canada Goose	56.206918181113565	74.18106354042193	61.28840764884466	56.72235156107825	58.88110531987174	41.7893541491828	36.39705781728111	23.832429833085	26.822969142804975	26.075301589583304	14.558752068028712	12.399795547193293	8.739296563234946	5.775844238400656	6.4475016445231335	5.274439666279196	5.729004403338534	4.874920364922689	4.715863704601741	10.409916123706832	25.1429416571887	26.749902004712073	34.64101304930467	33.298658358602175	25.078108279041754	26.01276882334469	25.83764064648667	19.94045959264991	16.455912390641682	17.80950802670331	16.393678946865208	17.05936407389458	16.40520549726608	14.617917262988874	20.00065666487776	19.99067734391672	20.258774159182128	19.486473070407182	27.345993686656314	30.106357574784628	25.722492299138406	34.1551145501381	30.42609546654852	38.03224948108236	35.876033934299095	46.85099238567011	49.64423211688111	44.8977296329827
	# checklists reporting species - (Canada Goose)	1339	928	769	1169	764	737	1134	1059	1348	1767	1957	2511	1983	1811	1874	2711	2654	2508	2330	2412	943	703	496	462	399	401	460	706	513	546	626	935	913	989	937	1153	941	900	958	1309	920	898	684	842	705	713	824	1085
	
High Count
	Canada Goose	1300	2500	2000	1500	3700	845	953	1099	700	1417	515	248	200	150	86	120	101	100	86	300	480	334	285	400	200	204	235	200	215	206	212	200	350	400	500	510	455	310	1000	325	320	2000	600	800	600	1400	1185	2200
	# checklists reporting species - (Canada Goose)	1559	1060	875	1338	881	840	1248	1188	1520	1959	2227	2810	2229	2018	2098	2997	2949	2767	2592	2719	1087	814	581	551	466	466	520	799	587	612	704	1066	1050	1120	1074	1315	1076	1032	1090	1493	1062	1040	771	966	820	824	919	1221
	
Totals
	Canada Goose	47542	42336	33714	46163	31885	24213	28054	21891	29833	41903	31330	26579	17651	12978	12403	17060	16615	15388	15928	34825	24867	21916	18146	15449	10802	11231	11408	15219	10114	10397	14300	20740	19793	21379	24291	30901	25668	23077	26718	36424	23679	27647	20246	25571	22885	28850	49037	46908
	# checklists reporting species - (Canada Goose)	1385	962	793	1202	790	759	1156	1100	1386	1801	2001	2567	2026	1861	1917	2750	2704	2530	2359	2454	970	723	505	476	403	404	466	720	519	559	637	957	926	1012	960	1179	963	920	981	1342	941	920	697	868	732	750	859	1113
	
Average Count
	Canada Goose	34.326353790613716	44.00831600831601	42.51450189155107	38.40515806988353	40.360759493670884	31.90118577075099	24.268166089965398	19.900909090909092	21.524531024531026	23.266518600777346	15.657171414292854	10.354109855862875	8.712240868706811	6.973670069854917	6.47000521648409	6.203636363636364	6.144600591715976	6.082213438735178	6.752013565069945	14.191116544417278	25.636082474226804	30.312586445366527	35.932673267326734	32.455882352941174	26.803970223325063	27.79950495049505	24.48068669527897	21.1375	19.48747591522158	18.59928443649374	22.448979591836736	21.67189132706374	21.37473002159827	21.125494071146246	25.303125	26.20949957591179	26.654205607476637	25.083695652173912	27.23547400611621	27.141579731743665	25.16365568544102	30.05108695652174	29.047345767575322	29.45967741935484	31.26366120218579	38.46666666666667	57.08614668218859	42.1455525606469
	# checklists reporting species - (Canada Goose)	1385	962	793	1202	790	759	1156	1100	1386	1801	2001	2567	2026	1861	1917	2750	2704	2530	2359	2454	970	723	505	476	403	404	466	720	519	559	637	957	926	1012	960	1179	963	920	981	1342	941	920	697	868	732	750	859	1113
	
