

	Week starting on...	1/1	1/8	1/15	1/22	2/1	2/8	2/15	2/22	3/1	3/8	3/15	3/22	4/1	4/8	4/15	4/22	5/1	5/8	5/15	5/22	6/1	6/8	6/15	6/22	7/1	7/8	7/15	7/22	8/1	8/8	8/15	8/22	9/1	9/8	9/15	9/22	10/1	10/8	10/15	10/22	11/1	11/8	11/15	11/22	12/1	12/8	12/15	12/22
Frequency (%)
	Glaucous Gull	0.8691566831101715	1.3605442176870748	1.240694789081886	1.4876449823499747	1.6519823788546255	1.2321478577429292	0.6650199505985179	0.8486562942008486	1.0028204324663115	0.791407574901074	0.5283018867924528	0.5221932114882507	0.45541706615532124	0.25100401606425704	0.5889281507656066	0.2440214738897023	0.3349063784442077	0.13485166317051242	0.03185727938834024	0.05202011444425178	0.0	0.0	0.0	0.0	0.0	0.0	0.0	0.0	0.0	0.0	0.0	0.0	0.0	0.0	0.0	0.0	0.0	0.0	0.0	0.0	0.1188118811881188	0.0	0.43383947939262474	0.322118826055834	0.46339202965708987	0.4528985507246377	0.9900990099009901	0.6785411365564037
	Total # checklists submitted - (Glaucous Gull)	4257	3234	2821	3966	2724	3571	5263	2828	3191	3538	3975	5362	4172	3984	4245	6147	6569	6674	6278	5767	2568	2210	1978	2417	1733	1556	1498	2134	1566	1624	1811	2791	2476	2428	2456	3010	2637	2638	2607	3511	2525	2556	2305	2794	2158	2208	2525	3537
	
Abundance
	Glaucous Gull	0.009631195677707306	0.016388373531230675	0.018433179723502304	0.01638930912758447	0.017988252569750368	0.014561747409689163	0.007790233707011211	0.009900990099009901	0.010341585709808837	0.00819672131147541	0.006540880503144654	0.006527415143603133	0.004314477468839885	0.0027610441767068274	0.006124852767962308	0.002440214738897023	0.0038057543005023597	0.0013485166317051243	3.1857279388340236E-4	5.202011444425178E-4	0.0	0.0	0.0	0.0	0.0	0.0	0.0	0.0	0.0	0.0	0.0	0.0	0.0	0.0	0.0	0.0	0.0	0.0	0.0	0.0	0.001188118811881188	0.0	0.004338394793926247	0.0032211882605583395	0.004633920296570899	0.004528985507246377	0.010693069306930694	0.0073508623126943735
	Total # checklists submitted - (Glaucous Gull)	4257	3234	2821	3966	2724	3571	5263	2828	3191	3538	3975	5362	4172	3984	4245	6147	6569	6674	6278	5767	2568	2210	1978	2417	1733	1556	1498	2134	1566	1624	1811	2791	2476	2428	2456	3010	2637	2638	2607	3511	2525	2556	2305	2794	2158	2208	2525	3537
	
Birds Per Party Hour
	Glaucous Gull	1.4751221696405556	2.6012613378232525	3.3940311804891543	2.0276212978197647	2.660235327378772	2.5526238955779688	1.6850672963373168	0.9427964240399583	1.6230116318048142	1.0591050410355367	1.100798183317963	0.6557619795252873	0.7833981437069617	0.6039986534459543	0.6983785832223255	0.6468274170620264	0.5874151476868877	0.3835184305248626	0.75	0.4444444444444444	0.0	0.0	0.0	0.0	0.0	0.0	0.0	0.0	0.0	0.0	0.0	0.0	0.0	0.0	0.0	0.0	0.0	0.0	0.0	0.0	0.17634680134680134	0.0	0.49602373488800944	1.081521210457159	2.0902632016135456	0.6754195460357191	1.1994166815294445	0.9346338504523586
	# checklists reporting species - (Glaucous Gull)	38	46	40	58	40	47	37	27	33	34	21	28	21	10	27	17	23	9	2	3	0.0	0.0	0.0	0.0	0.0	0.0	0.0	0.0	0.0	0.0	0.0	0.0	0.0	0.0	0.0	0.0	0.0	0.0	0.0	1	3	0.0	12	9	11	12	26	24
	
High Count
	Glaucous Gull	3	3	3	4	3	5	4	2	3	2	11	6	1	2	2	2	3	1	1	1	0.0	0.0	0.0	0.0	0.0	0.0	0.0	0.0	0.0	0.0	0.0	0.0	0.0	0.0	0.0	0.0	0.0	0.0	0.0	1	1	0.0	1	1	1	2	2	2
	# checklists reporting species - (Glaucous Gull)	42	49	44	74	51	53	41	31	39	38	25	38	27	10	27	19	23	9	2	3	0.0	0.0	0.0	0.0	0.0	0.0	0.0	0.0	0.0	0.0	0.0	0.0	0.0	0.0	0.0	0.0	0.0	0.0	0.0	2	3	0.0	13	9	11	14	30	26
	
Totals
	Glaucous Gull	45	60	60	69	52	61	47	32	39	39	39	43	25	11	28	20	27	9	2	3	0.0	0.0	0.0	0.0	0.0	0.0	0.0	0.0	0.0	0.0	0.0	0.0	0.0	0.0	0.0	0.0	0.0	0.0	0.0	2	3	0.0	13	9	11	15	33	28
	# checklists reporting species - (Glaucous Gull)	40	48	41	60	45	50	39	27	36	38	24	36	25	10	27	19	23	9	2	3	0.0	0.0	0.0	0.0	0.0	0.0	0.0	0.0	0.0	0.0	0.0	0.0	0.0	0.0	0.0	0.0	0.0	0.0	0.0	2	3	0.0	13	9	11	13	29	26
	
Average Count
	Glaucous Gull	1.125	1.25	1.4634146341463414	1.15	1.1555555555555554	1.22	1.205128205128205	1.1851851851851851	1.0833333333333333	1.0263157894736843	1.625	1.1944444444444444	1.0	1.1	1.037037037037037	1.0526315789473684	1.173913043478261	1.0	1.0	1.0	0.0	0.0	0.0	0.0	0.0	0.0	0.0	0.0	0.0	0.0	0.0	0.0	0.0	0.0	0.0	0.0	0.0	0.0	0.0	1.0	1.0	0.0	1.0	1.0	1.0	1.1538461538461537	1.1379310344827587	1.0769230769230769
	# checklists reporting species - (Glaucous Gull)	40	48	41	60	45	50	39	27	36	38	24	36	25	10	27	19	23	9	2	3	0.0	0.0	0.0	0.0	0.0	0.0	0.0	0.0	0.0	0.0	0.0	0.0	0.0	0.0	0.0	0.0	0.0	0.0	0.0	2	3	0.0	13	9	11	13	29	26
	
