

	Week starting on...	1/1	1/8	1/15	1/22	2/1	2/8	2/15	2/22	3/1	3/8	3/15	3/22	4/1	4/8	4/15	4/22	5/1	5/8	5/15	5/22	6/1	6/8	6/15	6/22	7/1	7/8	7/15	7/22	8/1	8/8	8/15	8/22	9/1	9/8	9/15	9/22	10/1	10/8	10/15	10/22	11/1	11/8	11/15	11/22	12/1	12/8	12/15	12/22
Frequency (%)
	Barrow's Goldeneye	0.23490721165139772	0.0	0.1772421127259837	0.0	0.0	0.0	0.0	0.0	0.0	0.0	0.0	0.20514733308466987	0.6711409395973155	0.0502008032128514	0.0	0.0	0.0	0.0	0.0	0.0	0.0	0.0	0.0	0.0	0.0	0.0	0.0	0.0	0.0	0.0	0.0	0.0	0.0	0.0	0.0	0.0	0.0	0.0	0.0	0.0	0.2376237623762376	1.2910798122065728	0.737527114967462	0.5010737294201861	0.27803521779425394	0.04528985507246377	0.07920792079207921	0.0
	Total # checklists submitted - (Barrow's Goldeneye)	4257	3234	2821	3966	2724	3571	5263	2828	3191	3538	3975	5362	4172	3984	4245	6147	6569	6674	6278	5767	2568	2210	1978	2417	1733	1556	1498	2134	1566	1624	1811	2791	2476	2428	2456	3010	2637	2638	2607	3511	2525	2556	2305	2794	2158	2208	2525	3537
	
Abundance
	Barrow's Goldeneye	0.002349072116513977	0.0	0.001772421127259837	0.0	0.0	0.0	0.0	0.0	0.0	0.0	0.0	0.002051473330846699	0.006711409395973154	5.02008032128514E-4	0.0	0.0	0.0	0.0	0.0	0.0	0.0	0.0	0.0	0.0	0.0	0.0	0.0	0.0	0.0	0.0	0.0	0.0	0.0	0.0	0.0	0.0	0.0	0.0	0.0	0.0	0.002376237623762376	0.012910798122065728	0.00737527114967462	0.005010737294201861	0.0027803521779425394	4.528985507246377E-4	7.920792079207921E-4	0.0
	Total # checklists submitted - (Barrow's Goldeneye)	4257	3234	2821	3966	2724	3571	5263	2828	3191	3538	3975	5362	4172	3984	4245	6147	6569	6674	6278	5767	2568	2210	1978	2417	1733	1556	1498	2134	1566	1624	1811	2791	2476	2428	2456	3010	2637	2638	2607	3511	2525	2556	2305	2794	2158	2208	2525	3537
	
Birds Per Party Hour
	Barrow's Goldeneye	1.2057175873334607	0.0	0.3252500391776434	0.0	0.0	0.0	0.0	0.0	0.0	0.0	0.0	0.6718499675034512	0.7052384249418925	0.25396825396825395	0.0	0.0	0.0	0.0	0.0	0.0	0.0	0.0	0.0	0.0	0.0	0.0	0.0	0.0	0.0	0.0	0.0	0.0	0.0	0.0	0.0	0.0	0.0	0.0	0.0	0.0	0.3009301328186777	0.2498493317236889	0.29056817809861835	0.22729729199311585	0.5594426909360976	0.4286326618088298	0.35453690152623873	0.0
	# checklists reporting species - (Barrow's Goldeneye)	10	0.0	6	0.0	0.0	0.0	0.0	0.0	0	0.0	0.0	11	31	2	0.0	0.0	0.0	0.0	0.0	0.0	0.0	0.0	0.0	0.0	0.0	0.0	0.0	0.0	0.0	0.0	0.0	0.0	0.0	0.0	0.0	0.0	0.0	0.0	0.0	0.0	8	43	18	13	9	1	2	0.0
	
High Count
	Barrow's Goldeneye	1	0.0	1	0.0	0.0	0.0	0.0	0.0	1	0.0	0.0	1	1	1	0.0	0.0	0.0	0.0	0.0	0.0	0.0	0.0	0.0	0.0	0.0	0.0	0.0	0.0	0.0	0.0	0.0	0.0	0.0	0.0	0.0	0.0	0.0	0.0	0.0	0.0	1	1	1	1	1	1	1	0.0
	# checklists reporting species - (Barrow's Goldeneye)	10	0.0	6	0.0	0.0	0.0	0.0	0.0	1	0.0	0.0	11	32	2	0.0	0.0	0.0	0.0	0.0	0.0	0.0	0.0	0.0	0.0	0.0	0.0	0.0	0.0	0.0	0.0	0.0	0.0	0.0	0.0	0.0	0.0	0.0	0.0	0.0	0.0	8	48	22	17	9	2	2	0.0
	
Totals
	Barrow's Goldeneye	10	0.0	6	0.0	0.0	0.0	0.0	0.0	1	0.0	0.0	11	32	2	0.0	0.0	0.0	0.0	0.0	0.0	0.0	0.0	0.0	0.0	0.0	0.0	0.0	0.0	0.0	0.0	0.0	0.0	0.0	0.0	0.0	0.0	0.0	0.0	0.0	0.0	8	48	22	17	9	2	2	0.0
	# checklists reporting species - (Barrow's Goldeneye)	10	0.0	6	0.0	0.0	0.0	0.0	0.0	1	0.0	0.0	11	32	2	0.0	0.0	0.0	0.0	0.0	0.0	0.0	0.0	0.0	0.0	0.0	0.0	0.0	0.0	0.0	0.0	0.0	0.0	0.0	0.0	0.0	0.0	0.0	0.0	0.0	0.0	8	48	22	17	9	2	2	0.0
	
Average Count
	Barrow's Goldeneye	1.0	0.0	1.0	0.0	0.0	0.0	0.0	0.0	1.0	0.0	0.0	1.0	1.0	1.0	0.0	0.0	0.0	0.0	0.0	0.0	0.0	0.0	0.0	0.0	0.0	0.0	0.0	0.0	0.0	0.0	0.0	0.0	0.0	0.0	0.0	0.0	0.0	0.0	0.0	0.0	1.0	1.0	1.0	1.0	1.0	1.0	1.0	0.0
	# checklists reporting species - (Barrow's Goldeneye)	10	0.0	6	0.0	0.0	0.0	0.0	0.0	1	0.0	0.0	11	32	2	0.0	0.0	0.0	0.0	0.0	0.0	0.0	0.0	0.0	0.0	0.0	0.0	0.0	0.0	0.0	0.0	0.0	0.0	0.0	0.0	0.0	0.0	0.0	0.0	0.0	0.0	8	48	22	17	9	2	2	0.0
	
