

	Week starting on...	1/1	1/8	1/15	1/22	2/1	2/8	2/15	2/22	3/1	3/8	3/15	3/22	4/1	4/8	4/15	4/22	5/1	5/8	5/15	5/22	6/1	6/8	6/15	6/22	7/1	7/8	7/15	7/22	8/1	8/8	8/15	8/22	9/1	9/8	9/15	9/22	10/1	10/8	10/15	10/22	11/1	11/8	11/15	11/22	12/1	12/8	12/15	12/22
Frequency (%)
	Redhead	14.587737843551796	13.388991960420531	13.25771003190358	15.73373676248109	16.92364170337739	11.005320638476618	9.63328899866996	16.831683168316832	15.73174553431526	15.799886941775016	15.849056603773585	10.331965684446102	10.162991371045061	8.082329317269076	7.726737338044759	3.351228241418578	1.0960572385446796	0.92897812406353	1.0990761388977381	0.8323218311080285	0.1557632398753894	0.22624434389140274	0.20222446916076847	0.7860984691766653	0.0	0.1928020565552699	0.20026702269692925	0.0	0.06385696040868455	0.43103448275862066	0.6073992269464384	0.7882479398065209	1.3731825525040386	2.800658978583196	3.542345276872964	4.219269102990033	4.550625711035267	6.254738438210766	6.597621787495206	8.145827399601254	8.712871287128712	10.289514866979657	9.370932754880695	9.198282032927702	10.797034291010196	13.451086956521738	10.574257425742575	13.486005089058525
	Total # checklists submitted - (Redhead)	4257	3234	2821	3966	2724	3571	5263	2828	3191	3538	3975	5362	4172	3984	4245	6147	6569	6674	6278	5767	2568	2210	1978	2417	1733	1556	1498	2134	1566	1624	1811	2791	2476	2428	2456	3010	2637	2638	2607	3511	2525	2556	2305	2794	2158	2208	2525	3537
	
Abundance
	Redhead	18.29739252995067	14.456400742115028	9.876993973768167	10.473020675743822	9.20704845814978	3.5303836460375244	3.962948888466654	7.902404526166903	9.15167659041053	10.338892029395138	3.5119496855345913	1.5660201417381574	1.0522531160115052	0.5770582329317269	0.303886925795053	0.12493899463152758	0.031359415436139446	0.025322145639796224	0.02564510990761389	0.01924744234437316	0.0050623052959501555	0.0036199095022624436	0.0025278058645096056	0.008688456764584195	0.0	0.002570694087403599	0.0020026702269692926	0.0	6.385696040868455E-4	0.0049261083743842365	0.01932633903920486	0.042637047653170904	0.05290791599353797	0.09596375617792421	0.16978827361563517	0.1823920265780731	0.291998483124763	0.6660348749052313	0.7529727656309935	1.4246653375106808	2.7588118811881186	5.80359937402191	7.061605206073753	8.85075161059413	11.021316033364226	16.76268115942029	18.12237623762376	17.063613231552164
	Total # checklists submitted - (Redhead)	4257	3234	2821	3966	2724	3571	5263	2828	3191	3538	3975	5362	4172	3984	4245	6147	6569	6674	6278	5767	2568	2210	1978	2417	1733	1556	1498	2134	1566	1624	1811	2791	2476	2428	2456	3010	2637	2638	2607	3511	2525	2556	2305	2794	2158	2208	2525	3537
	
Birds Per Party Hour
	Redhead	123.67936926700764	108.09274620423099	70.30669826288724	81.20404179093961	55.91721202752869	57.56163537504747	40.31422231974458	43.74080322546778	52.06871310874503	55.07291665746778	16.861353339797077	8.722965990497167	4.798324557113084	5.033599257243906	1.7988082834558456	1.6520615206208036	0.8673703354733144	0.9020053214158223	1.4905760812989464	0.9509623654296802	8.93918659217408	1.0349273282598381	1.1875468867216805	0.6640301217126616	0.0	0.33634456230329873	0.40677674578603373	0.0	0.1034340091021928	0.605133779560678	1.1758082283067008	2.03168023397108	1.4425254052280925	1.06205655497307	1.7350103062043043	1.4615688816309573	2.7224467904465612	3.455063062948059	4.165721939177547	6.872431197856173	9.700123045617243	45.57796265545054	63.07080233802122	105.64932489727607	63.30549522908254	98.54917860903615	127.50064351113875	122.67526307831066
	# checklists reporting species - (Redhead)	566	401	349	588	424	366	487	449	454	521	590	515	408	313	319	202	65	64	67	47	5	6	4	21	0.0	3	3	0.0	2	7	11	22	34	70	90	133	124	163	164	271	208	243	197	233	208	265	251	446
	
High Count
	Redhead	2500	2138	2000	2500	1200	500	2000	1500	1350	1350	1350	500	359	100	40	40	15	10	9	8	6	3	2	2	0.0	2	1	0.0	1	2	7	25	12	10	21	30	25	58	55	100	306	790	600	1000	1500	1650	1830	1288
	# checklists reporting species - (Redhead)	661	466	399	675	484	411	539	503	536	605	671	586	447	344	347	225	77	68	74	52	6	7	4	22	0.0	3	3	0.0	2	7	13	27	37	72	96	140	134	182	193	313	243	285	232	287	260	332	295	509
	
Totals
	Redhead	79280	51203	29074	45570	25473	12732	21241	22540	30198	37353	14376	8455	4596	2372	1337	794	210	181	165	118	20	12	5	24	0.0	4	3	0.0	2	8	41	144	141	245	462	586	818	1924	2155	5413	7250	15133	17083	25245	24486	39618	49584	61377
	# checklists reporting species - (Redhead)	582	419	357	612	431	377	503	460	464	532	602	533	415	317	325	207	67	66	68	48	6	7	4	22	0.0	3	3	0.0	2	7	13	27	37	72	95	138	131	177	177	287	217	246	206	239	215	280	260	454
	
Average Count
	Redhead	136.21993127147766	122.20286396181385	81.43977591036415	74.46078431372548	59.10208816705337	33.771883289124666	42.2286282306163	49.0	65.08189655172414	70.2124060150376	23.880398671096344	15.863039399624766	11.074698795180723	7.482649842271293	4.113846153846154	3.8357487922705316	3.1343283582089554	2.742424242424242	2.426470588235294	2.4583333333333335	3.3333333333333335	1.7142857142857142	1.25	1.0909090909090908	0.0	1.3333333333333333	1.0	0.0	1.0	1.1428571428571428	3.1538461538461537	5.333333333333333	3.810810810810811	3.4027777777777777	4.863157894736842	4.246376811594203	6.244274809160306	10.870056497175142	12.175141242937853	18.860627177700348	33.41013824884793	61.516260162601625	82.92718446601941	105.6276150627615	113.88837209302325	141.49285714285713	190.7076923076923	135.19162995594715
	# checklists reporting species - (Redhead)	582	419	357	612	431	377	503	460	464	532	602	533	415	317	325	207	67	66	68	48	6	7	4	22	0.0	3	3	0.0	2	7	13	27	37	72	95	138	131	177	177	287	217	246	206	239	215	280	260	454
	
