

	Week starting on...	1/1	1/8	1/15	1/22	2/1	2/8	2/15	2/22	3/1	3/8	3/15	3/22	4/1	4/8	4/15	4/22	5/1	5/8	5/15	5/22	6/1	6/8	6/15	6/22	7/1	7/8	7/15	7/22	8/1	8/8	8/15	8/22	9/1	9/8	9/15	9/22	10/1	10/8	10/15	10/22	11/1	11/8	11/15	11/22	12/1	12/8	12/15	12/22
Frequency (%)
	Golden-crowned Kinglet	5.02701432933991	3.896103896103896	2.871322226160936	2.546646495209279	2.23935389133627	1.1481377765331842	1.1400342010260307	2.0155586987270153	1.9429645879034785	1.921989824759751	4.0754716981132075	14.378963073480044	27.804410354745922	39.20682730923695	29.23439340400471	19.066211159915404	8.220429289085097	1.8879232843871743	0.8760751831793565	0.017340038148083926	0.03894080996884735	0.0	0.0	0.0	0.0	0.0	0.0	0.0	0.0	0.0	0.05521811154058532	0.03582945180938731	0.04038772213247173	0.4942339373970346	5.252442996742671	17.408637873754156	39.09745923397801	41.54662623199393	40.12274645186037	42.97920820279123	26.21782178217822	19.28794992175274	13.058568329718003	9.234073013600574	8.480074142724744	7.427536231884058	7.049504950495049	6.191687871077184
	Total # checklists submitted - (Golden-crowned Kinglet)	4257	3234	2821	3966	2724	3571	5263	2828	3191	3538	3975	5362	4172	3984	4245	6147	6569	6674	6278	5767	2568	2210	1978	2417	1733	1556	1498	2134	1566	1624	1811	2791	2476	2428	2456	3010	2637	2638	2607	3511	2525	2556	2305	2794	2158	2208	2525	3537
	
Abundance
	Golden-crowned Kinglet	0.10335917312661498	0.07482993197278912	0.05565402339595888	0.04563792233988906	0.03671071953010279	0.019882385886306357	0.01995059851795554	0.033592644978783594	0.036979003447195236	0.035613340870548335	0.07723270440251573	0.69656844461022	1.7188398849472675	2.8298192771084336	1.5321554770318022	0.7016430779241907	0.18389404780027402	0.024722804914593947	0.010990761388977381	1.7340038148083925E-4	3.894080996884735E-4	0.0	0.0	0.0	0.0	0.0	0.0	0.0	0.0	0.0	0.0022087244616234127	3.5829451809387314E-4	4.038772213247173E-4	0.01070840197693575	0.1453583061889251	1.9006644518272424	4.716723549488054	4.0689916603487495	3.196777905638665	3.430646539447451	1.1663366336633663	0.7562597809076682	0.3527114967462039	0.2294201861130995	0.20713623725671917	0.16576086956521738	0.16237623762376238	0.1396663839411931
	Total # checklists submitted - (Golden-crowned Kinglet)	4257	3234	2821	3966	2724	3571	5263	2828	3191	3538	3975	5362	4172	3984	4245	6147	6569	6674	6278	5767	2568	2210	1978	2417	1733	1556	1498	2134	1566	1624	1811	2791	2476	2428	2456	3010	2637	2638	2607	3511	2525	2556	2305	2794	2158	2208	2525	3537
	
Birds Per Party Hour
	Golden-crowned Kinglet	1.5752503714471129	1.3358391570917454	1.7221108222829997	1.4121660558460332	1.5637418137997379	1.2498338994720855	0.8946183192094019	1.2119235875234524	1.538013390947451	1.1863341479716918	1.3269376174168028	3.664081343983826	4.484199924192523	5.626587571729802	4.421537016122229	2.9089658447482982	1.411071280855174	0.7220839286067381	0.8032035315617807	0.16854879487611663	4.0	0.0	0.0	0.0	0.0	0.0	0.0	0.0	0.0	0.0	1.8042399639152007	0.27909572983533354	0.6317119393556538	1.3436845531160477	1.4878656640218402	5.019177758495257	6.27175206602441	5.64877877934273	5.773772387206015	4.918363248572814	2.9946225808603137	2.6611544615867255	1.7953717307678392	2.077824002013014	1.5610741829589636	1.7581401643282253	1.2265224914256463	1.2997455636516628
	# checklists reporting species - (Golden-crowned Kinglet)	219	129	83	102	61	42	63	56	63	74	159	798	1180	1542	1222	1181	551	133	54	1	1	0.0	0.0	0.0	0.0	0.0	0.0	0.0	0.0	0.0	1	1	1	12	135	539	1053	1106	1051	1521	673	493	310	268	187	167	180	218
	
High Count
	Golden-crowned Kinglet	10	9	7	11	4	6	7	4	10	7	30	85	85	100	200	61	25	6	5	1	1	0.0	0.0	0.0	0.0	0.0	0.0	0.0	0.0	0.0	4	1	1	6	22	600	500	350	157	742	30	45	22	12	20	10	20	13
	# checklists reporting species - (Golden-crowned Kinglet)	227	138	90	111	68	44	66	63	69	82	182	845	1259	1681	1332	1258	579	139	58	1	1	0.0	0.0	0.0	0.0	0.0	0.0	0.0	0.0	0.0	1	1	1	13	148	606	1172	1229	1169	1664	722	534	332	292	201	184	192	231
	
Totals
	Golden-crowned Kinglet	468	265	170	199	111	74	112	101	127	146	350	3949	7656	11818	6742	4533	1277	187	73	1	1	0.0	0.0	0.0	0.0	0.0	0.0	0.0	0.0	0.0	4	1	1	26	409	6150	13204	11519	8867	12820	3085	2042	870	709	488	397	433	514
	# checklists reporting species - (Golden-crowned Kinglet)	225	138	90	108	67	44	66	62	68	82	173	828	1225	1596	1260	1205	554	136	54	1	1	0.0	0.0	0.0	0.0	0.0	0.0	0.0	0.0	0.0	1	1	1	12	144	583	1113	1163	1107	1577	700	517	325	289	200	182	188	227
	
Average Count
	Golden-crowned Kinglet	2.08	1.9202898550724639	1.8888888888888888	1.8425925925925926	1.6567164179104477	1.6818181818181819	1.696969696969697	1.6290322580645162	1.8676470588235294	1.7804878048780488	2.023121387283237	4.769323671497585	6.249795918367347	7.404761904761905	5.35079365079365	3.761825726141079	2.3050541516245486	1.375	1.3518518518518519	1.0	1.0	0.0	0.0	0.0	0.0	0.0	0.0	0.0	0.0	0.0	4.0	1.0	1.0	2.1666666666666665	2.8402777777777777	10.548885077186965	11.863432165318958	9.904557179707652	8.009936766034327	8.129359543436905	4.4071428571428575	3.9497098646034816	2.6769230769230767	2.453287197231834	2.44	2.181318681318681	2.3031914893617023	2.26431718061674
	# checklists reporting species - (Golden-crowned Kinglet)	225	138	90	108	67	44	66	62	68	82	173	828	1225	1596	1260	1205	554	136	54	1	1	0.0	0.0	0.0	0.0	0.0	0.0	0.0	0.0	0.0	1	1	1	12	144	583	1113	1163	1107	1577	700	517	325	289	200	182	188	227
	
