

	Week starting on...	1/1	1/8	1/15	1/22	2/1	2/8	2/15	2/22	3/1	3/8	3/15	3/22	4/1	4/8	4/15	4/22	5/1	5/8	5/15	5/22	6/1	6/8	6/15	6/22	7/1	7/8	7/15	7/22	8/1	8/8	8/15	8/22	9/1	9/8	9/15	9/22	10/1	10/8	10/15	10/22	11/1	11/8	11/15	11/22	12/1	12/8	12/15	12/22
Frequency (%)
	Blue-headed Vireo	0.0	0.0	0.0	0.0	0.0	0.0	0.0	0.0	0.0	0.0	0.0	0.0	0.0	0.0502008032128514	0.7773851590106008	4.473727021311209	15.618815649261682	11.432424333233444	12.615482637782732	1.5779434714756375	0.0	0.0	0.05055611729019212	0.0	0.0	0.0	0.0	0.046860356138706656	0.0	0.06157635467980296	0.16565433462175594	0.21497671085632392	0.8481421647819063	1.8121911037891267	4.112377850162866	5.747508305647841	11.30072051573758	6.406368460955269	3.222094361334868	1.481059527200228	0.39603960396039606	0.11737089201877934	0.1301518438177874	0.0	0.0	0.04528985507246377	0.0	0.0
	Total # checklists submitted - (Blue-headed Vireo)	4257	3234	2821	3966	2724	3571	5263	2828	3191	3538	3975	5362	4172	3984	4245	6147	6569	6674	6278	5767	2568	2210	1978	2417	1733	1556	1498	2134	1566	1624	1811	2791	2476	2428	2456	3010	2637	2638	2607	3511	2525	2556	2305	2794	2158	2208	2525	3537
	
Abundance
	Blue-headed Vireo	0.0	0.0	0.0	0.0	0.0	0.0	0.0	0.0	0.0	0.0	0.0	0.0	0.0	5.02008032128514E-4	0.009658421672555949	0.057426386855376606	0.2797990561729335	0.17530716212166617	0.19066581713921632	0.016819837003641407	0.0	0.0	5.055611729019212E-4	0.0	0.0	0.0	0.0	4.6860356138706655E-4	0.0	6.157635467980296E-4	0.0016565433462175593	0.002149767108563239	0.009693053311793215	0.02059308072487644	0.06026058631921824	0.07906976744186046	0.1751990898748578	0.07884761182714177	0.04065976217874952	0.015665052691540872	0.0039603960396039604	0.001564945226917058	0.0013015184381778742	0.0	0.0	4.528985507246377E-4	0.0	0.0
	Total # checklists submitted - (Blue-headed Vireo)	4257	3234	2821	3966	2724	3571	5263	2828	3191	3538	3975	5362	4172	3984	4245	6147	6569	6674	6278	5767	2568	2210	1978	2417	1733	1556	1498	2134	1566	1624	1811	2791	2476	2428	2456	3010	2637	2638	2607	3511	2525	2556	2305	2794	2158	2208	2525	3537
	
Birds Per Party Hour
	Blue-headed Vireo	0.0	0.0	0.0	0.0	0.0	0.0	0.0	0.0	0.0	0.0	0.0	0.0	0.0	0.31653428284488266	0.7993275569140366	0.8933487674534193	1.0596015699909849	0.8811538313605946	0.8627601444831633	0.4641133565560117	0.0	0.0	0.3333333333333333	0.0	0.0	0.0	0.0	0.5	0.0	0.0	0.5476190476190477	0.6125601438609569	0.6888179489702622	0.5625614664981791	0.640173071758377	0.7016099648550158	1.1190016037897594	0.7148228102107986	0.7536003791060331	0.7720957822440259	0.681730108261364	0.369784473739276	0.5386691809555275	0.0	0.0	2.0	0.0	0.0
	# checklists reporting species - (Blue-headed Vireo)	0.0	0.0	0.0	0.0	0.0	0.0	0.0	0.0	0.0	0.0	0.0	0.0	0.0	2	34	293	1093	798	831	99	0.0	0.0	1	2	1	0.0	0.0	1	0.0	0	3	9	22	51	108	183	299	172	89	58	10	3	4	0.0	0.0	1	0.0	0.0
	
High Count
	Blue-headed Vireo	0.0	0.0	0.0	0.0	0.0	0.0	0.0	0.0	0.0	0.0	0.0	0.0	0.0	1	3	4	15	20	11	2	0.0	0.0	1	1	1	0.0	0.0	1	0.0	1	1	2	4	3	6	11	14	5	6	2	1	2	1	0.0	0.0	1	0.0	0.0
	# checklists reporting species - (Blue-headed Vireo)	0.0	0.0	0.0	0.0	0.0	0.0	0.0	0.0	0.0	0.0	0.0	0.0	0.0	2	38	305	1129	836	862	104	0.0	0.0	1	2	1	0.0	0.0	1	0.0	1	3	9	22	56	118	193	320	188	93	59	10	3	4	0.0	0.0	1	0.0	0.0
	
Totals
	Blue-headed Vireo	0.0	0.0	0.0	0.0	0.0	0.0	0.0	0.0	0.0	0.0	0.0	0.0	0.0	2	44	388	2001	1273	1285	110	0.0	0.0	1	2	1	0.0	0.0	1	0.0	1	3	10	25	62	172	259	496	235	115	62	10	4	4	0.0	0.0	1	0.0	0.0
	# checklists reporting species - (Blue-headed Vireo)	0.0	0.0	0.0	0.0	0.0	0.0	0.0	0.0	0.0	0.0	0.0	0.0	0.0	2	35	296	1114	820	844	100	0.0	0.0	1	2	1	0.0	0.0	1	0.0	1	3	9	22	54	116	191	315	183	93	59	10	3	4	0.0	0.0	1	0.0	0.0
	
Average Count
	Blue-headed Vireo	0.0	0.0	0.0	0.0	0.0	0.0	0.0	0.0	0.0	0.0	0.0	0.0	0.0	1.0	1.2571428571428571	1.3108108108108107	1.796229802513465	1.552439024390244	1.5225118483412323	1.1	0.0	0.0	1.0	1.0	1.0	0.0	0.0	1.0	0.0	1.0	1.0	1.1111111111111112	1.1363636363636365	1.1481481481481481	1.4827586206896552	1.356020942408377	1.5746031746031746	1.284153005464481	1.2365591397849462	1.0508474576271187	1.0	1.3333333333333333	1.0	0.0	0.0	1.0	0.0	0.0
	# checklists reporting species - (Blue-headed Vireo)	0.0	0.0	0.0	0.0	0.0	0.0	0.0	0.0	0.0	0.0	0.0	0.0	0.0	2	35	296	1114	820	844	100	0.0	0.0	1	2	1	0.0	0.0	1	0.0	1	3	9	22	54	116	191	315	183	93	59	10	3	4	0.0	0.0	1	0.0	0.0
	
