

	Week starting on...	1/1	1/8	1/15	1/22	2/1	2/8	2/15	2/22	3/1	3/8	3/15	3/22	4/1	4/8	4/15	4/22	5/1	5/8	5/15	5/22	6/1	6/8	6/15	6/22	7/1	7/8	7/15	7/22	8/1	8/8	8/15	8/22	9/1	9/8	9/15	9/22	10/1	10/8	10/15	10/22	11/1	11/8	11/15	11/22	12/1	12/8	12/15	12/22
Frequency (%)
	Blue Jay	11.416490486257928	10.636982065553493	11.62708259482453	11.169944528492183	11.563876651982378	11.64939792775133	11.970359110773323	11.598302687411598	12.566593544343466	14.386659129451667	16.150943396226413	17.903767251025737	16.778523489932887	17.720883534136547	17.620730270906947	22.35236700829673	37.037600852488964	42.822894815702725	46.463841987894234	40.124848274666206	31.191588785046733	29.457013574660635	24.924165824064712	23.789822093504345	23.71609924985574	24.03598971722365	23.63150867823765	23.89878163074039	26.947637292464876	25.184729064039406	28.713418001104362	34.037979218917954	40.54927302100161	47.28171334431631	65.14657980456026	66.31229235880399	63.89836935912021	58.605003790750565	48.86843114691216	41.3557391056679	34.21782178217822	29.890453834115803	25.683297180043386	22.97780959198282	20.25023169601483	17.07427536231884	19.128712871287128	12.920554141928186
	Total # checklists submitted - (Blue Jay)	4257	3234	2821	3966	2724	3571	5263	2828	3191	3538	3975	5362	4172	3984	4245	6147	6569	6674	6278	5767	2568	2210	1978	2417	1733	1556	1498	2134	1566	1624	1811	2791	2476	2428	2456	3010	2637	2638	2607	3511	2525	2556	2305	2794	2158	2208	2525	3537
	
Abundance
	Blue Jay	0.23185341789992953	0.22820037105751392	0.25239276852180076	0.22138174483106404	0.2393538913362702	0.24306916830019604	0.23731711951358542	0.21676096181046675	0.23597618301472892	0.29084228377614474	0.32	0.3558373741141365	0.312320230105465	0.3160140562248996	0.3387514723203769	0.7460549861721165	3.327142639671183	3.488462691039856	3.841510035043007	1.940697069533553	0.713006230529595	0.5841628959276018	0.4332659251769464	0.42738932561026066	0.4218118869013272	0.4787917737789203	0.5006675567423231	0.5365510777881912	0.5676883780332056	0.6342364532019704	0.7316399779127554	0.9476890003582945	1.2233441033925687	2.991350906095552	16.125	41.256810631229236	19.721653394008342	8.857088703563306	3.94783275795934	1.7681572201651952	1.0811881188118813	0.6283255086071987	0.5188720173535791	0.4659985683607731	0.39620018535681184	0.411231884057971	0.6039603960396039	0.27876731693525586
	Total # checklists submitted - (Blue Jay)	4257	3234	2821	3966	2724	3571	5263	2828	3191	3538	3975	5362	4172	3984	4245	6147	6569	6674	6278	5767	2568	2210	1978	2417	1733	1556	1498	2134	1566	1624	1811	2791	2476	2428	2456	3010	2637	2638	2607	3511	2525	2556	2305	2794	2158	2208	2525	3537
	
Birds Per Party Hour
	Blue Jay	4.639131943190128	2.8824705405549915	3.2855018003959158	3.4190161910660493	3.92407670313754	4.8356999191774515	3.740625531360457	3.1218400029365205	3.033486155483924	3.6981582133582855	3.1357239507362067	3.0727517886968623	2.5547294771383515	2.8024436328763156	2.581324366102432	3.63244341323165	5.785975101590542	6.327330552200621	5.3172184156056295	3.4182286365379784	2.906283257057076	3.207166765276291	2.4744531018837748	4.3943007410523816	2.8783499479500505	3.1995458552148333	2.979341825165148	3.304133745590093	2.39826121738191	3.3739939785080675	2.9240290599857026	3.3368154820759632	3.7386544937313526	4.617940631446251	14.532121232012182	29.007342965973663	18.94103953634504	8.324793034907497	5.4116481109938155	3.59114078873189	3.1115050364116446	2.603873588727829	2.6423676544549357	2.72133412301117	2.48530949419246	2.808984870391922	2.3356842023447713	3.400980278457879
	# checklists reporting species - (Blue Jay)	504	364	340	468	336	433	658	345	421	526	657	994	724	732	768	1396	2432	2906	2930	2326	819	644	503	597	418	382	363	500	418	416	515	944	982	1166	1632	2018	1708	1544	1300	1497	884	783	605	669	463	389	501	468
	
High Count
	Blue Jay	15	12	14	10	22	44	19	9	11	14	12	20	15	15	20	250	2500	1500	650	220	42	42	14	13	20	14	15	40	13	20	24	45	40	900	4085	5750	3600	5275	500	150	555	15	17	18	10	37	45	15
	# checklists reporting species - (Blue Jay)	538	385	352	487	359	448	682	362	444	550	693	1030	773	771	815	1478	2628	3108	3146	2487	896	705	542	638	470	409	392	549	459	441	570	1030	1089	1255	1785	2251	1902	1712	1408	1594	938	822	632	702	484	404	529	490
	
Totals
	Blue Jay	1058	801	746	941	716	920	1352	667	798	1083	1356	1994	1396	1351	1536	4845	22771	24476	25149	11592	1978	1380	934	1117	797	793	814	1201	933	1074	1425	2794	3196	8861	51470	138542	55913	24801	10844	6475	2833	1717	1246	1394	921	947	1631	1034
	# checklists reporting species - (Blue Jay)	515	375	344	476	345	441	667	352	426	538	666	1008	737	749	794	1424	2508	2989	2997	2384	843	673	519	612	430	389	371	518	423	424	541	987	1017	1209	1704	2125	1793	1626	1355	1540	903	803	617	681	471	395	521	478
	
Average Count
	Blue Jay	2.0543689320388347	2.136	2.1686046511627906	1.976890756302521	2.07536231884058	2.0861678004535147	2.026986506746627	1.8948863636363635	1.8732394366197183	2.013011152416357	2.036036036036036	1.9781746031746033	1.8941655359565808	1.8037383177570094	1.9345088161209067	3.4023876404494384	9.079346092503988	8.188691870190699	8.391391391391391	4.8624161073825505	2.34638196915777	2.050520059435364	1.7996146435452793	1.8251633986928104	1.8534883720930233	2.038560411311054	2.1940700808625335	2.3185328185328187	2.2056737588652484	2.5330188679245285	2.6340110905730127	2.8308004052684903	3.1425762045231074	7.3291976840363935	30.205399061032864	65.19623529411764	31.1840490797546	15.252767527675276	8.002952029520296	4.204545454545454	3.1373200442967883	2.1382316313823164	2.0194489465153973	2.0469897209985315	1.9554140127388535	2.3974683544303796	3.1305182341650672	2.1631799163179917
	# checklists reporting species - (Blue Jay)	515	375	344	476	345	441	667	352	426	538	666	1008	737	749	794	1424	2508	2989	2997	2384	843	673	519	612	430	389	371	518	423	424	541	987	1017	1209	1704	2125	1793	1626	1355	1540	903	803	617	681	471	395	521	478
	
