

	Week starting on...	1/1	1/8	1/15	1/22	2/1	2/8	2/15	2/22	3/1	3/8	3/15	3/22	4/1	4/8	4/15	4/22	5/1	5/8	5/15	5/22	6/1	6/8	6/15	6/22	7/1	7/8	7/15	7/22	8/1	8/8	8/15	8/22	9/1	9/8	9/15	9/22	10/1	10/8	10/15	10/22	11/1	11/8	11/15	11/22	12/1	12/8	12/15	12/22
Frequency (%)
	Double-crested Cormorant	0.8926474042753112	0.6184291898577613	0.28358738036157394	0.15128593040847202	0.03671071953010279	0.0	0.1330039901197036	0.07072135785007072	0.12535255405828893	0.2826455624646693	2.4654088050314464	11.450951137635212	28.7392138063279	40.21084337349398	45.583038869257955	52.72490645843501	51.286344953569795	44.18639496553791	40.42688754380376	42.70851395873071	30.101246105919007	28.054298642533936	25.68250758341759	21.472900289615225	24.812463935372186	26.606683804627252	30.173564753004005	34.20805998125586	37.03703703703704	37.99261083743842	41.46880176697957	41.848799713364386	45.55735056542811	41.886326194398684	37.1742671009772	36.943521594684384	32.72658323852863	32.52463987869598	32.06751054852321	28.766733124465965	21.06930693069307	14.2018779342723	10.065075921908893	4.617036506800287	3.104726598702502	1.8115942028985508	2.376237623762376	2.035623409669211
	Total # checklists submitted - (Double-crested Cormorant)	4257	3234	2821	3966	2724	3571	5263	2828	3191	3538	3975	5362	4172	3984	4245	6147	6569	6674	6278	5767	2568	2210	1978	2417	1733	1556	1498	2134	1566	1624	1811	2791	2476	2428	2456	3010	2637	2638	2607	3511	2525	2556	2305	2794	2158	2208	2525	3537
	
Abundance
	Double-crested Cormorant	0.013859525487432463	0.017625231910946195	0.002835873803615739	0.0022692889561270802	3.671071953010279E-4	0.0	0.0022800684020520615	7.072135785007072E-4	0.0012535255405828893	0.0031091011871113624	0.10842767295597484	1.5548302872062663	7.142377756471716	22.456074297188756	43.836513545347465	72.42297055474215	77.90668290455169	60.48996104285286	72.65514495062122	112.80319056701924	74.88707165109034	51.96153846153846	45.7103134479272	30.142738932561027	34.79861511829198	40.77377892030848	85.61615487316422	91.52999062792877	108.47190293742018	131.4704433497537	140.93097736057427	122.78144034396274	62.16074313408724	31.622322899505765	13.007328990228013	8.458803986710963	8.418657565415245	5.944275966641395	8.973149213655542	4.2879521503845055	1.3556435643564357	0.3470266040688576	0.23427331887201736	0.07659269863994274	0.04494902687673772	0.0276268115942029	0.042772277227722776	0.03477523324851569
	Total # checklists submitted - (Double-crested Cormorant)	4257	3234	2821	3966	2724	3571	5263	2828	3191	3538	3975	5362	4172	3984	4245	6147	6569	6674	6278	5767	2568	2210	1978	2417	1733	1556	1498	2134	1566	1624	1811	2791	2476	2428	2456	3010	2637	2638	2607	3511	2525	2556	2305	2794	2158	2208	2525	3537
	
Birds Per Party Hour
	Double-crested Cormorant	3.838204685315625	8.148736182797652	1.3445769956562805	6.504043880797783	1.0	0.0	0.4798352546162548	0.4076404694961396	7.744365459102301	0.47989527784764335	1.5341871484240557	6.219649593873819	11.33342478210267	24.33753826988709	50.77581719019764	63.1013695663854	65.10856707448765	68.44786919944713	116.74971786819559	143.8028113691028	156.58518793080304	112.9622900362227	229.1570106677305	263.51466426478714	107.98826596636857	78.42914581078212	171.81975293904546	169.78841058095978	179.41946653392003	290.2298344778051	144.75920974968318	172.83521313163146	73.14116210567234	38.252725356914624	21.99970557453104	14.303578394384221	22.46425697124697	12.10362028699469	12.408876476411834	6.341729160713637	5.12068983242502	1.515096635203898	1.334147163204159	1.8577449664581827	0.8947323148332215	2.5195579947248223	1.1360039267302737	2.139693907519736
	# checklists reporting species - (Double-crested Cormorant)	39	22	10	5	1	0.0	7	3	5	11	102	606	1139	1505	1759	2978	3039	2655	2177	2059	674	556	464	483	377	381	426	661	525	572	677	1032	1010	946	845	1040	829	822	814	988	536	365	236	135	69	41	60	72
	
High Count
	Double-crested Cormorant	8	9	2	2	1	0.0	6	15	1	5	60	300	1300	3900	5270	8000	10000	7080	7145	10000	6000	5000	6800	5000	8000	5000	5000	5000	13610	15000	15000	20000	6000	9999	1000	550	560	1000	1660	835	350	24	120	50	13	9	11	18
	# checklists reporting species - (Double-crested Cormorant)	43	23	11	6	2	0.0	7	4	5	12	112	664	1281	1696	2063	3436	3571	3111	2661	2636	822	658	542	559	459	448	494	791	624	673	815	1254	1194	1087	992	1191	930	926	903	1091	569	391	250	147	70	46	66	73
	
Totals
	Double-crested Cormorant	66	61	12	9	2	0.0	12	18	5	17	496	8756	30945	90956	192733	452130	519761	412894	463611	663759	193735	120954	91990	78116	60745	70505	137412	200020	182342	234599	263628	378916	160766	82129	33496	26441	22909	16446	24656	15623	3542	930	570	239	112	67	117	124
	# checklists reporting species - (Double-crested Cormorant)	43	23	11	6	2	0.0	7	4	5	12	110	642	1180	1545	1806	3035	3088	2677	2200	2088	684	567	470	498	382	386	430	671	531	579	683	1046	1021	960	866	1060	842	847	837	1028	555	380	244	143	70	46	64	73
	
Average Count
	Double-crested Cormorant	1.5348837209302326	2.652173913043478	1.0909090909090908	1.5	1.0	0.0	1.7142857142857142	4.5	1.0	1.4166666666666667	4.509090909090909	13.638629283489097	26.22457627118644	58.87119741100324	106.71816168327796	148.97199341021417	168.3163860103627	154.23757937990288	210.73227272727271	317.89224137931035	283.23830409356725	213.32275132275132	195.72340425531914	156.859437751004	159.01832460732984	182.65544041450778	319.5627906976744	298.0923994038748	343.39359698681733	405.1796200345423	385.9853587115666	362.25239005736137	157.45935357492655	85.55104166666666	38.67898383371824	24.94433962264151	27.207838479809975	19.41676505312869	29.45758661887694	15.197470817120623	6.381981981981982	2.4473684210526314	2.3360655737704916	1.6713286713286712	1.6	1.4565217391304348	1.828125	1.6986301369863013
	# checklists reporting species - (Double-crested Cormorant)	43	23	11	6	2	0.0	7	4	5	12	110	642	1180	1545	1806	3035	3088	2677	2200	2088	684	567	470	498	382	386	430	671	531	579	683	1046	1021	960	866	1060	842	847	837	1028	555	380	244	143	70	46	64	73
	
