

	Week starting on...	1/1	1/8	1/15	1/22	2/1	2/8	2/15	2/22	3/1	3/8	3/15	3/22	4/1	4/8	4/15	4/22	5/1	5/8	5/15	5/22	6/1	6/8	6/15	6/22	7/1	7/8	7/15	7/22	8/1	8/8	8/15	8/22	9/1	9/8	9/15	9/22	10/1	10/8	10/15	10/22	11/1	11/8	11/15	11/22	12/1	12/8	12/15	12/22
Frequency (%)
	Least Flycatcher	0.0	0.0	0.0	0.0	0.0	0.0	0.0	0.0	0.0	0.0	0.0	0.0	0.0	0.0	0.0	0.08134049129656742	7.459278428984625	15.118369793227448	32.57406817457789	18.449800589561296	5.996884735202492	2.5339366515837103	1.9716885743174923	0.9102192800992966	1.9042123485285631	1.0282776349614395	1.268357810413885	1.874414245548266	2.10727969348659	4.864532019704434	9.828823854224185	13.722680042995341	14.620355411954765	12.602965403624383	6.840390879478828	2.1926910299003324	0.6067500948047023	0.1516300227445034	0.0	0.05696382796923954	0.039603960396039604	0.0	0.0	0.0	0.0	0.0	0.0	0.0
	Total # checklists submitted - (Least Flycatcher)	4257	3234	2821	3966	2724	3571	5263	2828	3191	3538	3975	5362	4172	3984	4245	6147	6569	6674	6278	5767	2568	2210	1978	2417	1733	1556	1498	2134	1566	1624	1811	2791	2476	2428	2456	3010	2637	2638	2607	3511	2525	2556	2305	2794	2158	2208	2525	3537
	
Abundance
	Least Flycatcher	0.0	0.0	0.0	0.0	0.0	0.0	0.0	0.0	0.0	0.0	0.0	0.0	0.0	0.0	0.0	8.134049129656743E-4	0.10991018419850815	0.3179502547198082	0.8749601784007646	0.3835616438356164	0.08099688473520249	0.03076923076923077	0.024266936299292215	0.013239553165080678	0.025389497980380843	0.014138817480719794	0.012683578104138851	0.022492970946579195	0.027458492975734355	0.08251231527093596	0.20320265046935396	0.2855607309208169	0.3081583198707593	0.21663920922570015	0.10749185667752444	0.02524916943521595	0.006067500948047023	0.0018953752843062926	0.0	5.696382796923954E-4	3.9603960396039607E-4	0.0	0.0	0.0	0.0	0.0	0.0	0.0
	Total # checklists submitted - (Least Flycatcher)	4257	3234	2821	3966	2724	3571	5263	2828	3191	3538	3975	5362	4172	3984	4245	6147	6569	6674	6278	5767	2568	2210	1978	2417	1733	1556	1498	2134	1566	1624	1811	2791	2476	2428	2456	3010	2637	2638	2607	3511	2525	2556	2305	2794	2158	2208	2525	3537
	
Birds Per Party Hour
	Least Flycatcher	0.0	0.0	0.0	0.0	0.0	0.0	0.0	0.0	0.0	0.0	0.0	0.0	0.0	0.0	0.0	1.0186745655221898	1.0674200429063696	1.190822474602085	1.4434278925466166	1.0384373060491237	1.0350838189306677	1.228919581699402	1.1674223008165647	0.7341349753198012	1.0328365321886932	0.6268198355287616	0.5249006332352055	0.645415749108672	0.6367637551723387	0.6311252029812792	1.2641712991082967	1.3624201308607513	0.9388655254918246	0.9932059221300414	1.0242796353925574	0.6229733083357645	0.3645340505007371	0.2988132845323616	0.0	0.6550059149064394	0.46146746654360865	0.0	0.0	0.0	0.0	0.0	0.0	0.0
	# checklists reporting species - (Least Flycatcher)	0.0	0.0	0.0	0.0	0.0	0.0	0.0	0.0	0.0	0.0	0.0	0.0	0.0	0.0	0.0	5	514	1043	2139	1086	161	53	40	23	34	16	22	38	37	84	194	407	374	320	178	69	19	4	0.0	3	1	0.0	0.0	0.0	0.0	0.0	0.0	0.0
	
High Count
	Least Flycatcher	0.0	0.0	0.0	0.0	0.0	0.0	0.0	0.0	0.0	0.0	0.0	0.0	0.0	0.0	0.0	1	10	50	25	23	8	3	4	5	4	3	2	4	3	6	32	21	28	25	12	3	2	2	0.0	1	1	0.0	0.0	0.0	0.0	0.0	0.0	0.0
	# checklists reporting species - (Least Flycatcher)	0.0	0.0	0.0	0.0	0.0	0.0	0.0	0.0	0.0	0.0	0.0	0.0	0.0	0.0	0.0	5	547	1099	2216	1159	173	65	48	32	40	18	23	40	39	89	198	431	391	329	184	73	19	4	0.0	3	1	0.0	0.0	0.0	0.0	0.0	0.0	0.0
	
Totals
	Least Flycatcher	0.0	0.0	0.0	0.0	0.0	0.0	0.0	0.0	0.0	0.0	0.0	0.0	0.0	0.0	0.0	5	805	2273	5807	2371	228	77	58	43	51	24	23	48	50	147	409	886	815	562	292	82	20	5	0.0	3	1	0.0	0.0	0.0	0.0	0.0	0.0	0.0
	# checklists reporting species - (Least Flycatcher)	0.0	0.0	0.0	0.0	0.0	0.0	0.0	0.0	0.0	0.0	0.0	0.0	0.0	0.0	0.0	5	536	1076	2165	1117	170	61	46	32	40	18	22	38	38	88	198	425	383	324	182	71	19	4	0.0	3	1	0.0	0.0	0.0	0.0	0.0	0.0	0.0
	
Average Count
	Least Flycatcher	0.0	0.0	0.0	0.0	0.0	0.0	0.0	0.0	0.0	0.0	0.0	0.0	0.0	0.0	0.0	1.0	1.501865671641791	2.112453531598513	2.682217090069284	2.1226499552372426	1.3411764705882352	1.2622950819672132	1.2608695652173914	1.34375	1.275	1.3333333333333333	1.0454545454545454	1.263157894736842	1.3157894736842106	1.6704545454545454	2.0656565656565657	2.084705882352941	2.1279373368146213	1.7345679012345678	1.6043956043956045	1.1549295774647887	1.0526315789473684	1.25	0.0	1.0	1.0	0.0	0.0	0.0	0.0	0.0	0.0	0.0
	# checklists reporting species - (Least Flycatcher)	0.0	0.0	0.0	0.0	0.0	0.0	0.0	0.0	0.0	0.0	0.0	0.0	0.0	0.0	0.0	5	536	1076	2165	1117	170	61	46	32	40	18	22	38	38	88	198	425	383	324	182	71	19	4	0.0	3	1	0.0	0.0	0.0	0.0	0.0	0.0	0.0
	
