

	Week starting on...	1/1	1/8	1/15	1/22	2/1	2/8	2/15	2/22	3/1	3/8	3/15	3/22	4/1	4/8	4/15	4/22	5/1	5/8	5/15	5/22	6/1	6/8	6/15	6/22	7/1	7/8	7/15	7/22	8/1	8/8	8/15	8/22	9/1	9/8	9/15	9/22	10/1	10/8	10/15	10/22	11/1	11/8	11/15	11/22	12/1	12/8	12/15	12/22
Frequency (%)
	Downy Woodpecker	37.561663143058496	38.435374149659864	40.02126905352712	39.586485123550176	38.2525697503671	37.66451974236909	37.545126353790614	35.32531824611033	35.56878721403949	36.26342566421707	37.333333333333336	37.95225662066393	41.75455417066155	41.3152610441767	41.342756183745585	43.20806897673662	42.54833307961638	40.890020976925385	34.612934055431666	24.83093462805618	22.54672897196262	23.755656108597282	23.306370070778566	23.045097227968554	27.87074437391806	30.526992287917736	32.04272363150868	32.89597000937207	33.4610472541507	31.588669950738918	34.897846493649915	37.19097097814404	42.003231017770595	41.14497528830313	41.36807817589577	38.80398671096346	40.84186575654152	40.29567854435178	38.856923667050246	42.55197949302193	42.45544554455446	41.158059467918626	41.30151843817787	43.09234073013601	42.02965708989805	42.617753623188406	49.742574257425744	44.3596268023749
	Total # checklists submitted - (Downy Woodpecker)	4257	3234	2821	3966	2724	3571	5263	2828	3191	3538	3975	5362	4172	3984	4245	6147	6569	6674	6278	5767	2568	2210	1978	2417	1733	1556	1498	2134	1566	1624	1811	2791	2476	2428	2456	3010	2637	2638	2607	3511	2525	2556	2305	2794	2158	2208	2525	3537
	
Abundance
	Downy Woodpecker	0.7521728917077755	0.7609771181199753	0.8053881602268699	0.7750882501260716	0.7143906020558003	0.7255670680481657	0.7495724871746152	0.7114568599717115	0.7013475399561266	0.7283776144714528	0.7504402515723271	0.7364789257739649	0.8537871524448706	0.8268072289156626	0.8263839811542992	0.8397592321457622	0.7829197746993454	0.6774048546598741	0.5275565466709143	0.35755158661349057	0.3072429906542056	0.3411764705882353	0.365520728008089	0.40215142738932563	0.4645124062319677	0.5411311053984575	0.5240320427236315	0.5388940955951266	0.5274584929757343	0.5258620689655172	0.6112644947542794	0.6331064134718739	0.7439418416801292	0.6820428336079077	0.7043973941368078	0.6259136212624584	0.6674251042851725	0.6576952236542836	0.6279248177982355	0.708914839077186	0.7275247524752475	0.7210485133020345	0.6880694143167028	0.7487473156764496	0.7641334569045413	0.9298007246376812	1.6289108910891088	0.9086796720384507
	Total # checklists submitted - (Downy Woodpecker)	4257	3234	2821	3966	2724	3571	5263	2828	3191	3538	3975	5362	4172	3984	4245	6147	6569	6674	6278	5767	2568	2210	1978	2417	1733	1556	1498	2134	1566	1624	1811	2791	2476	2428	2456	3010	2637	2638	2607	3511	2525	2556	2305	2794	2158	2208	2525	3537
	
Birds Per Party Hour
	Downy Woodpecker	3.31895470804586	2.8174958549844096	3.2048969292955833	2.9894208845119032	2.704107610377785	3.212021366789581	3.087591298663125	2.6193696531126918	2.708202637952765	2.4306766263528434	2.48896846439102	2.4068247206296047	2.220965455311065	2.095424170348645	2.35015919245349	1.862660052271352	1.658566231802013	1.5506512934198635	1.23926670405991	1.2353201237997866	2.0219037525656693	2.766567605787706	2.6624356677523546	3.2891608203704172	3.088999893940236	2.3440412501664083	1.906616420443744	2.1291724261633553	1.8988867627336736	2.343350117215155	1.7833411360399123	1.87973154769874	1.823376492244146	1.7556303571717173	1.6911341416684738	1.8037838160157769	2.013412934247516	1.5468580832231071	1.8517138209183053	1.887431062762704	2.1588947534708387	2.0989070128920524	2.074489598390478	2.085753239613779	2.3090063015471576	2.333977802603977	2.4651040177737022	2.9046373965865717
	# checklists reporting species - (Downy Woodpecker)	1647	1281	1181	1613	1067	1393	2046	1024	1168	1305	1485	2086	1753	1673	1784	2676	2822	2782	2211	1462	610	538	477	576	493	482	488	708	527	528	648	1056	1057	1033	1038	1184	1098	1088	1043	1541	1112	1076	980	1235	937	960	1298	1611
	
High Count
	Downy Woodpecker	16	14	16	15	15	14	21	14	15	15	16	14	25	13	11	12	19	10	8	7	5	16	21	14	8	12	8	10	8	14	15	19	10	15	19	10	15	9	8	10	10	12	8	13	11	42	42	15
	# checklists reporting species - (Downy Woodpecker)	1755	1356	1234	1709	1119	1444	2101	1081	1233	1367	1580	2183	1846	1753	1876	2822	2985	2905	2314	1520	645	571	503	601	532	518	517	753	577	559	693	1122	1109	1082	1094	1267	1188	1161	1105	1630	1173	1137	1021	1309	995	1029	1378	1685
	
Totals
	Downy Woodpecker	3430	2622	2406	3273	2051	2730	4114	2113	2375	2688	3115	4155	3691	3435	3690	5382	5403	4771	3497	2166	856	836	777	1032	873	898	835	1221	885	912	1185	1873	1913	1769	1828	2008	1883	1853	1757	2655	1965	1960	1695	2242	1769	2159	4496	3371
	# checklists reporting species - (Downy Woodpecker)	1715	1332	1219	1679	1101	1428	2081	1063	1210	1342	1533	2148	1796	1721	1835	2740	2902	2846	2253	1489	615	554	493	588	511	499	511	735	549	545	677	1098	1080	1064	1071	1238	1147	1137	1085	1605	1155	1121	1010	1293	980	1005	1362	1666
	
Average Count
	Downy Woodpecker	2.0	1.9684684684684686	1.973748974569319	1.9493746277546158	1.862851952770209	1.911764705882353	1.976934166266218	1.9877704609595483	1.962809917355372	2.0029806259314458	2.0319634703196345	1.9343575418994414	2.055122494432071	1.9959325973271353	2.010899182561308	1.9642335766423358	1.8618194348725017	1.6763879128601546	1.5521526853084775	1.4546675621222296	1.391869918699187	1.5090252707581226	1.5760649087221095	1.7551020408163265	1.7084148727984345	1.7995991983967936	1.634050880626223	1.6612244897959183	1.6120218579234973	1.6733944954128441	1.7503692762186116	1.7058287795992715	1.7712962962962964	1.662593984962406	1.7068160597572362	1.6219709208400646	1.6416739319965126	1.6297273526824978	1.6193548387096774	1.6542056074766356	1.7012987012987013	1.7484388938447815	1.6782178217821782	1.733952049497293	1.8051020408163265	2.1482587064676615	3.3010279001468428	2.023409363745498
	# checklists reporting species - (Downy Woodpecker)	1715	1332	1219	1679	1101	1428	2081	1063	1210	1342	1533	2148	1796	1721	1835	2740	2902	2846	2253	1489	615	554	493	588	511	499	511	735	549	545	677	1098	1080	1064	1071	1238	1147	1137	1085	1605	1155	1121	1010	1293	980	1005	1362	1666
	
