

	Week starting on...	1/1	1/8	1/15	1/22	2/1	2/8	2/15	2/22	3/1	3/8	3/15	3/22	4/1	4/8	4/15	4/22	5/1	5/8	5/15	5/22	6/1	6/8	6/15	6/22	7/1	7/8	7/15	7/22	8/1	8/8	8/15	8/22	9/1	9/8	9/15	9/22	10/1	10/8	10/15	10/22	11/1	11/8	11/15	11/22	12/1	12/8	12/15	12/22
Frequency (%)
	Gray Catbird	0.18792576932111815	0.3710575139146568	0.1772421127259837	0.15128593040847202	0.11013215859030838	0.11201344161299356	0.11400342010260307	0.3536067892503536	0.031338138514572234	0.0847936687394008	0.10062893081761005	0.1678478179783663	0.33557046979865773	0.25100401606425704	0.3297997644287397	0.8134049129656743	14.09651392906074	29.517530716212164	45.89041095890411	39.292526443558174	24.10436137071651	21.221719457013574	21.688574317492417	18.576748034753827	22.504327755337563	21.079691516709513	21.2283044058745	21.180880974695405	21.392081736909326	23.09113300492611	25.013804527885146	24.650662844858473	27.78675282714055	25.53542009884679	25.732899022801302	21.428571428571427	17.671596511186955	8.491281273692191	3.1070195627157653	1.1392765593847907	0.31683168316831684	0.6259780907668232	0.21691973969631237	0.28632784538296346	0.13901760889712697	0.1358695652173913	0.19801980198019803	0.45236075770426915
	Total # checklists submitted - (Gray Catbird)	4257	3234	2821	3966	2724	3571	5263	2828	3191	3538	3975	5362	4172	3984	4245	6147	6569	6674	6278	5767	2568	2210	1978	2417	1733	1556	1498	2134	1566	1624	1811	2791	2476	2428	2456	3010	2637	2638	2607	3511	2525	2556	2305	2794	2158	2208	2525	3537
	
Abundance
	Gray Catbird	0.0018792576932111817	0.0037105751391465678	0.001772421127259837	0.0015128593040847202	0.0011013215859030838	0.0011201344161299357	0.0011400342010260307	0.003536067892503536	3.1338138514572234E-4	8.479366873940079E-4	0.0010062893081761006	0.0016784781797836627	0.003355704697986577	0.0025100401606425703	0.0035335689045936395	0.008947454042622418	0.22682295630994062	0.7963739886125262	1.5696081554635235	1.0990116178255591	0.5105140186915887	0.4085972850678733	0.435793731041456	0.38518824989656597	0.45470282746682056	0.4832904884318766	0.4939919893190921	0.47563261480787256	0.4878671775223499	0.5061576354679803	0.609055770292656	0.6606950913651021	0.7176898222940227	0.5906095551894563	0.6034201954397395	0.4857142857142857	0.34622677284793324	0.11865049279757392	0.03682393555811277	0.01338649957277129	0.0031683168316831685	0.007042253521126761	0.0021691973969631237	0.002863278453829635	0.0013901760889712697	0.001358695652173913	0.0019801980198019802	0.004523607577042691
	Total # checklists submitted - (Gray Catbird)	4257	3234	2821	3966	2724	3571	5263	2828	3191	3538	3975	5362	4172	3984	4245	6147	6569	6674	6278	5767	2568	2210	1978	2417	1733	1556	1498	2134	1566	1624	1811	2791	2476	2428	2456	3010	2637	2638	2607	3511	2525	2556	2305	2794	2158	2208	2525	3537
	
Birds Per Party Hour
	Gray Catbird	0.6350414156960441	0.7398730014679649	0.6561780643549916	0.7834786497869816	11.864705882352942	0.6597198399085191	0.2563750628456511	0.4632519704677528	0.35285815102328866	1.236573760052828	0.6674547151819491	0.49055481066718676	5.77852247556784	1.0544067917010762	0.6273264417299029	0.6584367397813475	1.0277846264426924	1.5827879748564109	1.9131121363273955	1.6180859775389114	1.780720776466458	1.5795965609473548	2.1461471353060144	2.0749079818438094	2.6425760967315925	2.173597866967343	1.6961574927033374	1.4555965464484635	1.4358125202961436	1.9855041435089105	1.4057284587845302	1.6336245608288356	1.4382517661906713	1.332617325225189	1.2734579806492883	1.2247842606085582	1.112886712100153	0.7910315330736776	0.663541193326026	1.0137283897488292	0.814279062685186	0.4180277713474431	0.5130586138495495	1.738511213840618	2.105980346998311	1.062518093186277	0.7443706980993307	0.5516399411772136
	# checklists reporting species - (Gray Catbird)	8	12	6	7	5	5	5	10	2	3	4	9	16	10	14	49	966	1999	2913	2281	635	480	435	469	395	325	321	453	341	382	461	690	682	632	630	650	480	227	83	41	9	16	6	10	4	4	6	17
	
High Count
	Gray Catbird	1	1	1	1	1	1	1	1	1	1	1	1	1	1	2	5	15	40	50	30	15	20	16	13	12	18	25	22	38	15	20	30	29	18	24	18	35	7	3	4	1	2	1	1	1	1	2	1
	# checklists reporting species - (Gray Catbird)	9	12	6	8	6	5	6	11	2	3	4	9	16	10	14	54	1016	2122	3111	2482	732	579	587	779	638	430	337	472	361	407	488	731	729	676	692	711	523	242	90	42	10	17	8	10	4	4	8	17
	
Totals
	Gray Catbird	9	12	6	8	6	5	6	11	2	3	4	9	16	10	15	61	1591	5589	10315	6704	1448	1022	1025	1307	1050	863	767	1043	811	877	1197	1937	1852	1524	1564	1578	987	346	104	49	10	19	8	10	4	4	9	17
	# checklists reporting species - (Gray Catbird)	9	12	6	8	6	5	6	11	2	3	4	9	16	10	14	51	994	2041	2956	2366	710	559	571	763	619	406	325	459	345	391	470	708	701	649	663	688	510	238	88	42	10	17	8	10	4	4	8	17
	
Average Count
	Gray Catbird	1.0	1.0	1.0	1.0	1.0	1.0	1.0	1.0	1.0	1.0	1.0	1.0	1.0	1.0	1.0714285714285714	1.196078431372549	1.6006036217303823	2.738363547280745	3.489512855209743	2.8334742180896026	2.03943661971831	1.8282647584973166	1.7950963222416814	1.7129750982961993	1.6962843295638126	2.125615763546798	2.36	2.272331154684096	2.3507246376811595	2.2429667519181584	2.546808510638298	2.7358757062146895	2.641940085592011	2.3482280431432976	2.358974358974359	2.2936046511627906	1.9352941176470588	1.453781512605042	1.1818181818181819	1.1666666666666667	1.0	1.1176470588235294	1.0	1.0	1.0	1.0	1.125	1.0
	# checklists reporting species - (Gray Catbird)	9	12	6	8	6	5	6	11	2	3	4	9	16	10	14	51	994	2041	2956	2366	710	559	571	763	619	406	325	459	345	391	470	708	701	649	663	688	510	238	88	42	10	17	8	10	4	4	8	17
	
