

	Week starting on...	1/1	1/8	1/15	1/22	2/1	2/8	2/15	2/22	3/1	3/8	3/15	3/22	4/1	4/8	4/15	4/22	5/1	5/8	5/15	5/22	6/1	6/8	6/15	6/22	7/1	7/8	7/15	7/22	8/1	8/8	8/15	8/22	9/1	9/8	9/15	9/22	10/1	10/8	10/15	10/22	11/1	11/8	11/15	11/22	12/1	12/8	12/15	12/22
Frequency (%)
	Hermit Thrush	1.620859760394644	1.4842300556586272	0.7444168734491315	1.5128593040847202	1.0279001468428781	0.8120974516942034	0.5890176705301159	0.7072135785007072	0.7521153243497336	0.7348784624081401	0.729559748427673	0.8205893323386795	2.444870565675935	14.38253012048193	22.99175500588928	34.89507076622743	34.297457756127265	16.69163919688343	9.127110544759477	0.5548812207386856	0.03894080996884735	0.0	0.0	0.0	0.0	0.0	0.0	0.0	0.0	0.0	0.16565433462175594	0.21497671085632392	0.44426494345718903	1.2767710049423393	2.8501628664495113	6.179401993355482	19.984831247629884	27.482941622441242	26.850786344457227	22.272856735972656	10.891089108910892	5.790297339593114	3.470715835140998	2.040085898353615	2.7803521779425395	1.8115942028985508	2.8910891089108914	1.102629346904156
	Total # checklists submitted - (Hermit Thrush)	4257	3234	2821	3966	2724	3571	5263	2828	3191	3538	3975	5362	4172	3984	4245	6147	6569	6674	6278	5767	2568	2210	1978	2417	1733	1556	1498	2134	1566	1624	1811	2791	2476	2428	2456	3010	2637	2638	2607	3511	2525	2556	2305	2794	2158	2208	2525	3537
	
Abundance
	Hermit Thrush	0.019027484143763214	0.014842300556586271	0.0077986529599432825	0.015380736258194654	0.010279001468428781	0.008401008120974517	0.005890176705301159	0.007072135785007072	0.007834534628643058	0.007631430186546071	0.00779874213836478	0.008578888474449832	0.029482262703739215	0.2580321285140562	0.6056537102473498	1.0676752887587442	1.079007459278429	0.2921786035361103	0.12663268556865243	0.006589214496271892	3.894080996884735E-4	0.0	0.0	0.0	0.0	0.0	0.0	0.0	0.0	0.0	0.0016565433462175593	0.002149767108563239	0.005250403877221325	0.015650741350906095	0.039902280130293157	0.12990033222591363	0.5699658703071673	0.895754359363154	0.8154967395473725	0.5431500996866989	0.18297029702970297	0.07942097026604068	0.04251626898047722	0.02541159627773801	0.03243744207599629	0.024456521739130436	0.03603960396039604	0.011591744416171897
	Total # checklists submitted - (Hermit Thrush)	4257	3234	2821	3966	2724	3571	5263	2828	3191	3538	3975	5362	4172	3984	4245	6147	6569	6674	6278	5767	2568	2210	1978	2417	1733	1556	1498	2134	1566	1624	1811	2791	2476	2428	2456	3010	2637	2638	2607	3511	2525	2556	2305	2794	2158	2208	2525	3537
	
Birds Per Party Hour
	Hermit Thrush	2.5842879133762158	1.0626583906070803	0.8739219635662976	0.7872806051844407	3.8154965286191147	1.8868736870810974	3.1693730748031226	1.0024839732838327	1.6024493284878798	1.4144830574112988	1.1714697439021033	1.33743842476759	1.1057849011463172	1.8119238871305583	1.7931461364296999	2.523183457870267	2.1518988116384277	1.3499237786866332	1.1540093076971618	1.1969062179493435	2.0	0.0	0.0	0.0	0.0	0.0	0.0	0.0	0.0	0.0	0.9451858049222618	0.3976340896516948	0.6513193405637085	1.3595298184803637	5.944046855848138	1.2371259865241693	2.4654910540215162	2.459843630936691	2.3926772671273953	2.3468827363122555	2.154139841742551	1.4395730735456849	1.9859352546723192	1.857562846286221	2.081669110984969	2.8623905544486927	0.6992810674789995	1.3770327013731931
	# checklists reporting species - (Hermit Thrush)	74	54	30	70	31	31	36	23	27	27	31	48	110	610	1027	2254	2326	1170	601	34	1	0.0	0.0	0.0	0.0	0.0	0.0	0.0	0.0	0.0	3	8	13	37	77	205	569	762	731	824	294	156	89	65	63	48	82	49
	
High Count
	Hermit Thrush	4	2	2	2	1	2	1	1	2	2	3	3	5	20	86	54	60	55	10	4	1	0.0	0.0	0.0	0.0	0.0	0.0	0.0	0.0	0.0	1	1	3	3	6	38	58	64	80	77	9	5	5	3	4	7	5	2
	# checklists reporting species - (Hermit Thrush)	76	56	30	71	32	32	38	24	28	27	31	49	117	640	1110	2377	2443	1216	627	35	1	0.0	0.0	0.0	0.0	0.0	0.0	0.0	0.0	0.0	3	8	13	37	81	218	624	835	813	879	308	162	91	69	65	51	87	50
	
Totals
	Hermit Thrush	88	56	31	73	32	33	38	24	29	28	33	51	141	1139	2821	7020	7519	2067	864	41	1	0.0	0.0	0.0	0.0	0.0	0.0	0.0	0.0	0.0	3	8	16	44	110	441	1813	2706	2365	2087	515	219	110	86	75	65	107	53
	# checklists reporting species - (Hermit Thrush)	76	55	30	71	32	32	38	24	28	27	31	49	113	628	1078	2317	2385	1195	610	34	1	0.0	0.0	0.0	0.0	0.0	0.0	0.0	0.0	0.0	3	8	13	37	78	215	607	812	791	862	306	161	91	69	65	51	87	50
	
Average Count
	Hermit Thrush	1.1578947368421053	1.018181818181818	1.0333333333333334	1.028169014084507	1.0	1.03125	1.0	1.0	1.0357142857142858	1.037037037037037	1.064516129032258	1.0408163265306123	1.247787610619469	1.8136942675159236	2.616883116883117	3.02977988778593	3.152620545073375	1.7297071129707113	1.4163934426229507	1.2058823529411764	1.0	0.0	0.0	0.0	0.0	0.0	0.0	0.0	0.0	0.0	1.0	1.0	1.2307692307692308	1.1891891891891893	1.4102564102564104	2.0511627906976746	2.986820428336079	3.332512315270936	2.9898862199747156	2.4211136890951277	1.6830065359477124	1.360248447204969	1.2087912087912087	1.2463768115942029	1.1538461538461537	1.2745098039215685	1.2298850574712643	1.06
	# checklists reporting species - (Hermit Thrush)	76	55	30	71	32	32	38	24	28	27	31	49	113	628	1078	2317	2385	1195	610	34	1	0.0	0.0	0.0	0.0	0.0	0.0	0.0	0.0	0.0	3	8	13	37	78	215	607	812	791	862	306	161	91	69	65	51	87	50
	
