

	Week starting on...	1/1	1/8	1/15	1/22	2/1	2/8	2/15	2/22	3/1	3/8	3/15	3/22	4/1	4/8	4/15	4/22	5/1	5/8	5/15	5/22	6/1	6/8	6/15	6/22	7/1	7/8	7/15	7/22	8/1	8/8	8/15	8/22	9/1	9/8	9/15	9/22	10/1	10/8	10/15	10/22	11/1	11/8	11/15	11/22	12/1	12/8	12/15	12/22
Frequency (%)
	Harlequin Duck	2.4195442800093963	1.2987012987012987	1.1343495214462957	0.9329299041855773	0.9544787077826725	0.2520302436292355	0.4370131103933118	1.272984441301273	3.1651519899717955	3.137365743357829	0.7547169811320755	1.1935844834017157	0.9827420901246404	0.677710843373494	1.3191990577149588	0.9435496990401823	0.06089206880803775	0.04495055439017081	0.01592863969417012	0.017340038148083926	0.03894080996884735	0.0	0.0	0.0	0.0	0.0	0.0	0.0	0.0	0.0	0.0	0.0	0.0	0.0	0.0	0.0	0.0	0.0	0.1534330648254699	0.19937339789233835	1.7029702970297032	1.486697965571205	0.6507592190889371	0.6084466714387974	1.3438368860055607	2.536231884057971	1.425742574257426	1.6680802940344925
	Total # checklists submitted - (Harlequin Duck)	4257	3234	2821	3966	2724	3571	5263	2828	3191	3538	3975	5362	4172	3984	4245	6147	6569	6674	6278	5767	2568	2210	1978	2417	1733	1556	1498	2134	1566	1624	1811	2791	2476	2428	2456	3010	2637	2638	2607	3511	2525	2556	2305	2794	2158	2208	2525	3537
	
Abundance
	Harlequin Duck	0.026309607704956543	0.013605442176870748	0.012052463665366891	0.009833585476550681	0.009177679882525698	0.003080369644357323	0.004370131103933118	0.013083451202263084	0.03478533375117518	0.03193894855850763	0.00779874213836478	0.012308839985080195	0.009348034515819751	0.00677710843373494	0.012956419316843345	0.009598177972994957	6.089206880803775E-4	4.495055439017081E-4	1.5928639694170118E-4	1.7340038148083925E-4	3.894080996884735E-4	0.0	0.0	0.0	0.0	0.0	0.0	0.0	0.0	0.0	0.0	0.0	0.0	0.0	0.0	0.0	0.0	0.0	0.0015343306482546988	0.0019937339789233835	0.01702970297029703	0.01486697965571205	0.006507592190889371	0.006084466714387974	0.014828544949026877	0.025815217391304348	0.014257425742574258	0.019225332202431437
	Total # checklists submitted - (Harlequin Duck)	4257	3234	2821	3966	2724	3571	5263	2828	3191	3538	3975	5362	4172	3984	4245	6147	6569	6674	6278	5767	2568	2210	1978	2417	1733	1556	1498	2134	1566	1624	1811	2791	2476	2428	2456	3010	2637	2638	2607	3511	2525	2556	2305	2794	2158	2208	2525	3537
	
Birds Per Party Hour
	Harlequin Duck	3.182401171182371	1.791234250432765	1.8353226577932074	2.3387871927464845	1.1893444556103479	1.2613518023248276	1.1582569415113997	1.3871302219478119	1.6712963405926444	1.5054842806720576	0.8339150412797693	0.8537810565762669	0.8993355270036878	2.3633525699743756	1.4622222899891448	0.6388188252348498	0.46091372544458364	1.0563782800727461	0.0	0.16666666666666666	0.5	0.0	0.0	0.0	0.0	0.0	0.0	0.0	0.0	0.0	0.0	0.0	0.0	0.0	0.0	0.0	0.0	0.0	0.24851145988903217	0.4092081399361092	1.229013669453591	2.241891844087919	0.8688181410517029	1.6130664902101803	1.9708871091855493	2.211932120860306	2.214980797259211	3.0135488338135263
	# checklists reporting species - (Harlequin Duck)	113	43	33	40	29	8	26	39	114	117	27	66	41	32	56	61	5	2	0	1	1	0.0	0.0	0.0	0.0	0.0	0.0	0.0	0.0	0.0	0.0	0.0	0.0	0.0	0.0	0.0	0.0	0.0	5	7	50	43	16	19	37	67	41	64
	
High Count
	Harlequin Duck	2	2	3	2	1	3	2	3	3	3	3	3	2	1	1	3	1	1	1	1	1	0.0	0.0	0.0	0.0	0.0	0.0	0.0	0.0	0.0	0.0	0.0	0.0	0.0	0.0	0.0	0.0	0.0	1	1	2	1	1	1	2	2	1	3
	# checklists reporting species - (Harlequin Duck)	115	44	38	43	34	14	27	43	114	120	36	73	48	34	58	68	6	3	1	1	1	0.0	0.0	0.0	0.0	0.0	0.0	0.0	0.0	0.0	0.0	0.0	0.0	0.0	0.0	0.0	0.0	0.0	6	10	54	43	17	21	40	69	43	67
	
Totals
	Harlequin Duck	123	46	40	45	33	20	28	46	128	124	38	75	46	34	57	72	6	3	1	1	1	0.0	0.0	0.0	0.0	0.0	0.0	0.0	0.0	0.0	0.0	0.0	0.0	0.0	0.0	0.0	0.0	0.0	6	10	55	43	17	21	45	70	43	76
	# checklists reporting species - (Harlequin Duck)	114	44	37	43	33	14	27	43	114	120	31	73	45	34	57	67	6	3	1	1	1	0.0	0.0	0.0	0.0	0.0	0.0	0.0	0.0	0.0	0.0	0.0	0.0	0.0	0.0	0.0	0.0	0.0	6	10	54	43	17	21	40	69	43	67
	
Average Count
	Harlequin Duck	1.0789473684210527	1.0454545454545454	1.0810810810810811	1.0465116279069768	1.0	1.4285714285714286	1.037037037037037	1.069767441860465	1.1228070175438596	1.0333333333333334	1.2258064516129032	1.0273972602739727	1.0222222222222221	1.0	1.0	1.0746268656716418	1.0	1.0	1.0	1.0	1.0	0.0	0.0	0.0	0.0	0.0	0.0	0.0	0.0	0.0	0.0	0.0	0.0	0.0	0.0	0.0	0.0	0.0	1.0	1.0	1.0185185185185186	1.0	1.0	1.0	1.125	1.0144927536231885	1.0	1.1343283582089552
	# checklists reporting species - (Harlequin Duck)	114	44	37	43	33	14	27	43	114	120	31	73	45	34	57	67	6	3	1	1	1	0.0	0.0	0.0	0.0	0.0	0.0	0.0	0.0	0.0	0.0	0.0	0.0	0.0	0.0	0.0	0.0	0.0	6	10	54	43	17	21	40	69	43	67
	
