

	Week starting on...	1/1	1/8	1/15	1/22	2/1	2/8	2/15	2/22	3/1	3/8	3/15	3/22	4/1	4/8	4/15	4/22	5/1	5/8	5/15	5/22	6/1	6/8	6/15	6/22	7/1	7/8	7/15	7/22	8/1	8/8	8/15	8/22	9/1	9/8	9/15	9/22	10/1	10/8	10/15	10/22	11/1	11/8	11/15	11/22	12/1	12/8	12/15	12/22
Frequency (%)
	Veery	0.0	0.0	0.0	0.0	0.0	0.0	0.0	0.0	0.0	0.0	0.0	0.0	0.0	0.0	0.11778563015312131	0.16268098259313485	5.632516364743492	12.241534312256517	18.827652118509082	3.4159875151725334	0.35046728971962615	0.0	0.0	0.04137360364087712	0.0	0.0	0.0	0.0	0.06385696040868455	0.0	0.3313086692435119	1.8989609458975278	4.44264943457189	3.130148270181219	1.7915309446254073	0.53156146179402	0.18960940462646947	0.18953752843062927	0.11507479861910241	0.0	0.0	0.0	0.0	0.0	0.0	0.0	0.0	0.0
	Total # checklists submitted - (Veery)	4257	3234	2821	3966	2724	3571	5263	2828	3191	3538	3975	5362	4172	3984	4245	6147	6569	6674	6278	5767	2568	2210	1978	2417	1733	1556	1498	2134	1566	1624	1811	2791	2476	2428	2456	3010	2637	2638	2607	3511	2525	2556	2305	2794	2158	2208	2525	3537
	
Abundance
	Veery	0.0	0.0	0.0	0.0	0.0	0.0	0.0	0.0	0.0	0.0	0.0	0.0	0.0	0.0	0.001177856301531213	0.0014641288433382138	0.08311767392297154	0.2049745280191789	0.33290856960815546	0.040402288885035546	0.0035046728971962616	0.0	0.0	4.137360364087712E-4	0.0	0.0	0.0	0.0	6.385696040868455E-4	0.0	0.0033130866924351186	0.022214260121820137	0.05492730210016155	0.03871499176276771	0.0248371335504886	0.005980066445182724	0.0018960940462646946	0.002274450341167551	0.0011507479861910242	0.0	0.0	0.0	0.0	0.0	0.0	0.0	0.0	0.0
	Total # checklists submitted - (Veery)	4257	3234	2821	3966	2724	3571	5263	2828	3191	3538	3975	5362	4172	3984	4245	6147	6569	6674	6278	5767	2568	2210	1978	2417	1733	1556	1498	2134	1566	1624	1811	2791	2476	2428	2456	3010	2637	2638	2607	3511	2525	2556	2305	2794	2158	2208	2525	3537
	
Birds Per Party Hour
	Veery	0.0	0.0	0.0	0.0	0.0	0.0	0.0	0.0	0.0	0.0	0.0	0.0	0.0	0.0	1.1842806247484847	3.276481079766001	0.935093109801489	0.9843154222882441	1.0151561920338932	1.048426103245532	0.8069788766931834	0.0	0.0	1.25	0.0	0.0	0.0	0.0	0.17391304347826086	0.0	0.3924242424242424	0.6362929665606825	0.8162212632035267	1.4704713079165614	1.3719721376438365	0.4659256080517477	0.9426234516091755	0.6215211969658246	0.6616805170821791	0.0	0.0	0.0	0.0	0.0	0.0	0.0	0.0	0.0
	# checklists reporting species - (Veery)	0.0	0.0	0.0	0.0	0.0	0.0	0.0	0.0	0.0	0.0	0.0	0.0	0.0	0.0	5	11	385	859	1234	207	10	0	0	2	0	0	0.0	0.0	1	1	9	64	118	82	54	23	6	5	2	0.0	0.0	0.0	0.0	0.0	0.0	0.0	0.0	0.0
	
High Count
	Veery	0.0	0.0	0.0	0.0	0.0	0.0	0.0	0.0	0.0	0.0	0.0	0.0	0.0	0.0	1	1	14	25	26	6	1	1	1	1	1	1	0.0	0.0	1	1	1	5	6	4	12	2	2	2	1	0.0	0.0	0.0	0.0	0.0	0.0	0.0	0.0	0.0
	# checklists reporting species - (Veery)	0.0	0.0	0.0	0.0	0.0	0.0	0.0	0.0	0.0	0.0	0.0	0.0	0.0	0.0	5	12	406	912	1287	227	11	1	2	3	11	1	0.0	0.0	1	1	9	68	122	88	61	25	6	7	3	0.0	0.0	0.0	0.0	0.0	0.0	0.0	0.0	0.0
	
Totals
	Veery	0.0	0.0	0.0	0.0	0.0	0.0	0.0	0.0	0.0	0.0	0.0	0.0	0.0	0.0	5	11	580	1469	2242	261	11	1	2	3	11	1	0.0	0.0	1	1	9	88	147	112	89	27	7	8	3	0.0	0.0	0.0	0.0	0.0	0.0	0.0	0.0	0.0
	# checklists reporting species - (Veery)	0.0	0.0	0.0	0.0	0.0	0.0	0.0	0.0	0.0	0.0	0.0	0.0	0.0	0.0	5	11	398	887	1258	219	11	1	2	3	11	1	0.0	0.0	1	1	9	68	119	84	57	23	6	7	3	0.0	0.0	0.0	0.0	0.0	0.0	0.0	0.0	0.0
	
Average Count
	Veery	0.0	0.0	0.0	0.0	0.0	0.0	0.0	0.0	0.0	0.0	0.0	0.0	0.0	0.0	1.0	1.0	1.4572864321608041	1.6561443066516348	1.782193958664547	1.1917808219178083	1.0	1.0	1.0	1.0	1.0	1.0	0.0	0.0	1.0	1.0	1.0	1.2941176470588236	1.2352941176470589	1.3333333333333333	1.5614035087719298	1.173913043478261	1.1666666666666667	1.1428571428571428	1.0	0.0	0.0	0.0	0.0	0.0	0.0	0.0	0.0	0.0
	# checklists reporting species - (Veery)	0.0	0.0	0.0	0.0	0.0	0.0	0.0	0.0	0.0	0.0	0.0	0.0	0.0	0.0	5	11	398	887	1258	219	11	1	2	3	11	1	0.0	0.0	1	1	9	68	119	84	57	23	6	7	3	0.0	0.0	0.0	0.0	0.0	0.0	0.0	0.0	0.0
	
