

	Week starting on...	1/1	1/8	1/15	1/22	2/1	2/8	2/15	2/22	3/1	3/8	3/15	3/22	4/1	4/8	4/15	4/22	5/1	5/8	5/15	5/22	6/1	6/8	6/15	6/22	7/1	7/8	7/15	7/22	8/1	8/8	8/15	8/22	9/1	9/8	9/15	9/22	10/1	10/8	10/15	10/22	11/1	11/8	11/15	11/22	12/1	12/8	12/15	12/22
Frequency (%)
	Common Tern	0.0	0.0	0.0	0.0	0.0	0.0	0.0	0.0	0.0	0.0	0.0	0.0	0.0	0.07530120481927711	1.5312131919905771	8.134049129656743	17.917491246765106	17.95025471980821	21.36030582988213	27.015779434714755	17.172897196261683	13.846153846153847	13.599595551061677	10.881257757550683	13.50259665320254	12.660668380462726	19.02536715620828	17.572633552014995	15.836526181353769	13.73152709359606	11.485367200441745	6.3776424220709425	2.7059773828756057	0.9060955518945634	0.16286644951140067	0.26578073089701	0.15168752370117558	0.22744503411675512	0.07671653241273495	0.02848191398461977	0.0	0.0	0.0	0.0	0.0	0.0	0.0	0.0
	Total # checklists submitted - (Common Tern)	4257	3234	2821	3966	2724	3571	5263	2828	3191	3538	3975	5362	4172	3984	4245	6147	6569	6674	6278	5767	2568	2210	1978	2417	1733	1556	1498	2134	1566	1624	1811	2791	2476	2428	2456	3010	2637	2638	2607	3511	2525	2556	2305	2794	2158	2208	2525	3537
	
Abundance
	Common Tern	0.0	0.0	0.0	0.0	0.0	0.0	0.0	0.0	0.0	0.0	0.0	0.0	0.0	0.0015060240963855422	0.03745583038869258	0.46038718073857166	1.8390927081747603	2.2729997003296374	2.8462886269512584	3.539448586786891	2.1542056074766354	2.202262443438914	1.5530839231547018	1.1485312370707488	1.5326024235429891	2.1137532133676094	2.8731642189586113	2.4179943767572634	1.7950191570881227	1.4451970443349753	0.9663169519602429	0.38767466857757077	0.10379644588045234	0.023887973640856673	0.002035830618892508	0.004318936877076412	0.004550625711035267	0.00265352539802881	7.671653241273494E-4	5.696382796923954E-4	0.0	0.0	0.0	0.0	0.0	0.0	0.0	0.0
	Total # checklists submitted - (Common Tern)	4257	3234	2821	3966	2724	3571	5263	2828	3191	3538	3975	5362	4172	3984	4245	6147	6569	6674	6278	5767	2568	2210	1978	2417	1733	1556	1498	2134	1566	1624	1811	2791	2476	2428	2456	3010	2637	2638	2607	3511	2525	2556	2305	2794	2158	2208	2525	3537
	
Birds Per Party Hour
	Common Tern	0.0	0.0	0.0	0.0	0.0	0.0	0.0	0.0	0.0	0.0	0.0	0.0	0.0	1.7142857142857142	1.8091578033173872	2.7374951560219194	5.602645035879918	6.610802528407652	5.285771232232523	7.407235417128148	9.631874074522651	11.523829316709925	16.833338109768697	11.830305099212415	12.404875565169112	12.215054264953016	14.22824377802603	12.637220836660227	15.147845874110462	10.121776721559717	4.143540225718749	2.6822188666638103	1.896691823898303	2.3481904449791537	0.49047619047619045	0.9272035014294279	1.0625	0.3656445061790356	2.168520390967307	1.0	0.0	0.0	0.0	0.0	0.0	0.0	0.0	0.0
	# checklists reporting species - (Common Tern)	0.0	0.0	0.0	0.0	0.0	0.0	0.0	0.0	0.0	0.0	0.0	0.0	0.0	3	60	470	1141	1146	1268	1475	418	288	262	252	228	198	277	380	238	215	212	173	66	22	5	8	4	5	2	1	0.0	0.0	0.0	0.0	0.0	0.0	0.0	0.0
	
High Count
	Common Tern	0.0	0.0	0.0	0.0	0.0	0.0	0.0	0.0	0.0	0.0	0.0	0.0	0.0	3	15	53	192	250	200	300	115	170	150	170	200	225	100	200	60	125	135	89	35	10	2	3	6	2	1	2	0.0	0.0	0.0	0.0	0.0	0.0	0.0	0.0
	# checklists reporting species - (Common Tern)	0.0	0.0	0.0	0.0	0.0	0.0	0.0	0.0	0.0	0.0	0.0	0.0	0.0	5	72	546	1250	1271	1410	1670	470	326	294	287	262	217	312	414	265	235	238	188	72	22	6	8	4	6	2	1	0.0	0.0	0.0	0.0	0.0	0.0	0.0	0.0
	
Totals
	Common Tern	0.0	0.0	0.0	0.0	0.0	0.0	0.0	0.0	0.0	0.0	0.0	0.0	0.0	8	193	3038	12466	15787	18533	21216	5658	5149	3148	2897	3012	3437	4586	5328	2846	2394	1935	1100	262	58	6	13	12	7	2	2	0.0	0.0	0.0	0.0	0.0	0.0	0.0	0.0
	# checklists reporting species - (Common Tern)	0.0	0.0	0.0	0.0	0.0	0.0	0.0	0.0	0.0	0.0	0.0	0.0	0.0	5	65	491	1151	1153	1282	1500	428	293	267	259	232	203	278	383	242	218	216	177	69	22	5	8	4	5	2	1	0.0	0.0	0.0	0.0	0.0	0.0	0.0	0.0
	
Average Count
	Common Tern	0.0	0.0	0.0	0.0	0.0	0.0	0.0	0.0	0.0	0.0	0.0	0.0	0.0	1.6	2.9692307692307693	6.187372708757637	10.830582102519548	13.692107545533391	14.456318252730108	14.144	13.219626168224298	17.573378839590443	11.790262172284644	11.185328185328185	12.982758620689655	16.93103448275862	16.496402877697843	13.911227154046998	11.760330578512397	10.98165137614679	8.958333333333334	6.214689265536723	3.7971014492753623	2.6363636363636362	1.2	1.625	3.0	1.4	1.0	2.0	0.0	0.0	0.0	0.0	0.0	0.0	0.0	0.0
	# checklists reporting species - (Common Tern)	0.0	0.0	0.0	0.0	0.0	0.0	0.0	0.0	0.0	0.0	0.0	0.0	0.0	5	65	491	1151	1153	1282	1500	428	293	267	259	232	203	278	383	242	218	216	177	69	22	5	8	4	5	2	1	0.0	0.0	0.0	0.0	0.0	0.0	0.0	0.0
	
