

	Week starting on...	1/1	1/8	1/15	1/22	2/1	2/8	2/15	2/22	3/1	3/8	3/15	3/22	4/1	4/8	4/15	4/22	5/1	5/8	5/15	5/22	6/1	6/8	6/15	6/22	7/1	7/8	7/15	7/22	8/1	8/8	8/15	8/22	9/1	9/8	9/15	9/22	10/1	10/8	10/15	10/22	11/1	11/8	11/15	11/22	12/1	12/8	12/15	12/22
Frequency (%)
	Short-billed Dowitcher	0.0	0.0	0.0	0.0	0.0	0.0	0.0	0.0	0.0	0.0	0.0	0.0	0.0	0.0	0.0	0.01626809825931349	0.04566905160602831	0.464489062031765	2.8034405861739407	3.017166637766603	0.35046728971962615	0.0	0.0	0.0	0.17311021350259664	1.6066838046272494	2.403204272363151	3.5613870665417062	1.979565772669221	1.66256157635468	1.4908890115958033	1.146542457900394	1.9789983844911148	1.3591433278418452	0.7736156351791531	0.26578073089701	0.0	0.0	0.0	0.0	0.0	0.0	0.0	0.0	0.0	0.0	0.0	0.0
	Total # checklists submitted - (Short-billed Dowitcher)	4257	3234	2821	3966	2724	3571	5263	2828	3191	3538	3975	5362	4172	3984	4245	6147	6569	6674	6278	5767	2568	2210	1978	2417	1733	1556	1498	2134	1566	1624	1811	2791	2476	2428	2456	3010	2637	2638	2607	3511	2525	2556	2305	2794	2158	2208	2525	3537
	
Abundance
	Short-billed Dowitcher	0.0	0.0	0.0	0.0	0.0	0.0	0.0	0.0	0.0	0.0	0.0	0.0	0.0	0.0	0.0	3.2536196518626975E-4	7.611508601004719E-4	0.014983518130056937	0.23845173622172666	0.1584879486734871	0.004672897196261682	0.0	0.0	0.0	0.0017311021350259665	0.05976863753213368	0.07142857142857142	0.1049671977507029	0.022988505747126436	0.03078817733990148	0.03975704030922143	0.021139376567538518	0.03150242326332795	0.0214168039538715	0.013436482084690555	0.0026578073089701	0.0	0.0	0.0	0.0	0.0	0.0	0.0	0.0	0.0	0.0	0.0	0.0
	Total # checklists submitted - (Short-billed Dowitcher)	4257	3234	2821	3966	2724	3571	5263	2828	3191	3538	3975	5362	4172	3984	4245	6147	6569	6674	6278	5767	2568	2210	1978	2417	1733	1556	1498	2134	1566	1624	1811	2791	2476	2428	2456	3010	2637	2638	2607	3511	2525	2556	2305	2794	2158	2208	2525	3537
	
Birds Per Party Hour
	Short-billed Dowitcher	0.0	0.0	0.0	0.0	0.0	0.0	0.0	0.0	0.0	0.0	0.0	0.0	0.0	0.0	0.0	0.4	0.2921065862242333	0.9265896580886062	3.364811695391761	2.527231447566844	1.5233903313796775	1.0	0.0	0.0	0.9444444444444444	2.6541796690281614	1.5328363072097357	1.613707792677217	0.6868123629772976	0.9483112388397394	1.6266442850669092	1.6596064102436985	0.8164658119112623	0.5623155292724068	0.6475655579275594	0.5994861153464832	0.0	0.0	0.0	0.0	0.0	0.0	0.0	0.0	0.0	0.0	0.0	0.0
	# checklists reporting species - (Short-billed Dowitcher)	0.0	0.0	0.0	0.0	0.0	0.0	0.0	0.0	0.0	0.0	0.0	0.0	0.0	0.0	0.0	1	3	39	192	187	9	1	0.0	0.0	3	28	38	93	34	33	34	40	53	33	19	9	0.0	0.0	0.0	0.0	0.0	0.0	0.0	0.0	0.0	0.0	0.0	0.0
	
High Count
	Short-billed Dowitcher	0.0	0.0	0.0	0.0	0.0	0.0	0.0	0.0	0.0	0.0	0.0	0.0	0.0	0.0	0.0	2	2	8	66	47	3	1	0.0	0.0	1	25	17	8	4	5	13	8	3	3	6	1	0.0	0.0	0.0	0.0	0.0	0.0	0.0	0.0	0.0	0.0	0.0	0.0
	# checklists reporting species - (Short-billed Dowitcher)	0.0	0.0	0.0	0.0	0.0	0.0	0.0	0.0	0.0	0.0	0.0	0.0	0.0	0.0	0.0	1	3	41	195	196	10	1	0.0	0.0	3	30	43	98	38	33	35	48	56	35	27	11	0.0	0.0	0.0	0.0	0.0	0.0	0.0	0.0	0.0	0.0	0.0	0.0
	
Totals
	Short-billed Dowitcher	0.0	0.0	0.0	0.0	0.0	0.0	0.0	0.0	0.0	0.0	0.0	0.0	0.0	0.0	0.0	2	5	122	1630	1006	13	1	0.0	0.0	3	110	130	285	43	66	98	85	87	54	41	11	0.0	0.0	0.0	0.0	0.0	0.0	0.0	0.0	0.0	0.0	0.0	0.0
	# checklists reporting species - (Short-billed Dowitcher)	0.0	0.0	0.0	0.0	0.0	0.0	0.0	0.0	0.0	0.0	0.0	0.0	0.0	0.0	0.0	1	3	41	195	189	10	1	0.0	0.0	3	30	43	98	38	33	35	47	55	34	27	11	0.0	0.0	0.0	0.0	0.0	0.0	0.0	0.0	0.0	0.0	0.0	0.0
	
Average Count
	Short-billed Dowitcher	0.0	0.0	0.0	0.0	0.0	0.0	0.0	0.0	0.0	0.0	0.0	0.0	0.0	0.0	0.0	2.0	1.6666666666666667	2.975609756097561	8.35897435897436	5.322751322751323	1.3	1.0	0.0	0.0	1.0	3.6666666666666665	3.0232558139534884	2.9081632653061225	1.131578947368421	2.0	2.8	1.8085106382978724	1.5818181818181818	1.588235294117647	1.5185185185185186	1.0	0.0	0.0	0.0	0.0	0.0	0.0	0.0	0.0	0.0	0.0	0.0	0.0
	# checklists reporting species - (Short-billed Dowitcher)	0.0	0.0	0.0	0.0	0.0	0.0	0.0	0.0	0.0	0.0	0.0	0.0	0.0	0.0	0.0	1	3	41	195	189	10	1	0.0	0.0	3	30	43	98	38	33	35	47	55	34	27	11	0.0	0.0	0.0	0.0	0.0	0.0	0.0	0.0	0.0	0.0	0.0	0.0
	
