

	Week starting on...	1/1	1/8	1/15	1/22	2/1	2/8	2/15	2/22	3/1	3/8	3/15	3/22	4/1	4/8	4/15	4/22	5/1	5/8	5/15	5/22	6/1	6/8	6/15	6/22	7/1	7/8	7/15	7/22	8/1	8/8	8/15	8/22	9/1	9/8	9/15	9/22	10/1	10/8	10/15	10/22	11/1	11/8	11/15	11/22	12/1	12/8	12/15	12/22
Frequency (%)
	Blackburnian Warbler	0.0	0.0	0.0	0.0	0.0	0.0	0.0	0.0	0.0	0.0	0.0	0.0	0.0	0.0	0.0	0.03253619651862698	4.901811539047039	14.86364998501648	23.510672188595095	10.091902202184846	0.35046728971962615	0.04524886877828054	0.0	0.0	0.0	0.0	0.0	0.0	0.0	1.7857142857142856	5.7426836002208725	7.703332139018274	10.460420032310177	10.996705107084018	7.20684039087948	3.4551495016611296	0.37921880925293894	0.03790750568612585	0.038358266206367474	0.0	0.0	0.0	0.0	0.0	0.0	0.0	0.0	0.0
	Total # checklists submitted - (Blackburnian Warbler)	4257	3234	2821	3966	2724	3571	5263	2828	3191	3538	3975	5362	4172	3984	4245	6147	6569	6674	6278	5767	2568	2210	1978	2417	1733	1556	1498	2134	1566	1624	1811	2791	2476	2428	2456	3010	2637	2638	2607	3511	2525	2556	2305	2794	2158	2208	2525	3537
	
Abundance
	Blackburnian Warbler	0.0	0.0	0.0	0.0	0.0	0.0	0.0	0.0	0.0	0.0	0.0	0.0	0.0	0.0	0.0	3.2536196518626975E-4	0.0625666007002588	0.2782439316751573	0.552245938196878	0.17548118605860932	0.003894080996884735	4.5248868778280545E-4	0.0	0.0	0.0	0.0	0.0	0.0	0.0	0.035098522167487683	0.10933186085035891	0.1547832318165532	0.19668820678513732	0.19769357495881384	0.11970684039087948	0.04119601328903655	0.005309063329541145	3.790750568612585E-4	3.835826620636747E-4	0.0	0.0	0.0	0.0	0.0	0.0	0.0	0.0	0.0
	Total # checklists submitted - (Blackburnian Warbler)	4257	3234	2821	3966	2724	3571	5263	2828	3191	3538	3975	5362	4172	3984	4245	6147	6569	6674	6278	5767	2568	2210	1978	2417	1733	1556	1498	2134	1566	1624	1811	2791	2476	2428	2456	3010	2637	2638	2607	3511	2525	2556	2305	2794	2158	2208	2525	3537
	
Birds Per Party Hour
	Blackburnian Warbler	0.0	0.0	0.0	0.0	0.0	0.0	0.0	0.0	0.0	0.0	0.0	0.0	0.0	0.0	0.0	1.0711794433767527	0.9632960361142351	1.27906709067459	1.498316294556993	1.4561563597425147	1.3239021178781945	0.968054211035818	0.0	0.0	0.0	0.0	0.0	0.0	0.0	0.7206165410425095	0.9166971789595423	1.0972720288670426	1.1508732110227375	0.9854510517382657	0.8560128156444868	0.7075649635350943	0.5875346889306501	0.25	0.5	0.0	0.0	0.0	0.0	0.0	0.0	0.0	0.0	0.0
	# checklists reporting species - (Blackburnian Warbler)	0.0	0.0	0.0	0.0	0.0	0.0	0.0	0.0	0.0	0.0	0.0	0.0	0.0	0.0	0.0	3	345	1087	1620	677	14	1	0.0	0.0	0.0	0.0	0.0	0.0	0.0	31	120	230	272	277	193	114	13	1	1	0.0	0.0	0.0	0.0	0.0	0.0	0.0	0.0	0.0
	
High Count
	Blackburnian Warbler	0.0	0.0	0.0	0.0	0.0	0.0	0.0	0.0	0.0	0.0	0.0	0.0	0.0	0.0	0.0	1	5	70	20	17	2	1	0.0	0.0	0.0	0.0	0.0	0.0	0.0	7	16	16	16	15	16	4	3	1	1	0.0	0.0	0.0	0.0	0.0	0.0	0.0	0.0	0.0
	# checklists reporting species - (Blackburnian Warbler)	0.0	0.0	0.0	0.0	0.0	0.0	0.0	0.0	0.0	0.0	0.0	0.0	0.0	0.0	0.0	3	371	1160	1717	716	14	1	0.0	0.0	0.0	0.0	0.0	0.0	0.0	31	124	242	280	289	200	120	14	1	1	0.0	0.0	0.0	0.0	0.0	0.0	0.0	0.0	0.0
	
Totals
	Blackburnian Warbler	0.0	0.0	0.0	0.0	0.0	0.0	0.0	0.0	0.0	0.0	0.0	0.0	0.0	0.0	0.0	3	463	2187	3913	1215	15	1	0.0	0.0	0.0	0.0	0.0	0.0	0.0	59	232	469	510	516	327	146	19	1	1	0.0	0.0	0.0	0.0	0.0	0.0	0.0	0.0	0.0
	# checklists reporting species - (Blackburnian Warbler)	0.0	0.0	0.0	0.0	0.0	0.0	0.0	0.0	0.0	0.0	0.0	0.0	0.0	0.0	0.0	3	354	1129	1662	694	14	1	0.0	0.0	0.0	0.0	0.0	0.0	0.0	31	123	240	273	284	198	120	14	1	1	0.0	0.0	0.0	0.0	0.0	0.0	0.0	0.0	0.0
	
Average Count
	Blackburnian Warbler	0.0	0.0	0.0	0.0	0.0	0.0	0.0	0.0	0.0	0.0	0.0	0.0	0.0	0.0	0.0	1.0	1.307909604519774	1.9371124889282552	2.3543922984356196	1.7507204610951008	1.0714285714285714	1.0	0.0	0.0	0.0	0.0	0.0	0.0	0.0	1.903225806451613	1.886178861788618	1.9541666666666666	1.8681318681318682	1.8169014084507042	1.6515151515151516	1.2166666666666666	1.3571428571428572	1.0	1.0	0.0	0.0	0.0	0.0	0.0	0.0	0.0	0.0	0.0
	# checklists reporting species - (Blackburnian Warbler)	0.0	0.0	0.0	0.0	0.0	0.0	0.0	0.0	0.0	0.0	0.0	0.0	0.0	0.0	0.0	3	354	1129	1662	694	14	1	0.0	0.0	0.0	0.0	0.0	0.0	0.0	31	123	240	273	284	198	120	14	1	1	0.0	0.0	0.0	0.0	0.0	0.0	0.0	0.0	0.0
	
