

	Week starting on...	1/1	1/8	1/15	1/22	2/1	2/8	2/15	2/22	3/1	3/8	3/15	3/22	4/1	4/8	4/15	4/22	5/1	5/8	5/15	5/22	6/1	6/8	6/15	6/22	7/1	7/8	7/15	7/22	8/1	8/8	8/15	8/22	9/1	9/8	9/15	9/22	10/1	10/8	10/15	10/22	11/1	11/8	11/15	11/22	12/1	12/8	12/15	12/22
Frequency (%)
	American Wigeon	7.235142118863049	5.225726654298083	6.097128677773839	5.3706505295007565	6.31424375917768	2.4082889946793617	1.7100513015390462	4.702970297029703	5.421497963020997	6.726964386659128	6.6415094339622645	6.135770234986945	5.944391179290508	4.6435742971887555	4.570082449941107	3.7579306979014153	2.420459735119501	1.932873838777345	1.7202930869703728	1.7166637766603086	1.5965732087227413	0.8597285067873304	0.6572295247724975	0.7860984691766653	1.0963646855164455	0.1928020565552699	0.46728971962616817	0.28116213683223995	0.4469987228607918	0.3694581280788177	0.16565433462175594	0.6091006807595843	2.5444264943457187	5.601317957166392	5.944625407166123	8.93687707641196	10.542282897231702	11.448066717210008	15.458381281166092	16.291654799202508	15.841584158415841	17.84037558685446	14.70715835140998	13.886900501073729	13.948100092678406	11.594202898550725	8.316831683168317	7.944585807181228
	Total # checklists submitted - (American Wigeon)	4257	3234	2821	3966	2724	3571	5263	2828	3191	3538	3975	5362	4172	3984	4245	6147	6569	6674	6278	5767	2568	2210	1978	2417	1733	1556	1498	2134	1566	1624	1811	2791	2476	2428	2456	3010	2637	2638	2607	3511	2525	2556	2305	2794	2158	2208	2525	3537
	
Abundance
	American Wigeon	0.3173596429410383	0.2758194186765615	0.2531017369727047	0.35325264750378216	0.23237885462555066	0.1008120974516942	0.04370131103933118	0.19837340876944837	0.2616734565966782	0.4313171283210854	0.27144654088050313	0.27788138754196196	0.24185043144774687	0.17921686746987953	0.10082449941107186	0.0896372214088173	0.04414674988582737	0.03506143242433323	0.03217585218222364	0.03069186752210855	0.02764797507788162	0.0167420814479638	0.015672396359959553	0.0215142738932561	0.016156953260242354	0.0038560411311053984	0.007343124165554072	0.008903467666354265	0.005747126436781609	0.003694581280788177	0.00717835450027609	0.013256897169473307	0.08279483037156704	0.25370675453047775	0.41164495114006516	0.7428571428571429	0.8119074706105422	1.2759666413949962	1.7602608362102032	1.7681572201651952	1.6114851485148516	1.769170579029734	1.2303687635574838	1.1202576950608447	0.8878591288229842	0.634963768115942	0.5500990099009901	0.44416171897087925
	Total # checklists submitted - (American Wigeon)	4257	3234	2821	3966	2724	3571	5263	2828	3191	3538	3975	5362	4172	3984	4245	6147	6569	6674	6278	5767	2568	2210	1978	2417	1733	1556	1498	2134	1566	1624	1811	2791	2476	2428	2456	3010	2637	2638	2607	3511	2525	2556	2305	2794	2158	2208	2525	3537
	
Birds Per Party Hour
	American Wigeon	4.2283830361431285	6.988879050078082	4.973291559023119	9.273232610986387	5.261513008692488	6.99366173836081	2.307433992643992	2.8616293567174353	4.763837522144854	2.7005516306544735	2.333660169077209	2.24960304940447	2.0150944784645692	2.295134566318461	1.1186956199337144	1.0240978190759435	0.5910355884379459	0.7142658113893168	0.5157554559639198	0.5026360406459466	0.6581964723363163	0.5903415042524989	1.5589442399877096	3.2300121748186723	3.098814306950712	0.8849857886432373	1.3546588106739375	1.1132603140230752	0.9776770907367922	0.5327133170669468	1.5665494938132734	1.158444153315166	1.5222830195371253	1.66651510623957	3.486898846243869	3.8749030966696894	3.8553146405501804	4.393739251655791	5.9308074951243785	4.337328918534176	4.586152682080046	5.265712368621066	4.9775021938466795	7.983506155440536	4.935865283741531	4.113836833600772	5.04489701409464	4.676013417861666
	# checklists reporting species - (American Wigeon)	301	169	167	208	167	84	89	126	180	232	253	317	243	179	189	222	155	130	110	101	42	22	15	20	22	4	7	7	6	6	4	19	62	142	151	272	288	301	403	566	394	442	332	396	306	244	210	278
	
High Count
	American Wigeon	36	55	26	31	30	28	17	30	99	121	23	40	30	31	12	12	6	5	6	5	3	5	10	5	4	5	3	7	2	1	10	8	24	30	50	62	52	55	81	75	103	76	100	80	40	45	46	45
	# checklists reporting species - (American Wigeon)	329	185	183	239	181	92	100	142	195	262	290	358	269	198	214	243	166	135	116	105	42	23	15	22	23	6	7	9	7	6	4	20	65	150	171	296	309	332	438	624	440	494	368	436	339	278	230	303
	
Totals
	American Wigeon	1412	990	784	1504	678	380	242	613	913	1623	1159	1555	1084	733	487	566	298	246	206	185	73	43	33	57	40	14	11	26	9	6	14	42	210	644	1123	2347	2311	3649	4817	6679	4277	4740	3026	3263	2045	1522	1485	1629
	# checklists reporting species - (American Wigeon)	306	179	172	226	173	88	96	136	187	242	266	333	259	184	198	229	158	130	111	101	42	23	15	21	23	6	7	9	6	6	4	20	63	146	166	287	301	318	414	591	403	452	346	407	318	256	217	287
	
Average Count
	American Wigeon	4.61437908496732	5.5307262569832405	4.558139534883721	6.654867256637168	3.9190751445086707	4.318181818181818	2.5208333333333335	4.507352941176471	4.882352941176471	6.706611570247934	4.357142857142857	4.66966966966967	4.185328185328185	3.983695652173913	2.45959595959596	2.4716157205240177	1.8860759493670887	1.8923076923076922	1.8558558558558558	1.8316831683168318	1.7380952380952381	1.8695652173913044	2.2	2.7142857142857144	1.7391304347826086	2.3333333333333335	1.5714285714285714	2.888888888888889	1.5	1.0	3.5	2.1	3.3333333333333335	4.410958904109589	6.765060240963855	8.177700348432056	7.677740863787376	11.474842767295597	11.635265700483092	11.301184433164128	10.612903225806452	10.486725663716815	8.745664739884393	8.017199017199017	6.430817610062893	5.9453125	6.84331797235023	5.67595818815331
	# checklists reporting species - (American Wigeon)	306	179	172	226	173	88	96	136	187	242	266	333	259	184	198	229	158	130	111	101	42	23	15	21	23	6	7	9	6	6	4	20	63	146	166	287	301	318	414	591	403	452	346	407	318	256	217	287
	
