

	Week starting on...	1/1	1/8	1/15	1/22	2/1	2/8	2/15	2/22	3/1	3/8	3/15	3/22	4/1	4/8	4/15	4/22	5/1	5/8	5/15	5/22	6/1	6/8	6/15	6/22	7/1	7/8	7/15	7/22	8/1	8/8	8/15	8/22	9/1	9/8	9/15	9/22	10/1	10/8	10/15	10/22	11/1	11/8	11/15	11/22	12/1	12/8	12/15	12/22
Frequency (%)
	Barn Swallow	0.0	0.0	0.0	0.0	0.0	0.0	0.0	0.0	0.0	0.0	0.0	0.20514733308466987	2.9482262703739215	7.931726907630522	15.571260306242637	26.094029607938836	32.34891155427005	33.518130056937366	35.664224275246895	41.70279174614184	32.59345794392524	34.11764705882353	32.81092012133468	29.251137774100123	31.852279284477785	34.06169665809769	36.849132176234974	35.33270852858482	38.441890166028095	36.330049261083744	36.554389839867476	27.55284844141885	18.94184168012924	6.672158154859967	0.8143322475570033	0.03322259136212625	0.037921880925293895	0.11372251705837756	0.0	0.0854457419538593	0.15841584158415842	0.0	0.0	0.0	0.0	0.0	0.0	0.0
	Total # checklists submitted - (Barn Swallow)	4257	3234	2821	3966	2724	3571	5263	2828	3191	3538	3975	5362	4172	3984	4245	6147	6569	6674	6278	5767	2568	2210	1978	2417	1733	1556	1498	2134	1566	1624	1811	2791	2476	2428	2456	3010	2637	2638	2607	3511	2525	2556	2305	2794	2158	2208	2525	3537
	
Abundance
	Barn Swallow	0.0	0.0	0.0	0.0	0.0	0.0	0.0	0.0	0.0	0.0	0.0	0.002237970906378217	0.0524928092042186	0.21511044176706828	0.9071849234393404	2.646168862859932	4.622316943218146	4.225352112676056	3.1530742274609747	3.340038148083926	2.527258566978193	2.4895927601809955	2.3240647118301316	2.2449317335539924	2.9440276976341604	3.397172236503856	4.511348464619493	4.374414245548266	4.783524904214559	4.458743842364532	4.97736057426836	3.0236474381941956	1.9620355411954766	0.6511532125205931	0.023615635179153095	3.322259136212625E-4	0.0011376564277588168	0.0011372251705837756	0.0	8.54457419538593E-4	0.0015841584158415843	0.0	0.0	0.0	0.0	0.0	0.0	0.0
	Total # checklists submitted - (Barn Swallow)	4257	3234	2821	3966	2724	3571	5263	2828	3191	3538	3975	5362	4172	3984	4245	6147	6569	6674	6278	5767	2568	2210	1978	2417	1733	1556	1498	2134	1566	1624	1811	2791	2476	2428	2456	3010	2637	2638	2607	3511	2525	2556	2305	2794	2158	2208	2525	3537
	
Birds Per Party Hour
	Barn Swallow	0.0	0.0	0.0	0.0	0.0	0.0	0.0	0.0	0.0	0.0	0.0	0.40767586751671525	0.9453027031674068	2.1597583747241407	3.985043310528893	6.274490262270852	7.076872669755054	8.978363454396522	6.422702123287387	6.349952222069533	9.79638862090032	10.471083856649809	9.710680730619636	11.12497071785263	10.401391372343111	11.785458639847159	10.505143822509117	9.577111937710457	11.488211941185222	10.84423004859002	7.496762475887971	6.572626657540189	5.204161947912292	4.088252355709467	1.1309490821052084	5.9880239520958085	1.0909090909090908	0.26544953412361577	0.0	0.16044630848559657	0.5037069537179037	0.0	0.0	0.0	0.0	0.0	0.0	0.0
	# checklists reporting species - (Barn Swallow)	0.0	0.0	0.0	0.0	0.0	0.0	0.0	0.0	0.0	0.0	0.0	11	127	326	640	1518	1974	2096	2059	2205	794	714	613	676	512	506	524	704	577	582	631	735	453	164	21	1	1	3	0.0	3	4	0.0	0.0	0.0	0.0	0.0	0.0	0.0
	
High Count
	Barn Swallow	0.0	0.0	0.0	0.0	0.0	0.0	0.0	0.0	0.0	0.0	0.0	2	10	20	180	2200	4000	5000	250	400	82	75	100	130	150	300	220	200	400	120	300	250	200	120	30	1	3	1	0.0	1	1	0.0	0.0	0.0	0.0	0.0	0.0	0.0
	# checklists reporting species - (Barn Swallow)	0.0	0.0	0.0	0.0	0.0	0.0	0.0	0.0	0.0	0.0	0.0	11	134	348	698	1700	2246	2371	2372	2566	914	819	705	793	598	586	600	816	659	656	730	810	492	170	22	1	1	3	0.0	3	4	0.0	0.0	0.0	0.0	0.0	0.0	0.0
	
Totals
	Barn Swallow	0.0	0.0	0.0	0.0	0.0	0.0	0.0	0.0	0.0	0.0	0.0	12	240	978	3997	17026	31008	29222	20352	20007	6816	5757	4842	5798	5319	5979	7020	9854	8397	7825	9546	8784	5011	1652	60	1	3	3	0.0	3	4	0.0	0.0	0.0	0.0	0.0	0.0	0.0
	# checklists reporting species - (Barn Swallow)	0.0	0.0	0.0	0.0	0.0	0.0	0.0	0.0	0.0	0.0	0.0	11	132	338	660	1555	2011	2126	2082	2241	811	739	634	711	527	515	532	719	581	600	643	747	470	165	21	1	1	3	0.0	3	4	0.0	0.0	0.0	0.0	0.0	0.0	0.0
	
Average Count
	Barn Swallow	0.0	0.0	0.0	0.0	0.0	0.0	0.0	0.0	0.0	0.0	0.0	1.0909090909090908	1.8181818181818181	2.893491124260355	6.056060606060606	10.9491961414791	15.419194430631526	13.745061147695202	9.77521613832853	8.927710843373495	8.404438964241677	7.790257104194858	7.6372239747634065	8.154711673699016	10.092979127134726	11.609708737864077	13.19548872180451	13.705146036161334	14.452667814113598	13.041666666666666	14.846034214618973	11.759036144578314	10.661702127659574	10.012121212121212	2.857142857142857	1.0	3.0	1.0	0.0	1.0	1.0	0.0	0.0	0.0	0.0	0.0	0.0	0.0
	# checklists reporting species - (Barn Swallow)	0.0	0.0	0.0	0.0	0.0	0.0	0.0	0.0	0.0	0.0	0.0	11	132	338	660	1555	2011	2126	2082	2241	811	739	634	711	527	515	532	719	581	600	643	747	470	165	21	1	1	3	0.0	3	4	0.0	0.0	0.0	0.0	0.0	0.0	0.0
	
