

	Week starting on...	1/1	1/8	1/15	1/22	2/1	2/8	2/15	2/22	3/1	3/8	3/15	3/22	4/1	4/8	4/15	4/22	5/1	5/8	5/15	5/22	6/1	6/8	6/15	6/22	7/1	7/8	7/15	7/22	8/1	8/8	8/15	8/22	9/1	9/8	9/15	9/22	10/1	10/8	10/15	10/22	11/1	11/8	11/15	11/22	12/1	12/8	12/15	12/22
Frequency (%)
	Black-capped Chickadee	52.12591026544515	53.896103896103895	52.676355902162356	52.748361069087245	52.27606461086637	49.98599831979838	47.72943188295649	52.51060820367751	52.303353180821055	53.87224420576597	53.40880503144654	52.66691533010071	52.85234899328859	51.43072289156626	49.06949352179034	48.43012851797625	46.17141117369463	43.33233443212466	39.35966868429436	32.443211375065026	27.063862928348907	24.93212669683258	25.581395348837212	28.96152254861398	36.64166185804962	36.760925449871465	39.38584779706275	38.33177132146204	43.358876117496806	44.76600985221675	46.43843180563225	48.97886062343246	52.58481421647819	53.17133443163097	51.22149837133551	49.501661129568106	49.298445202882064	55.38286580742987	59.26352128883774	63.714041583594415	62.73267326732673	61.58059467918623	64.03470715835141	59.62777380100215	57.27525486561631	57.88043478260869	62.21782178217822	59.739892564320044
	Total # checklists submitted - (Black-capped Chickadee)	4257	3234	2821	3966	2724	3571	5263	2828	3191	3538	3975	5362	4172	3984	4245	6147	6569	6674	6278	5767	2568	2210	1978	2417	1733	1556	1498	2134	1566	1624	1811	2791	2476	2428	2456	3010	2637	2638	2607	3511	2525	2556	2305	2794	2158	2208	2525	3537
	
Abundance
	Black-capped Chickadee	2.9285882076579752	2.9131106988249846	2.7366182204891882	2.7160867372667674	2.6773127753303965	2.3528423410809296	2.258027740832225	2.646746817538897	2.4030084612973988	2.532504239683437	2.351949685534591	2.1917195076464004	2.190316395014382	1.9711345381526104	1.7189634864546526	1.5999674638034813	1.377683056781854	1.1375486964339228	0.8835616438356164	0.6625628576382868	0.5404984423676013	0.5049773755656108	0.7224469160768453	0.7856847331402566	1.0588574725908828	1.05719794344473	1.143524699599466	1.169165885660731	1.2905491698595146	1.4766009852216748	1.7382661512976256	1.8111787889645288	2.0775444264943457	1.9559308072487644	2.0248371335504887	1.869767441860465	1.944634053849071	3.224033358605004	3.6444188722669737	6.0487040729137	4.243168316831683	3.9432707355242567	3.4911062906724513	3.3303507516105944	3.376737720111214	3.688858695652174	6.3401980198019805	3.6160588068985016
	Total # checklists submitted - (Black-capped Chickadee)	4257	3234	2821	3966	2724	3571	5263	2828	3191	3538	3975	5362	4172	3984	4245	6147	6569	6674	6278	5767	2568	2210	1978	2417	1733	1556	1498	2134	1566	1624	1811	2791	2476	2428	2456	3010	2637	2638	2607	3511	2525	2556	2305	2794	2158	2208	2525	3537
	
Birds Per Party Hour
	Black-capped Chickadee	7.726857471568606	6.917829779711964	6.549089569340779	6.590053960675757	6.724756533490151	6.728555583370436	6.481627871410095	5.498001536221054	5.692829921585139	5.048840819660381	4.607160853662926	4.398530077552151	4.189093997668589	3.6885313872353183	3.675110901865869	3.1633561028917714	2.3844389926678975	2.2120224796406385	2.0347313536583522	1.6389346732362755	2.5045205175312524	3.0411642460796044	3.6810330913654763	4.395487863263624	3.91300906119256	3.1999876017526336	5.30182538048667	2.992598534118091	2.8507886098483435	3.43231094686541	3.5248416232798743	3.444741041443663	3.3914553776972567	3.4264653411843606	3.6215443528433706	3.510134822790319	4.363211288674276	4.477367328607588	6.019559438813066	6.434090319245906	5.737065324109934	5.769953254455557	6.393605143176891	6.403296493463633	6.783576369457967	7.008238864080011	7.184941729104244	6.5534790809961425
	# checklists reporting species - (Black-capped Chickadee)	2187	1702	1459	2048	1391	1790	2545	1443	1656	1855	2057	2774	2144	2022	2032	2916	2951	2837	2438	1817	687	525	483	685	621	562	593	793	669	721	843	1338	1261	1276	1239	1438	1264	1442	1517	2216	1565	1542	1478	1646	1237	1253	1572	2063
	
High Count
	Black-capped Chickadee	150	89	58	65	53	90	41	50	40	44	40	44	60	41	41	43	30	34	25	45	12	15	31	36	25	50	22	30	28	36	40	54	48	38	88	68	100	150	167	350	200	110	50	75	68	105	217	100
	# checklists reporting species - (Black-capped Chickadee)	2403	1858	1604	2249	1532	1904	2685	1586	1786	2018	2232	2986	2336	2180	2210	3136	3199	3048	2608	1959	743	578	526	733	693	610	630	867	738	775	914	1468	1369	1387	1356	1602	1416	1600	1691	2439	1736	1695	1588	1817	1361	1385	1695	2251
	
Totals
	Black-capped Chickadee	13051	9842	8105	11403	7607	8755	12446	7839	7997	9276	9647	12146	9441	8117	7598	10194	9382	7900	5823	3953	1460	1179	1459	1947	1951	1722	1794	2578	2143	2500	3342	5282	5304	4993	5249	5943	5399	8959	10105	22939	11496	10630	8571	9832	7725	8594	17373	13336
	# checklists reporting species - (Black-capped Chickadee)	2265	1769	1508	2131	1440	1840	2598	1500	1696	1908	2111	2856	2208	2081	2102	2973	3012	2894	2477	1855	703	544	501	703	652	581	615	831	693	742	873	1397	1293	1316	1287	1505	1320	1505	1588	2309	1623	1599	1518	1716	1294	1301	1636	2135
	
Average Count
	Black-capped Chickadee	5.762030905077263	5.563595251554551	5.3746684350132625	5.351008916001877	5.282638888888889	4.758152173913044	4.790608160123171	5.226	4.715212264150943	4.861635220125786	4.569872098531501	4.252801120448179	4.275815217391305	3.9005285920230657	3.61465271170314	3.428859737638749	3.1148738379814076	2.7297857636489287	2.350827614049253	2.1309973045822104	2.076813655761024	2.167279411764706	2.9121756487025947	2.7695590327169275	2.9923312883435584	2.963855421686747	2.9170731707317072	3.102286401925391	3.092352092352092	3.3692722371967654	3.8281786941580758	3.7809591982820328	4.102088167053364	3.7940729483282674	4.0784770784770785	3.9488372093023254	4.090151515151515	5.95282392026578	6.363350125944584	9.934603724556085	7.0831792975970425	6.647904940587868	5.646245059288537	5.729603729603729	5.969860896445131	6.605687932359723	10.61919315403423	6.246370023419204
	# checklists reporting species - (Black-capped Chickadee)	2265	1769	1508	2131	1440	1840	2598	1500	1696	1908	2111	2856	2208	2081	2102	2973	3012	2894	2477	1855	703	544	501	703	652	581	615	831	693	742	873	1397	1293	1316	1287	1505	1320	1505	1588	2309	1623	1599	1518	1716	1294	1301	1636	2135
	
