

	Week starting on...	1/1	1/8	1/15	1/22	2/1	2/8	2/15	2/22	3/1	3/8	3/15	3/22	4/1	4/8	4/15	4/22	5/1	5/8	5/15	5/22	6/1	6/8	6/15	6/22	7/1	7/8	7/15	7/22	8/1	8/8	8/15	8/22	9/1	9/8	9/15	9/22	10/1	10/8	10/15	10/22	11/1	11/8	11/15	11/22	12/1	12/8	12/15	12/22
Frequency (%)
	Trumpeter Swan	13.107822410147993	11.317254174397032	11.804324707550514	13.590519415027735	11.71071953010279	7.952954354522543	7.2202166064981945	13.684582743988685	12.096521466624882	13.369135104578858	14.238993710691824	11.283103319656844	11.241610738255034	9.036144578313253	10.153121319199057	8.91491784610379	9.149033338407673	9.065028468684448	9.875756610385473	11.496445292179642	10.085669781931465	8.280542986425338	5.358948432760364	4.178733967728589	4.096941719561454	5.077120822622108	9.145527369826436	10.21555763823805	8.748403575989784	10.467980295566502	11.595803423522916	11.250447868147617	13.08562197092084	10.131795716639209	10.13843648208469	10.232558139534884	8.418657565415245	10.576194086429112	10.548523206751055	10.225007120478496	11.08910891089109	12.1283255086072	10.585683297180044	8.732999284180387	10.98239110287303	11.458333333333332	10.376237623762377	14.475544246536613
	Total # checklists submitted - (Trumpeter Swan)	4257	3234	2821	3966	2724	3571	5263	2828	3191	3538	3975	5362	4172	3984	4245	6147	6569	6674	6278	5767	2568	2210	1978	2417	1733	1556	1498	2134	1566	1624	1811	2791	2476	2428	2456	3010	2637	2638	2607	3511	2525	2556	2305	2794	2158	2208	2525	3537
	
Abundance
	Trumpeter Swan	1.707070707070707	1.4910327767470624	1.6855724920241049	1.8013111447302068	1.606093979441997	1.1083730047605713	1.000380011400342	1.7252475247524752	1.5998119711689125	1.5180893159977389	1.3381132075471698	0.9046997389033943	0.824065196548418	0.5870983935742972	0.537809187279152	0.471612168537498	0.47587151773481506	0.44501048846269103	0.47435489009238613	0.6173053580717878	0.5802180685358256	0.4796380090497738	0.31193124368048536	0.27058336781133635	0.31621465666474324	0.41259640102827766	0.746995994659546	0.7656982193064668	0.6864623243933589	0.7536945812807881	0.8779679734953064	0.8434252955929774	1.0258481421647818	0.799835255354201	0.8008957654723127	0.7946843853820598	0.627227910504361	0.7456406368460955	0.7652474108170311	0.7208772429507263	0.7912871287128713	0.8482003129890454	0.8585683297180043	0.7351467430207588	0.8985171455050973	1.388586956521739	1.4166336633663366	2.0384506644048628
	Total # checklists submitted - (Trumpeter Swan)	4257	3234	2821	3966	2724	3571	5263	2828	3191	3538	3975	5362	4172	3984	4245	6147	6569	6674	6278	5767	2568	2210	1978	2417	1733	1556	1498	2134	1566	1624	1811	2791	2476	2428	2456	3010	2637	2638	2607	3511	2525	2556	2305	2794	2158	2208	2525	3537
	
Birds Per Party Hour
	Trumpeter Swan	9.276526681763272	9.77825636338925	11.054389693205351	12.950267850856692	15.549648347657516	15.970035904160731	14.327523243331912	11.539573884940122	10.20289476995361	6.89096046202895	5.882900032276682	6.152608107629409	4.322891253215819	2.8707448188083053	3.9334720641240066	2.983566366410262	2.348733709237117	2.8580052778173592	2.298023292919817	2.6083991300828857	4.870819126535832	3.3440332198971316	4.392906128394545	5.726213606580847	4.1682064174169176	4.03695763515201	7.93309689940379	4.4488095272248795	4.175534742033377	4.0569726500582215	3.775995479740917	3.3863563824695313	4.715061649867278	3.4036206047587068	3.2728710536736383	3.645188003369784	3.089601810890572	2.823909146174957	4.788097490189174	3.05324013309525	3.2463233130606928	3.5327164943770213	4.427250132166008	6.280359598768598	4.755146108092115	8.62185487746268	7.285732749692724	8.844969780540842
	# checklists reporting species - (Trumpeter Swan)	549	366	332	520	312	275	378	378	374	474	549	575	465	357	430	539	589	608	617	683	264	189	114	105	74	80	141	228	136	178	209	307	312	228	251	297	219	272	266	353	274	294	232	239	233	249	264	508
	
High Count
	Trumpeter Swan	95	110	82	111	65	109	71	74	90	67	64	45	47	35	28	27	24	24	20	24	24	20	24	28	32	28	30	33	29	34	28	28	26	33	37	65	39	27	42	40	25	30	45	46	43	70	94	90
	# checklists reporting species - (Trumpeter Swan)	596	397	365	581	348	307	416	410	425	524	603	650	516	397	468	599	633	650	653	717	288	201	125	115	82	91	149	244	151	191	234	339	343	267	285	338	250	308	297	394	313	337	263	283	269	285	295	556
	
Totals
	Trumpeter Swan	7636	4997	5035	7648	4690	4101	5562	5017	5258	5625	5485	5000	3582	2432	2373	3024	3248	3094	3052	3747	1622	1129	688	690	605	704	1195	1742	1123	1296	1684	2434	2633	2038	2103	2499	1800	2119	2155	2691	2155	2303	2138	2233	2087	3367	4019	7503
	# checklists reporting species - (Trumpeter Swan)	562	383	345	549	331	291	395	390	392	491	566	602	488	376	452	560	596	617	625	692	273	195	123	110	81	84	143	234	142	182	218	316	319	237	264	314	232	289	274	369	282	304	245	263	253	268	285	525
	
Average Count
	Trumpeter Swan	13.587188612099645	13.046997389033942	14.594202898550725	13.930783242258652	14.169184290030211	14.092783505154639	14.081012658227849	12.864102564102565	13.41326530612245	11.456211812627291	9.690812720848056	8.305647840531561	7.340163934426229	6.468085106382978	5.25	5.4	5.449664429530201	5.014586709886548	4.8832	5.414739884393064	5.941391941391942	5.78974358974359	5.59349593495935	6.2727272727272725	7.469135802469136	8.380952380952381	8.356643356643357	7.444444444444445	7.908450704225352	7.1208791208791204	7.724770642201835	7.7025316455696204	8.253918495297805	8.59915611814346	7.965909090909091	7.95859872611465	7.758620689655173	7.3321799307958475	7.864963503649635	7.2926829268292686	7.641843971631205	7.5756578947368425	8.726530612244899	8.490494296577946	8.24901185770751	12.563432835820896	14.101754385964913	14.291428571428572
	# checklists reporting species - (Trumpeter Swan)	562	383	345	549	331	291	395	390	392	491	566	602	488	376	452	560	596	617	625	692	273	195	123	110	81	84	143	234	142	182	218	316	319	237	264	314	232	289	274	369	282	304	245	263	253	268	285	525
	
