

	Week starting on...	1/1	1/8	1/15	1/22	2/1	2/8	2/15	2/22	3/1	3/8	3/15	3/22	4/1	4/8	4/15	4/22	5/1	5/8	5/15	5/22	6/1	6/8	6/15	6/22	7/1	7/8	7/15	7/22	8/1	8/8	8/15	8/22	9/1	9/8	9/15	9/22	10/1	10/8	10/15	10/22	11/1	11/8	11/15	11/22	12/1	12/8	12/15	12/22
Frequency (%)
	Black-bellied Plover	0.0	0.0	0.0	0.0	0.0	0.0	0.0	0.0	0.0	0.0	0.0	0.0	0.0	0.0	0.0	0.0	0.07611508601004718	0.2097692538207971	1.5610066900286717	4.10958904109589	0.46728971962616817	0.18099547511312217	0.10111223458038424	0.0	0.0	0.0	0.0	0.18744142455482662	0.06385696040868455	0.8620689655172413	1.0491441192711208	0.32246506628448585	2.382875605815832	1.8121911037891267	4.804560260586319	3.6544850498338874	2.8062191884717484	3.184230477634572	1.8795550441120061	1.0823127314155512	0.39603960396039606	0.3129890453834116	0.0	0.0	0.0	0.0	0.0	0.0
	Total # checklists submitted - (Black-bellied Plover)	4257	3234	2821	3966	2724	3571	5263	2828	3191	3538	3975	5362	4172	3984	4245	6147	6569	6674	6278	5767	2568	2210	1978	2417	1733	1556	1498	2134	1566	1624	1811	2791	2476	2428	2456	3010	2637	2638	2607	3511	2525	2556	2305	2794	2158	2208	2525	3537
	
Abundance
	Black-bellied Plover	0.0	0.0	0.0	0.0	0.0	0.0	0.0	0.0	0.0	0.0	0.0	0.0	0.0	0.0	0.0	0.0	7.611508601004719E-4	0.0034462091699130957	0.057183816502070724	0.3400381480839258	0.008566978193146417	0.0018099547511312218	0.0010111223458038423	0.0	0.0	0.0	0.0	0.0018744142455482662	6.385696040868455E-4	0.011083743842364532	0.02981778023191607	0.0035829451809387316	0.024232633279483037	0.03377265238879736	0.19177524429967427	0.10963455149501661	0.10883579825559347	0.11448066717210008	0.06444188722669736	0.02193107376815722	0.004752475247524752	0.003129890453834116	0.0	0.0	0.0	0.0	0.0	0.0
	Total # checklists submitted - (Black-bellied Plover)	4257	3234	2821	3966	2724	3571	5263	2828	3191	3538	3975	5362	4172	3984	4245	6147	6569	6674	6278	5767	2568	2210	1978	2417	1733	1556	1498	2134	1566	1624	1811	2791	2476	2428	2456	3010	2637	2638	2607	3511	2525	2556	2305	2794	2158	2208	2525	3537
	
Birds Per Party Hour
	Black-bellied Plover	0.0	0.0	0.0	0.0	0.0	0.0	0.0	0.0	0.0	0.0	0.0	0.0	0.0	0.0	0.0	0.0	0.174698582651324	0.5326715911081784	1.0739303575809962	2.344754614285802	0.5736902240225681	0.25067893161172966	0.3516819674275857	0.0	0.0	0.0	0.0	0.25769535130888843	0.6666666666666666	0.4672289153583341	0.7474603744130568	0.4813023672391923	0.49914997482120227	1.1679846279250343	1.5519907923314626	1.2487518776307927	1.751122075128132	1.3321959573919608	0.9793866313770067	0.6548322981127757	0.16585901227801828	0.20426914514563238	0.0	0.0	0.0	0.0	0.0	0.0
	# checklists reporting species - (Black-bellied Plover)	0.0	0.0	0.0	0.0	0.0	0.0	0.0	0.0	0.0	0.0	0.0	0.0	0.0	0.0	0.0	0.0	5	16	111	249	14	4	2	1	0.0	0.0	0.0	4	2	15	24	11	65	48	123	118	77	88	48	39	12	11	0.0	0.0	0.0	0.0	0.0	0.0
	
High Count
	Black-bellied Plover	0.0	0.0	0.0	0.0	0.0	0.0	0.0	0.0	0.0	0.0	0.0	0.0	0.0	0.0	0.0	0.0	1	8	30	156	20	1	1	1	0.0	0.0	0.0	1	1	2	35	2	2	12	24	13	40	24	16	13	2	1	0.0	0.0	0.0	0.0	0.0	0.0
	# checklists reporting species - (Black-bellied Plover)	0.0	0.0	0.0	0.0	0.0	0.0	0.0	0.0	0.0	0.0	0.0	0.0	0.0	0.0	0.0	0.0	5	16	116	265	14	4	2	1	0.0	0.0	0.0	4	2	17	25	13	72	52	135	129	84	91	56	44	14	11	0.0	0.0	0.0	0.0	0.0	0.0
	
Totals
	Black-bellied Plover	0.0	0.0	0.0	0.0	0.0	0.0	0.0	0.0	0.0	0.0	0.0	0.0	0.0	0.0	0.0	0.0	5	25	410	2267	43	4	2	1	0.0	0.0	0.0	4	2	21	61	15	74	108	519	393	402	346	197	93	16	11	0.0	0.0	0.0	0.0	0.0	0.0
	# checklists reporting species - (Black-bellied Plover)	0.0	0.0	0.0	0.0	0.0	0.0	0.0	0.0	0.0	0.0	0.0	0.0	0.0	0.0	0.0	0.0	5	16	114	255	14	4	2	1	0.0	0.0	0.0	4	2	17	25	13	71	51	135	128	83	91	56	44	14	11	0.0	0.0	0.0	0.0	0.0	0.0
	
Average Count
	Black-bellied Plover	0.0	0.0	0.0	0.0	0.0	0.0	0.0	0.0	0.0	0.0	0.0	0.0	0.0	0.0	0.0	0.0	1.0	1.5625	3.5964912280701755	8.890196078431373	3.0714285714285716	1.0	1.0	1.0	0.0	0.0	0.0	1.0	1.0	1.2352941176470589	2.44	1.1538461538461537	1.0422535211267605	2.1176470588235294	3.8444444444444446	3.0703125	4.843373493975903	3.802197802197802	3.517857142857143	2.1136363636363638	1.1428571428571428	1.0	0.0	0.0	0.0	0.0	0.0	0.0
	# checklists reporting species - (Black-bellied Plover)	0.0	0.0	0.0	0.0	0.0	0.0	0.0	0.0	0.0	0.0	0.0	0.0	0.0	0.0	0.0	0.0	5	16	114	255	14	4	2	1	0.0	0.0	0.0	4	2	17	25	13	71	51	135	128	83	91	56	44	14	11	0.0	0.0	0.0	0.0	0.0	0.0
	
