

	Week starting on...	1/1	1/8	1/15	1/22	2/1	2/8	2/15	2/22	3/1	3/8	3/15	3/22	4/1	4/8	4/15	4/22	5/1	5/8	5/15	5/22	6/1	6/8	6/15	6/22	7/1	7/8	7/15	7/22	8/1	8/8	8/15	8/22	9/1	9/8	9/15	9/22	10/1	10/8	10/15	10/22	11/1	11/8	11/15	11/22	12/1	12/8	12/15	12/22
Frequency (%)
	Magnolia Warbler	0.0	0.0	0.0	0.0	0.0	0.0	0.0	0.0	0.0	0.0	0.0	0.0	0.0	0.0	0.0	0.03253619651862698	2.420459735119501	16.13724902607132	33.800573431028994	15.345933761054276	0.7009345794392523	0.09049773755656108	0.10111223458038424	0.04137360364087712	0.0	0.0	0.0	0.0	0.0	0.6157635467980296	4.803975704030923	13.07774991042637	25.24232633279483	28.08896210873147	22.31270358306189	14.252491694352159	6.825938566552901	1.023502653525398	0.46029919447640966	0.11392765593847907	0.0	0.0	0.0	0.03579098067287043	0.0	0.0	0.0	0.0
	Total # checklists submitted - (Magnolia Warbler)	4257	3234	2821	3966	2724	3571	5263	2828	3191	3538	3975	5362	4172	3984	4245	6147	6569	6674	6278	5767	2568	2210	1978	2417	1733	1556	1498	2134	1566	1624	1811	2791	2476	2428	2456	3010	2637	2638	2607	3511	2525	2556	2305	2794	2158	2208	2525	3537
	
Abundance
	Magnolia Warbler	0.0	0.0	0.0	0.0	0.0	0.0	0.0	0.0	0.0	0.0	0.0	0.0	0.0	0.0	0.0	3.2536196518626975E-4	0.030141574059978686	0.3617021276595745	0.8359350111500478	0.32217790879139935	0.007398753894080997	9.049773755656109E-4	5.055611729019212E-4	4.137360364087712E-4	0.0	0.0	0.0	0.0	0.0	0.007389162561576354	0.08614025400331309	0.35005374417771407	0.8489499192245558	0.8570840197693574	0.5810260586319218	0.28837209302325584	0.09632157755024649	0.01061410159211524	0.004219409282700422	0.0011392765593847907	0.0	0.0	0.0	3.5790980672870435E-4	0.0	0.0	0.0	0.0
	Total # checklists submitted - (Magnolia Warbler)	4257	3234	2821	3966	2724	3571	5263	2828	3191	3538	3975	5362	4172	3984	4245	6147	6569	6674	6278	5767	2568	2210	1978	2417	1733	1556	1498	2134	1566	1624	1811	2791	2476	2428	2456	3010	2637	2638	2607	3511	2525	2556	2305	2794	2158	2208	2525	3537
	
Birds Per Party Hour
	Magnolia Warbler	0.0	0.0	0.0	0.0	0.0	0.0	0.0	0.0	0.0	0.0	0.0	0.0	0.0	0.0	0.0	0.5833333333333334	0.9280235090808193	1.461746860004092	1.6129986703147672	1.3504951664139917	1.0503703492903989	0.6612116882981786	0.25100401606425704	0.25	0.0	0.0	0.0	0.0	0.3333333333333333	0.7411175083885547	0.9293161166788093	1.3766226257015015	1.7297856059752592	2.006595858895083	1.4917233434005974	1.3782469534149238	0.7385511241494818	0.7850860771024288	0.4008473493325082	0.4560648952141155	0.0	0.0	0.0	0.5	0.0	0.0	0.0	0.0
	# checklists reporting species - (Magnolia Warbler)	0.0	0.0	0.0	0.0	0.0	0.0	0.0	0.0	0.0	0.0	0.0	0.0	0.0	0.0	0.0	2	176	1190	2347	1070	40	2	1	1	0.0	0.0	0.0	0.0	1	10	98	403	646	726	582	443	193	29	10	4	0.0	0.0	0.0	1	0.0	0.0	0.0	0.0
	
High Count
	Magnolia Warbler	0.0	0.0	0.0	0.0	0.0	0.0	0.0	0.0	0.0	0.0	0.0	0.0	0.0	0.0	0.0	1	5	60	40	30	7	1	1	1	0.0	0.0	0.0	0.0	1	2	6	40	60	35	27	20	8	2	1	1	0.0	0.0	0.0	1	0.0	0.0	0.0	0.0
	# checklists reporting species - (Magnolia Warbler)	0.0	0.0	0.0	0.0	0.0	0.0	0.0	0.0	0.0	0.0	0.0	0.0	0.0	0.0	0.0	2	187	1292	2515	1148	42	2	2	1	0.0	0.0	0.0	0.0	2	11	102	426	683	773	627	484	211	32	13	4	0.0	0.0	0.0	1	0.0	0.0	0.0	0.0
	
Totals
	Magnolia Warbler	0.0	0.0	0.0	0.0	0.0	0.0	0.0	0.0	0.0	0.0	0.0	0.0	0.0	0.0	0.0	2	238	2735	6124	2474	55	2	1	1	0.0	0.0	0.0	0.0	2	13	182	1133	2206	2302	1629	987	298	34	12	4	0.0	0.0	0.0	1	0.0	0.0	0.0	0.0
	# checklists reporting species - (Magnolia Warbler)	0.0	0.0	0.0	0.0	0.0	0.0	0.0	0.0	0.0	0.0	0.0	0.0	0.0	0.0	0.0	2	177	1238	2410	1107	41	2	1	1	0.0	0.0	0.0	0.0	2	11	101	423	664	752	608	474	205	32	12	4	0.0	0.0	0.0	1	0.0	0.0	0.0	0.0
	
Average Count
	Magnolia Warbler	0.0	0.0	0.0	0.0	0.0	0.0	0.0	0.0	0.0	0.0	0.0	0.0	0.0	0.0	0.0	1.0	1.344632768361582	2.2092084006462036	2.5410788381742737	2.23486901535682	1.3414634146341464	1.0	1.0	1.0	0.0	0.0	0.0	0.0	1.0	1.1818181818181819	1.801980198019802	2.678486997635934	3.322289156626506	3.0611702127659575	2.679276315789474	2.0822784810126582	1.4536585365853658	1.0625	1.0	1.0	0.0	0.0	0.0	1.0	0.0	0.0	0.0	0.0
	# checklists reporting species - (Magnolia Warbler)	0.0	0.0	0.0	0.0	0.0	0.0	0.0	0.0	0.0	0.0	0.0	0.0	0.0	0.0	0.0	2	177	1238	2410	1107	41	2	1	1	0.0	0.0	0.0	0.0	2	11	101	423	664	752	608	474	205	32	12	4	0.0	0.0	0.0	1	0.0	0.0	0.0	0.0
	
