

	Week starting on...	1/1	1/8	1/15	1/22	2/1	2/8	2/15	2/22	3/1	3/8	3/15	3/22	4/1	4/8	4/15	4/22	5/1	5/8	5/15	5/22	6/1	6/8	6/15	6/22	7/1	7/8	7/15	7/22	8/1	8/8	8/15	8/22	9/1	9/8	9/15	9/22	10/1	10/8	10/15	10/22	11/1	11/8	11/15	11/22	12/1	12/8	12/15	12/22
Frequency (%)
	Western Grebe	0.0	0.0	0.0	0.02521432173474534	0.07342143906020558	0.0	0.03800114003420103	0.07072135785007072	0.9088060169225948	0.3391746749576032	0.4779874213836478	0.41029466616933974	0.28763183125599234	0.2761044176706827	0.21201413427561835	0.03253619651862698	0.0	0.014983518130056939	0.0	0.05202011444425178	0.0	0.0	0.0	0.0	0.0	0.0	0.0	0.0	0.0	0.0	0.0	0.0	0.0	0.0	0.0	0.0	0.0	0.0	0.0	0.0	0.0	0.0	0.0	0.0	0.0	0.0	0.0	0.0
	Total # checklists submitted - (Western Grebe)	4257	3234	2821	3966	2724	3571	5263	2828	3191	3538	3975	5362	4172	3984	4245	6147	6569	6674	6278	5767	2568	2210	1978	2417	1733	1556	1498	2134	1566	1624	1811	2791	2476	2428	2456	3010	2637	2638	2607	3511	2525	2556	2305	2794	2158	2208	2525	3537
	
Abundance
	Western Grebe	0.0	0.0	0.0	2.521432173474534E-4	7.342143906020558E-4	0.0	3.800114003420103E-4	7.072135785007072E-4	0.009088060169225948	0.0033917467495760316	0.004779874213836478	0.004102946661693398	0.0028763183125599234	0.0027610441767068274	0.0021201413427561835	3.2536196518626975E-4	0.0	1.4983518130056938E-4	0.0	5.202011444425178E-4	0.0	0.0	0.0	0.0	0.0	0.0	0.0	0.0	0.0	0.0	0.0	0.0	0.0	0.0	0.0	0.0	0.0	0.0	0.0	0.0	0.0	0.0	0.0	0.0	0.0	0.0	0.0	0.0
	Total # checklists submitted - (Western Grebe)	4257	3234	2821	3966	2724	3571	5263	2828	3191	3538	3975	5362	4172	3984	4245	6147	6569	6674	6278	5767	2568	2210	1978	2417	1733	1556	1498	2134	1566	1624	1811	2791	2476	2428	2456	3010	2637	2638	2607	3511	2525	2556	2305	2794	2158	2208	2525	3537
	
Birds Per Party Hour
	Western Grebe	0.0	0.0	0.0	0.5	1.303352246351693	0.0	1.5	1.1524143799191662	1.1084366616106311	0.5367980570552556	0.9671503179709164	0.8863735868066528	0.7681091886444527	0.7493896971292635	1.1990260747700041	0.4166666666666667	0.0	0.779423226812159	0.0	0.7081459270364817	0.0	0.0	0.0	0.0	0.0	0.0	0.0	0.0	0.0	0.0	0.0	0.0	0.0	0.0	0.0	0.3333333333333333	0.0	0.0	0.0	0.0	0.0	0.0	0.0	0.0	0.0	0.0	0.0	0.0
	# checklists reporting species - (Western Grebe)	0.0	0.0	0.0	1	3	0	3	2	40	16	20	22	15	15	12	2	0.0	1	0.0	4	0.0	0.0	0.0	0.0	0.0	0.0	0.0	0.0	0.0	0.0	0.0	0.0	0.0	0.0	0.0	1	0.0	0.0	0.0	0.0	0.0	0.0	0.0	0.0	0.0	0.0	0.0	0.0
	
High Count
	Western Grebe	0.0	0.0	0.0	1	1	1	1	1	1	1	1	1	1	1	1	1	0.0	1	0.0	1	0.0	0.0	0.0	0.0	0.0	0.0	0.0	0.0	0.0	0.0	0.0	0.0	0.0	0.0	0.0	1	0.0	0.0	0.0	0.0	0.0	0.0	0.0	0.0	0.0	0.0	0.0	0.0
	# checklists reporting species - (Western Grebe)	0.0	0.0	0.0	1	3	2	12	9	49	35	35	44	27	24	23	8	0.0	1	0.0	4	0.0	0.0	0.0	0.0	0.0	0.0	0.0	0.0	0.0	0.0	0.0	0.0	0.0	0.0	0.0	1	0.0	0.0	0.0	0.0	0.0	0.0	0.0	0.0	0.0	0.0	0.0	0.0
	
Totals
	Western Grebe	0.0	0.0	0.0	1	3	2	12	9	48	34	34	44	27	24	23	8	0.0	1	0.0	4	0.0	0.0	0.0	0.0	0.0	0.0	0.0	0.0	0.0	0.0	0.0	0.0	0.0	0.0	0.0	1	0.0	0.0	0.0	0.0	0.0	0.0	0.0	0.0	0.0	0.0	0.0	0.0
	# checklists reporting species - (Western Grebe)	0.0	0.0	0.0	1	3	2	12	9	48	34	34	44	27	24	23	8	0.0	1	0.0	4	0.0	0.0	0.0	0.0	0.0	0.0	0.0	0.0	0.0	0.0	0.0	0.0	0.0	0.0	0.0	1	0.0	0.0	0.0	0.0	0.0	0.0	0.0	0.0	0.0	0.0	0.0	0.0
	
Average Count
	Western Grebe	0.0	0.0	0.0	1.0	1.0	1.0	1.0	1.0	1.0	1.0	1.0	1.0	1.0	1.0	1.0	1.0	0.0	1.0	0.0	1.0	0.0	0.0	0.0	0.0	0.0	0.0	0.0	0.0	0.0	0.0	0.0	0.0	0.0	0.0	0.0	1.0	0.0	0.0	0.0	0.0	0.0	0.0	0.0	0.0	0.0	0.0	0.0	0.0
	# checklists reporting species - (Western Grebe)	0.0	0.0	0.0	1	3	2	12	9	48	34	34	44	27	24	23	8	0.0	1	0.0	4	0.0	0.0	0.0	0.0	0.0	0.0	0.0	0.0	0.0	0.0	0.0	0.0	0.0	0.0	0.0	1	0.0	0.0	0.0	0.0	0.0	0.0	0.0	0.0	0.0	0.0	0.0	0.0
	
