

	Week starting on...	1/1	1/8	1/15	1/22	2/1	2/8	2/15	2/22	3/1	3/8	3/15	3/22	4/1	4/8	4/15	4/22	5/1	5/8	5/15	5/22	6/1	6/8	6/15	6/22	7/1	7/8	7/15	7/22	8/1	8/8	8/15	8/22	9/1	9/8	9/15	9/22	10/1	10/8	10/15	10/22	11/1	11/8	11/15	11/22	12/1	12/8	12/15	12/22
Frequency (%)
	Surf Scoter	0.6342494714587738	0.1855287569573284	0.24813895781637718	0.27735753908219873	0.18355359765051393	0.14001680201624195	0.057001710051301537	0.24752475247524752	1.065496709495456	1.0457885811192764	0.27672955974842767	0.2237970906378217	0.07190795781399809	0.12550200803212852	0.0706713780918728	0.09760858955588092	0.30446034404018874	0.1947857356907402	0.15928639694170119	0.12138026703658747	0.0	0.0	0.0	0.0	0.0	0.0	0.0	0.0	0.0	0.0	0.0	0.0	0.0	0.0	0.0	0.26578073089701	1.3651877133105803	1.7058377558756634	2.5700038358266206	3.7311307319851896	3.762376237623762	2.3865414710485133	1.3882863340563991	1.3600572655690766	0.3243744207599629	0.3170289855072464	0.31683168316831684	0.11309018942606729
	Total # checklists submitted - (Surf Scoter)	4257	3234	2821	3966	2724	3571	5263	2828	3191	3538	3975	5362	4172	3984	4245	6147	6569	6674	6278	5767	2568	2210	1978	2417	1733	1556	1498	2134	1566	1624	1811	2791	2476	2428	2456	3010	2637	2638	2607	3511	2525	2556	2305	2794	2158	2208	2525	3537
	
Abundance
	Surf Scoter	0.008691566831101715	0.0021645021645021645	0.0024813895781637717	0.0030257186081694403	0.002936857562408223	8.401008120974517E-4	0.0015200456013680411	0.004596888260254597	0.016609213412723284	0.016958733747880157	0.004528301886792453	0.0026109660574412533	0.0019175455417066154	0.0015060240963855422	7.067137809187279E-4	0.0027655767040832926	0.007611508601004719	0.006143242433323344	0.006212169480726346	0.027223859892491764	0.0	0.0	0.0	0.0	0.0	0.0	0.0	0.0	0.0	0.0	0.0	0.0	0.0	0.0	0.0	0.004318936877076412	0.044747819491846794	0.1133434420015163	0.17184503260452627	0.3056109370549701	0.19326732673267327	0.06924882629107981	0.03210412147505423	0.03650680028632784	0.0037071362372567192	0.019021739130434784	0.005940594059405941	0.0011309018942606728
	Total # checklists submitted - (Surf Scoter)	4257	3234	2821	3966	2724	3571	5263	2828	3191	3538	3975	5362	4172	3984	4245	6147	6569	6674	6278	5767	2568	2210	1978	2417	1733	1556	1498	2134	1566	1624	1811	2791	2476	2428	2456	3010	2637	2638	2607	3511	2525	2556	2305	2794	2158	2208	2525	3537
	
Birds Per Party Hour
	Surf Scoter	0.6508449263338443	0.883201766218951	0.8339344406597976	1.5923747901122933	0.86832552490298	1.3065565565565564	2.1497825997019486	1.2841750635430604	1.2520058154410543	1.2340902777554261	2.1089703515103744	0.8342348925172373	6.388888888888889	0.5836618832447821	0.5444444444444444	0.9623897290276197	0.5763501081550276	0.8525804631521948	1.3434265635931373	3.1493267595811756	0.0	0.0	0.0	0.0	0.0	0.0	0.0	0.0	0.0	0.0	0.0	0.0	0.0	0.0	0.0	0.5501795508046059	1.0239499639869283	1.7819345256748722	1.8219970108282286	1.856242776819877	1.528949315531211	0.8545897669072685	1.3232601661774246	0.7242113136324341	0.832273001816016	2.1402587515046485	0.643318431069954	0.8151570963783635
	# checklists reporting species - (Surf Scoter)	26	7	8	13	5	3	4	7	33	38	10	12	3	7	3	7	20	13	9	8	0.0	0.0	0.0	0.0	0.0	0.0	0.0	0.0	0.0	0.0	0.0	0.0	0.0	0.0	0.0	8	38	47	69	131	95	64	32	38	8	7	9	4
	
High Count
	Surf Scoter	4	4	10	2	4	1	6	4	5	6	6	2	4	2	1	12	9	5	8	140	0.0	0.0	0.0	0.0	0.0	0.0	0.0	0.0	0.0	0.0	0.0	0.0	0.0	0.0	0.0	3	26	24	36	295	45	15	6	12	3	20	6	1
	# checklists reporting species - (Surf Scoter)	28	7	8	14	6	5	5	9	41	39	11	12	3	7	4	9	20	13	11	8	0.0	0.0	0.0	0.0	0.0	0.0	0.0	0.0	0.0	0.0	0.0	0.0	0.0	0.0	0.0	8	40	49	77	143	107	66	38	42	9	9	9	5
	
Totals
	Surf Scoter	38	11	17	16	9	3	11	19	61	61	18	14	8	8	4	32	50	41	40	163	0.0	0.0	0.0	0.0	0.0	0.0	0.0	0.0	0.0	0.0	0.0	0.0	0.0	0.0	0.0	13	128	333	503	1116	549	186	93	125	13	45	16	5
	# checklists reporting species - (Surf Scoter)	27	7	8	14	6	3	5	9	40	38	10	12	3	7	4	9	20	13	10	8	0.0	0.0	0.0	0.0	0.0	0.0	0.0	0.0	0.0	0.0	0.0	0.0	0.0	0.0	0.0	8	40	49	74	136	103	66	37	42	9	9	9	5
	
Average Count
	Surf Scoter	1.4074074074074074	1.5714285714285714	2.125	1.1428571428571428	1.5	1.0	2.2	2.111111111111111	1.525	1.605263157894737	1.8	1.1666666666666667	2.6666666666666665	1.1428571428571428	1.0	3.5555555555555554	2.5	3.1538461538461537	4.0	20.375	0.0	0.0	0.0	0.0	0.0	0.0	0.0	0.0	0.0	0.0	0.0	0.0	0.0	0.0	0.0	1.625	3.2	6.795918367346939	6.797297297297297	8.205882352941176	5.330097087378641	2.8181818181818183	2.5135135135135136	2.9761904761904763	1.4444444444444444	5.0	1.7777777777777777	1.0
	# checklists reporting species - (Surf Scoter)	27	7	8	14	6	3	5	9	40	38	10	12	3	7	4	9	20	13	10	8	0.0	0.0	0.0	0.0	0.0	0.0	0.0	0.0	0.0	0.0	0.0	0.0	0.0	0.0	0.0	8	40	49	74	136	103	66	37	42	9	9	9	5
	
