

	Week starting on...	1/1	1/8	1/15	1/22	2/1	2/8	2/15	2/22	3/1	3/8	3/15	3/22	4/1	4/8	4/15	4/22	5/1	5/8	5/15	5/22	6/1	6/8	6/15	6/22	7/1	7/8	7/15	7/22	8/1	8/8	8/15	8/22	9/1	9/8	9/15	9/22	10/1	10/8	10/15	10/22	11/1	11/8	11/15	11/22	12/1	12/8	12/15	12/22
Frequency (%)
	American Bittern	0.0	0.0	0.0	0.0	0.0	0.0	0.0	0.0	0.0	0.0	0.0	0.0	0.0	0.30120481927710846	0.0	0.08134049129656742	0.18267620642411325	0.0749175906502847	0.12742911755336095	0.03468007629616785	0.0	0.04524886877828054	0.10111223458038424	0.0	0.0	0.0	0.0	0.0	0.0	0.0	0.0	0.35829451809387314	0.44426494345718903	0.20593080724876442	0.36644951140065146	0.3654485049833887	0.30337504740235116	0.1516300227445034	0.11507479861910241	0.0854457419538593	0.0	0.03912363067292645	0.0	0.0	0.0	0.0	0.0	0.0
	Total # checklists submitted - (American Bittern)	4257	3234	2821	3966	2724	3571	5263	2828	3191	3538	3975	5362	4172	3984	4245	6147	6569	6674	6278	5767	2568	2210	1978	2417	1733	1556	1498	2134	1566	1624	1811	2791	2476	2428	2456	3010	2637	2638	2607	3511	2525	2556	2305	2794	2158	2208	2525	3537
	
Abundance
	American Bittern	0.0	0.0	0.0	0.0	0.0	0.0	0.0	0.0	0.0	0.0	0.0	0.0	0.0	0.0030120481927710845	0.0	8.134049129656743E-4	0.0018267620642411326	7.491759065028469E-4	0.0012742911755336094	3.468007629616785E-4	0.0	4.5248868778280545E-4	0.0010111223458038423	0.0	0.0	0.0	0.0	0.0	0.0	0.0	0.0	0.0035829451809387316	0.0044426494345718905	0.002059308072487644	0.0036644951140065146	0.004318936877076412	0.0030337504740235114	0.001516300227445034	0.0011507479861910242	8.54457419538593E-4	0.0	3.912363067292645E-4	0.0	0.0	0.0	0.0	0.0	0.0
	Total # checklists submitted - (American Bittern)	4257	3234	2821	3966	2724	3571	5263	2828	3191	3538	3975	5362	4172	3984	4245	6147	6569	6674	6278	5767	2568	2210	1978	2417	1733	1556	1498	2134	1566	1624	1811	2791	2476	2428	2456	3010	2637	2638	2607	3511	2525	2556	2305	2794	2158	2208	2525	3537
	
Birds Per Party Hour
	American Bittern	0.0	0.0	0.0	0.0	0.0	0.0	0.0	0.0	0.0	0.0	0.0	0.0	0.0	3.965399025792298	58.8235294117647	0.9457019171304886	0.31711618038726974	6.13382511883258	0.2393740877686471	0.35714285714285715	0.0	0.6317119393556538	0.17228567297961545	0.0	0.0	0.0	0.0	0.0	0.5	0.0	0.0	1.4571343244402437	0.8465015880002816	0.8528343755071589	0.39540836866721146	0.7329530246620675	0.5900285851150658	1.09838217047512	0.2028354652089786	0.9998181649585481	0.0	1.0	0.0	0.0	0.0	0.0	0.0	0.0
	# checklists reporting species - (American Bittern)	0.0	0.0	0.0	0.0	0.0	0.0	0.0	0.0	0.0	0.0	0.0	0.0	0.0	23	1	7	13	7	8	3	0.0	1	2	0	0	0.0	0.0	0.0	2	0.0	0.0	10	12	6	11	12	10	4	3	3	0.0	1	0.0	0.0	0.0	0.0	0.0	0.0
	
High Count
	American Bittern	0.0	0.0	0.0	0.0	0.0	0.0	0.0	0.0	0.0	0.0	0.0	0.0	0.0	1	1	2	1	1	1	1	0.0	1	1	1	1	0.0	0.0	0.0	1	0.0	0.0	1	1	1	1	2	1	1	1	1	0.0	1	0.0	0.0	0.0	0.0	0.0	0.0
	# checklists reporting species - (American Bittern)	0.0	0.0	0.0	0.0	0.0	0.0	0.0	0.0	0.0	0.0	0.0	0.0	0.0	25	1	9	14	8	10	5	0.0	1	2	1	1	0.0	0.0	0.0	2	0.0	0.0	10	13	6	12	12	11	6	3	4	0.0	1	0.0	0.0	0.0	0.0	0.0	0.0
	
Totals
	American Bittern	0.0	0.0	0.0	0.0	0.0	0.0	0.0	0.0	0.0	0.0	0.0	0.0	0.0	25	1	10	14	8	10	4	0.0	1	2	1	0	0.0	0.0	0.0	2	0.0	0.0	10	13	6	12	14	11	6	3	4	0.0	1	0.0	0.0	0.0	0.0	0.0	0.0
	# checklists reporting species - (American Bittern)	0.0	0.0	0.0	0.0	0.0	0.0	0.0	0.0	0.0	0.0	0.0	0.0	0.0	25	1	9	14	8	10	4	0.0	1	2	1	0	0.0	0.0	0.0	2	0.0	0.0	10	13	6	12	12	11	6	3	4	0.0	1	0.0	0.0	0.0	0.0	0.0	0.0
	
Average Count
	American Bittern	0.0	0.0	0.0	0.0	0.0	0.0	0.0	0.0	0.0	0.0	0.0	0.0	0.0	1.0	1.0	1.1111111111111112	1.0	1.0	1.0	1.0	0.0	1.0	1.0	1.0	0.0	0.0	0.0	0.0	1.0	0.0	0.0	1.0	1.0	1.0	1.0	1.1666666666666667	1.0	1.0	1.0	1.0	0.0	1.0	0.0	0.0	0.0	0.0	0.0	0.0
	# checklists reporting species - (American Bittern)	0.0	0.0	0.0	0.0	0.0	0.0	0.0	0.0	0.0	0.0	0.0	0.0	0.0	25	1	9	14	8	10	4	0.0	1	2	1	0	0.0	0.0	0.0	2	0.0	0.0	10	13	6	12	12	11	6	3	4	0.0	1	0.0	0.0	0.0	0.0	0.0	0.0
	
