

	Week starting on...	1/1	1/8	1/15	1/22	2/1	2/8	2/15	2/22	3/1	3/8	3/15	3/22	4/1	4/8	4/15	4/22	5/1	5/8	5/15	5/22	6/1	6/8	6/15	6/22	7/1	7/8	7/15	7/22	8/1	8/8	8/15	8/22	9/1	9/8	9/15	9/22	10/1	10/8	10/15	10/22	11/1	11/8	11/15	11/22	12/1	12/8	12/15	12/22
Frequency (%)
	Purple Martin	0.0	0.0	0.0	0.0	0.0	0.0	0.0	0.0	0.0	0.0	0.0	0.0	0.2636625119846596	0.9538152610441768	1.342756183745583	1.9847079876362455	2.9075962855838027	2.5471980821096794	2.70786874800892	4.76851049072308	4.205607476635514	4.97737556561086	5.460060667340748	3.3098882912701697	5.0201961915753035	5.4627249357326475	6.5420560747663545	6.560449859418932	9.70625798212005	8.189655172413794	9.331860850358918	4.478681476173414	1.2116316639741518	0.16474464579901155	0.0	0.0	0.0	0.0	0.038358266206367474	0.0	0.0	0.0	0.0	0.0	0.0	0.0	0.0	0.0
	Total # checklists submitted - (Purple Martin)	4257	3234	2821	3966	2724	3571	5263	2828	3191	3538	3975	5362	4172	3984	4245	6147	6569	6674	6278	5767	2568	2210	1978	2417	1733	1556	1498	2134	1566	1624	1811	2791	2476	2428	2456	3010	2637	2638	2607	3511	2525	2556	2305	2794	2158	2208	2525	3537
	
Abundance
	Purple Martin	0.0	0.0	0.0	0.0	0.0	0.0	0.0	0.0	0.0	0.0	0.0	0.0	0.0026366251198465963	0.017319277108433735	0.02426383981154299	0.04685212298682284	0.08935911097579541	0.09514534012586155	0.1084740363172985	0.18033639674007282	0.14485981308411214	0.16561085972850678	0.21638018200202225	0.12453454695904013	0.2533179457587998	0.2911311053984576	0.3257676902536716	0.3547328959700094	0.5951468710089399	0.5917487684729064	0.8111540585311983	0.48620566105338586	0.050080775444264945	0.0032948929159802307	0.0	0.0	0.0	0.0	3.835826620636747E-4	0.0	0.0	0.0	0.0	0.0	0.0	0.0	0.0	0.0
	Total # checklists submitted - (Purple Martin)	4257	3234	2821	3966	2724	3571	5263	2828	3191	3538	3975	5362	4172	3984	4245	6147	6569	6674	6278	5767	2568	2210	1978	2417	1733	1556	1498	2134	1566	1624	1811	2791	2476	2428	2456	3010	2637	2638	2607	3511	2525	2556	2305	2794	2158	2208	2525	3537
	
Birds Per Party Hour
	Purple Martin	0.0	0.0	0.0	0.0	0.0	0.0	0.0	0.0	0.0	0.0	0.0	0.0	0.5645920716774282	1.2700426463647256	1.231529566383876	1.946916640992228	2.20663719784484	3.4734209669429763	3.9437172983816104	5.019403895218592	5.384368592505411	3.8579278863474125	5.085214354606479	4.614854482222748	7.927103884893027	5.786142144115822	4.5970491889339415	5.213878217386711	7.494508361266832	4.255525401271549	4.082551792574993	5.348204435685454	2.2481161638682194	0.474953209983545	0.0	0.0	0.0	0.0	0.16666666666666666	0.0	0.0	0.0	0.0	0.0	0.0	0.0	0.0	0.0
	# checklists reporting species - (Purple Martin)	0.0	0.0	0.0	0.0	0.0	0.0	0.0	0.0	0.0	0.0	0.0	0.0	13	38	56	121	189	174	170	273	116	107	111	81	84	89	106	147	161	141	170	126	31	4	0.0	0.0	0.0	0.0	1	0.0	0.0	0.0	0.0	0.0	0.0	0.0	0.0	0.0
	
High Count
	Purple Martin	0.0	0.0	0.0	0.0	0.0	0.0	0.0	0.0	0.0	0.0	0.0	0.0	1	10	10	10	50	50	20	21	15	20	19	10	20	30	50	30	55	115	200	150	36	3	0.0	0.0	0.0	0.0	1	0.0	0.0	0.0	0.0	0.0	0.0	0.0	0.0	0.0
	# checklists reporting species - (Purple Martin)	0.0	0.0	0.0	0.0	0.0	0.0	0.0	0.0	0.0	0.0	0.0	0.0	14	40	59	128	202	184	181	296	120	121	122	88	91	95	109	154	175	149	184	137	31	4	0.0	0.0	0.0	0.0	1	0.0	0.0	0.0	0.0	0.0	0.0	0.0	0.0	0.0
	
Totals
	Purple Martin	0.0	0.0	0.0	0.0	0.0	0.0	0.0	0.0	0.0	0.0	0.0	0.0	14	71	105	294	604	663	701	1085	408	400	450	330	444	478	514	831	1236	1215	1525	1476	126	8	0.0	0.0	0.0	0.0	1	0.0	0.0	0.0	0.0	0.0	0.0	0.0	0.0	0.0
	# checklists reporting species - (Purple Martin)	0.0	0.0	0.0	0.0	0.0	0.0	0.0	0.0	0.0	0.0	0.0	0.0	14	40	57	123	192	177	172	283	117	114	120	87	89	92	107	152	165	146	176	131	31	4	0.0	0.0	0.0	0.0	1	0.0	0.0	0.0	0.0	0.0	0.0	0.0	0.0	0.0
	
Average Count
	Purple Martin	0.0	0.0	0.0	0.0	0.0	0.0	0.0	0.0	0.0	0.0	0.0	0.0	1.0	1.775	1.8421052631578947	2.3902439024390243	3.1458333333333335	3.7457627118644066	4.075581395348837	3.833922261484099	3.4871794871794872	3.508771929824561	3.75	3.793103448275862	4.98876404494382	5.195652173913044	4.803738317757009	5.467105263157895	7.490909090909091	8.321917808219178	8.664772727272727	11.267175572519085	4.064516129032258	2.0	0.0	0.0	0.0	0.0	1.0	0.0	0.0	0.0	0.0	0.0	0.0	0.0	0.0	0.0
	# checklists reporting species - (Purple Martin)	0.0	0.0	0.0	0.0	0.0	0.0	0.0	0.0	0.0	0.0	0.0	0.0	14	40	57	123	192	177	172	283	117	114	120	87	89	92	107	152	165	146	176	131	31	4	0.0	0.0	0.0	0.0	1	0.0	0.0	0.0	0.0	0.0	0.0	0.0	0.0	0.0
	
