

	Week starting on...	1/1	1/8	1/15	1/22	2/1	2/8	2/15	2/22	3/1	3/8	3/15	3/22	4/1	4/8	4/15	4/22	5/1	5/8	5/15	5/22	6/1	6/8	6/15	6/22	7/1	7/8	7/15	7/22	8/1	8/8	8/15	8/22	9/1	9/8	9/15	9/22	10/1	10/8	10/15	10/22	11/1	11/8	11/15	11/22	12/1	12/8	12/15	12/22
Frequency (%)
	Purple Finch	0.28188865398167723	0.15460729746444032	0.31903580290677064	0.32778618255168934	0.25697503671071953	0.05600672080649678	0.11400342010260307	0.14144271570014144	0.21936696960200563	0.11305822498586772	0.27672955974842767	0.2424468481909735	0.6232023010546501	0.7781124497991967	0.9893992932862191	1.480396941597527	2.633581975947633	1.8429727299970031	0.4300732717425932	0.225420495925091	0.03894080996884735	0.0	0.05055611729019212	0.08274720728175423	0.0	0.0	0.13351134846461948	0.046860356138706656	0.06385696040868455	1.0467980295566501	0.8834897846493651	1.2898602651379434	1.5751211631663975	2.9242174629324547	2.198697068403909	1.9601328903654487	2.844141069397042	4.586808188021228	4.833141542002301	5.326117915123897	2.8910891089108914	2.2691705790297343	0.9978308026030369	0.4294917680744453	0.04633920296570899	0.18115942028985507	0.19801980198019803	0.31099802092168505
	Total # checklists submitted - (Purple Finch)	4257	3234	2821	3966	2724	3571	5263	2828	3191	3538	3975	5362	4172	3984	4245	6147	6569	6674	6278	5767	2568	2210	1978	2417	1733	1556	1498	2134	1566	1624	1811	2791	2476	2428	2456	3010	2637	2638	2607	3511	2525	2556	2305	2794	2158	2208	2525	3537
	
Abundance
	Purple Finch	0.0035236081747709656	0.0024737167594310453	0.004608294930875576	0.00529500756429652	0.003671071953010279	0.0011201344161299357	0.0015200456013680411	0.001768033946251768	0.0034471952366029457	0.001978518937252685	0.0060377358490566035	0.0031704587840358073	0.009587727708533078	0.01104417670682731	0.0160188457008245	0.024564828371563364	0.04901811539047039	0.032364399160922985	0.008760751831793565	0.0034680076296167853	3.894080996884735E-4	0.0	0.0	0.0033098882912701694	0.0	0.0	0.0013351134846461949	4.6860356138706655E-4	0.001277139208173691	0.019704433497536946	0.017117614577581448	0.027946972411322105	0.034733441033925685	0.0671334431630972	0.04030944625407166	0.03421926910299003	0.10200985968904058	0.24260803639120546	0.1323360184119678	0.18684135573910568	0.05623762376237624	0.04225352112676056	0.015184381778741865	0.006084466714387974	9.267840593141798E-4	0.0018115942028985507	0.004356435643564357	0.00791631325982471
	Total # checklists submitted - (Purple Finch)	4257	3234	2821	3966	2724	3571	5263	2828	3191	3538	3975	5362	4172	3984	4245	6147	6569	6674	6278	5767	2568	2210	1978	2417	1733	1556	1498	2134	1566	1624	1811	2791	2476	2428	2456	3010	2637	2638	2607	3511	2525	2556	2305	2794	2158	2208	2525	3537
	
Birds Per Party Hour
	Purple Finch	1.1135920524808216	6.388974078130705	1.184240998262425	0.8935399658404768	6.5733836795809575	1.6666666666666667	1.4659256228405164	1.1212121212121213	2.8201467078712588	1.6037037037037036	1.663993809613576	1.1952944654901345	2.5677696406898556	0.9016316504601735	2.0662344541602433	1.4507143537577671	1.917722380074215	3.6644035050049864	0.9373436000278882	2.764409594340103	2.0	0.0	0.0	0.5	0.0	0.0	0.6601731601731602	1.0	0.5714285714285714	1.0535093946640302	1.622470238095238	1.3010255293427597	1.5552176746520376	3.0978258350803376	1.258049076624256	1.6987953816619865	4.701263098443462	2.6536834021788422	2.876800243431192	2.091491420531358	1.1398094774441485	1.175513267424018	1.1608829332578285	1.2151754051211254	1.3333333333333333	0.6875381103937034	6.052121885757091	2.6805216799254006
	# checklists reporting species - (Purple Finch)	11	5	10	13	8	2	6	4	7	5	9	15	25	33	43	93	183	129	27	12	1	0	0	1	0.0	0.0	2	1	1	16	16	37	44	81	64	58	75	124	135	205	78	60	23	13	1	3	6	12
	
High Count
	Purple Finch	2	3	3	5	3	2	2	3	4	3	7	2	5	6	4	8	11	9	16	6	1	1	1	7	0.0	0.0	1	1	2	5	5	5	6	9	12	8	36	109	24	47	11	11	7	7	2	1	5	10
	# checklists reporting species - (Purple Finch)	13	5	11	13	8	2	7	5	7	5	11	15	27	36	49	104	194	132	30	15	1	1	1	2	0.0	0.0	2	1	2	17	17	38	45	84	66	72	83	134	151	223	82	65	25	15	2	4	6	12
	
Totals
	Purple Finch	16	8	16	21	11	4	9	8	11	8	24	19	41	51	78	167	346	232	57	21	1	0	0	8	0.0	0.0	2	1	3	32	32	80	94	180	126	124	283	689	432	769	157	116	43	22	3	4	12	29
	# checklists reporting species - (Purple Finch)	12	5	10	13	8	2	7	5	7	5	10	15	27	36	47	101	192	130	28	13	1	0	0	2	0.0	0.0	2	1	2	16	16	38	45	83	66	72	81	133	151	223	82	65	25	14	2	4	6	12
	
Average Count
	Purple Finch	1.3333333333333333	1.6	1.6	1.6153846153846154	1.375	2.0	1.2857142857142858	1.6	1.5714285714285714	1.6	2.4	1.2666666666666666	1.5185185185185186	1.4166666666666667	1.6595744680851063	1.6534653465346534	1.8020833333333333	1.7846153846153847	2.0357142857142856	1.6153846153846154	1.0	0.0	0.0	4.0	0.0	0.0	1.0	1.0	1.5	2.0	2.0	2.1052631578947367	2.088888888888889	2.1686746987951806	1.9090909090909092	1.7222222222222223	3.493827160493827	5.180451127819549	2.8609271523178808	3.4484304932735426	1.9146341463414633	1.7846153846153847	1.72	1.5714285714285714	1.5	1.0	2.0	2.4166666666666665
	# checklists reporting species - (Purple Finch)	12	5	10	13	8	2	7	5	7	5	10	15	27	36	47	101	192	130	28	13	1	0	0	2	0.0	0.0	2	1	2	16	16	38	45	83	66	72	81	133	151	223	82	65	25	14	2	4	6	12
	
