

	Week starting on...	1/1	1/8	1/15	1/22	2/1	2/8	2/15	2/22	3/1	3/8	3/15	3/22	4/1	4/8	4/15	4/22	5/1	5/8	5/15	5/22	6/1	6/8	6/15	6/22	7/1	7/8	7/15	7/22	8/1	8/8	8/15	8/22	9/1	9/8	9/15	9/22	10/1	10/8	10/15	10/22	11/1	11/8	11/15	11/22	12/1	12/8	12/15	12/22
Frequency (%)
	Canada Warbler	0.0	0.0	0.0	0.0	0.0	0.0	0.0	0.0	0.0	0.0	0.0	0.0	0.0	0.0	0.0	0.0	0.10656112041406607	1.8130056937368892	9.318254221089518	7.872377319230102	0.35046728971962615	0.13574660633484162	0.0	0.0	0.0	0.0	0.0	0.0	0.0	1.1699507389162562	3.4787410270568744	4.120386958079542	4.846526655896607	2.9242174629324547	0.6107491856677525	0.19933554817275745	0.0	0.0	0.0	0.0	0.0	0.0	0.0	0.0	0.0	0.0	0.0	0.0
	Total # checklists submitted - (Canada Warbler)	4257	3234	2821	3966	2724	3571	5263	2828	3191	3538	3975	5362	4172	3984	4245	6147	6569	6674	6278	5767	2568	2210	1978	2417	1733	1556	1498	2134	1566	1624	1811	2791	2476	2428	2456	3010	2637	2638	2607	3511	2525	2556	2305	2794	2158	2208	2525	3537
	
Abundance
	Canada Warbler	0.0	0.0	0.0	0.0	0.0	0.0	0.0	0.0	0.0	0.0	0.0	0.0	0.0	0.0	0.0	0.0	0.0010656112041406607	0.022325442013784835	0.11659764256132527	0.11444425177735391	0.0035046728971962616	0.0013574660633484162	0.0	0.0	0.0	0.0	0.0	0.0	0.0	0.01600985221674877	0.046935394809497516	0.05410247223217485	0.07512116316639741	0.039538714991762765	0.009364820846905538	0.0019933554817275745	0.0	0.0	0.0	0.0	0.0	0.0	0.0	0.0	0.0	0.0	0.0	0.0
	Total # checklists submitted - (Canada Warbler)	4257	3234	2821	3966	2724	3571	5263	2828	3191	3538	3975	5362	4172	3984	4245	6147	6569	6674	6278	5767	2568	2210	1978	2417	1733	1556	1498	2134	1566	1624	1811	2791	2476	2428	2456	3010	2637	2638	2607	3511	2525	2556	2305	2794	2158	2208	2525	3537
	
Birds Per Party Hour
	Canada Warbler	0.0	0.0	0.0	0.0	0.0	0.0	0.0	0.0	0.0	0.0	0.0	0.0	0.0	0.0	0.0	0.0	1.4163129510788055	1.465143138178526	0.8615215023139937	0.9003889048608995	0.8209250787898505	4.524836186852673	0.0	0.0	0.0	0.0	0.0	0.0	0.0	0.7062623618479861	0.7570188463637306	1.1628246461437457	0.8924789358117937	1.0051293093562492	0.565196021880681	1.0455495640644363	0.0	0.0	0.0	0.0	0.0	0.0	0.0	0.0	0.0	0.0	0.0	0.0
	# checklists reporting species - (Canada Warbler)	0.0	0.0	0.0	0.0	0.0	0.0	0.0	0.0	0.0	0.0	0.0	0.0	0.0	0.0	0.0	0.0	9	136	645	551	16	3	0.0	0.0	0.0	0.0	0.0	0.0	1	24	71	128	127	78	20	7	0.0	0.0	0.0	0.0	0.0	0.0	0.0	0.0	0.0	0.0	0.0	0.0
	
High Count
	Canada Warbler	0.0	0.0	0.0	0.0	0.0	0.0	0.0	0.0	0.0	0.0	0.0	0.0	0.0	0.0	0.0	0.0	2	5	8	20	1	1	0.0	0.0	0.0	0.0	0.0	0.0	1	4	3	6	12	7	3	1	0.0	0.0	0.0	0.0	0.0	0.0	0.0	0.0	0.0	0.0	0.0	0.0
	# checklists reporting species - (Canada Warbler)	0.0	0.0	0.0	0.0	0.0	0.0	0.0	0.0	0.0	0.0	0.0	0.0	0.0	0.0	0.0	0.0	10	146	693	590	17	3	0.0	0.0	0.0	0.0	0.0	0.0	1	25	76	134	137	81	22	7	0.0	0.0	0.0	0.0	0.0	0.0	0.0	0.0	0.0	0.0	0.0	0.0
	
Totals
	Canada Warbler	0.0	0.0	0.0	0.0	0.0	0.0	0.0	0.0	0.0	0.0	0.0	0.0	0.0	0.0	0.0	0.0	10	175	857	836	16	3	0.0	0.0	0.0	0.0	0.0	0.0	1	34	100	179	199	106	33	7	0.0	0.0	0.0	0.0	0.0	0.0	0.0	0.0	0.0	0.0	0.0	0.0
	# checklists reporting species - (Canada Warbler)	0.0	0.0	0.0	0.0	0.0	0.0	0.0	0.0	0.0	0.0	0.0	0.0	0.0	0.0	0.0	0.0	9	142	662	574	16	3	0.0	0.0	0.0	0.0	0.0	0.0	1	25	76	133	130	79	22	7	0.0	0.0	0.0	0.0	0.0	0.0	0.0	0.0	0.0	0.0	0.0	0.0
	
Average Count
	Canada Warbler	0.0	0.0	0.0	0.0	0.0	0.0	0.0	0.0	0.0	0.0	0.0	0.0	0.0	0.0	0.0	0.0	1.1111111111111112	1.232394366197183	1.2945619335347431	1.456445993031359	1.0	1.0	0.0	0.0	0.0	0.0	0.0	0.0	1.0	1.36	1.3157894736842106	1.3458646616541354	1.5307692307692307	1.3417721518987342	1.5	1.0	0.0	0.0	0.0	0.0	0.0	0.0	0.0	0.0	0.0	0.0	0.0	0.0
	# checklists reporting species - (Canada Warbler)	0.0	0.0	0.0	0.0	0.0	0.0	0.0	0.0	0.0	0.0	0.0	0.0	0.0	0.0	0.0	0.0	9	142	662	574	16	3	0.0	0.0	0.0	0.0	0.0	0.0	1	25	76	133	130	79	22	7	0.0	0.0	0.0	0.0	0.0	0.0	0.0	0.0	0.0	0.0	0.0	0.0
	
