

	Week starting on...	1/1	1/8	1/15	1/22	2/1	2/8	2/15	2/22	3/1	3/8	3/15	3/22	4/1	4/8	4/15	4/22	5/1	5/8	5/15	5/22	6/1	6/8	6/15	6/22	7/1	7/8	7/15	7/22	8/1	8/8	8/15	8/22	9/1	9/8	9/15	9/22	10/1	10/8	10/15	10/22	11/1	11/8	11/15	11/22	12/1	12/8	12/15	12/22
Frequency (%)
	Eastern Bluebird	0.28188865398167723	0.12368583797155226	0.24813895781637718	0.45385779122541603	0.18355359765051393	0.11201344161299356	0.17100513015390462	0.07072135785007072	0.06267627702914447	0.14132278123233466	0.3018867924528302	0.2424468481909735	0.38350910834132307	0.4769076305220884	0.37691401648998824	0.3578981617048967	0.4414674988582737	1.183697932274498	0.8442179037910162	0.450840991850182	0.35046728971962615	0.36199095022624433	0.2527805864509606	0.08274720728175423	0.2308136180034622	0.12853470437017994	0.33377837116154874	0.14058106841611998	0.06385696040868455	0.0	0.0	0.10748835542816196	0.08077544426494346	0.08237232289950577	0.12214983713355047	0.0664451827242525	0.37921880925293894	1.3267626990144048	3.720751822017645	5.326117915123897	4.198019801980198	2.3082942097026606	1.1713665943600868	0.5368647100930566	0.41705282669138094	0.0	0.594059405940594	0.16963528413910092
	Total # checklists submitted - (Eastern Bluebird)	4257	3234	2821	3966	2724	3571	5263	2828	3191	3538	3975	5362	4172	3984	4245	6147	6569	6674	6278	5767	2568	2210	1978	2417	1733	1556	1498	2134	1566	1624	1811	2791	2476	2428	2456	3010	2637	2638	2607	3511	2525	2556	2305	2794	2158	2208	2525	3537
	
Abundance
	Eastern Bluebird	0.012684989429175475	0.0027829313543599257	0.00957107408720312	0.018658598083711547	0.00881057268722467	0.0036404368524222907	0.005700171005130154	0.004243281471004243	6.267627702914447E-4	0.0016958733747880158	0.0060377358490566035	0.0039164490861618795	0.004314477468839885	0.007028112449799197	0.00447585394581861	0.006507239303725394	0.005784746536763586	0.016332034761762062	0.010672188595093978	0.009537020981446159	0.004672897196261682	0.004977375565610859	0.004044489383215369	0.0012412081092263137	0.0051933064050779	0.0019280205655526992	0.006675567423230975	0.0014058106841611997	6.385696040868455E-4	0.0	0.0	0.00573271228950197	8.077544426494346E-4	8.237232289950577E-4	0.004071661237785016	0.002325581395348837	0.023132347364429276	0.05420773313115997	0.45761411584196393	0.5955568214183993	0.441980198019802	0.11697965571205007	0.050759219088937095	0.016105941302791697	0.020852641334569044	0.0	0.02574257425742574	0.005089058524173028
	Total # checklists submitted - (Eastern Bluebird)	4257	3234	2821	3966	2724	3571	5263	2828	3191	3538	3975	5362	4172	3984	4245	6147	6569	6674	6278	5767	2568	2210	1978	2417	1733	1556	1498	2134	1566	1624	1811	2791	2476	2428	2456	3010	2637	2638	2607	3511	2525	2556	2305	2794	2158	2208	2525	3537
	
Birds Per Party Hour
	Eastern Bluebird	2.992965360597027	1.979673544798537	6.225914586481734	6.301644999156462	2.092690164356942	2.385307134006019	3.8653166849637652	1.1183949228132377	0.36666666666666664	0.7609489128634535	0.7510267913767459	1.211768638603075	0.6863385335350879	0.676068970119572	0.7347737015920276	0.746160441617657	1.043524573936486	1.006172842257729	1.089559142061986	1.3627976894144485	0.6560571917801378	1.4198296015741425	1.0883768684080697	0.6932596103212217	1.217427377851343	1.832583708145927	0.999825328138056	0.8333333333333334	1.3333333333333333	0.0	0.0	2.0408719042070556	0.28431372549019607	0.4318181818181818	0.65	0.6856962851634255	1.7287920444803766	1.7585237526771558	36.59255230187233	4.939195124450454	3.604962445911809	4.218840290525954	2.891411643357787	9.72949700387695	3.2862589626977545	0.0	1.2966257417223903	1.1812922787899056
	# checklists reporting species - (Eastern Bluebird)	13	4	8	19	5	5	10	2	2	5	12	15	17	22	17	27	33	83	59	27	10	7	6	3	4	2	6	2	1	0.0	0.0	4	2	2	4	2	11	39	104	204	114	62	31	16	10	0	16	7
	
High Count
	Eastern Bluebird	14	3	6	10	10	5	8	9	1	2	4	3	2	6	2	15	6	4	4	18	3	3	2	2	5	2	4	2	1	0.0	0.0	6	1	1	6	5	25	21	227	200	80	34	26	7	16	1	20	6
	# checklists reporting species - (Eastern Bluebird)	14	4	8	19	5	5	10	3	2	5	12	15	17	23	19	27	37	87	66	30	12	12	7	5	4	2	6	3	1	0.0	0.0	4	2	2	5	3	12	42	111	214	121	63	31	16	10	1	16	7
	
Totals
	Eastern Bluebird	61	9	33	78	24	16	36	13	2	6	24	23	19	32	21	46	46	119	85	58	15	15	10	5	9	3	11	3	1	0.0	0.0	17	2	2	11	8	70	159	1225	2256	1187	316	128	47	48	1	66	22
	# checklists reporting species - (Eastern Bluebird)	14	4	8	19	5	5	10	3	2	5	12	15	17	23	18	27	34	84	63	29	11	12	7	4	4	2	6	2	1	0.0	0.0	4	2	2	4	3	12	41	108	212	119	63	31	16	10	1	16	7
	
Average Count
	Eastern Bluebird	4.357142857142857	2.25	4.125	4.105263157894737	4.8	3.2	3.6	4.333333333333333	1.0	1.2	2.0	1.5333333333333334	1.1176470588235294	1.391304347826087	1.1666666666666667	1.7037037037037037	1.3529411764705883	1.4166666666666667	1.3492063492063493	2.0	1.3636363636363635	1.25	1.4285714285714286	1.25	2.25	1.5	1.8333333333333333	1.5	1.0	0.0	0.0	4.25	1.0	1.0	2.75	2.6666666666666665	5.833333333333333	3.8780487804878048	11.342592592592593	10.641509433962264	9.974789915966387	5.015873015873016	4.129032258064516	2.9375	4.8	1.0	4.125	3.142857142857143
	# checklists reporting species - (Eastern Bluebird)	14	4	8	19	5	5	10	3	2	5	12	15	17	23	18	27	34	84	63	29	11	12	7	4	4	2	6	2	1	0.0	0.0	4	2	2	4	3	12	41	108	212	119	63	31	16	10	1	16	7
	
