

	Week starting on...	1/1	1/8	1/15	1/22	2/1	2/8	2/15	2/22	3/1	3/8	3/15	3/22	4/1	4/8	4/15	4/22	5/1	5/8	5/15	5/22	6/1	6/8	6/15	6/22	7/1	7/8	7/15	7/22	8/1	8/8	8/15	8/22	9/1	9/8	9/15	9/22	10/1	10/8	10/15	10/22	11/1	11/8	11/15	11/22	12/1	12/8	12/15	12/22
Frequency (%)
	Snowy Owl	3.5940803382663846	4.329004329004329	3.509393831974477	3.35350479072113	2.8634361233480177	1.8762251470176423	1.7290518715561465	2.263083451202263	4.606706361642118	3.730921424533635	4.352201257861635	2.648265572547557	0.9348034515819751	0.32630522088353414	0.23557126030624262	0.29282576866764276	0.06089206880803775	0.029967036260113877	0.06371455877668047	0.017340038148083926	0.11682242990654204	0.0	0.0	0.0	0.0	0.0	0.0	0.0	0.0	0.0	0.0	0.0	0.0	0.0	0.0	0.0	0.0	0.0	0.0	0.22785531187695815	0.1188118811881188	0.5477308294209703	0.5639913232104121	0.7516105941302791	2.4096385542168677	3.940217391304348	4.594059405940594	5.286966355668646
	Total # checklists submitted - (Snowy Owl)	4257	3234	2821	3966	2724	3571	5263	2828	3191	3538	3975	5362	4172	3984	4245	6147	6569	6674	6278	5767	2568	2210	1978	2417	1733	1556	1498	2134	1566	1624	1811	2791	2476	2428	2456	3010	2637	2638	2607	3511	2525	2556	2305	2794	2158	2208	2525	3537
	
Abundance
	Snowy Owl	0.044632370213765565	0.04638218923933209	0.03970223325062035	0.03832576903681291	0.032305433186490456	0.020442453094371326	0.019190575717271518	0.027934936350777935	0.047633970542149795	0.0423968343697004	0.04377358490566038	0.028907124207385303	0.010546500479386385	0.0037650602409638554	0.002355712603062426	0.0029282576866764276	6.089206880803775E-4	2.9967036260113877E-4	6.371455877668047E-4	1.7340038148083925E-4	0.0011682242990654205	0.0	0.0	0.0	0.0	0.0	0.0	0.0	0.0	0.0	0.0	0.0	0.0	0.0	0.0	0.0	0.0	0.0	0.0	0.0022785531187695814	0.001188118811881188	0.005868544600938967	0.005639913232104121	0.0082319255547602	0.03151065801668211	0.05253623188405797	0.05821782178217822	0.06078597681651117
	Total # checklists submitted - (Snowy Owl)	4257	3234	2821	3966	2724	3571	5263	2828	3191	3538	3975	5362	4172	3984	4245	6147	6569	6674	6278	5767	2568	2210	1978	2417	1733	1556	1498	2134	1566	1624	1811	2791	2476	2428	2456	3010	2637	2638	2607	3511	2525	2556	2305	2794	2158	2208	2525	3537
	
Birds Per Party Hour
	Snowy Owl	1.096405619059464	1.4607900862711611	0.7425000262220854	0.8085890930239573	0.76602399083611	0.7701781976644755	1.1586034746207596	1.1530147268751914	1.1855927958733474	1.195799333234836	1.1072971789431403	1.192984280565341	0.7202847976324913	0.43033854819569106	0.43188885351687856	5.2178413030486555	0.32555388876067387	0.24092009685230023	0.13980798771121353	0.3333333333333333	0.46478778048121117	0.0	0.0	0.0	0.0	0.0	0.0	0.0	0.0	0.0	0.0	0.0	0.0	0.0	0.0	0.0	0.0	0.0	0.0	0.3344231331477184	0.19592198581560283	0.3059481271574188	0.43924785243897196	0.3521845416343964	0.7672991964772738	2.2016359754391743	1.0489806660563565	1.2522469460022134
	# checklists reporting species - (Snowy Owl)	163	157	107	146	91	69	90	71	161	150	187	146	37	14	9	18	4	2	5	1	3	0.0	0.0	0.0	0.0	0.0	0.0	0.0	0.0	0.0	0.0	0.0	0.0	0.0	0.0	0.0	0.0	0.0	0.0	9	2	14	13	26	58	97	126	206
	
High Count
	Snowy Owl	4	3	3	4	3	2	3	4	2	4	2	5	3	2	1	1	1	1	1	1	1	0.0	0.0	0.0	0.0	0.0	0.0	0.0	0.0	0.0	0.0	0.0	0.0	0.0	0.0	0.0	0.0	0.0	0.0	1	1	2	3	2	5	5	4	3
	# checklists reporting species - (Snowy Owl)	175	173	118	163	107	86	109	80	177	168	201	168	44	20	10	19	6	2	5	1	3	0.0	0.0	0.0	0.0	0.0	0.0	0.0	0.0	0.0	0.0	0.0	0.0	0.0	0.0	0.0	0.0	0.0	0.0	10	4	17	21	33	74	115	151	229
	
Totals
	Snowy Owl	213	184	131	180	118	92	118	97	183	187	203	183	49	22	10	19	6	2	5	1	3	0.0	0.0	0.0	0.0	0.0	0.0	0.0	0.0	0.0	0.0	0.0	0.0	0.0	0.0	0.0	0.0	0.0	0.0	10	4	18	23	37	94	148	187	260
	# checklists reporting species - (Snowy Owl)	173	171	115	159	105	86	106	78	175	167	199	168	44	20	10	19	6	2	5	1	3	0.0	0.0	0.0	0.0	0.0	0.0	0.0	0.0	0.0	0.0	0.0	0.0	0.0	0.0	0.0	0.0	0.0	0.0	10	4	17	21	33	71	115	149	225
	
Average Count
	Snowy Owl	1.23121387283237	1.0760233918128654	1.1391304347826088	1.1320754716981132	1.1238095238095238	1.069767441860465	1.1132075471698113	1.2435897435897436	1.0457142857142858	1.1197604790419162	1.020100502512563	1.0892857142857142	1.1136363636363635	1.1	1.0	1.0	1.0	1.0	1.0	1.0	1.0	0.0	0.0	0.0	0.0	0.0	0.0	0.0	0.0	0.0	0.0	0.0	0.0	0.0	0.0	0.0	0.0	0.0	0.0	1.0	1.0	1.0588235294117647	1.0952380952380953	1.121212121212121	1.323943661971831	1.2869565217391303	1.25503355704698	1.1555555555555554
	# checklists reporting species - (Snowy Owl)	173	171	115	159	105	86	106	78	175	167	199	168	44	20	10	19	6	2	5	1	3	0.0	0.0	0.0	0.0	0.0	0.0	0.0	0.0	0.0	0.0	0.0	0.0	0.0	0.0	0.0	0.0	0.0	0.0	10	4	17	21	33	71	115	149	225
	
