

	Week starting on...	1/1	1/8	1/15	1/22	2/1	2/8	2/15	2/22	3/1	3/8	3/15	3/22	4/1	4/8	4/15	4/22	5/1	5/8	5/15	5/22	6/1	6/8	6/15	6/22	7/1	7/8	7/15	7/22	8/1	8/8	8/15	8/22	9/1	9/8	9/15	9/22	10/1	10/8	10/15	10/22	11/1	11/8	11/15	11/22	12/1	12/8	12/15	12/22
Frequency (%)
	Green Heron	0.0	0.0	0.0	0.0	0.0	0.0	0.0	0.0	0.0	0.0	0.0	0.0	0.0	0.0251004016064257	0.11778563015312131	1.1875711729298843	3.638301111280256	1.85795624812706	1.8955081236062439	3.1732269810993587	1.6355140186915886	0.8597285067873304	0.8088978766430739	0.5792304509722797	1.03866128101558	1.6709511568123392	1.268357810413885	1.3120899718837862	2.362707535121328	3.633004926108374	3.5891772501380452	3.2246506628448586	5.088852988691437	2.883031301482702	2.5244299674267103	2.1926910299003324	0.4929844520288207	0.265352539802881	0.038358266206367474	0.0	0.0	0.0	0.0	0.0	0.0	0.0	0.0	0.0
	Total # checklists submitted - (Green Heron)	4257	3234	2821	3966	2724	3571	5263	2828	3191	3538	3975	5362	4172	3984	4245	6147	6569	6674	6278	5767	2568	2210	1978	2417	1733	1556	1498	2134	1566	1624	1811	2791	2476	2428	2456	3010	2637	2638	2607	3511	2525	2556	2305	2794	2158	2208	2525	3537
	
Abundance
	Green Heron	0.0	0.0	0.0	0.0	0.0	0.0	0.0	0.0	0.0	0.0	0.0	0.0	0.0	2.51004016064257E-4	0.001177856301531213	0.014315926468195867	0.05054041711067134	0.01917890320647288	0.02150366358712966	0.03988208774059303	0.02336448598130841	0.01085972850678733	0.008594539939332659	0.006619776582540339	0.012694748990190421	0.01992287917737789	0.014686248331108143	0.021087160262417994	0.038314176245210725	0.046182266009852216	0.04030922142462728	0.0386958079541383	0.0654281098546042	0.03500823723228995	0.030537459283387622	0.02524916943521595	0.005309063329541145	0.00265352539802881	3.835826620636747E-4	0.0	0.0	0.0	0.0	0.0	0.0	0.0	0.0	0.0
	Total # checklists submitted - (Green Heron)	4257	3234	2821	3966	2724	3571	5263	2828	3191	3538	3975	5362	4172	3984	4245	6147	6569	6674	6278	5767	2568	2210	1978	2417	1733	1556	1498	2134	1566	1624	1811	2791	2476	2428	2456	3010	2637	2638	2607	3511	2525	2556	2305	2794	2158	2208	2525	3537
	
Birds Per Party Hour
	Green Heron	0.0	0.0	0.0	0.0	0.0	0.0	0.0	0.0	0.0	0.0	0.0	0.0	0.0	0.2857142857142857	0.415340293406685	1.2116749933343078	0.9069905389794721	0.7633006718367765	0.6588942741053617	1.1722521135644308	0.777298328240245	1.0545381517733716	0.8952984087154479	0.6841071499963427	2.4459116955768283	2.131087216652967	1.625038867048042	2.2109978583212246	2.0822007961571445	1.0907733166188238	0.7343789660995056	0.7396683432825416	0.7488047964535116	0.5962952513650865	0.6001406984477958	0.5253435383888454	0.5795453214649787	0.2878055585080869	0.5714285714285714	0.0	0.0	0.0	0.0	0.0	0.0	0.0	0.0	0.0
	# checklists reporting species - (Green Heron)	0.0	0.0	0.0	0.0	0.0	0.0	0.0	0.0	0.0	0.0	0.0	0.0	0.0	1	6	82	262	132	129	200	49	20	15	18	18	26	21	33	41	65	70	98	128	74	63	68	14	6	1	0.0	0.0	0.0	0.0	0.0	0.0	0.0	0.0	0.0
	
High Count
	Green Heron	0.0	0.0	0.0	0.0	0.0	0.0	0.0	0.0	0.0	0.0	0.0	0.0	0.0	1	1	3	3	3	3	3	4	3	3	2	4	4	5	6	5	4	3	4	4	4	3	3	2	1	1	0.0	0.0	0.0	0.0	0.0	0.0	0.0	0.0	0.0
	# checklists reporting species - (Green Heron)	0.0	0.0	0.0	0.0	0.0	0.0	0.0	0.0	0.0	0.0	0.0	0.0	0.0	1	6	85	265	136	132	209	53	24	21	23	18	30	22	33	48	67	74	110	138	81	72	78	14	8	1	0.0	0.0	0.0	0.0	0.0	0.0	0.0	0.0	0.0
	
Totals
	Green Heron	0.0	0.0	0.0	0.0	0.0	0.0	0.0	0.0	0.0	0.0	0.0	0.0	0.0	1	6	100	372	140	150	258	71	28	22	25	22	35	30	61	75	85	82	138	179	98	84	90	15	8	1	0.0	0.0	0.0	0.0	0.0	0.0	0.0	0.0	0.0
	# checklists reporting species - (Green Heron)	0.0	0.0	0.0	0.0	0.0	0.0	0.0	0.0	0.0	0.0	0.0	0.0	0.0	1	6	84	262	134	131	206	52	22	19	23	18	28	22	33	48	67	72	110	137	80	70	78	14	8	1	0.0	0.0	0.0	0.0	0.0	0.0	0.0	0.0	0.0
	
Average Count
	Green Heron	0.0	0.0	0.0	0.0	0.0	0.0	0.0	0.0	0.0	0.0	0.0	0.0	0.0	1.0	1.0	1.1904761904761905	1.4198473282442747	1.044776119402985	1.1450381679389312	1.2524271844660195	1.3653846153846154	1.2727272727272727	1.1578947368421053	1.0869565217391304	1.2222222222222223	1.25	1.3636363636363635	1.8484848484848484	1.5625	1.2686567164179106	1.1388888888888888	1.2545454545454546	1.3065693430656935	1.225	1.2	1.1538461538461537	1.0714285714285714	1.0	1.0	0.0	0.0	0.0	0.0	0.0	0.0	0.0	0.0	0.0
	# checklists reporting species - (Green Heron)	0.0	0.0	0.0	0.0	0.0	0.0	0.0	0.0	0.0	0.0	0.0	0.0	0.0	1	6	84	262	134	131	206	52	22	19	23	18	28	22	33	48	67	72	110	137	80	70	78	14	8	1	0.0	0.0	0.0	0.0	0.0	0.0	0.0	0.0	0.0
	
