

	Week starting on...	1/1	1/8	1/15	1/22	2/1	2/8	2/15	2/22	3/1	3/8	3/15	3/22	4/1	4/8	4/15	4/22	5/1	5/8	5/15	5/22	6/1	6/8	6/15	6/22	7/1	7/8	7/15	7/22	8/1	8/8	8/15	8/22	9/1	9/8	9/15	9/22	10/1	10/8	10/15	10/22	11/1	11/8	11/15	11/22	12/1	12/8	12/15	12/22
Frequency (%)
	Field Sparrow	0.09396288466055908	0.0	0.03544842254519674	0.02521432173474534	0.03671071953010279	0.0	0.0	0.0	0.0	0.0	0.07547169811320754	0.5221932114882507	1.7976989453499521	5.396586345381526	8.22143698468787	12.88433382137628	12.269751864819607	5.319148936170213	3.2812997769990444	1.2484827466620427	0.5062305295950156	0.6334841628959276	0.8594539939332658	0.7447248655357882	0.5770340450086555	0.2570694087403599	0.7343124165554071	0.6091846298031866	0.38314176245210724	0.24630541871921183	0.27609055770292656	0.2508061626657112	0.20193861066235863	0.08237232289950577	0.4478827361563518	1.3621262458471761	4.09556313993174	5.11751326762699	6.214039125431531	4.243805183708345	1.2277227722772277	0.5086071987480438	0.3036876355748373	0.10737294201861132	0.18535681186283595	0.0	0.039603960396039604	0.0
	Total # checklists submitted - (Field Sparrow)	4257	3234	2821	3966	2724	3571	5263	2828	3191	3538	3975	5362	4172	3984	4245	6147	6569	6674	6278	5767	2568	2210	1978	2417	1733	1556	1498	2134	1566	1624	1811	2791	2476	2428	2456	3010	2637	2638	2607	3511	2525	2556	2305	2794	2158	2208	2525	3537
	
Abundance
	Field Sparrow	0.0021141649048625794	0.0	3.544842254519674E-4	0.0	3.671071953010279E-4	0.0	0.0	0.0	0.0	0.0	0.0010062893081761006	0.005781424841477061	0.02444870565675935	0.08785140562248996	0.15712603062426383	0.23084431429965838	0.2271274166539808	0.07806412945759664	0.042370181586492514	0.014565632044390498	0.007009345794392523	0.011312217194570135	0.009605662285136502	0.009515928837401738	0.009809578765147143	0.0038560411311053984	0.014686248331108143	0.00937207122774133	0.004469987228607918	0.0067733990147783255	0.006073992269464384	0.008240773916159082	0.0016155088852988692	8.237232289950577E-4	0.0061074918566775245	0.016943521594684385	0.07660219946909366	0.0887035633055345	0.1277330264672037	0.07519225291939619	0.015049504950495049	0.007433489827856025	0.003036876355748373	0.0010737294201861132	0.0018535681186283596	0.0	3.9603960396039607E-4	0.0
	Total # checklists submitted - (Field Sparrow)	4257	3234	2821	3966	2724	3571	5263	2828	3191	3538	3975	5362	4172	3984	4245	6147	6569	6674	6278	5767	2568	2210	1978	2417	1733	1556	1498	2134	1566	1624	1811	2791	2476	2428	2456	3010	2637	2638	2607	3511	2525	2556	2305	2794	2158	2208	2525	3537
	
Birds Per Party Hour
	Field Sparrow	4.761101581856299	0.0	0.16	0.0	0.2	0.0	0.0	0.0	0.0	0.0	1.0476501496209532	0.6424289159810394	1.015310421757605	0.897634901040298	1.8090345410247926	0.980679215377706	0.9709958229841912	0.9431625636343979	0.7554568157992717	0.9558473604980602	1.3096644747959447	4.782887550765415	1.0387063907481862	1.4786675329861376	2.5589406055963617	1.4788007889690507	2.0183918502510165	2.274959574910379	0.7255344716971043	1.6780849937818751	1.7004554419795095	5.884526418704574	0.44372479846089424	0.15190642564180465	0.6324943164962689	0.4931045831743616	0.9325711332277858	0.7251039757164086	1.5353351774458022	0.9149884595186608	0.6326812863246597	0.3673618669393959	0.6270239300652641	0.17344854214368802	0.6201364562675645	0.0	0.4916420845624385	0.0
	# checklists reporting species - (Field Sparrow)	5	0	1	0	2	0.0	0.0	0.0	0.0	0	3	33	76	226	358	813	839	363	212	73	13	15	15	18	10	5	12	13	5	4	5	7	4	1	10	42	111	137	163	156	36	15	7	3	4	0.0	1	0.0
	
High Count
	Field Sparrow	4	1	1	1	1	0.0	0.0	0.0	0.0	1	2	2	6	10	16	13	20	15	5	7	3	5	3	3	3	3	7	4	3	5	3	12	1	1	3	5	9	28	23	15	4	7	1	1	1	0.0	1	0.0
	# checklists reporting species - (Field Sparrow)	6	1	1	1	3	0.0	0.0	0.0	0.0	1	4	35	77	234	381	869	875	375	215	84	21	28	30	38	14	7	13	14	6	4	6	7	6	3	12	45	115	150	172	167	36	15	7	3	4	0.0	1	0.0
	
Totals
	Field Sparrow	12	1	1	0	3	0.0	0.0	0.0	0.0	1	5	38	104	383	711	1518	1581	544	275	103	26	41	32	43	21	9	25	21	7	11	13	23	5	2	15	59	208	262	354	293	43	21	7	3	4	0.0	1	0.0
	# checklists reporting species - (Field Sparrow)	6	1	1	0	3	0.0	0.0	0.0	0.0	1	4	35	76	231	372	843	858	368	213	82	20	28	27	38	14	7	13	13	5	4	6	7	5	2	10	45	113	146	170	163	36	15	7	3	4	0.0	1	0.0
	
Average Count
	Field Sparrow	2.0	1.0	1.0	0.0	1.0	0.0	0.0	0.0	0.0	1.0	1.25	1.0857142857142856	1.368421052631579	1.658008658008658	1.9112903225806452	1.800711743772242	1.8426573426573427	1.4782608695652173	1.2910798122065728	1.2560975609756098	1.3	1.4642857142857142	1.1851851851851851	1.131578947368421	1.5	1.2857142857142858	1.9230769230769231	1.6153846153846154	1.4	2.75	2.1666666666666665	3.2857142857142856	1.0	1.0	1.5	1.3111111111111111	1.8407079646017699	1.7945205479452055	2.0823529411764707	1.7975460122699387	1.1944444444444444	1.4	1.0	1.0	1.0	0.0	1.0	0.0
	# checklists reporting species - (Field Sparrow)	6	1	1	0	3	0.0	0.0	0.0	0.0	1	4	35	76	231	372	843	858	368	213	82	20	28	27	38	14	7	13	13	5	4	6	7	5	2	10	45	113	146	170	163	36	15	7	3	4	0.0	1	0.0
	
