

	Week starting on...	1/1	1/8	1/15	1/22	2/1	2/8	2/15	2/22	3/1	3/8	3/15	3/22	4/1	4/8	4/15	4/22	5/1	5/8	5/15	5/22	6/1	6/8	6/15	6/22	7/1	7/8	7/15	7/22	8/1	8/8	8/15	8/22	9/1	9/8	9/15	9/22	10/1	10/8	10/15	10/22	11/1	11/8	11/15	11/22	12/1	12/8	12/15	12/22
Frequency (%)
	Common Raven	4.11087620389946	4.267161410018553	4.750088621056363	3.983862834089763	4.074889867841409	3.024362923550826	3.097092912787384	4.243281471004243	4.167972422438107	4.861503674392312	4.830188679245283	4.364043267437523	4.817833173537871	6.2751004016064265	8.268551236749117	7.857491459248414	7.383163342974577	7.4168414743781845	5.41573749601784	3.658748049245708	2.4143302180685358	1.1764705882352942	1.4661274014155714	1.034340091021928	0.634737449509521	1.8637532133676094	1.335113484646195	1.2652296157450795	1.7241379310344827	1.66256157635468	1.601325234676974	2.508061626657112	2.625201938610662	3.6655683690280063	4.030944625407166	3.887043189368771	5.309063329541145	5.534495830174375	5.216724204065977	6.322984904585588	4.871287128712871	5.007824726134586	4.38177874186551	3.758052970651396	3.429101019462465	3.985507246376811	5.8217821782178225	4.778060503251343
	Total # checklists submitted - (Common Raven)	4257	3234	2821	3966	2724	3571	5263	2828	3191	3538	3975	5362	4172	3984	4245	6147	6569	6674	6278	5767	2568	2210	1978	2417	1733	1556	1498	2134	1566	1624	1811	2791	2476	2428	2456	3010	2637	2638	2607	3511	2525	2556	2305	2794	2158	2208	2525	3537
	
Abundance
	Common Raven	0.05896171012450082	0.06369820655534941	0.0684154555122297	0.05950579929399899	0.0631424375917768	0.04452534304116494	0.0482614478434353	0.06188118811881188	0.061109370103415855	0.0681175805539853	0.07194968553459119	0.05538977993286087	0.06255992329817833	0.06927710843373494	0.10742049469964664	0.09126403123474866	0.09560054802861927	0.09289781240635302	0.06546670914303919	0.050979712155366744	0.0397196261682243	0.022171945701357467	0.029322548028311426	0.0215142738932561	0.008078476630121177	0.032776349614395885	0.02336448598130841	0.019212746016869727	0.026181353767560665	0.02894088669950739	0.022087244616234125	0.03511286277319957	0.036752827140549275	0.054777594728171335	0.06799674267100977	0.0787375415282392	0.08456579446340538	0.09059893858984079	0.0728807057920982	0.11933921959555682	0.07247524752475247	0.0782472613458529	0.061605206073752715	0.05476020042949177	0.04448563484708063	0.058423913043478264	0.08	0.06841956460277071
	Total # checklists submitted - (Common Raven)	4257	3234	2821	3966	2724	3571	5263	2828	3191	3538	3975	5362	4172	3984	4245	6147	6569	6674	6278	5767	2568	2210	1978	2417	1733	1556	1498	2134	1566	1624	1811	2791	2476	2428	2456	3010	2637	2638	2607	3511	2525	2556	2305	2794	2158	2208	2525	3537
	
Birds Per Party Hour
	Common Raven	2.2806136092698157	2.7825960368867384	2.473916879000355	2.918305171531247	1.818014428330868	2.748107705673885	1.8207294321880094	2.589964963154512	1.8976671415550166	3.0697135684289063	1.9437784997263512	1.9196674818874915	2.9375466597863773	0.784900885933974	1.1617507151254323	1.2205689822700254	1.3197357229225435	0.764770123311426	1.1214138618619585	1.0301570289391968	1.5234540919572688	9.13183308057952	1.8402592677752612	10.51069772912434	1.998752269225309	1.7666808760639074	3.437970351201453	1.5033419527499532	2.0487434938904903	1.8215900052253071	2.633088651943754	1.8011971014435106	0.7806150807463921	1.126748471792489	1.0565853001931607	1.6619159870721258	1.7763694527944276	0.8497471964159814	2.3036982237055152	1.1527459570666094	1.690711167060292	1.0355396525195202	2.925146212524788	0.9797342300276722	0.8607101441241999	1.883701916401492	0.7039121661545816	2.11639879230003
	# checklists reporting species - (Common Raven)	198	162	140	184	130	118	189	136	144	190	207	257	211	255	368	507	514	527	359	217	67	30	31	31	13	32	24	35	31	33	40	78	76	111	114	129	159	156	153	255	145	140	115	120	89	94	154	187
	
High Count
	Common Raven	3	3	4	6	8	3	8	4	4	6	6	6	6	4	9	5	7	6	5	7	6	5	6	6	4	8	5	3	4	5	4	4	6	6	9	9	8	6	4	13	6	6	2	3	2	4	10	7
	# checklists reporting species - (Common Raven)	212	169	148	194	137	130	196	144	158	195	215	266	220	268	385	543	532	544	377	222	72	30	36	37	15	32	28	41	33	36	43	82	78	122	121	137	168	164	162	269	155	149	125	137	99	101	172	194
	
Totals
	Common Raven	292	247	213	290	214	188	300	210	228	282	315	335	281	294	492	631	678	673	460	313	124	59	73	71	23	56	52	61	54	60	64	116	114	184	191	265	280	271	223	489	229	231	170	193	129	147	248	283
	# checklists reporting species - (Common Raven)	209	169	148	194	137	129	194	143	157	194	214	265	219	266	382	533	524	543	369	221	72	30	36	37	15	32	28	41	33	36	43	81	78	120	120	137	167	164	162	269	155	149	125	136	99	101	172	193
	
Average Count
	Common Raven	1.3971291866028708	1.4615384615384615	1.4391891891891893	1.4948453608247423	1.562043795620438	1.4573643410852712	1.5463917525773196	1.4685314685314685	1.4522292993630572	1.4536082474226804	1.47196261682243	1.2641509433962264	1.2831050228310503	1.105263157894737	1.287958115183246	1.1838649155722327	1.2938931297709924	1.2394106813996317	1.2466124661246611	1.416289592760181	1.7222222222222223	1.9666666666666666	2.0277777777777777	1.9189189189189189	1.5333333333333334	1.75	1.8571428571428572	1.4878048780487805	1.6363636363636365	1.6666666666666667	1.4883720930232558	1.4320987654320987	1.4615384615384615	1.5333333333333334	1.5916666666666666	1.9343065693430657	1.6766467065868262	1.6524390243902438	1.376543209876543	1.8178438661710037	1.4774193548387098	1.5503355704697988	1.36	1.4191176470588236	1.303030303030303	1.4554455445544554	1.441860465116279	1.4663212435233162
	# checklists reporting species - (Common Raven)	209	169	148	194	137	129	194	143	157	194	214	265	219	266	382	533	524	543	369	221	72	30	36	37	15	32	28	41	33	36	43	81	78	120	120	137	167	164	162	269	155	149	125	136	99	101	172	193
	
