

	Week starting on...	1/1	1/8	1/15	1/22	2/1	2/8	2/15	2/22	3/1	3/8	3/15	3/22	4/1	4/8	4/15	4/22	5/1	5/8	5/15	5/22	6/1	6/8	6/15	6/22	7/1	7/8	7/15	7/22	8/1	8/8	8/15	8/22	9/1	9/8	9/15	9/22	10/1	10/8	10/15	10/22	11/1	11/8	11/15	11/22	12/1	12/8	12/15	12/22
Frequency (%)
	Horned Grebe	0.7047216349541932	0.927643784786642	1.4533853243530663	1.0337871911245589	0.7709251101321586	0.7000840100812098	0.7600228006840205	1.166902404526167	2.538389219680351	4.748445449406445	6.238993710691823	8.429690414024618	12.607861936720996	13.980923694779115	13.663133097762072	8.687164470473402	4.490790074592784	0.92897812406353	0.7645747053201656	0.19074041962892319	0.11682242990654204	0.04524886877828054	0.10111223458038424	0.08274720728175423	0.0	0.0	0.0	0.0	0.0	0.0	0.0	0.0	0.20193861066235863	0.20593080724876442	0.16286644951140067	0.33222591362126247	0.4550625711035267	1.1372251705837757	2.1480629075565782	2.905155226431216	4.514851485148514	3.6776212832550863	3.123644251626898	3.0780243378668573	2.131603336422614	0.9510869565217392	0.8712871287128714	0.7068136839129205
	Total # checklists submitted - (Horned Grebe)	4257	3234	2821	3966	2724	3571	5263	2828	3191	3538	3975	5362	4172	3984	4245	6147	6569	6674	6278	5767	2568	2210	1978	2417	1733	1556	1498	2134	1566	1624	1811	2791	2476	2428	2456	3010	2637	2638	2607	3511	2525	2556	2305	2794	2158	2208	2525	3537
	
Abundance
	Horned Grebe	0.009161381254404511	0.0095856524427953	0.015951790145338533	0.015380736258194654	0.012481644640234948	0.010641276953234389	0.011970359110773323	0.016973125884016973	0.04199310560952679	0.08959864330130017	0.13257861635220125	0.21428571428571427	0.400287631831256	0.6576305220883534	0.6784452296819788	0.3878314625020335	0.20185720809864516	0.01932873838777345	0.010672188595093978	0.0019074041962892317	0.001557632398753894	4.5248868778280545E-4	0.0010111223458038423	8.274720728175424E-4	0.0	0.0	0.0	0.0	0.0	0.0	0.0	0.0	0.0032310177705977385	0.0037067545304777594	0.0016286644951140066	0.005647840531561462	0.009101251422070534	0.026156178923426837	0.06520905255082471	0.06921105098262603	0.07683168316831683	0.062206572769953054	0.05639913232104121	0.046528274874731566	0.038461538461538464	0.01358695652173913	0.010297029702970298	0.008764489680520215
	Total # checklists submitted - (Horned Grebe)	4257	3234	2821	3966	2724	3571	5263	2828	3191	3538	3975	5362	4172	3984	4245	6147	6569	6674	6278	5767	2568	2210	1978	2417	1733	1556	1498	2134	1566	1624	1811	2791	2476	2428	2456	3010	2637	2638	2607	3511	2525	2556	2305	2794	2158	2208	2525	3537
	
Birds Per Party Hour
	Horned Grebe	2.0253725363521684	0.8476127505364397	0.9859791134364658	1.5163974182669226	1.5755340246864802	0.935061817585117	0.971045003359283	1.3272466685359634	1.2434236664853255	1.3134279322869593	1.668560209224666	1.6848857030436253	2.231352268144488	3.708625020744947	3.5297440299045166	2.972359970931042	2.6963365354302034	1.0822786035455683	0.8080025469962391	0.4233163665889551	0.4166666666666667	0.5	0.42857142857142855	1.1976797837980357	0.0	0.0	0.0	0.0	0.0	0.0	0.0	0.0	1.5513502343142707	0.7614358415121774	0.34444444444444444	0.9586180401505188	3.608792557093306	1.1682659541014009	2.2942681037897867	1.4004127962086954	1.1669651320704157	1.1247338797025543	1.1957664854804118	1.6828033441255814	1.4892800205377255	1.3163603955139385	1.3472879003757208	1.218070489513881
	# checklists reporting species - (Horned Grebe)	30	31	44	40	21	25	34	27	82	169	261	459	535	559	582	528	289	62	45	11	3	1	2	2	0.0	0.0	0	0.0	0.0	0.0	0.0	0.0	5	5	5	11	13	34	59	106	115	97	72	89	50	22	24	25
	
High Count
	Horned Grebe	4	2	3	5	6	4	15	5	6	23	30	29	50	120	96	45	80	7	4	2	2	1	1	1	0.0	0.0	1	0.0	0.0	0.0	0.0	0.0	2	4	1	5	4	15	18	20	12	20	14	8	10	4	3	4
	# checklists reporting species - (Horned Grebe)	35	34	46	44	24	35	45	35	93	183	276	491	567	602	631	571	307	69	54	12	4	1	2	2	0.0	0.0	1	0.0	0.0	0.0	0.0	0.0	5	5	5	12	14	34	60	108	123	100	79	95	50	24	25	30
	
Totals
	Horned Grebe	43	36	49	65	37	51	81	50	146	329	577	1210	1789	2790	3121	2521	1349	136	75	13	5	1	2	2	0.0	0.0	1	0.0	0.0	0.0	0.0	0.0	8	9	5	20	27	78	180	260	217	166	137	149	93	32	28	34
	# checklists reporting species - (Horned Grebe)	33	33	44	42	23	33	39	32	89	176	273	476	549	572	599	542	290	64	49	12	4	1	2	2	0.0	0.0	1	0.0	0.0	0.0	0.0	0.0	5	5	5	12	14	34	60	108	120	98	78	93	50	23	24	25
	
Average Count
	Horned Grebe	1.303030303030303	1.0909090909090908	1.1136363636363635	1.5476190476190477	1.608695652173913	1.5454545454545454	2.076923076923077	1.5625	1.6404494382022472	1.8693181818181819	2.1135531135531136	2.542016806722689	3.2586520947176685	4.8776223776223775	5.210350584307179	4.6512915129151295	4.651724137931034	2.125	1.530612244897959	1.0833333333333333	1.25	1.0	1.0	1.0	0.0	0.0	1.0	0.0	0.0	0.0	0.0	0.0	1.6	1.8	1.0	1.6666666666666667	1.9285714285714286	2.2941176470588234	3.0	2.4074074074074074	1.8083333333333333	1.6938775510204083	1.7564102564102564	1.6021505376344085	1.86	1.391304347826087	1.1666666666666667	1.36
	# checklists reporting species - (Horned Grebe)	33	33	44	42	23	33	39	32	89	176	273	476	549	572	599	542	290	64	49	12	4	1	2	2	0.0	0.0	1	0.0	0.0	0.0	0.0	0.0	5	5	5	12	14	34	60	108	120	98	78	93	50	23	24	25
	
