

	Week starting on...	1/1	1/8	1/15	1/22	2/1	2/8	2/15	2/22	3/1	3/8	3/15	3/22	4/1	4/8	4/15	4/22	5/1	5/8	5/15	5/22	6/1	6/8	6/15	6/22	7/1	7/8	7/15	7/22	8/1	8/8	8/15	8/22	9/1	9/8	9/15	9/22	10/1	10/8	10/15	10/22	11/1	11/8	11/15	11/22	12/1	12/8	12/15	12/22
Frequency (%)
	Black-and-white Warbler	0.0	0.0	0.0	0.0	0.0	0.0	0.0	0.0	0.0	0.0	0.0	0.017394329448599758	0.0	0.02359046945034206	0.044682752457551385	3.3735307586627994	24.718289511701823	27.646643109540637	23.037284025462263	5.631979284673895	0.8524833209785025	1.0327022375215147	0.7263922518159807	0.5120126033871603	0.22172949002217296	0.12476606363069245	0.45016077170418006	0.0	0.245398773006135	1.884570082449941	5.6367432150313155	8.299319727891156	14.023691249522354	14.97659906396256	9.703504043126685	4.273237679351216	1.2147195426938193	0.4596888260254597	0.21443888491779842	0.026752273943285176	0.0	0.0	0.0	0.0	0.043782837127845885	0.0429000429000429	0.11181513231457324	0.0
	Total # checklists submitted - (Black-and-white Warbler)	4647	3500	3030	4287	2903	3748	5456	3029	3408	3753	4232	5749	4440	4239	4476	6551	6922	7075	6598	6179	2698	2324	2065	2539	1804	1603	1555	2203	1630	1698	1916	2940	2617	2564	2597	3206	2799	2828	2798	3738	2680	2700	2440	2955	2284	2331	2683	4466
	
Abundance
	Black-and-white Warbler	0.0	0.0	0.0	0.0	0.0	0.0	0.0	0.0	0.0	0.0	0.0	1.7394329448599757E-4	0.0	2.3590469450342062E-4	4.4682752457551384E-4	0.043352159975576246	0.4767408263507657	0.5751236749116608	0.41315550166717185	0.07703511895128662	0.008895478131949592	0.014199655765920827	0.01162227602905569	0.00866482867270579	0.004434589800443459	0.0018714909544603868	0.005144694533762058	0.0	0.00245398773006135	0.025323910482921083	0.10594989561586639	0.1380952380952381	0.25181505540695454	0.24141965678627145	0.14593762033115132	0.05739238927011853	0.01321900678813862	0.005657708628005658	0.002144388849177984	2.6752273943285177E-4	0.0	0.0	0.0	0.0	4.3782837127845885E-4	4.29000429000429E-4	0.0011181513231457323	0.0
	Total # checklists submitted - (Black-and-white Warbler)	4647	3500	3030	4287	2903	3748	5456	3029	3408	3753	4232	5749	4440	4239	4476	6551	6922	7075	6598	6179	2698	2324	2065	2539	1804	1603	1555	2203	1630	1698	1916	2940	2617	2564	2597	3206	2799	2828	2798	3738	2680	2700	2440	2955	2284	2331	2683	4466
	
Birds Per Party Hour
	Black-and-white Warbler	0.0	0.0	0.0	0.0	0.0	0.0	0.0	0.0	0.0	0.0	0.0	0.5405405405405406	0.0	0.2222222222222222	0.3103929102627665	0.9424262663639025	1.4564297320116737	1.5935535047745286	1.3976739798321347	1.0738825146055433	0.8141393978510753	0.8215668898092893	0.42974453899417264	0.4452541959193708	0.48148148148148145	0.25	0.4080687830687831	0.0	0.3157774140752864	1.0830736879396325	0.8891723310820137	0.9456218084444832	0.9181172104575424	0.8997020618196135	0.8375284843726146	0.650320240205681	1.4658099179314767	0.744434253678	0.8717362302267962	1.0706638115631693	0.0	0.0	0.0	0.0	0.5452562704471101	0.18181818181818182	0.2962762689685757	0.0
	# checklists reporting species - (Black-and-white Warbler)	0.0	0.0	0.0	0.0	0.0	0.0	0.0	0.0	0.0	0.0	0.0	1	0.0	1	2	227	2259	2768	2148	600	39	20	14	12	3	1	6	0.0	5	33	124	257	366	397	270	141	33	11	6	1	0.0	0.0	0.0	0.0	1	1	3	0.0
	
High Count
	Black-and-white Warbler	0.0	0.0	0.0	0.0	0.0	0.0	0.0	0.0	0.0	0.0	0.0	1	0.0	1	1	6	20	80	21	8	2	12	4	4	4	2	2	0.0	1	5	13	11	15	10	10	7	2	4	1	1	0.0	0.0	0.0	0.0	1	1	1	0.0
	# checklists reporting species - (Black-and-white Warbler)	0.0	0.0	0.0	0.0	0.0	0.0	0.0	0.0	0.0	0.0	0.0	1	0.0	1	2	251	2414	2956	2287	648	44	26	15	14	4	2	7	0.0	5	36	130	290	391	424	291	158	35	13	6	1	0.0	0.0	0.0	0.0	1	1	3	0.0
	
Totals
	Black-and-white Warbler	0.0	0.0	0.0	0.0	0.0	0.0	0.0	0.0	0.0	0.0	0.0	1	0.0	1	2	314	4484	6153	4076	894	43	37	24	24	8	3	8	0.0	5	46	230	469	681	660	427	206	38	16	6	1	0.0	0.0	0.0	0.0	1	1	3	0.0
	# checklists reporting species - (Black-and-white Warbler)	0.0	0.0	0.0	0.0	0.0	0.0	0.0	0.0	0.0	0.0	0.0	1	0.0	1	2	243	2346	2856	2201	623	40	22	15	13	4	2	7	0.0	5	33	129	275	375	410	282	151	35	12	6	1	0.0	0.0	0.0	0.0	1	1	3	0.0
	
Average Count
	Black-and-white Warbler	0.0	0.0	0.0	0.0	0.0	0.0	0.0	0.0	0.0	0.0	0.0	1.0	0.0	1.0	1.0	1.2921810699588476	1.9113384484228475	2.1544117647058822	1.8518855065879145	1.434991974317817	1.075	1.6818181818181819	1.6	1.8461538461538463	2.0	1.5	1.1428571428571428	0.0	1.0	1.393939393939394	1.7829457364341086	1.7054545454545456	1.816	1.6097560975609757	1.5141843971631206	1.3642384105960266	1.0857142857142856	1.3333333333333333	1.0	1.0	0.0	0.0	0.0	0.0	1.0	1.0	1.0	0.0
	# checklists reporting species - (Black-and-white Warbler)	0.0	0.0	0.0	0.0	0.0	0.0	0.0	0.0	0.0	0.0	0.0	1	0.0	1	2	243	2346	2856	2201	623	40	22	15	13	4	2	7	0.0	5	33	129	275	375	410	282	151	35	12	6	1	0.0	0.0	0.0	0.0	1	1	3	0.0
	
