

	Week starting on...	1/1	1/8	1/15	1/22	2/1	2/8	2/15	2/22	3/1	3/8	3/15	3/22	4/1	4/8	4/15	4/22	5/1	5/8	5/15	5/22	6/1	6/8	6/15	6/22	7/1	7/8	7/15	7/22	8/1	8/8	8/15	8/22	9/1	9/8	9/15	9/22	10/1	10/8	10/15	10/22	11/1	11/8	11/15	11/22	12/1	12/8	12/15	12/22
Frequency (%)
	Harlequin Duck	2.2810415321712934	1.342857142857143	1.089108910891089	1.026358759038955	1.0678608336203927	0.240128068303095	0.47653958944281527	1.2875536480686696	3.022300469483568	2.9576338928856916	0.7325141776937618	1.1306314141589842	0.945945945945946	0.6605331446095777	1.2734584450402144	0.8853610135857121	0.0722334585379948	0.04240282685512368	0.01515610791148833	0.03236769703835572	0.037064492216456635	0.0	0.0	0.0	0.0	0.0	0.0	0.0	0.0	0.0	0.0	0.0	0.0	0.0	0.0	0.0	0.0	0.0	0.17869907076483202	0.18726591760299627	1.6417910447761193	1.5185185185185186	0.6967213114754098	0.5752961082910322	1.3134851138353765	2.4882024882024885	1.3417815877748789	1.5002239140170175
	Total # checklists submitted - (Harlequin Duck)	4647	3500	3030	4287	2903	3748	5456	3029	3408	3753	4232	5749	4440	4239	4476	6551	6922	7075	6598	6179	2698	2324	2065	2539	1804	1603	1555	2203	1630	1698	1916	2940	2617	2564	2597	3206	2799	2828	2798	3738	2680	2700	2440	2955	2284	2331	2683	4466
	
Abundance
	Harlequin Duck	0.025177533892834086	0.014857142857142857	0.011221122112211221	0.010963377653370656	0.010334137099552188	0.002934898612593383	0.004948680351906158	0.013535820402773192	0.033157276995305164	0.030109245936584067	0.007561436672967864	0.011654200730561837	0.009009009009009009	0.006605331446095777	0.012511170688114389	0.009006258586475347	7.22334585379948E-4	4.2402826855123676E-4	1.515610791148833E-4	4.855154555753358E-4	3.7064492216456633E-4	0.0	0.0	0.0	0.0	0.0	0.0	0.0	0.0	0.0	0.0	0.0	0.0	0.0	0.0	0.0	0.0	0.0	0.0017869907076483202	0.0018726591760299626	0.016417910447761194	0.015185185185185185	0.0069672131147540985	0.005752961082910322	0.014448336252189142	0.02531102531102531	0.013417815877748788	0.017913121361397222
	Total # checklists submitted - (Harlequin Duck)	4647	3500	3030	4287	2903	3748	5456	3029	3408	3753	4232	5749	4440	4239	4476	6551	6922	7075	6598	6179	2698	2324	2065	2539	1804	1603	1555	2203	1630	1698	1916	2940	2617	2564	2597	3206	2799	2828	2798	3738	2680	2700	2440	2955	2284	2331	2683	4466
	
Birds Per Party Hour
	Harlequin Duck	3.1149116724524895	1.8256418045107783	1.8353226577932074	2.218510602388247	1.1467993164584356	1.0757481085265286	1.3371560159765463	1.3558705596297504	1.6489464036858748	1.5054842806720576	0.767190203818459	0.9007395482691585	0.8898275382655048	2.297245467302976	1.4387622498138966	0.6325475538600941	0.4118725489815975	1.0563782800727461	0.0	0.20833333333333334	0.5	0.0	0.0	0.0	0.0	0.0	0.0	0.0	0.0	0.0	0.0	0.0	0.0	0.0	0.0	0.0	0.0	0.0	0.5243672814782642	0.4092081399361092	1.2147192837780303	2.156008820329514	0.7833939031570692	1.5324131656996713	1.8869099924751793	2.140944553775817	2.214980797259211	2.658723569266521
	# checklists reporting species - (Harlequin Duck)	117	49	33	46	34	10	30	42	116	117	30	67	42	33	57	62	6	2	0	2	1	0.0	0.0	0.0	0.0	0.0	0.0	0.0	0.0	0.0	0.0	0.0	0.0	0.0	0.0	0.0	0.0	0.0	8	7	51	45	18	20	39	70	41	76
	
High Count
	Harlequin Duck	3	2	3	2	1	3	2	3	3	3	3	3	2	1	1	3	1	2	1	2	1	0.0	0.0	0.0	0.0	0.0	0.0	0.0	0.0	0.0	0.0	0.0	0.0	0.0	0.0	0.0	0.0	0.0	1	1	2	1	1	3	2	2	1	5
	# checklists reporting species - (Harlequin Duck)	122	54	39	54	42	17	32	47	118	121	40	75	50	35	59	69	8	4	1	2	1	0.0	0.0	0.0	0.0	0.0	0.0	0.0	0.0	0.0	0.0	0.0	0.0	0.0	0.0	0.0	0.0	0.0	9	10	56	46	22	25	43	72	43	83
	
Totals
	Harlequin Duck	134	59	40	57	39	23	34	51	132	126	41	76	47	35	58	73	8	5	1	3	1	0.0	0.0	0.0	0.0	0.0	0.0	0.0	0.0	0.0	0.0	0.0	0.0	0.0	0.0	0.0	0.0	0.0	9	10	57	46	22	28	50	73	43	99
	# checklists reporting species - (Harlequin Duck)	121	53	37	54	39	17	32	47	118	121	34	74	46	35	58	68	8	4	1	2	1	0.0	0.0	0.0	0.0	0.0	0.0	0.0	0.0	0.0	0.0	0.0	0.0	0.0	0.0	0.0	0.0	0.0	9	10	56	46	22	25	43	72	43	82
	
Average Count
	Harlequin Duck	1.1074380165289257	1.1132075471698113	1.0810810810810811	1.0555555555555556	1.0	1.3529411764705883	1.0625	1.0851063829787233	1.11864406779661	1.0413223140495869	1.2058823529411764	1.027027027027027	1.0217391304347827	1.0	1.0	1.0735294117647058	1.0	1.25	1.0	1.5	1.0	0.0	0.0	0.0	0.0	0.0	0.0	0.0	0.0	0.0	0.0	0.0	0.0	0.0	0.0	0.0	0.0	0.0	1.0	1.0	1.0178571428571428	1.0	1.0	1.12	1.1627906976744187	1.0138888888888888	1.0	1.2073170731707317
	# checklists reporting species - (Harlequin Duck)	121	53	37	54	39	17	32	47	118	121	34	74	46	35	58	68	8	4	1	2	1	0.0	0.0	0.0	0.0	0.0	0.0	0.0	0.0	0.0	0.0	0.0	0.0	0.0	0.0	0.0	0.0	0.0	9	10	56	46	22	25	43	72	43	82
	
