

	Week starting on...	1/1	1/8	1/15	1/22	2/1	2/8	2/15	2/22	3/1	3/8	3/15	3/22	4/1	4/8	4/15	4/22	5/1	5/8	5/15	5/22	6/1	6/8	6/15	6/22	7/1	7/8	7/15	7/22	8/1	8/8	8/15	8/22	9/1	9/8	9/15	9/22	10/1	10/8	10/15	10/22	11/1	11/8	11/15	11/22	12/1	12/8	12/15	12/22
Frequency (%)
	Blue Jay	11.792554336130836	11.028571428571428	11.914191419141915	11.966410076976906	11.780916293489494	11.87299893276414	12.316715542521994	12.149224166391548	13.321596244131456	14.97468691713296	16.564272211720226	18.64672116889894	17.5	18.376975701816466	18.141197497765862	22.912532437795758	37.01242415486853	42.600706713780916	45.77144589269476	39.747531963100826	30.874722016308375	29.30292598967298	25.08474576271186	24.18274911382434	23.226164079822617	23.892701185277605	23.60128617363344	23.740354062641853	26.50306748466258	25.265017667844525	28.39248434237996	33.843537414965986	39.85479556744364	46.64586583463339	63.65036580670004	65.50218340611353	63.05823508395856	57.88543140028288	48.67762687634024	41.22525414660247	34.66417910447761	30.407407407407405	25.901639344262296	23.316412859560067	20.796847635726795	17.374517374517374	20.126723816623183	23.376623376623375
	Total # checklists submitted - (Blue Jay)	4647	3500	3030	4287	2903	3748	5456	3029	3408	3753	4232	5749	4440	4239	4476	6551	6922	7075	6598	6179	2698	2324	2065	2539	1804	1603	1555	2203	1630	1698	1916	2940	2617	2564	2597	3206	2799	2828	2798	3738	2680	2700	2440	2955	2284	2331	2683	4466
	
Abundance
	Blue Jay	0.2543576500968367	0.25	0.26633663366336635	0.24515978539771402	0.25111953151911814	0.24893276414087515	0.24725073313782991	0.23374050841862	0.2708333333333333	0.3170796695976552	0.33601134215500944	0.3781527222125587	0.34121621621621623	0.3330974286388299	0.3512064343163539	0.7412608762021066	3.3712799768852935	3.365371024734982	3.7018793573810247	1.8664832497167827	0.6957005189028911	0.5679862306368331	0.44213075060532686	0.44308782985427336	0.41352549889135254	0.47223955084217095	0.4977491961414791	0.5270086246028144	0.5723926380368098	0.6348645465253239	0.7223382045929019	0.932312925170068	1.1967902178066487	2.873244929797192	15.515209857527918	39.14098565190268	18.740264380135763	8.377298444130128	3.792351679771265	1.714553237025147	1.0973880597014924	0.6544444444444445	0.5290983606557377	0.47715736040609136	0.4225043782837128	0.4315744315744316	0.650391352963101	1.1529332736229287
	Total # checklists submitted - (Blue Jay)	4647	3500	3030	4287	2903	3748	5456	3029	3408	3753	4232	5749	4440	4239	4476	6551	6922	7075	6598	6179	2698	2324	2065	2539	1804	1603	1555	2203	1630	1698	1916	2940	2617	2564	2597	3206	2799	2828	2798	3738	2680	2700	2440	2955	2284	2331	2683	4466
	
Birds Per Party Hour
	Blue Jay	4.3030018409820965	2.7352798484986542	3.1761667965543716	3.1540185655881072	3.7688589058741475	4.6803060430760315	3.6123045602695756	2.945463882959422	2.875959615061565	3.5007894279537863	2.983585863690762	2.9244903453725652	2.456140908867365	2.6675093672032384	2.4619158206195992	3.5027872072809925	5.711321828241559	6.155036268281519	5.208355172419808	3.317198360905406	2.8358144177998854	3.1572942311143106	2.4286054069088596	4.45274954066154	2.880682932318985	3.1592935097201837	2.9176285714158463	3.2635233775552157	2.426923251497313	3.318340676621713	2.8759106949288733	3.2783795915398413	3.6487585205176094	4.520774567462553	14.339661793824495	28.35175182863994	18.530656919949994	8.136051823607762	5.215465412578473	3.5051020483454094	3.017098319482273	2.535905967694264	2.5868525570022847	2.628680466012158	2.4086245624810405	2.7471957005794643	2.2245340738029826	2.144865012591914
	# checklists reporting species - (Blue Jay)	556	397	363	526	357	454	689	375	460	568	708	1078	785	787	823	1485	2528	3015	3006	2433	844	662	526	628	423	388	372	508	425	432	532	974	1015	1197	1662	2082	1755	1596	1364	1552	935	823	638	710	496	410	553	1038
	
High Count
	Blue Jay	15	12	14	10	22	44	19	12	22	14	14	20	17	15	20	250	2500	1500	650	220	42	42	14	14	20	14	15	40	14	20	24	45	40	900	4085	5750	3600	5275	500	150	555	25	17	18	10	37	45	77
	# checklists reporting species - (Blue Jay)	612	430	387	560	397	480	728	402	511	609	757	1148	868	851	886	1616	2788	3275	3256	2633	955	735	594	700	500	418	405	563	481	466	594	1081	1142	1304	1841	2361	1999	1808	1502	1694	1015	884	677	752	535	433	587	1093
	
Totals
	Blue Jay	1254	942	846	1118	793	987	1454	762	975	1248	1513	2266	1626	1532	1686	5152	24303	25009	25460	11936	2044	1409	1018	1232	823	805	838	1218	978	1122	1484	2895	3301	8966	52162	140486	56362	25282	11170	6702	3050	1882	1344	1507	1036	1045	1853	5267
	# checklists reporting species - (Blue Jay)	574	418	377	546	368	467	708	388	476	593	725	1113	815	821	859	1535	2628	3131	3081	2510	886	693	567	669	448	396	382	529	432	442	560	1024	1054	1249	1753	2213	1853	1699	1439	1623	968	857	657	729	510	422	576	1071
	
Average Count
	Blue Jay	2.1846689895470384	2.2535885167464116	2.2440318302387268	2.0476190476190474	2.154891304347826	2.113490364025696	2.053672316384181	1.9639175257731958	2.0483193277310923	2.1045531197301854	2.086896551724138	2.0359389038634323	1.9950920245398773	1.8660170523751523	1.9627473806752038	3.3563517915309444	9.247716894977168	7.987543915681891	8.263550795196364	4.755378486055777	2.3069977426636568	2.033189033189033	1.7954144620811288	1.8415545590433482	1.8370535714285714	2.032828282828283	2.193717277486911	2.3024574669187143	2.263888888888889	2.5384615384615383	2.65	2.8271484375	3.1318785578747628	7.178542834267414	29.755847119224185	63.48215092634433	30.41662169454938	14.880517951736316	7.7623349548297425	4.129390018484289	3.1508264462809916	2.1960326721120187	2.045662100456621	2.06721536351166	2.0313725490196077	2.476303317535545	3.217013888888889	4.917833800186742
	# checklists reporting species - (Blue Jay)	574	418	377	546	368	467	708	388	476	593	725	1113	815	821	859	1535	2628	3131	3081	2510	886	693	567	669	448	396	382	529	432	442	560	1024	1054	1249	1753	2213	1853	1699	1439	1623	968	857	657	729	510	422	576	1071
	
