

	Week starting on...	1/1	1/8	1/15	1/22	2/1	2/8	2/15	2/22	3/1	3/8	3/15	3/22	4/1	4/8	4/15	4/22	5/1	5/8	5/15	5/22	6/1	6/8	6/15	6/22	7/1	7/8	7/15	7/22	8/1	8/8	8/15	8/22	9/1	9/8	9/15	9/22	10/1	10/8	10/15	10/22	11/1	11/8	11/15	11/22	12/1	12/8	12/15	12/22
Frequency (%)
	Barred Owl	0.5595007531740909	0.9428571428571428	0.8580858085808581	0.6298110566829951	1.4812263176024802	1.2540021344717183	0.18328445747800587	0.19808517662594916	0.3814553990610329	0.31974420463629094	0.42533081285444235	0.31309793007479564	0.02252252252252252	0.02359046945034206	0.044682752457551385	0.015264845061822624	0.10112684195319273	0.014134275618374558	0.04546832373446499	0.01618384851917786	0.0	0.0	0.0	0.0	0.0	0.0	0.0	0.0	0.0	0.0	0.0	0.06802721088435373	0.0	0.0390015600624025	0.0	0.0	0.1429081814933905	0.03536067892503536	0.07147962830593281	0.26752273943285176	0.6716417910447761	0.6296296296296297	0.6967213114754098	0.7783417935702199	0.3064798598949212	0.7293007293007293	1.3790532985464032	0.6941334527541424
	Total # checklists submitted - (Barred Owl)	4647	3500	3030	4287	2903	3748	5456	3029	3408	3753	4232	5749	4440	4239	4476	6551	6922	7075	6598	6179	2698	2324	2065	2539	1804	1603	1555	2203	1630	1698	1916	2940	2617	2564	2597	3206	2799	2828	2798	3738	2680	2700	2440	2955	2284	2331	2683	4466
	
Abundance
	Barred Owl	0.005595007531740908	0.009428571428571429	0.00891089108910891	0.006298110566829951	0.015156734412676542	0.012540021344717182	0.0018328445747800588	0.0019808517662594917	0.0038145539906103286	0.0031974420463629096	0.004253308128544423	0.0033049225952339538	2.2522522522522523E-4	2.3590469450342062E-4	4.4682752457551384E-4	1.5264845061822624E-4	0.0010112684195319273	1.413427561837456E-4	4.546832373446499E-4	1.618384851917786E-4	0.0	0.0	0.0	0.0	0.0	0.0	0.0	0.0	0.0	0.0	0.0	6.802721088435374E-4	0.0	3.90015600624025E-4	0.0	0.0	0.0014290818149339049	3.536067892503536E-4	7.147962830593281E-4	0.002675227394328518	0.007462686567164179	0.006296296296296296	0.0069672131147540985	0.0077834179357022	0.003064798598949212	0.007293007293007293	0.013790532985464033	0.007165248544558889
	Total # checklists submitted - (Barred Owl)	4647	3500	3030	4287	2903	3748	5456	3029	3408	3753	4232	5749	4440	4239	4476	6551	6922	7075	6598	6179	2698	2324	2065	2539	1804	1603	1555	2203	1630	1698	1916	2940	2617	2564	2597	3206	2799	2828	2798	3738	2680	2700	2440	2955	2284	2331	2683	4466
	
Birds Per Party Hour
	Barred Owl	1.2406578099223065	0.8875546313426399	0.5969883042079482	1.3528864594813643	1.1722852906761592	1.2605891066622361	1.4937112959743803	1.0962448190877834	1.694516132222867	1.372011055331163	0.5172364553044034	0.5976114373046902	0.3157562361856647	0.3333333333333333	0.11764705882352941	0.4	0.5530149136459298	0.16666666666666666	0.946441947565543	0.2	0.0	0.0	0.0	0.0	0.0	0.0	0.7501875468867217	0.0	0.0	0.0	0.0	11.22208506340478	0.0	8.547008547008547	0.0	0.0	0.37403082354538664	0.6451612903225806	3.1273453093812376	0.24841390586199014	0.6333976190546328	0.3408599423062221	0.42977360985975827	1.9539120520605586	12.521512101120043	2.185209007242884	0.9251323682687521	0.39194299279269756
	# checklists reporting species - (Barred Owl)	27	34	31	27	47	53	10	5	14	13	28	23	1	2	1	2	7	1	3	2	0.0	0.0	0.0	0.0	0.0	0.0	1	0.0	0.0	0.0	0.0	2	0.0	1	0.0	0.0	5	1	2	11	20	21	19	29	12	21	42	37
	
High Count
	Barred Owl	1	1	2	1	2	1	1	1	1	1	1	2	1	1	1	1	1	2	1	1	0.0	0.0	0.0	0.0	0.0	0.0	1	0.0	0.0	0.0	0.0	1	0.0	1	0.0	0.0	1	1	1	1	2	1	1	1	1	1	1	2
	# checklists reporting species - (Barred Owl)	35	40	33	31	50	54	12	8	19	15	29	25	1	2	2	2	7	3	3	2	0.0	0.0	0.0	0.0	0.0	0.0	1	0.0	0.0	0.0	0.0	2	0.0	1	0.0	0.0	5	1	2	16	23	24	22	34	15	26	47	42
	
Totals
	Barred Owl	35	40	34	31	51	54	12	8	19	15	29	27	1	2	2	2	7	4	3	2	0.0	0.0	0.0	0.0	0.0	0.0	1	0.0	0.0	0.0	0.0	2	0.0	1	0.0	0.0	5	1	2	14	25	24	22	34	15	26	47	42
	# checklists reporting species - (Barred Owl)	35	40	33	31	50	54	12	8	19	15	29	25	1	2	2	2	7	3	3	2	0.0	0.0	0.0	0.0	0.0	0.0	1	0.0	0.0	0.0	0.0	2	0.0	1	0.0	0.0	5	1	2	14	23	24	22	34	15	26	47	40
	
Average Count
	Barred Owl	1.0	1.0	1.0303030303030303	1.0	1.02	1.0	1.0	1.0	1.0	1.0	1.0	1.08	1.0	1.0	1.0	1.0	1.0	1.3333333333333333	1.0	1.0	0.0	0.0	0.0	0.0	0.0	0.0	1.0	0.0	0.0	0.0	0.0	1.0	0.0	1.0	0.0	0.0	1.0	1.0	1.0	1.0	1.0869565217391304	1.0	1.0	1.0	1.0	1.0	1.0	1.05
	# checklists reporting species - (Barred Owl)	35	40	33	31	50	54	12	8	19	15	29	25	1	2	2	2	7	3	3	2	0.0	0.0	0.0	0.0	0.0	0.0	1	0.0	0.0	0.0	0.0	2	0.0	1	0.0	0.0	5	1	2	14	23	24	22	34	15	26	47	40
	
