

	Week starting on...	1/1	1/8	1/15	1/22	2/1	2/8	2/15	2/22	3/1	3/8	3/15	3/22	4/1	4/8	4/15	4/22	5/1	5/8	5/15	5/22	6/1	6/8	6/15	6/22	7/1	7/8	7/15	7/22	8/1	8/8	8/15	8/22	9/1	9/8	9/15	9/22	10/1	10/8	10/15	10/22	11/1	11/8	11/15	11/22	12/1	12/8	12/15	12/22
Frequency (%)
	Northern Shoveler	2.3886378308586185	1.2	0.825082508250825	0.6298110566829951	0.3100241129865656	0.6136606189967982	0.5681818181818182	1.0234400792340705	1.584507042253521	3.7303490540900612	4.938563327032136	5.374847799617325	6.148648648648649	5.496579381929701	5.473637176050045	4.442069912990383	1.704709621496677	0.8621908127208481	0.7274931797514398	0.40459621297944653	0.5559673832468496	0.387263339070568	0.387409200968523	0.07877116975187082	0.0	0.06238303181534623	0.06430868167202572	0.04539264639128461	0.06134969325153375	0.88339222614841	0.5219206680584552	1.7006802721088436	2.8276652655712646	4.212168486739469	6.46900269541779	7.267623206487836	7.324044301536263	10.67892503536068	10.900643316654754	10.861423220973784	11.977611940298507	11.11111111111111	8.565573770491804	5.21150592216582	5.823117338003502	3.6036036036036037	3.2053671263510997	2.0600089565606807
	Total # checklists submitted - (Northern Shoveler)	4647	3500	3030	4287	2903	3748	5456	3029	3408	3753	4232	5749	4440	4239	4476	6551	6922	7075	6598	6179	2698	2324	2065	2539	1804	1603	1555	2203	1630	1698	1916	2940	2617	2564	2597	3206	2799	2828	2798	3738	2680	2700	2440	2955	2284	2331	2683	4466
	
Abundance
	Northern Shoveler	0.08693780933935873	0.038	0.01089108910891089	0.015162118031257289	0.004822597313124354	0.005602988260405549	0.010813782991202347	0.017497523935292175	0.03550469483568075	0.11057820410338395	0.22826086956521738	0.23082275178291878	0.1990990990990991	0.1592356687898089	0.1876675603217158	0.11555487711799725	0.0388616006934412	0.013992932862190813	0.013034252803879964	0.005340670011328694	0.00815418828762046	0.00774526678141136	0.005326876513317191	0.0011815675462780622	0.0	0.0	6.430868167202572E-4	4.5392646391284613E-4	6.134969325153375E-4	0.020023557126030624	0.014091858037578288	0.03945578231292517	0.07756973633931984	0.12480499219968799	0.24335772044666923	0.35651902682470366	0.37227581279028227	0.693069306930693	0.7026447462473195	0.7945425361155698	0.9496268656716418	1.0907407407407408	0.6881147540983606	0.3001692047377327	0.5503502626970228	0.42556842556842556	0.3607901602683563	0.1464397671294223
	Total # checklists submitted - (Northern Shoveler)	4647	3500	3030	4287	2903	3748	5456	3029	3408	3753	4232	5749	4440	4239	4476	6551	6922	7075	6598	6179	2698	2324	2065	2539	1804	1603	1555	2203	1630	1698	1916	2940	2617	2564	2597	3206	2799	2828	2798	3738	2680	2700	2440	2955	2284	2331	2683	4466
	
Birds Per Party Hour
	Northern Shoveler	5.32724867457693	3.7602780473223345	1.6471401152657585	6.434856693398951	2.920920908264019	1.6256577437340762	4.6050108859121615	3.3008694776585834	2.0735701344313813	1.6296465920076022	2.260480494948372	2.7031340947438687	2.4483760292961327	1.9158600659955203	2.875419592337285	1.788366178762878	0.9880472264189971	0.8813990551525156	0.5745981343273929	0.7353749495599374	0.6968208034259084	11.796265797045447	0.835323943607954	0.5407943229044146	0.4	0.0	0.3157562361856647	0.5608524957936063	2.0	1.2421377055541636	1.1723174717245863	1.3275394671661591	6.528018986683799	2.115791192842746	2.6234457472993498	3.6564280778448937	4.644233486472423	5.717411284044183	7.216126723017211	6.975245743878114	6.708123187893925	7.661150185306263	6.759608232722806	4.249354164097966	6.85304960131694	13.2728574711082	7.604773010061262	7.096204354530211
	# checklists reporting species - (Northern Shoveler)	109	40	23	22	7	21	29	29	57	145	207	306	283	230	245	278	113	60	51	27	15	11	8	3	1	0	1	1	1	18	11	54	75	108	173	239	208	290	300	406	324	299	209	155	132	85	86	96
	
High Count
	Northern Shoveler	86	55	58	39	6	1	14	16	23	14	34	21	16	20	21	16	10	8	7	5	2	4	2	2	1	1	1	1	1	6	11	10	16	20	27	32	49	52	70	63	65	68	59	56	105	80	100	40
	# checklists reporting species - (Northern Shoveler)	126	50	33	32	10	24	32	34	66	155	224	330	296	248	265	315	128	64	56	28	17	13	9	3	1	1	1	1	1	20	13	61	81	122	198	253	227	327	337	442	360	323	228	171	150	102	101	105
	
Totals
	Northern Shoveler	531	216	177	138	14	21	60	60	141	473	1000	1398	942	700	888	802	289	102	98	36	25	23	12	4	1	0	1	1	1	43	30	142	228	357	737	1229	1166	2144	2145	3245	2746	3061	1764	968	1631	1134	1088	757
	# checklists reporting species - (Northern Shoveler)	116	48	30	26	8	21	30	32	62	151	216	316	289	237	250	288	120	62	52	28	17	13	9	3	1	0	1	1	1	20	13	61	80	119	187	250	219	311	315	426	341	309	218	164	144	96	96	102
	
Average Count
	Northern Shoveler	4.577586206896552	4.5	5.9	5.3076923076923075	1.75	1.0	2.0	1.875	2.274193548387097	3.1324503311258276	4.62962962962963	4.424050632911392	3.2595155709342563	2.9535864978902953	3.552	2.7847222222222223	2.408333333333333	1.6451612903225807	1.8846153846153846	1.2857142857142858	1.4705882352941178	1.7692307692307692	1.3333333333333333	1.3333333333333333	1.0	0.0	1.0	1.0	1.0	2.15	2.3076923076923075	2.3278688524590163	2.85	3.0	3.9411764705882355	4.916	5.324200913242009	6.893890675241158	6.809523809523809	7.617370892018779	8.052785923753666	9.906148867313917	8.091743119266056	5.902439024390244	11.32638888888889	11.8125	11.333333333333334	7.421568627450981
	# checklists reporting species - (Northern Shoveler)	116	48	30	26	8	21	30	32	62	151	216	316	289	237	250	288	120	62	52	28	17	13	9	3	1	0	1	1	1	20	13	61	80	119	187	250	219	311	315	426	341	309	218	164	144	96	96	102
	
