

	Week starting on...	1/1	1/8	1/15	1/22	2/1	2/8	2/15	2/22	3/1	3/8	3/15	3/22	4/1	4/8	4/15	4/22	5/1	5/8	5/15	5/22	6/1	6/8	6/15	6/22	7/1	7/8	7/15	7/22	8/1	8/8	8/15	8/22	9/1	9/8	9/15	9/22	10/1	10/8	10/15	10/22	11/1	11/8	11/15	11/22	12/1	12/8	12/15	12/22
Frequency (%)
	Ring-billed Gull	43.14611577361739	36.74285714285715	37.68976897689769	35.43270352227665	34.653806407165	23.799359658484526	23.533724340175954	40.31033344338065	46.83098591549296	54.09006128430589	56.238185255198495	56.46199339015481	55.4054054054054	55.98018400566171	56.25558534405719	55.42665241947794	53.17827217567177	50.61484098939929	51.83388905729009	57.59831687975401	52.00148257968866	53.915662650602414	51.57384987893463	46.71130366285939	45.73170731707317	44.915782907049284	48.55305466237942	48.47934634589197	51.10429447852761	51.47232037691401	50.939457202505224	51.25850340136054	52.655712648070306	51.6380655226209	49.826723142087026	47.72301933873987	46.62379421221865	47.77227722772277	48.53466761972838	52.62172284644194	52.79850746268657	52.59259259259259	50.1639344262295	46.29441624365482	43.651488616462345	46.16044616044616	45.99329109206113	43.01388266905508
	Total # checklists submitted - (Ring-billed Gull)	4647	3500	3030	4287	2903	3748	5456	3029	3408	3753	4232	5749	4440	4239	4476	6551	6922	7075	6598	6179	2698	2324	2065	2539	1804	1603	1555	2203	1630	1698	1916	2940	2617	2564	2597	3206	2799	2828	2798	3738	2680	2700	2440	2955	2284	2331	2683	4466
	
Abundance
	Ring-billed Gull	11.489993544222079	11.411142857142858	11.996369636963696	11.995101469559133	15.804684808818463	10.983191035218784	12.367485337243401	37.088147903598546	39.09653755868545	62.88329336530775	60.273156899810964	54.32179509479909	41.71779279279279	43.024769992922856	58.48815907059875	58.921080751030374	36.60863912164115	33.92141342756184	32.56729311912701	47.50817284350219	23.990733876945885	18.588209982788296	22.161743341404357	10.04214257581725	24.315410199556542	19.547099189020585	28.20192926045016	27.101225601452565	17.796932515337424	19.929328621908127	14.47964509394572	15.558843537414965	17.749331295376386	13.234789391575664	11.835964574509049	13.11634435433562	12.933904966059307	13.234087694483733	14.48927805575411	14.592562867843768	13.853731343283583	15.684074074074074	12.201639344262295	10.004737732656514	12.003502626970228	12.415701415701415	13.758479314200521	12.31012091356919
	Total # checklists submitted - (Ring-billed Gull)	4647	3500	3030	4287	2903	3748	5456	3029	3408	3753	4232	5749	4440	4239	4476	6551	6922	7075	6598	6179	2698	2324	2065	2539	1804	1603	1555	2203	1630	1698	1916	2940	2617	2564	2597	3206	2799	2828	2798	3738	2680	2700	2440	2955	2284	2331	2683	4466
	
Birds Per Party Hour
	Ring-billed Gull	51.5677166846984	45.652307588163964	52.6548074390387	60.03428146606531	70.236368088881	69.22145744089198	74.4565481079917	85.2814301111898	80.07466643772248	74.90183669123742	66.79851012780857	96.82797964619762	45.77312878246396	37.797111203773326	51.902597254879126	40.531985196646	31.626210291461422	50.16105259401816	36.64703980413482	38.03500085724797	50.07730489249328	34.07035926695955	32.02699288856083	37.595107550356786	55.21955280202358	36.975758910689244	46.72262746392353	40.46718852729967	26.263080620839865	33.05774018856928	22.16170588294281	23.463668231246583	27.336829037027577	20.209425466853137	18.51315136236116	28.016949028247193	29.64486817998012	24.087072742356696	30.622564302325287	24.592268001988437	25.24176090380078	38.38458735562082	28.51037240596273	28.127479640635	41.02792737599528	43.32194594768929	26.01877100320684	31.29307350744991
	# checklists reporting species - (Ring-billed Gull)	1806	1195	1025	1324	862	804	1174	1092	1475	1809	2109	2913	2147	2081	2188	3181	3165	3081	2961	2998	1276	1160	981	1107	759	671	688	976	753	828	892	1303	1209	1159	1138	1348	1176	1215	1228	1715	1255	1244	1100	1244	915	972	1148	1773
	
High Count
	Ring-billed Gull	1000	631	600	864	2500	625	2000	7500	6000	6000	6000	6000	5000	8000	10000	15000	5000	10000	12000	40000	10000	5000	5000	10000	5000	5000	10000	5500	2000	2000	1001	2000	2000	1000	500	3000	600	1500	2300	2400	1100	1000	600	350	750	2500	1275	1554
	# checklists reporting species - (Ring-billed Gull)	2185	1381	1214	1615	1098	936	1358	1313	1738	2168	2524	3455	2631	2537	2676	3831	3906	3761	3601	3786	1556	1338	1147	1284	929	793	821	1171	918	972	1061	1619	1475	1404	1388	1621	1444	1458	1455	2106	1520	1495	1294	1462	1101	1143	1313	2035
	
Totals
	Ring-billed Gull	56278	40762	37556	53509	47135	41605	71112	118665	134693	260567	260870	315237	190996	184142	264607	388365	259634	243801	218060	296634	65970	43678	46158	35902	44312	32456	45300	61150	30654	35563	29357	47198	47453	35170	32285	43742	37622	38878	41772	56553	38168	43818	30844	30547	28350	30837	40704	56498
	# checklists reporting species - (Ring-billed Gull)	1893	1239	1070	1391	913	832	1228	1151	1521	1882	2191	3023	2232	2163	2268	3271	3280	3139	3015	3070	1311	1194	1017	1150	779	687	711	1015	770	857	924	1368	1247	1197	1183	1386	1209	1244	1258	1793	1293	1277	1124	1300	963	1017	1193	1833
	
Average Count
	Ring-billed Gull	29.729529846804017	32.89911218724778	35.09906542056075	38.46800862688713	51.626506024096386	50.00600961538461	57.90879478827362	103.09730668983492	88.55555555555556	138.45217853347503	119.06435417617526	104.27952365200132	85.57168458781362	85.13268608414239	116.66975308641975	118.7297462549679	79.15670731707317	77.66836572156738	72.32504145936981	96.62345276872963	50.32036613272311	36.58123953098828	45.38643067846608	31.21913043478261	56.883183568677794	47.243085880640464	63.71308016877637	60.24630541871921	39.81038961038961	41.49708284714119	31.77164502164502	34.501461988304094	38.053728949478746	29.381787802840435	27.290786136939982	31.55988455988456	31.118279569892472	31.2524115755627	33.20508744038156	31.540992749581708	29.518948182521267	34.31323414252154	27.441281138790035	23.497692307692308	29.439252336448597	30.321533923303836	34.11902766135792	30.822695035460992
	# checklists reporting species - (Ring-billed Gull)	1893	1239	1070	1391	913	832	1228	1151	1521	1882	2191	3023	2232	2163	2268	3271	3280	3139	3015	3070	1311	1194	1017	1150	779	687	711	1015	770	857	924	1368	1247	1197	1183	1386	1209	1244	1258	1793	1293	1277	1124	1300	963	1017	1193	1833
	
