

	Week starting on...	1/1	1/8	1/15	1/22	2/1	2/8	2/15	2/22	3/1	3/8	3/15	3/22	4/1	4/8	4/15	4/22	5/1	5/8	5/15	5/22	6/1	6/8	6/15	6/22	7/1	7/8	7/15	7/22	8/1	8/8	8/15	8/22	9/1	9/8	9/15	9/22	10/1	10/8	10/15	10/22	11/1	11/8	11/15	11/22	12/1	12/8	12/15	12/22
Frequency (%)
	Ovenbird	0.0	0.0	0.0	0.0	0.0	0.0	0.0	0.0	0.0	0.0	0.0	0.0	0.0	0.0	0.0	0.686918027782018	10.936145622652413	16.87632508833922	16.292816004849957	5.421589253924583	1.4825796886582654	1.4199655765920827	1.1138014527845037	0.9846396218983853	0.5543237250554324	0.37429819089207733	0.5144694533762058	0.0	0.18404907975460122	0.23557126030624262	1.0960334029227559	2.925170068027211	4.8910966755827285	4.99219968798752	4.620716211012707	2.776044915782907	1.6434440871739908	0.4243281471004243	0.35739814152966404	0.0	0.0373134328358209	0.07407407407407407	0.0	0.0	0.0	0.1716001716001716	0.0	0.044782803403493054
	Total # checklists submitted - (Ovenbird)	4647	3500	3030	4287	2903	3748	5456	3029	3408	3753	4232	5749	4440	4239	4476	6551	6922	7075	6598	6179	2698	2324	2065	2539	1804	1603	1555	2203	1630	1698	1916	2940	2617	2564	2597	3206	2799	2828	2798	3738	2680	2700	2440	2955	2284	2331	2683	4466
	
Abundance
	Ovenbird	0.0	0.0	0.0	0.0	0.0	0.0	0.0	0.0	0.0	0.0	0.0	0.0	0.0	0.0	0.0	0.007785070981529537	0.15327939901762497	0.2853710247349823	0.27705365262200665	0.08577439715164266	0.021497405485544848	0.02323580034423408	0.02711864406779661	0.01654194564789287	0.008314855875831485	0.008733624454148471	0.006430868167202572	0.0	0.0018404907975460123	0.002355712603062426	0.015135699373695199	0.04081632653061224	0.06801681314482232	0.06708268330733229	0.058529072006160955	0.03275109170305677	0.01786352268667381	0.0049504950495049506	0.003931379556826304	0.0	3.7313432835820896E-4	7.407407407407407E-4	0.0	0.0	0.0	0.001716001716001716	0.0	4.478280340349306E-4
	Total # checklists submitted - (Ovenbird)	4647	3500	3030	4287	2903	3748	5456	3029	3408	3753	4232	5749	4440	4239	4476	6551	6922	7075	6598	6179	2698	2324	2065	2539	1804	1603	1555	2203	1630	1698	1916	2940	2617	2564	2597	3206	2799	2828	2798	3738	2680	2700	2440	2955	2284	2331	2683	4466
	
Birds Per Party Hour
	Ovenbird	0.0	0.0	0.0	0.0	0.0	0.0	0.0	0.0	0.0	0.0	0.0	0.0	0.0	0.0	0.0	0.5816932800635041	1.098424733098431	1.5311602609857242	1.3915167693705641	1.3043135091821385	1.758531497303982	1.5313228638359935	0.7321441077666008	0.6351015202310213	2.833608676129981	0.5754815906021244	0.9686067019400353	0.0	0.4853801169590643	0.6697393330420853	0.6199997516918453	0.7901262721875607	0.9791312664942106	0.7490809264016878	1.2981382287255485	1.533925198443016	1.4796678363638422	1.7588963734377905	2.2949642016524603	0.07792207792207792	0.0	0.6816632583503749	0.0	0.0	0.6666666666666666	1.5665405585846224	0.0	2.662674650698603
	# checklists reporting species - (Ovenbird)	0.0	0	0.0	0.0	0.0	0.0	0	0.0	0.0	0.0	0.0	0.0	0.0	0.0	0.0	50	980	1922	1871	869	110	24	20	21	11	6	5	1	2	4	21	89	136	134	128	107	48	12	10	6	0	2	0.0	0.0	1	4	0	3
	
High Count
	Ovenbird	0.0	1	0.0	0.0	0.0	0.0	1	0.0	0.0	0.0	0.0	0.0	0.0	0.0	0.0	3	14	21	25	22	6	18	8	8	6	6	6	1	2	2	6	6	10	6	4	4	2	3	3	1	1	1	0.0	0.0	1	1	1	1
	# checklists reporting species - (Ovenbird)	0.0	1	0.0	0.0	0.0	0.0	1	0.0	0.0	0.0	0.0	0.0	0.0	0.0	0.0	51	1028	2033	1967	925	119	40	27	31	18	6	8	2	3	6	24	104	148	145	143	117	52	14	12	6	1	2	0.0	0.0	1	4	2	3
	
Totals
	Ovenbird	0.0	1	0.0	0.0	0.0	0.0	1	0.0	0.0	0.0	0.0	0.0	0.0	0.0	0.0	57	1435	3630	3526	1462	151	61	60	46	23	14	10	1	3	7	32	137	194	191	171	136	56	16	15	6	1	2	0.0	0.0	1	4	2	3
	# checklists reporting species - (Ovenbird)	0.0	1	0.0	0.0	0.0	0.0	1	0.0	0.0	0.0	0.0	0.0	0.0	0.0	0.0	50	1015	1981	1915	895	112	32	24	26	18	6	5	1	2	6	24	97	141	142	137	115	52	14	11	6	1	2	0.0	0.0	1	4	2	3
	
Average Count
	Ovenbird	0.0	1.0	0.0	0.0	0.0	0.0	1.0	0.0	0.0	0.0	0.0	0.0	0.0	0.0	0.0	1.14	1.4137931034482758	1.8324078748107018	1.8412532637075718	1.6335195530726256	1.3482142857142858	1.90625	2.5	1.7692307692307692	1.2777777777777777	2.3333333333333335	2.0	1.0	1.5	1.1666666666666667	1.3333333333333333	1.4123711340206186	1.375886524822695	1.3450704225352113	1.2481751824817517	1.182608695652174	1.0769230769230769	1.1428571428571428	1.3636363636363635	1.0	1.0	1.0	0.0	0.0	1.0	1.0	1.0	1.0
	# checklists reporting species - (Ovenbird)	0.0	1	0.0	0.0	0.0	0.0	1	0.0	0.0	0.0	0.0	0.0	0.0	0.0	0.0	50	1015	1981	1915	895	112	32	24	26	18	6	5	1	2	6	24	97	141	142	137	115	52	14	11	6	1	2	0.0	0.0	1	4	2	3
	
