

	Week starting on...	1/1	1/8	1/15	1/22	2/1	2/8	2/15	2/22	3/1	3/8	3/15	3/22	4/1	4/8	4/15	4/22	5/1	5/8	5/15	5/22	6/1	6/8	6/15	6/22	7/1	7/8	7/15	7/22	8/1	8/8	8/15	8/22	9/1	9/8	9/15	9/22	10/1	10/8	10/15	10/22	11/1	11/8	11/15	11/22	12/1	12/8	12/15	12/22
Frequency (%)
	Swamp Sparrow	0.7531740908112761	1.0571428571428572	0.7920792079207921	1.3296011196641007	1.1712022046159145	0.8537886872998933	0.6414956011730205	0.924397490921096	0.7629107981220657	0.5329070077271516	0.7325141776937618	0.8001391546355887	1.3963963963963963	3.585751356451993	8.579088471849866	12.39505419019997	12.929789078301068	8.975265017667844	6.517126401939982	2.4923126719533903	1.1489992587101558	1.6781411359724614	2.0338983050847457	1.4178810555336747	1.2195121951219512	0.7485963817841547	1.5434083601286173	1.1348161597821154	0.6134969325153374	0.8244994110718492	1.0960334029227559	1.0204081632653061	1.184562476117692	1.6770670826833072	3.8505968425105888	6.144728633811603	10.289389067524116	9.653465346534654	9.0421729807005	6.5543071161048685	3.7686567164179103	2.2962962962962963	2.1721311475409837	2.030456852791878	1.7950963222416811	1.4586014586014586	2.4972046216921355	2.575011195700851
	Total # checklists submitted - (Swamp Sparrow)	4647	3500	3030	4287	2903	3748	5456	3029	3408	3753	4232	5749	4440	4239	4476	6551	6922	7075	6598	6179	2698	2324	2065	2539	1804	1603	1555	2203	1630	1698	1916	2940	2617	2564	2597	3206	2799	2828	2798	3738	2680	2700	2440	2955	2284	2331	2683	4466
	
Abundance
	Swamp Sparrow	0.010544437271357865	0.012285714285714285	0.009240924092409241	0.015861908094238396	0.014812263176024801	0.011472785485592316	0.008064516129032258	0.011224826675470452	0.009389671361502348	0.005329070077271516	0.008979206049149339	0.009392937902243869	0.01936936936936937	0.05142722340174569	0.1613047363717605	0.24484811479163487	0.28272175671771166	0.1543462897526502	0.10442558351015459	0.04369639100178022	0.023721275018532245	0.03098106712564544	0.04116222760290557	0.03938558487593541	0.01385809312638581	0.014971927635683094	0.03022508038585209	0.025873808443032227	0.01411042944785276	0.009422850412249705	0.013048016701461378	0.012244897959183673	0.015666794038975928	0.019890795631825272	0.08201771274547555	0.13849033063006863	0.3422650946766702	0.2553041018387553	0.21300929235167976	0.13081861958266452	0.05298507462686567	0.028888888888888888	0.02745901639344262	0.024365482233502538	0.021453590192644482	0.016302016302016303	0.03168095415579575	0.03918495297805643
	Total # checklists submitted - (Swamp Sparrow)	4647	3500	3030	4287	2903	3748	5456	3029	3408	3753	4232	5749	4440	4239	4476	6551	6922	7075	6598	6179	2698	2324	2065	2539	1804	1603	1555	2203	1630	1698	1916	2940	2617	2564	2597	3206	2799	2828	2798	3738	2680	2700	2440	2955	2284	2331	2683	4466
	
Birds Per Party Hour
	Swamp Sparrow	0.5832653521363522	0.6429904806451432	0.9158687338104026	1.0470330567340331	2.112123268424789	3.9174326581349126	0.7272195182837276	1.2760362268279686	0.8968110511268514	1.0798357344584737	2.172671402172099	1.083804652263181	0.9138107815804075	0.8751761013275342	1.5076688478781173	1.1287791532792704	1.0229577801431402	0.8083593700637643	0.7159929297290096	0.7540999077116681	1.1024928376452805	4.676094545182705	1.5824807495495536	2.161839657624219	3.155532942743466	1.6417850428759333	2.336879400232645	1.6586453337960492	1.0582051282051281	0.687800335464519	0.9596547794921668	0.6193589012286204	0.5729704317556295	0.581639624479318	0.8696824063080223	0.9110184672613474	1.3965669710251227	1.2178898192134453	1.397215075587904	0.8765984450326287	0.7484010458492999	0.5782160681401567	0.8820364712362186	0.8812461864288735	0.8035040191069746	0.5274583875594717	0.4354252566505512	0.6386333093633463
	# checklists reporting species - (Swamp Sparrow)	37	35	23	60	34	31	34	31	27	22	31	46	60	155	374	812	898	618	418	126	30	33	41	29	15	11	17	21	5	11	21	26	28	42	97	194	285	257	237	248	99	65	51	62	41	34	65	114
	
High Count
	Swamp Sparrow	4	2	2	3	4	4	3	2	3	2	3	4	7	5	23	21	45	42	18	10	8	8	7	12	7	10	12	8	12	2	3	3	4	4	13	30	50	40	33	14	5	4	4	5	3	2	4	7
	# checklists reporting species - (Swamp Sparrow)	40	39	29	62	35	32	36	31	29	22	31	47	66	168	418	893	970	669	454	166	40	59	68	80	67	14	27	27	11	16	24	31	33	47	115	218	314	300	279	266	108	68	55	63	45	38	73	122
	
Totals
	Swamp Sparrow	54	46	33	75	44	43	45	39	35	23	38	55	90	237	786	1714	2118	1133	708	289	71	91	111	153	76	26	50	59	23	18	29	37	41	52	229	470	1025	778	634	510	153	87	69	75	54	42	93	185
	# checklists reporting species - (Swamp Sparrow)	39	39	28	62	34	31	36	31	29	22	31	47	65	163	397	859	935	638	427	149	36	52	68	78	64	14	23	25	8	14	22	28	31	43	109	206	302	284	258	256	105	68	55	63	45	38	72	120
	
Average Count
	Swamp Sparrow	1.3846153846153846	1.1794871794871795	1.1785714285714286	1.2096774193548387	1.2941176470588236	1.3870967741935485	1.25	1.2580645161290323	1.206896551724138	1.0454545454545454	1.2258064516129032	1.1702127659574468	1.3846153846153846	1.4539877300613497	1.9798488664987406	1.9953434225844005	2.26524064171123	1.7758620689655173	1.6580796252927401	1.9395973154362416	1.9722222222222223	1.75	1.6323529411764706	1.9615384615384615	1.1875	1.8571428571428572	2.1739130434782608	2.36	2.875	1.2857142857142858	1.3181818181818181	1.3214285714285714	1.3225806451612903	1.2093023255813953	2.1009174311926606	2.2815533980582523	3.3940397350993377	2.73943661971831	2.4573643410852712	1.9921875	1.457142857142857	1.2794117647058822	1.2545454545454546	1.1904761904761905	1.2	1.105263157894737	1.2916666666666667	1.5416666666666667
	# checklists reporting species - (Swamp Sparrow)	39	39	28	62	34	31	36	31	29	22	31	47	65	163	397	859	935	638	427	149	36	52	68	78	64	14	23	25	8	14	22	28	31	43	109	206	302	284	258	256	105	68	55	63	45	38	72	120
	
