

	Week starting on...	1/1	1/8	1/15	1/22	2/1	2/8	2/15	2/22	3/1	3/8	3/15	3/22	4/1	4/8	4/15	4/22	5/1	5/8	5/15	5/22	6/1	6/8	6/15	6/22	7/1	7/8	7/15	7/22	8/1	8/8	8/15	8/22	9/1	9/8	9/15	9/22	10/1	10/8	10/15	10/22	11/1	11/8	11/15	11/22	12/1	12/8	12/15	12/22
Frequency (%)
	Black-backed Woodpecker	0.021519259737465032	0.0	0.0	0.0	0.0	0.0	0.0	0.0	0.029342723004694836	0.02664535038635758	0.0	0.017394329448599758	0.06756756756756757	0.0	0.0	0.0	0.0	0.0	0.0	0.0	0.0	0.0	0.0	0.0	0.0	0.0	0.0	0.0	0.0	0.0	0.0	0.0	0.0	0.0	0.0	0.0	0.10718113612004287	0.03536067892503536	0.07147962830593281	0.05350454788657035	0.1492537313432836	0.0	0.08196721311475409	0.0676818950930626	0.0	0.1287001287001287	0.0	1.1643528884908196
	Total # checklists submitted - (Black-backed Woodpecker)	4647	3500	3030	4287	2903	3748	5456	3029	3408	3753	4232	5749	4440	4239	4476	6551	6922	7075	6598	6179	2698	2324	2065	2539	1804	1603	1555	2203	1630	1698	1916	2940	2617	2564	2597	3206	2799	2828	2798	3738	2680	2700	2440	2955	2284	2331	2683	4466
	
Abundance
	Black-backed Woodpecker	2.1519259737465033E-4	0.0	0.0	0.0	0.0	0.0	0.0	0.0	2.9342723004694836E-4	2.664535038635758E-4	0.0	1.7394329448599757E-4	6.756756756756757E-4	0.0	0.0	0.0	0.0	0.0	0.0	0.0	0.0	0.0	0.0	0.0	0.0	0.0	0.0	0.0	0.0	0.0	0.0	0.0	0.0	0.0	0.0	0.0	0.0014290818149339049	3.536067892503536E-4	0.001072194424588992	8.025682182985554E-4	0.0018656716417910447	0.0	8.19672131147541E-4	0.0010152284263959391	0.0	0.001287001287001287	0.0	0.018360949395432154
	Total # checklists submitted - (Black-backed Woodpecker)	4647	3500	3030	4287	2903	3748	5456	3029	3408	3753	4232	5749	4440	4239	4476	6551	6922	7075	6598	6179	2698	2324	2065	2539	1804	1603	1555	2203	1630	1698	1916	2940	2617	2564	2597	3206	2799	2828	2798	3738	2680	2700	2440	2955	2284	2331	2683	4466
	
Birds Per Party Hour
	Black-backed Woodpecker	0.9166666666666666	0.0	0.0	0.0	0.0	0.0	0.0	0.0	0.5333333333333333	0.6666666666666666	0.0	0.8	0.0	0.0	0.0	0.0	0.0	0.0	0.0	0.0	0.0	0.0	0.0	0.0	0.0	0.0	0.0	0.0	0.0	0.0	0.0	0.0	0.0	0.0	0.0	0.0	0.2891584858235666	0.2857142857142857	0.4583333333333333	1.3333333333333333	0.5333333333333333	0.5	0.673015873015873	0.37004270896888347	0.0	0.36666666666666664	0.0	0.1977003760704302
	# checklists reporting species - (Black-backed Woodpecker)	2	1	0.0	0.0	0.0	0.0	0	0.0	2	1	1	1	3	0.0	0.0	0.0	0.0	0.0	0.0	0.0	0.0	0.0	0.0	0.0	0.0	0.0	0.0	0.0	0.0	0.0	0.0	0.0	0.0	0.0	0.0	0	3	1	2	1	4	2	3	2	0	2	0	51
	
High Count
	Black-backed Woodpecker	3	1	0.0	0.0	0.0	0.0	1	0.0	1	1	4	1	1	0.0	0.0	0.0	0.0	0.0	0.0	0.0	0.0	0.0	0.0	0.0	0.0	0.0	0.0	0.0	0.0	0.0	0.0	0.0	0.0	0.0	0.0	1	2	1	2	2	2	1	1	2	1	1	1	8
	# checklists reporting species - (Black-backed Woodpecker)	2	1	0.0	0.0	0.0	0.0	1	0.0	3	1	1	1	8	0.0	0.0	0.0	0.0	0.0	0.0	0.0	0.0	0.0	0.0	0.0	0.0	0.0	0.0	0.0	0.0	0.0	0.0	0.0	0.0	0.0	0.0	1	3	1	2	3	8	4	4	2	1	3	1	52
	
Totals
	Black-backed Woodpecker	4	1	0.0	0.0	0.0	0.0	1	0.0	3	1	4	1	6	0.0	0.0	0.0	0.0	0.0	0.0	0.0	0.0	0.0	0.0	0.0	0.0	0.0	0.0	0.0	0.0	0.0	0.0	0.0	0.0	0.0	0.0	0	4	1	3	4	10	4	4	3	1	3	1	82
	# checklists reporting species - (Black-backed Woodpecker)	2	1	0.0	0.0	0.0	0.0	1	0.0	3	1	1	1	6	0.0	0.0	0.0	0.0	0.0	0.0	0.0	0.0	0.0	0.0	0.0	0.0	0.0	0.0	0.0	0.0	0.0	0.0	0.0	0.0	0.0	0.0	0	3	1	2	3	8	4	4	2	1	3	1	51
	
Average Count
	Black-backed Woodpecker	2.0	1.0	0.0	0.0	0.0	0.0	1.0	0.0	1.0	1.0	4.0	1.0	1.0	0.0	0.0	0.0	0.0	0.0	0.0	0.0	0.0	0.0	0.0	0.0	0.0	0.0	0.0	0.0	0.0	0.0	0.0	0.0	0.0	0.0	0.0	0.0	1.3333333333333333	1.0	1.5	1.3333333333333333	1.25	1.0	1.0	1.5	1.0	1.0	1.0	1.607843137254902
	# checklists reporting species - (Black-backed Woodpecker)	2	1	0.0	0.0	0.0	0.0	1	0.0	3	1	1	1	6	0.0	0.0	0.0	0.0	0.0	0.0	0.0	0.0	0.0	0.0	0.0	0.0	0.0	0.0	0.0	0.0	0.0	0.0	0.0	0.0	0.0	0.0	0	3	1	2	3	8	4	4	2	1	3	1	51
	
