

	Week starting on...	1/1	1/8	1/15	1/22	2/1	2/8	2/15	2/22	3/1	3/8	3/15	3/22	4/1	4/8	4/15	4/22	5/1	5/8	5/15	5/22	6/1	6/8	6/15	6/22	7/1	7/8	7/15	7/22	8/1	8/8	8/15	8/22	9/1	9/8	9/15	9/22	10/1	10/8	10/15	10/22	11/1	11/8	11/15	11/22	12/1	12/8	12/15	12/22
Frequency (%)
	Osprey	0.0	0.0	0.0	0.0	0.0	0.0	0.0	0.0	0.0	0.0	0.0	0.19133762393459733	0.9009009009009009	1.6041519226232603	1.3404825737265416	0.9616852388948253	1.0401618029471251	0.7773851590106008	0.45468323734464994	1.3108917300534069	0.14825796886582654	0.5163511187607573	0.09685230024213075	0.4332414336352895	0.3880266075388027	0.4990642545227698	0.6430868167202572	1.8157058556513845	3.067484662576687	5.771495877502945	7.359081419624217	6.904761904761905	7.948032097821933	8.346333853354135	5.544859453215248	4.70991890205864	3.4655234012147194	2.0155586987270153	0.8934953538241601	0.18726591760299627	0.0373134328358209	0.07407407407407407	0.0	0.0	0.0	0.0	0.0	0.0
	Total # checklists submitted - (Osprey)	4647	3500	3030	4287	2903	3748	5456	3029	3408	3753	4232	5749	4440	4239	4476	6551	6922	7075	6598	6179	2698	2324	2065	2539	1804	1603	1555	2203	1630	1698	1916	2940	2617	2564	2597	3206	2799	2828	2798	3738	2680	2700	2440	2955	2284	2331	2683	4466
	
Abundance
	Osprey	0.0	0.0	0.0	0.0	0.0	0.0	0.0	0.0	0.0	0.0	0.0	0.0020873195338319706	0.009234234234234234	0.016985138004246284	0.0145218945487042	0.010074797740802931	0.010112684195319271	0.00734982332155477	0.004546832373446499	0.013432594270917624	0.0018532246108228317	0.0051635111876075735	9.685230024213075E-4	0.004726270185112249	0.003880266075388027	0.004990642545227698	0.006430868167202572	0.018157058556513846	0.03251533742331288	0.0706713780918728	0.09029227557411273	0.09795918367346938	0.1173098968284295	0.19266770670826833	0.11320754716981132	0.07298814722395508	0.051089674883887104	0.022277227722772276	0.008934953538241601	0.0018726591760299626	3.7313432835820896E-4	7.407407407407407E-4	0.0	0.0	0.0	0.0	0.0	0.0
	Total # checklists submitted - (Osprey)	4647	3500	3030	4287	2903	3748	5456	3029	3408	3753	4232	5749	4440	4239	4476	6551	6922	7075	6598	6179	2698	2324	2065	2539	1804	1603	1555	2203	1630	1698	1916	2940	2617	2564	2597	3206	2799	2828	2798	3738	2680	2700	2440	2955	2284	2331	2683	4466
	
Birds Per Party Hour
	Osprey	0.0	0.0	0.0	0.0	0.0	0.0	0.0	0.0	0.0	0.0	0.0	0.875760880341033	0.6782548550999299	1.543330214423788	2.077655766233279	0.7287357703119566	0.5129424857401661	0.6090464104285278	0.3741947679482062	0.702010644778176	0.5394757618822044	0.37208254834979176	0.366626674665067	1.726170896830023	1.4463564070036012	1.539525193918581	0.6501321506952629	0.8007525440708246	0.7732762063075318	2.0884923259563597	1.0701722307955859	1.0578285690423486	0.7352489357474484	0.9081208335042401	1.2913770388063872	1.2013959186199779	0.6418361833933125	0.6165276560427274	0.3076497633308771	0.8863648626110455	0.5625	0.47785815102328866	1.0	0.0	0.0	0.0	0.0	0.0
	# checklists reporting species - (Osprey)	0.0	0.0	0.0	0.0	0.0	0.0	0.0	0.0	0.0	0.0	0.0	11	42	73	63	68	81	56	34	83	4	15	3	13	10	10	15	47	57	119	160	242	247	281	217	219	122	64	32	8	2	2	1	0.0	0.0	0.0	0.0	0.0
	
High Count
	Osprey	0.0	0.0	0.0	0.0	0.0	0.0	0.0	0.0	0.0	0.0	0.0	2	2	5	3	3	1	2	1	2	2	1	1	2	1	1	1	1	2	8	6	8	11	53	9	9	5	3	1	2	1	1	1	0.0	0.0	0.0	0.0	0.0
	# checklists reporting species - (Osprey)	0.0	0.0	0.0	0.0	0.0	0.0	0.0	0.0	0.0	0.0	0.0	11	45	81	72	76	88	60	36	85	5	15	5	14	10	11	16	50	61	132	168	262	265	303	236	231	127	72	33	9	2	2	1	0.0	0.0	0.0	0.0	0.0
	
Totals
	Osprey	0.0	0.0	0.0	0.0	0.0	0.0	0.0	0.0	0.0	0.0	0.0	12	46	87	78	78	86	58	35	87	6	15	5	15	10	11	16	50	65	153	206	366	383	641	434	337	177	79	33	10	2	2	1	0.0	0.0	0.0	0.0	0.0
	# checklists reporting species - (Osprey)	0.0	0.0	0.0	0.0	0.0	0.0	0.0	0.0	0.0	0.0	0.0	11	45	80	72	74	86	56	35	84	5	15	5	14	10	11	16	50	61	128	167	260	260	297	231	226	127	71	33	9	2	2	1	0.0	0.0	0.0	0.0	0.0
	
Average Count
	Osprey	0.0	0.0	0.0	0.0	0.0	0.0	0.0	0.0	0.0	0.0	0.0	1.0909090909090908	1.0222222222222221	1.0875	1.0833333333333333	1.054054054054054	1.0	1.0357142857142858	1.0	1.0357142857142858	1.2	1.0	1.0	1.0714285714285714	1.0	1.0	1.0	1.0	1.0655737704918034	1.1953125	1.2335329341317365	1.4076923076923078	1.4730769230769232	2.1582491582491583	1.878787878787879	1.491150442477876	1.3937007874015748	1.1126760563380282	1.0	1.1111111111111112	1.0	1.0	1.0	0.0	0.0	0.0	0.0	0.0
	# checklists reporting species - (Osprey)	0.0	0.0	0.0	0.0	0.0	0.0	0.0	0.0	0.0	0.0	0.0	11	45	80	72	74	86	56	35	84	5	15	5	14	10	11	16	50	61	128	167	260	260	297	231	226	127	71	33	9	2	2	1	0.0	0.0	0.0	0.0	0.0
	
