

	Week starting on...	1/1	1/8	1/15	1/22	2/1	2/8	2/15	2/22	3/1	3/8	3/15	3/22	4/1	4/8	4/15	4/22	5/1	5/8	5/15	5/22	6/1	6/8	6/15	6/22	7/1	7/8	7/15	7/22	8/1	8/8	8/15	8/22	9/1	9/8	9/15	9/22	10/1	10/8	10/15	10/22	11/1	11/8	11/15	11/22	12/1	12/8	12/15	12/22
Frequency (%)
	American Crow	11.491284699806327	12.314285714285713	11.617161716171617	12.013062747842314	11.195315191181535	10.805763073639273	13.892961876832842	22.119511389897657	26.203051643192488	29.389821476152413	31.049149338374292	31.153244042442164	28.91891891891892	26.138240150979	24.396782841823057	24.225309113112502	24.833863045362612	22.035335689045937	19.217944831767202	17.753681825538113	16.345441067457376	14.888123924268504	13.995157384987895	13.627412367073651	14.02439024390244	12.102308172177167	12.733118971061094	11.892873354516569	11.779141104294478	12.249705535924617	12.943632567849686	13.741496598639454	14.138326327856324	15.249609984399376	14.43973815941471	17.092950717404864	17.506252232940337	20.685997171145686	20.943531093638313	21.321562332798287	18.619402985074625	15.592592592592592	15.655737704918032	13.671742808798646	12.171628721541156	11.668811668811669	15.840477077897875	18.428123600537393
	Total # checklists submitted - (American Crow)	4647	3500	3030	4287	2903	3748	5456	3029	3408	3753	4232	5749	4440	4239	4476	6551	6922	7075	6598	6179	2698	2324	2065	2539	1804	1603	1555	2203	1630	1698	1916	2940	2617	2564	2597	3206	2799	2828	2798	3738	2680	2700	2440	2955	2284	2331	2683	4466
	
Abundance
	American Crow	0.38756186787174524	0.32257142857142856	0.27095709570957094	0.3251691159318871	0.34791594901825695	0.3057630736392743	0.43621700879765396	0.823374050841862	1.3345070422535212	1.7010391686650679	2.455103969754253	1.6312402156896852	1.3322072072072073	0.8971455531965086	0.6557193923145666	0.6478400244237521	0.6082057208899162	0.49809187279151945	0.3846620187935738	0.43858229486972	0.3398813936249073	0.2943201376936317	0.37723970944309926	0.34659314690823156	0.2827050997782705	0.2838427947598253	0.3414790996784566	0.2723558783477077	0.3177914110429448	0.28209658421672557	0.3246346555323591	0.38231292517006804	0.38593809705769966	0.48088923556942276	0.4304967269926839	0.5377417342482844	1.210075026795284	1.4837340876944838	2.88277340957827	1.7338148742643125	0.6802238805970149	0.45666666666666667	0.40491803278688526	0.29001692047377325	0.42819614711033277	0.32175032175032175	0.4651509504286247	1.1623376623376624
	Total # checklists submitted - (American Crow)	4647	3500	3030	4287	2903	3748	5456	3029	3408	3753	4232	5749	4440	4239	4476	6551	6922	7075	6598	6179	2698	2324	2065	2539	1804	1603	1555	2203	1630	1698	1916	2940	2617	2564	2597	3206	2799	2828	2798	3738	2680	2700	2440	2955	2284	2331	2683	4466
	
Birds Per Party Hour
	American Crow	4.208821670310349	3.5057579305865394	3.6706058147137943	4.103339481600224	3.5670054277470595	4.939717847378575	3.827184079272329	5.035563494300899	5.615949484452809	5.741530566922923	4.894306741314496	4.598005335030282	3.267948120079697	2.4725916424467203	2.4134202648293583	2.0442385519651	1.810222694199648	1.6181844661848943	1.6951089781394504	2.2430787730983877	3.10210092236111	3.144998872748351	4.530913366691011	7.388760774854296	4.601601063502644	3.4205514342306453	5.061064627333801	2.7172250364571062	2.2340147200738114	3.772460365705286	1.9235490691043817	2.586983276686788	3.2907243326421107	2.0680843332264915	2.0749425001818045	2.5839496016029266	6.1965697044754275	4.23466913552161	4.992682553207419	4.429971834471832	2.9009178009431302	6.452165017518205	2.7721271727939465	2.7497845472512004	5.653043815013917	3.4274194117839465	2.0674532183499177	3.008859780150757
	# checklists reporting species - (American Crow)	554	450	370	528	342	405	785	669	899	1066	1262	1712	1214	1042	1042	1504	1624	1467	1195	1033	422	322	282	342	254	197	200	261	194	203	240	376	350	390	371	527	486	577	575	793	516	424	392	414	296	274	444	824
	
High Count
	American Crow	500	35	40	60	70	40	60	108	350	598	1000	1000	950	100	100	90	75	60	41	120	100	25	60	25	25	14	24	17	30	13	25	50	40	56	30	50	2000	900	3000	1000	100	100	32	16	164	15	53	648
	# checklists reporting species - (American Crow)	641	488	401	581	407	455	842	748	1024	1209	1425	1953	1409	1198	1179	1699	1844	1660	1363	1189	524	375	331	404	320	218	226	288	238	237	272	448	423	438	417	600	568	647	659	883	566	465	415	445	334	298	490	889
	
Totals
	American Crow	2013	1319	987	1570	1191	1269	2560	2712	5488	7315	10823	9758	6125	3969	3077	4400	4369	3677	2664	2849	1042	728	831	950	579	489	588	664	572	512	670	1193	1085	1326	1205	1855	3524	4530	8334	7013	2019	1418	1069	928	1091	791	1427	5402
	# checklists reporting species - (American Crow)	588	481	392	561	371	438	817	718	947	1135	1342	1834	1295	1119	1101	1581	1700	1539	1255	1086	460	334	309	386	281	206	215	279	208	220	259	410	376	418	399	562	513	608	612	844	534	445	407	434	311	294	480	863
	
Average Count
	American Crow	3.423469387755102	2.7422037422037424	2.517857142857143	2.798573975044563	3.210242587601078	2.8972602739726026	3.1334149326805387	3.777158774373259	5.795142555438226	6.4449339207048455	8.064828614008942	5.320610687022901	4.72972972972973	3.546916890080429	2.7947320617620344	2.783048703352309	2.57	2.3892137751786873	2.1227091633466135	2.623388581952118	2.265217391304348	2.179640718562874	2.6893203883495147	2.461139896373057	2.0604982206405693	2.3737864077669903	2.7348837209302324	2.379928315412186	2.75	2.327272727272727	2.586872586872587	2.9097560975609755	2.8856382978723403	3.172248803827751	3.020050125313283	3.300711743772242	6.8693957115009745	7.4506578947368425	13.617647058823529	8.309241706161137	3.7808988764044944	3.1865168539325843	2.6265356265356266	2.1382488479262673	3.508038585209003	2.6904761904761907	2.972916666666667	6.259559675550405
	# checklists reporting species - (American Crow)	588	481	392	561	371	438	817	718	947	1135	1342	1834	1295	1119	1101	1581	1700	1539	1255	1086	460	334	309	386	281	206	215	279	208	220	259	410	376	418	399	562	513	608	612	844	534	445	407	434	311	294	480	863
	
