

	Week starting on...	1/1	1/8	1/15	1/22	2/1	2/8	2/15	2/22	3/1	3/8	3/15	3/22	4/1	4/8	4/15	4/22	5/1	5/8	5/15	5/22	6/1	6/8	6/15	6/22	7/1	7/8	7/15	7/22	8/1	8/8	8/15	8/22	9/1	9/8	9/15	9/22	10/1	10/8	10/15	10/22	11/1	11/8	11/15	11/22	12/1	12/8	12/15	12/22
Frequency (%)
	Scarlet Tanager	0.0	0.0	0.0	0.0	0.0	0.0	0.0	0.0	0.0	0.0	0.0	0.0	0.0	0.0	0.0	0.015264845061822624	0.6501011268419532	6.3886925795053005	18.263110033343438	6.942871014727301	1.2601927353595257	0.387263339070568	0.4358353510895884	0.6301693580149665	0.2771618625277162	0.37429819089207733	0.3858520900321543	0.18157058556513844	0.245398773006135	0.2944640753828033	0.5219206680584552	1.2244897959183674	3.1715705005731754	4.05616224648986	3.542549095109742	3.1191515907673115	1.8578063594140763	0.14144271570014144	0.0	0.0	0.0373134328358209	0.0	0.0	0.0	0.0	0.0	0.0	0.0
	Total # checklists submitted - (Scarlet Tanager)	4647	3500	3030	4287	2903	3748	5456	3029	3408	3753	4232	5749	4440	4239	4476	6551	6922	7075	6598	6179	2698	2324	2065	2539	1804	1603	1555	2203	1630	1698	1916	2940	2617	2564	2597	3206	2799	2828	2798	3738	2680	2700	2440	2955	2284	2331	2683	4466
	
Abundance
	Scarlet Tanager	0.0	0.0	0.0	0.0	0.0	0.0	0.0	0.0	0.0	0.0	0.0	0.0	0.0	0.0	0.0	1.5264845061822624E-4	0.0066454781854955215	0.0992226148409894	0.3557138526826311	0.11134487781194367	0.01630837657524092	0.00387263339070568	0.00387409200968523	0.00866482867270579	0.0033259423503325942	0.004990642545227698	0.0038585209003215433	0.0018157058556513845	0.004294478527607362	0.0035335689045936395	0.006263048016701462	0.013945578231292517	0.045471914405808174	0.05187207488299532	0.053138236426646134	0.039925140361821584	0.02750982493747767	0.0014144271570014145	0.0	0.0	3.7313432835820896E-4	0.0	0.0	0.0	0.0	0.0	0.0	0.0
	Total # checklists submitted - (Scarlet Tanager)	4647	3500	3030	4287	2903	3748	5456	3029	3408	3753	4232	5749	4440	4239	4476	6551	6922	7075	6598	6179	2698	2324	2065	2539	1804	1603	1555	2203	1630	1698	1916	2940	2617	2564	2597	3206	2799	2828	2798	3738	2680	2700	2440	2955	2284	2331	2683	4466
	
Birds Per Party Hour
	Scarlet Tanager	0.0	0.0	0.0	0.0	0.0	0.0	0.0	0.0	0.0	0.0	0.0	0.0	0.0	0.0	0.0	0.0	0.8451131271962111	1.1450308221087233	1.4602411083624058	1.4085334643458431	1.459236926327283	3.0798372180309097	0.6004692409899762	1.6737485501931966	2.824858859206333	3.3478998411227328	0.21782216742738225	0.6302324728952697	1.2560777890153445	0.6803153548481192	2.4762543835910136	1.7284552772903585	1.0314817657272985	1.0536795362003015	0.9539370495643141	1.2827262119184626	0.6966849157091726	0.24511784511784512	1.199040767386091	0.0	1.0	0.0	0.0	0.0	0.0	0.0	0.0	0.0
	# checklists reporting species - (Scarlet Tanager)	0.0	0.0	0.0	0.0	0.0	0.0	0.0	0.0	0.0	0.0	0.0	0.0	0.0	0.0	0.0	0	64	678	1736	861	97	9	8	15	6	8	7	5	4	6	9	39	94	114	106	111	54	6	1	0.0	1	0.0	0.0	0.0	0.0	0.0	0.0	0.0
	
High Count
	Scarlet Tanager	0.0	0.0	0.0	0.0	0.0	0.0	0.0	0.0	0.0	0.0	0.0	0.0	0.0	0.0	0.0	1	3	13	21	15	8	1	1	2	3	2	1	1	4	2	2	10	6	4	6	4	10	1	1	0.0	1	0.0	0.0	0.0	0.0	0.0	0.0	0.0
	# checklists reporting species - (Scarlet Tanager)	0.0	0.0	0.0	0.0	0.0	0.0	0.0	0.0	0.0	0.0	0.0	0.0	0.0	0.0	0.0	1	77	736	1832	917	104	17	19	32	13	11	7	6	4	6	10	41	97	120	115	121	63	6	1	0.0	1	0.0	0.0	0.0	0.0	0.0	0.0	0.0
	
Totals
	Scarlet Tanager	0.0	0.0	0.0	0.0	0.0	0.0	0.0	0.0	0.0	0.0	0.0	0.0	0.0	0.0	0.0	1	83	1109	3462	1588	153	17	18	38	16	13	7	6	7	7	12	58	133	147	167	154	91	6	1	0.0	1	0.0	0.0	0.0	0.0	0.0	0.0	0.0
	# checklists reporting species - (Scarlet Tanager)	0.0	0.0	0.0	0.0	0.0	0.0	0.0	0.0	0.0	0.0	0.0	0.0	0.0	0.0	0.0	1	69	709	1781	901	102	17	18	31	13	11	7	6	4	6	10	41	94	117	111	120	62	6	1	0.0	1	0.0	0.0	0.0	0.0	0.0	0.0	0.0
	
Average Count
	Scarlet Tanager	0.0	0.0	0.0	0.0	0.0	0.0	0.0	0.0	0.0	0.0	0.0	0.0	0.0	0.0	0.0	1.0	1.2028985507246377	1.5641748942172073	1.9438517686692869	1.762486126526082	1.5	1.0	1.0	1.2258064516129032	1.2307692307692308	1.1818181818181819	1.0	1.0	1.75	1.1666666666666667	1.2	1.4146341463414633	1.4148936170212767	1.2564102564102564	1.5045045045045045	1.2833333333333334	1.467741935483871	1.0	1.0	0.0	1.0	0.0	0.0	0.0	0.0	0.0	0.0	0.0
	# checklists reporting species - (Scarlet Tanager)	0.0	0.0	0.0	0.0	0.0	0.0	0.0	0.0	0.0	0.0	0.0	0.0	0.0	0.0	0.0	1	69	709	1781	901	102	17	18	31	13	11	7	6	4	6	10	41	94	117	111	120	62	6	1	0.0	1	0.0	0.0	0.0	0.0	0.0	0.0	0.0
	
