

	Week starting on...	1/1	1/8	1/15	1/22	2/1	2/8	2/15	2/22	3/1	3/8	3/15	3/22	4/1	4/8	4/15	4/22	5/1	5/8	5/15	5/22	6/1	6/8	6/15	6/22	7/1	7/8	7/15	7/22	8/1	8/8	8/15	8/22	9/1	9/8	9/15	9/22	10/1	10/8	10/15	10/22	11/1	11/8	11/15	11/22	12/1	12/8	12/15	12/22
Frequency (%)
	Northern Parula	0.0	0.0	0.0	0.0	0.0	0.0	0.0	0.0	0.0	0.0	0.0	0.0	0.0	0.0	0.0	0.5037398870401466	4.911875180583646	15.03886925795053	23.946650500151563	4.402006797216378	0.14825796886582654	0.12908777969018934	0.048426150121065374	0.0	0.0	0.0	0.0	0.04539264639128461	0.06134969325153375	0.058892815076560655	0.5219206680584552	2.5510204081632653	11.23423767672908	13.416536661466457	11.51328455910666	8.60885839051778	5.216148624508754	1.6265912305516266	0.8577555396711937	0.8025682182985553	0.22388059701492538	0.037037037037037035	0.08196721311475409	0.0	0.0	0.0	0.0	0.0
	Total # checklists submitted - (Northern Parula)	4647	3500	3030	4287	2903	3748	5456	3029	3408	3753	4232	5749	4440	4239	4476	6551	6922	7075	6598	6179	2698	2324	2065	2539	1804	1603	1555	2203	1630	1698	1916	2940	2617	2564	2597	3206	2799	2828	2798	3738	2680	2700	2440	2955	2284	2331	2683	4466
	
Abundance
	Northern Parula	0.0	0.0	0.0	0.0	0.0	0.0	0.0	0.0	0.0	0.0	0.0	0.0	0.0	0.0	0.0	0.005800641123492597	0.06703264952325917	0.2713780918727915	0.4833282812973628	0.06554458650267034	0.0014825796886582653	0.0012908777969018934	4.8426150121065375E-4	0.0	0.0	0.0	0.0	4.5392646391284613E-4	6.134969325153375E-4	5.889281507656066E-4	0.005741127348643006	0.04183673469387755	0.29996178830722203	0.26833073322932915	0.2645360030804775	0.1653150343106675	0.07967131118256521	0.01874115983026874	0.008934953538241601	0.008560727661851257	0.002238805970149254	3.7037037037037035E-4	8.19672131147541E-4	0.0	0.0	0.0	0.0	0.0
	Total # checklists submitted - (Northern Parula)	4647	3500	3030	4287	2903	3748	5456	3029	3408	3753	4232	5749	4440	4239	4476	6551	6922	7075	6598	6179	2698	2324	2065	2539	1804	1603	1555	2203	1630	1698	1916	2940	2617	2564	2597	3206	2799	2828	2798	3738	2680	2700	2440	2955	2284	2331	2683	4466
	
Birds Per Party Hour
	Northern Parula	0.0	0.0	0.0	0.0	0.0	0.0	0.0	0.0	0.0	0.0	0.0	0.0	0.0	0.0	0.0	0.5182992485652359	0.8692881215025338	1.1835107723680611	1.0930656981097562	0.7672785472557517	0.7621497998856489	4.254697912308076	0.1840264998159735	0.0	0.0	0.5	0.0	0.805634518896484	0.4015151515151515	0.3639344262295082	1.0551682342316948	0.951779288326376	1.2346358466237677	0.9894336586443251	1.1651865503756373	0.8912204883915127	0.7565120583733226	0.5811106297191655	0.373362280017705	0.4761898021360836	0.43826744251837096	0.35714285714285715	0.420860871038807	0.0	0.0	0.0	0.0	0.0
	# checklists reporting species - (Northern Parula)	0.0	0.0	0.0	0.0	0.0	0.0	0.0	0.0	0.0	0.0	0.0	0.0	0.0	0.0	0.0	34	360	1140	1687	298	4	3	1	0.0	0.0	1	0.0	3	2	2	14	85	307	364	324	287	154	47	24	31	6	1	2	0.0	1	0.0	0.0	0.0
	
High Count
	Northern Parula	0.0	0.0	0.0	0.0	0.0	0.0	0.0	0.0	0.0	0.0	0.0	0.0	0.0	0.0	0.0	3	5	18	25	9	1	1	1	0.0	0.0	1	0.0	1	1	1	2	7	27	15	18	25	7	3	2	2	1	1	1	0.0	1	0.0	0.0	0.0
	# checklists reporting species - (Northern Parula)	0.0	0.0	0.0	0.0	0.0	0.0	0.0	0.0	0.0	0.0	0.0	0.0	0.0	0.0	0.0	34	378	1221	1789	323	4	3	1	0.0	0.0	1	0.0	3	2	2	14	91	315	382	347	316	165	52	24	33	6	1	2	0.0	1	0.0	0.0	0.0
	
Totals
	Northern Parula	0.0	0.0	0.0	0.0	0.0	0.0	0.0	0.0	0.0	0.0	0.0	0.0	0.0	0.0	0.0	39	502	2159	3463	456	4	3	1	0.0	0.0	1	0.0	3	2	2	15	145	829	759	805	594	250	60	25	35	6	1	2	0.0	1	0.0	0.0	0.0
	# checklists reporting species - (Northern Parula)	0.0	0.0	0.0	0.0	0.0	0.0	0.0	0.0	0.0	0.0	0.0	0.0	0.0	0.0	0.0	34	369	1185	1719	309	4	3	1	0.0	0.0	1	0.0	3	2	2	14	88	309	371	339	308	161	51	24	33	6	1	2	0.0	1	0.0	0.0	0.0
	
Average Count
	Northern Parula	0.0	0.0	0.0	0.0	0.0	0.0	0.0	0.0	0.0	0.0	0.0	0.0	0.0	0.0	0.0	1.1470588235294117	1.3604336043360434	1.8219409282700423	2.014543339150669	1.4757281553398058	1.0	1.0	1.0	0.0	0.0	1.0	0.0	1.0	1.0	1.0	1.0714285714285714	1.6477272727272727	2.6828478964401294	2.045822102425876	2.3746312684365782	1.9285714285714286	1.5527950310559007	1.1764705882352942	1.0416666666666667	1.0606060606060606	1.0	1.0	1.0	0.0	1.0	0.0	0.0	0.0
	# checklists reporting species - (Northern Parula)	0.0	0.0	0.0	0.0	0.0	0.0	0.0	0.0	0.0	0.0	0.0	0.0	0.0	0.0	0.0	34	369	1185	1719	309	4	3	1	0.0	0.0	1	0.0	3	2	2	14	88	309	371	339	308	161	51	24	33	6	1	2	0.0	1	0.0	0.0	0.0
	
