

	Week starting on...	1/1	1/8	1/15	1/22	2/1	2/8	2/15	2/22	3/1	3/8	3/15	3/22	4/1	4/8	4/15	4/22	5/1	5/8	5/15	5/22	6/1	6/8	6/15	6/22	7/1	7/8	7/15	7/22	8/1	8/8	8/15	8/22	9/1	9/8	9/15	9/22	10/1	10/8	10/15	10/22	11/1	11/8	11/15	11/22	12/1	12/8	12/15	12/22
Frequency (%)
	Yellow-throated Vireo	0.0	0.0	0.0	0.0	0.0	0.0	0.0	0.0	0.0	0.0	0.0	0.0	0.0	0.0	0.0	0.015264845061822624	0.49118751805836464	1.215547703180212	1.2731130645650197	0.32367697038355725	0.07412898443291327	0.12908777969018934	0.09685230024213075	0.03938558487593541	0.0	0.12476606363069245	0.06430868167202572	0.0	0.0	0.058892815076560655	0.0	0.06802721088435373	0.6495987772258311	0.46801872074883	0.07701193685021178	0.06238303181534623	0.03572704537334762	0.03536067892503536	0.0	0.0	0.0	0.0	0.0	0.0	0.0	0.0	0.0	0.0
	Total # checklists submitted - (Yellow-throated Vireo)	4647	3500	3030	4287	2903	3748	5456	3029	3408	3753	4232	5749	4440	4239	4476	6551	6922	7075	6598	6179	2698	2324	2065	2539	1804	1603	1555	2203	1630	1698	1916	2940	2617	2564	2597	3206	2799	2828	2798	3738	2680	2700	2440	2955	2284	2331	2683	4466
	
Abundance
	Yellow-throated Vireo	0.0	0.0	0.0	0.0	0.0	0.0	0.0	0.0	0.0	0.0	0.0	0.0	0.0	0.0	0.0	1.5264845061822624E-4	0.0047674082635076566	0.012296819787985866	0.01333737496210973	0.0038841236446026865	0.001111934766493699	0.0012908777969018934	9.685230024213075E-4	3.9385584875935406E-4	0.0	0.0012476606363069245	0.0019292604501607716	0.0	0.0	5.889281507656066E-4	0.0	6.802721088435374E-4	0.0072602216278181125	0.005070202808112325	7.701193685021178E-4	9.357454772301934E-4	3.572704537334762E-4	3.536067892503536E-4	0.0	0.0	0.0	0.0	0.0	0.0	0.0	0.0	0.0	0.0
	Total # checklists submitted - (Yellow-throated Vireo)	4647	3500	3030	4287	2903	3748	5456	3029	3408	3753	4232	5749	4440	4239	4476	6551	6922	7075	6598	6179	2698	2324	2065	2539	1804	1603	1555	2203	1630	1698	1916	2940	2617	2564	2597	3206	2799	2828	2798	3738	2680	2700	2440	2955	2284	2331	2683	4466
	
Birds Per Party Hour
	Yellow-throated Vireo	0.0	0.0	0.0	0.0	0.0	0.0	0.0	0.0	0.0	0.0	0.0	0.0	0.0	0.0	0.0	0.0	0.40484899947654956	0.5445060134476442	0.4737073705991071	0.5240562162407947	0.42857142857142855	0.4000791156157119	0.1876770413639003	0.2	0.0	0.5	1.2	0.0	0.0	0.3749531308586427	0.0	0.5	0.4831928548783733	0.7394302466441535	19.879487733066924	0.2719298245614035	0.6666666666666666	0.14999250037498124	0.0	0.0	0.0	0.0	0.0	0.0	0.0	0.0	0.0	0.0
	# checklists reporting species - (Yellow-throated Vireo)	0.0	0.0	0.0	0.0	0.0	0.0	0.0	0.0	0.0	0.0	0.0	0.0	0.0	0.0	0.0	0	35	84	91	20	2	4	2	1	0.0	1	1	0.0	0.0	1	0.0	3	17	14	3	2	1	1	0.0	0.0	0.0	0.0	0.0	0.0	0.0	0.0	0.0	0.0
	
High Count
	Yellow-throated Vireo	0.0	0.0	0.0	0.0	0.0	0.0	0.0	0.0	0.0	0.0	0.0	0.0	0.0	0.0	0.0	1	1	2	2	3	2	1	1	1	0.0	1	3	0.0	0.0	1	0.0	1	3	2	1	2	1	1	0.0	0.0	0.0	0.0	0.0	0.0	0.0	0.0	0.0	0.0
	# checklists reporting species - (Yellow-throated Vireo)	0.0	0.0	0.0	0.0	0.0	0.0	0.0	0.0	0.0	0.0	0.0	0.0	0.0	0.0	0.0	1	39	93	103	22	2	4	3	1	0.0	2	1	0.0	0.0	1	0.0	3	17	15	4	2	2	2	0.0	0.0	0.0	0.0	0.0	0.0	0.0	0.0	0.0	0.0
	
Totals
	Yellow-throated Vireo	0.0	0.0	0.0	0.0	0.0	0.0	0.0	0.0	0.0	0.0	0.0	0.0	0.0	0.0	0.0	1	37	93	104	25	3	4	3	1	0.0	2	3	0.0	0.0	1	0.0	3	19	15	4	3	2	1	0.0	0.0	0.0	0.0	0.0	0.0	0.0	0.0	0.0	0.0
	# checklists reporting species - (Yellow-throated Vireo)	0.0	0.0	0.0	0.0	0.0	0.0	0.0	0.0	0.0	0.0	0.0	0.0	0.0	0.0	0.0	1	37	90	98	21	2	4	3	1	0.0	2	1	0.0	0.0	1	0.0	3	17	14	4	2	2	1	0.0	0.0	0.0	0.0	0.0	0.0	0.0	0.0	0.0	0.0
	
Average Count
	Yellow-throated Vireo	0.0	0.0	0.0	0.0	0.0	0.0	0.0	0.0	0.0	0.0	0.0	0.0	0.0	0.0	0.0	1.0	1.0	1.0333333333333334	1.0612244897959184	1.1904761904761905	1.5	1.0	1.0	1.0	0.0	1.0	3.0	0.0	0.0	1.0	0.0	1.0	1.1176470588235294	1.0714285714285714	1.0	1.5	1.0	1.0	0.0	0.0	0.0	0.0	0.0	0.0	0.0	0.0	0.0	0.0
	# checklists reporting species - (Yellow-throated Vireo)	0.0	0.0	0.0	0.0	0.0	0.0	0.0	0.0	0.0	0.0	0.0	0.0	0.0	0.0	0.0	1	37	90	98	21	2	4	3	1	0.0	2	1	0.0	0.0	1	0.0	3	17	14	4	2	2	1	0.0	0.0	0.0	0.0	0.0	0.0	0.0	0.0	0.0	0.0
	
