

	Week starting on...	1/1	1/8	1/15	1/22	2/1	2/8	2/15	2/22	3/1	3/8	3/15	3/22	4/1	4/8	4/15	4/22	5/1	5/8	5/15	5/22	6/1	6/8	6/15	6/22	7/1	7/8	7/15	7/22	8/1	8/8	8/15	8/22	9/1	9/8	9/15	9/22	10/1	10/8	10/15	10/22	11/1	11/8	11/15	11/22	12/1	12/8	12/15	12/22
Frequency (%)
	Least Flycatcher	0.0	0.0	0.0	0.0	0.0	0.0	0.0	0.0	0.0	0.0	0.0	0.0	0.0	0.0	0.0	0.122118760494581	7.454492921121063	15.957597173144878	32.767505304637766	19.339698980417545	6.300963676797627	2.8399311531841653	1.937046004842615	1.1027963765261914	1.8847006651884701	0.9981285090455396	1.35048231511254	1.8610985020426691	2.208588957055215	5.123674911660777	10.177453027139876	14.319727891156461	14.444019870080243	12.402496099843994	6.777050442818637	2.1834061135371177	0.6073597713469097	0.14144271570014144	0.0	0.05350454788657035	0.0373134328358209	0.0	0.0	0.0	0.0	0.0	0.0	0.0
	Total # checklists submitted - (Least Flycatcher)	4647	3500	3030	4287	2903	3748	5456	3029	3408	3753	4232	5749	4440	4239	4476	6551	6922	7075	6598	6179	2698	2324	2065	2539	1804	1603	1555	2203	1630	1698	1916	2940	2617	2564	2597	3206	2799	2828	2798	3738	2680	2700	2440	2955	2284	2331	2683	4466
	
Abundance
	Least Flycatcher	0.0	0.0	0.0	0.0	0.0	0.0	0.0	0.0	0.0	0.0	0.0	0.0	0.0	0.0	0.0	0.00122118760494581	0.11008379081190407	0.33738515901060073	0.8878448014549863	0.40734746722770676	0.08784284655300223	0.03442340791738382	0.023728813559322035	0.01536037810161481	0.024944567627494457	0.01372426699937617	0.013504823151125401	0.02224239673172946	0.02883435582822086	0.09010600706713781	0.20981210855949894	0.2931972789115646	0.3018723729461215	0.2141185647425897	0.10550635348479014	0.024953212726138492	0.007859949982136478	0.001768033946251768	0.0	5.350454788657035E-4	3.7313432835820896E-4	0.0	0.0	0.0	0.0	0.0	0.0	0.0
	Total # checklists submitted - (Least Flycatcher)	4647	3500	3030	4287	2903	3748	5456	3029	3408	3753	4232	5749	4440	4239	4476	6551	6922	7075	6598	6179	2698	2324	2065	2539	1804	1603	1555	2203	1630	1698	1916	2940	2617	2564	2597	3206	2799	2828	2798	3738	2680	2700	2440	2955	2284	2331	2683	4466
	
Birds Per Party Hour
	Least Flycatcher	0.0	0.0	0.0	0.0	0.0	0.0	0.0	0.0	0.0	0.0	0.0	0.0	0.0	0.0	0.0	0.8488954712684915	1.046963035633395	1.1660363011128956	1.4285106299262509	1.007334034649456	1.0103729860917297	1.1559615160154493	1.1511437081137217	0.6925898080122561	1.0176126312690161	0.6268198355287616	0.4923196280846527	0.6459606444306719	0.6367637551723387	0.667190008428593	1.2687614704850791	1.337247408952603	0.9357944140477844	0.9807432155495955	0.9969630618192122	0.6007099307100605	0.432021633689986	0.2988132845323616	0.0	0.6550059149064394	0.46146746654360865	0.0	0.0	0.0	0.0	0.0	0.0	0.0
	# checklists reporting species - (Least Flycatcher)	0.0	0.0	0.0	0.0	1	0.0	0.0	0.0	0.0	0.0	0.0	0.0	0.0	0.0	0.0	6	534	1132	2226	1191	173	60	41	29	35	16	24	39	37	90	205	433	388	332	187	73	20	4	0.0	3	1	0.0	0.0	0.0	0.0	0.0	0.0	0.0
	
High Count
	Least Flycatcher	0.0	0.0	0.0	0.0	1	0.0	0.0	0.0	0.0	0.0	0.0	0.0	0.0	0.0	0.0	1	10	50	65	23	8	3	4	5	4	3	2	4	3	6	32	21	28	25	12	3	6	2	0.0	1	1	0.0	0.0	0.0	0.0	0.0	0.0	0.0
	# checklists reporting species - (Least Flycatcher)	0.0	0.0	0.0	0.0	1	0.0	0.0	0.0	0.0	0.0	0.0	0.0	0.0	0.0	0.0	8	580	1235	2341	1297	193	76	49	38	41	22	25	41	42	100	218	480	416	344	198	79	20	4	0.0	3	1	0.0	0.0	0.0	0.0	0.0	0.0	0.0
	
Totals
	Least Flycatcher	0.0	0.0	0.0	0.0	1	0.0	0.0	0.0	0.0	0.0	0.0	0.0	0.0	0.0	0.0	8	857	2556	6176	2696	258	90	59	50	52	28	25	49	54	167	445	961	849	587	307	87	26	5	0.0	3	1	0.0	0.0	0.0	0.0	0.0	0.0	0.0
	# checklists reporting species - (Least Flycatcher)	0.0	0.0	0.0	0.0	1	0.0	0.0	0.0	0.0	0.0	0.0	0.0	0.0	0.0	0.0	8	566	1194	2270	1236	186	71	47	38	41	22	24	39	41	97	214	462	404	337	195	76	20	4	0.0	3	1	0.0	0.0	0.0	0.0	0.0	0.0	0.0
	
Average Count
	Least Flycatcher	0.0	0.0	0.0	0.0	1.0	0.0	0.0	0.0	0.0	0.0	0.0	0.0	0.0	0.0	0.0	1.0	1.5141342756183747	2.14070351758794	2.720704845814978	2.1812297734627832	1.3870967741935485	1.267605633802817	1.2553191489361701	1.3157894736842106	1.2682926829268293	1.2727272727272727	1.0416666666666667	1.2564102564102564	1.3170731707317074	1.7216494845360826	2.0794392523364484	2.08008658008658	2.1014851485148514	1.741839762611276	1.5743589743589743	1.144736842105263	1.3	1.25	0.0	1.0	1.0	0.0	0.0	0.0	0.0	0.0	0.0	0.0
	# checklists reporting species - (Least Flycatcher)	0.0	0.0	0.0	0.0	1	0.0	0.0	0.0	0.0	0.0	0.0	0.0	0.0	0.0	0.0	8	566	1194	2270	1236	186	71	47	38	41	22	24	39	41	97	214	462	404	337	195	76	20	4	0.0	3	1	0.0	0.0	0.0	0.0	0.0	0.0	0.0
	
