

	Week starting on...	1/1	1/8	1/15	1/22	2/1	2/8	2/15	2/22	3/1	3/8	3/15	3/22	4/1	4/8	4/15	4/22	5/1	5/8	5/15	5/22	6/1	6/8	6/15	6/22	7/1	7/8	7/15	7/22	8/1	8/8	8/15	8/22	9/1	9/8	9/15	9/22	10/1	10/8	10/15	10/22	11/1	11/8	11/15	11/22	12/1	12/8	12/15	12/22
Frequency (%)
	Lesser Scaup	5.7241230901656985	6.142857142857143	5.148514851485149	6.4147422439934685	6.062693765070617	4.375667022411953	2.107771260997067	5.315285572796302	6.279342723004695	6.687982946975753	6.40359168241966	6.888154461645503	7.567567567567568	7.31304552960604	8.914209115281501	6.029613799419936	3.943946836174516	1.7809187279151941	1.3943619278569264	1.4403625182068296	0.407709414381023	0.4302925989672977	0.14527845036319612	0.19692792437967704	0.0	0.6238303181534623	0.5144694533762058	0.18157058556513844	0.98159509202454	0.8244994110718492	0.2609603340292276	0.3401360544217687	0.9170806266717615	1.0920436817472698	1.1166730843280708	2.1210230817217717	2.572347266881029	3.7128712871287126	4.896354538956397	4.975922953451043	4.58955223880597	4.592592592592593	4.180327868852459	3.5194585448392552	4.509632224168126	3.861003861003861	4.770778978755125	4.2543663233318405
	Total # checklists submitted - (Lesser Scaup)	4647	3500	3030	4287	2903	3748	5456	3029	3408	3753	4232	5749	4440	4239	4476	6551	6922	7075	6598	6179	2698	2324	2065	2539	1804	1603	1555	2203	1630	1698	1916	2940	2617	2564	2597	3206	2799	2828	2798	3738	2680	2700	2440	2955	2284	2331	2683	4466
	
Abundance
	Lesser Scaup	0.28814288788465675	0.28285714285714286	0.22871287128712872	0.317704688593422	0.2679986221150534	0.22572038420490928	0.20454545454545456	0.2126114229118521	0.3301056338028169	0.4087396749267253	0.2918241965973535	0.4035484432075144	0.5635135135135135	0.47983014861995754	0.5969615728328865	0.4017707220271714	0.26235192140999714	0.08890459363957597	0.07487117308275235	0.21993850137562712	0.014455151964418088	0.012048192771084338	0.002421307506053269	0.0031508467900748325	0.0	0.008109794135995009	0.005787781350482315	0.0022696323195642307	0.012269938650306749	0.016489988221436984	0.0036534446764091857	0.006122448979591836	0.01834161253343523	0.0202808112324493	0.03504043126684636	0.09076731129132876	0.11968560200071454	0.42751060820367753	1.3005718370264474	0.7584269662921348	0.7712686567164179	0.6085185185185186	0.7012295081967214	0.17191201353637903	0.22548161120840632	0.27885027885027885	0.3570629891912039	0.2606359158083296
	Total # checklists submitted - (Lesser Scaup)	4647	3500	3030	4287	2903	3748	5456	3029	3408	3753	4232	5749	4440	4239	4476	6551	6922	7075	6598	6179	2698	2324	2065	2539	1804	1603	1555	2203	1630	1698	1916	2940	2617	2564	2597	3206	2799	2828	2798	3738	2680	2700	2440	2955	2284	2331	2683	4466
	
Birds Per Party Hour
	Lesser Scaup	9.376872828339511	4.726983864876082	4.4873790157316975	6.326212537057417	5.411649769427914	5.541552043717893	5.301384279136335	4.620395222832419	5.442494726731712	5.350699671982858	3.6518728339189925	3.8490385434653884	3.810111181615177	3.7873587304742826	3.0166443506067577	2.4698339762946846	1.9002507498209713	1.8702978123685776	1.3412776834122526	3.9004398120654504	2.0354242410806656	1.8081671078765758	0.7361111111111112	1.25013778270659	1.0	0.7473368657787677	0.6217716254365666	0.4282051282051282	1.1486629131358443	0.7891552469176164	0.7483552558316607	0.3867143831482116	0.9037449040348863	0.8784268770656518	1.137923806736377	0.9944170107034456	2.0045616313285595	3.0930874053198685	13.240669225641048	5.522854669132971	5.213992866156482	4.753716340006895	8.245278118398016	3.1888935829283365	3.9888727761135763	3.601543287389879	6.3966818898490585	9.165888302017759
	# checklists reporting species - (Lesser Scaup)	244	200	152	261	159	153	110	153	197	231	255	358	322	304	382	353	250	110	86	73	8	12	4	7	1	10	8	5	12	16	5	9	24	30	27	67	67	100	120	166	110	117	91	99	98	77	122	185
	
High Count
	Lesser Scaup	50	50	30	50	38	50	500	42	150	120	50	250	300	100	112	200	200	70	80	1000	8	6	3	6	3	3	2	3	5	7	3	6	4	7	9	35	90	400	2000	1000	400	250	500	100	50	100	200	100
	# checklists reporting species - (Lesser Scaup)	287	225	170	300	185	168	122	178	232	267	295	413	363	333	415	420	285	138	93	93	11	12	5	9	1	11	8	6	16	17	5	11	25	34	34	74	80	113	151	217	140	138	116	119	116	104	140	213
	
Totals
	Lesser Scaup	1481	1010	718	1448	804	848	1131	769	1333	1576	1410	2359	2606	2156	2821	2746	1911	669	494	1364	39	31	8	18	3	14	9	9	20	30	7	19	50	65	100	317	373	1264	3747	4364	2119	1675	1849	531	549	700	996	1267
	# checklists reporting species - (Lesser Scaup)	249	206	154	273	163	157	115	162	208	238	266	369	339	316	393	373	268	122	87	85	10	12	5	9	1	11	8	6	16	16	5	10	25	33	32	71	76	108	131	182	118	121	105	107	104	88	129	191
	
Average Count
	Lesser Scaup	5.947791164658635	4.902912621359223	4.662337662337662	5.304029304029304	4.932515337423313	5.401273885350318	9.834782608695653	4.746913580246914	6.408653846153846	6.621848739495798	5.3007518796992485	6.392953929539296	7.687315634218289	6.822784810126582	7.178117048346056	7.361930294906166	7.130597014925373	5.483606557377049	5.67816091954023	16.04705882352941	3.9	2.5833333333333335	1.6	2.0	3.0	1.2727272727272727	1.125	1.5	1.25	1.875	1.4	1.9	2.0	1.9696969696969697	3.125	4.464788732394366	4.907894736842105	11.703703703703704	28.603053435114504	23.978021978021978	17.95762711864407	13.84297520661157	17.60952380952381	4.962616822429907	5.278846153846154	7.954545454545454	7.72093023255814	6.633507853403142
	# checklists reporting species - (Lesser Scaup)	249	206	154	273	163	157	115	162	208	238	266	369	339	316	393	373	268	122	87	85	10	12	5	9	1	11	8	6	16	16	5	10	25	33	32	71	76	108	131	182	118	121	105	107	104	88	129	191
	
