

	Week starting on...	1/1	1/8	1/15	1/22	2/1	2/8	2/15	2/22	3/1	3/8	3/15	3/22	4/1	4/8	4/15	4/22	5/1	5/8	5/15	5/22	6/1	6/8	6/15	6/22	7/1	7/8	7/15	7/22	8/1	8/8	8/15	8/22	9/1	9/8	9/15	9/22	10/1	10/8	10/15	10/22	11/1	11/8	11/15	11/22	12/1	12/8	12/15	12/22
Frequency (%)
	Caspian Tern	0.0	0.0	0.0	0.0	0.0	0.0	0.0	0.0	0.0	0.0	0.0	0.0	0.04504504504504504	2.17032318943147	8.333333333333332	12.303465119829033	15.876914186651256	13.667844522968197	13.53440436495908	16.588444732157306	10.600444773906597	7.6592082616179	5.665859564164649	5.907837731390312	9.534368070953436	11.353711790393014	16.270096463022508	18.11166591012256	17.914110429447852	19.257950530035338	20.72025052192067	18.12925170068027	16.392816201757736	9.048361934477379	3.6580670003850595	2.3393636930754833	0.7859949982136478	0.24752475247524752	0.07147962830593281	0.0	0.0	0.0	0.0	0.0	0.0	0.0	0.0	0.0
	Total # checklists submitted - (Caspian Tern)	4647	3500	3030	4287	2903	3748	5456	3029	3408	3753	4232	5749	4440	4239	4476	6551	6922	7075	6598	6179	2698	2324	2065	2539	1804	1603	1555	2203	1630	1698	1916	2940	2617	2564	2597	3206	2799	2828	2798	3738	2680	2700	2440	2955	2284	2331	2683	4466
	
Abundance
	Caspian Tern	0.0	0.0	0.0	0.0	0.0	0.0	0.0	0.0	0.0	0.0	0.0	0.0	2.2522522522522523E-4	0.03184713375796178	0.15661304736371762	0.25873912379789343	0.5450736781277088	0.5273498233215548	0.5309184601394362	0.7556238873604143	0.33320978502594517	0.18717728055077454	0.19709443099273607	0.26545884206380466	0.7267184035476718	0.9039301310043668	1.3954983922829582	2.026781661370858	2.1950920245398775	3.4093050647820964	3.8914405010438413	3.0551020408163265	1.3752388230798624	0.3783151326053042	0.10473623411628802	0.0421085464753587	0.017506252232940337	0.0031824611032531826	7.147962830593281E-4	0.0	0.0	0.0	0.0	0.0	0.0	0.0	0.0	0.0
	Total # checklists submitted - (Caspian Tern)	4647	3500	3030	4287	2903	3748	5456	3029	3408	3753	4232	5749	4440	4239	4476	6551	6922	7075	6598	6179	2698	2324	2065	2539	1804	1603	1555	2203	1630	1698	1916	2940	2617	2564	2597	3206	2799	2828	2798	3738	2680	2700	2440	2955	2284	2331	2683	4466
	
Birds Per Party Hour
	Caspian Tern	0.0	0.0	0.0	0.0	0.0	0.0	0.0	0.0	0.0	0.0	0.0	0.0	0.4	0.6200402996609305	1.4732031455691152	1.1975504672603272	1.9317300303267835	2.338831402542607	2.058860245295371	2.8102776519808743	2.203179180776365	1.6367546773858186	2.7642069470043356	3.813549272469057	6.54234076285917	5.316122406340788	6.358431899445991	5.198542407846835	8.596766110667186	22.549565668913523	11.625747816508014	11.294532833783151	4.4289432581150345	1.69846107244315	0.9323771043213849	0.7724487173121152	0.7076412865063273	0.37047619047619046	0.21089949167702948	0.0	0.0	0.0	0.0	0.0	0.0	0.0	0.0	0.0
	# checklists reporting species - (Caspian Tern)	0.0	0.0	0.0	0.0	0.0	0.0	0.0	0.0	0.0	0.0	0.0	0.0	1	97	370	794	1078	952	876	1009	277	179	118	154	173	186	258	385	288	332	395	529	416	228	95	74	21	5	2	0.0	0.0	0.0	0.0	0.0	0.0	0.0	0.0	0.0
	
High Count
	Caspian Tern	0.0	0.0	0.0	0.0	0.0	0.0	0.0	0.0	0.0	0.0	0.0	0.0	1	12	16	15	50	74	115	53	25	29	35	70	95	72	125	400	136	160	206	200	62	55	25	8	5	4	1	0.0	0.0	0.0	0.0	0.0	0.0	0.0	0.0	0.0
	# checklists reporting species - (Caspian Tern)	0.0	0.0	0.0	0.0	0.0	0.0	0.0	0.0	0.0	0.0	0.0	0.0	2	107	407	859	1156	1022	936	1096	301	193	132	166	181	200	277	426	314	361	439	573	451	244	105	82	23	7	2	0.0	0.0	0.0	0.0	0.0	0.0	0.0	0.0	0.0
	
Totals
	Caspian Tern	0.0	0.0	0.0	0.0	0.0	0.0	0.0	0.0	0.0	0.0	0.0	0.0	1	154	760	1782	3880	3829	3575	4893	946	487	423	755	1392	1594	2547	4679	3900	6532	8212	9523	3716	992	293	143	50	9	2	0.0	0.0	0.0	0.0	0.0	0.0	0.0	0.0	0.0
	# checklists reporting species - (Caspian Tern)	0.0	0.0	0.0	0.0	0.0	0.0	0.0	0.0	0.0	0.0	0.0	0.0	1	103	392	814	1102	965	887	1020	285	184	123	161	176	191	262	399	296	338	406	542	424	232	103	78	22	6	2	0.0	0.0	0.0	0.0	0.0	0.0	0.0	0.0	0.0
	
Average Count
	Caspian Tern	0.0	0.0	0.0	0.0	0.0	0.0	0.0	0.0	0.0	0.0	0.0	0.0	1.0	1.4951456310679612	1.9387755102040816	2.189189189189189	3.5208711433756807	3.967875647668394	4.0304396843292	4.797058823529412	3.319298245614035	2.6467391304347827	3.4390243902439024	4.6894409937888195	7.909090909090909	8.345549738219896	9.721374045801527	11.726817042606516	13.175675675675675	19.325443786982248	20.226600985221676	17.570110701107012	8.764150943396226	4.275862068965517	2.8446601941747574	1.8333333333333333	2.272727272727273	1.5	1.0	0.0	0.0	0.0	0.0	0.0	0.0	0.0	0.0	0.0
	# checklists reporting species - (Caspian Tern)	0.0	0.0	0.0	0.0	0.0	0.0	0.0	0.0	0.0	0.0	0.0	0.0	1	103	392	814	1102	965	887	1020	285	184	123	161	176	191	262	399	296	338	406	542	424	232	103	78	22	6	2	0.0	0.0	0.0	0.0	0.0	0.0	0.0	0.0	0.0
	
