

	Week starting on...	1/1	1/8	1/15	1/22	2/1	2/8	2/15	2/22	3/1	3/8	3/15	3/22	4/1	4/8	4/15	4/22	5/1	5/8	5/15	5/22	6/1	6/8	6/15	6/22	7/1	7/8	7/15	7/22	8/1	8/8	8/15	8/22	9/1	9/8	9/15	9/22	10/1	10/8	10/15	10/22	11/1	11/8	11/15	11/22	12/1	12/8	12/15	12/22
Frequency (%)
	Blue-gray Gnatcatcher	0.0	0.0	0.0	0.0	0.0	0.0	0.0	0.0	0.0	0.0	0.0	0.0	0.0	0.3066761028544468	2.0777479892761392	6.533353686460082	16.310314937879227	21.89399293286219	23.173688996665657	18.336300372228518	10.711638250555968	8.218588640275387	8.716707021791766	6.971248523040567	8.37028824833703	7.548346849656894	9.003215434083602	9.305492510213345	9.754601226993866	11.60188457008245	12.943632567849686	9.795918367346939	8.406572411157814	4.641185647425897	1.0396611474778592	0.1559575795383656	0.1429081814933905	0.07072135785007072	0.14295925661186562	0.0	0.11194029850746269	0.0	0.040983606557377046	0.0338409475465313	0.0	0.0	0.03727171077152441	0.0
	Total # checklists submitted - (Blue-gray Gnatcatcher)	4647	3500	3030	4287	2903	3748	5456	3029	3408	3753	4232	5749	4440	4239	4476	6551	6922	7075	6598	6179	2698	2324	2065	2539	1804	1603	1555	2203	1630	1698	1916	2940	2617	2564	2597	3206	2799	2828	2798	3738	2680	2700	2440	2955	2284	2331	2683	4466
	
Abundance
	Blue-gray Gnatcatcher	0.0	0.0	0.0	0.0	0.0	0.0	0.0	0.0	0.0	0.0	0.0	0.0	0.0	0.00377447511205473	0.028596961572832886	0.12547702640818195	0.38009245882692866	0.5776678445229682	0.59745377387087	0.393267519016022	0.22720533728687917	0.173407917383821	0.19515738498789345	0.16581331232768806	0.19567627494456763	0.22083593262632564	0.23215434083601286	0.253744893327281	0.22515337423312884	0.26030624263839813	0.28914405010438415	0.2098639455782313	0.14749713412304166	0.07371294851794072	0.012321909896033885	0.0015595757953836558	0.0017863522686673813	7.072135785007072E-4	0.0014295925661186562	0.0	0.001119402985074627	0.0	4.098360655737705E-4	3.3840947546531303E-4	0.0	0.0	3.727171077152441E-4	0.0
	Total # checklists submitted - (Blue-gray Gnatcatcher)	4647	3500	3030	4287	2903	3748	5456	3029	3408	3753	4232	5749	4440	4239	4476	6551	6922	7075	6598	6179	2698	2324	2065	2539	1804	1603	1555	2203	1630	1698	1916	2940	2617	2564	2597	3206	2799	2828	2798	3738	2680	2700	2440	2955	2284	2331	2683	4466
	
Birds Per Party Hour
	Blue-gray Gnatcatcher	0.0	0.0	0.0	0.0	0.0	0.0	0.0	0.0	0.0	0.0	0.0	0.0	0.0	0.7310861694681594	0.9462220827569362	1.1216177798953926	1.2699881051036492	1.4904103960340036	1.423982108337248	1.2022332135862366	1.9741535250331483	2.522212236440514	2.2064077652235627	2.363249150410776	2.696803536501354	1.8267884749296253	1.6804378258181873	2.010018533998332	1.4570297002860635	1.4489723423933547	1.2214029185988404	1.1983379739698905	0.8404963021814085	0.8241659461144157	0.48026208787547126	0.8045159909496729	1.2257209148160424	0.32860520094562645	0.4843644882365656	0.0	1.3167340695683887	0.0	0.4108463434675431	0.3749531308586427	0.0	0.0	0.2	0.0
	# checklists reporting species - (Blue-gray Gnatcatcher)	0.0	0.0	0.0	0.0	0.0	0.0	0.0	0.0	0.0	0.0	0.0	0.0	0.0	13	94	433	1175	1591	1553	1171	301	193	189	177	154	122	147	207	163	196	254	298	224	122	28	5	4	2	5	0.0	3	0.0	1	1	0.0	0.0	1	0.0
	
High Count
	Blue-gray Gnatcatcher	0.0	0.0	0.0	0.0	0.0	0.0	0.0	0.0	0.0	0.0	0.0	0.0	0.0	2	5	17	16	30	26	17	12	9	12	19	9	23	15	15	16	12	18	15	11	10	2	1	2	1	1	0.0	1	0.0	1	1	0.0	0.0	1	0.0
	# checklists reporting species - (Blue-gray Gnatcatcher)	0.0	0.0	0.0	0.0	0.0	0.0	0.0	0.0	0.0	0.0	0.0	0.0	0.0	13	101	459	1246	1674	1633	1232	320	226	224	231	193	132	152	221	174	211	264	310	235	130	28	5	4	2	5	0.0	3	0.0	2	1	0.0	0.0	1	0.0
	
Totals
	Blue-gray Gnatcatcher	0.0	0.0	0.0	0.0	0.0	0.0	0.0	0.0	0.0	0.0	0.0	0.0	0.0	16	137	873	2847	4321	4118	2576	658	441	455	476	400	375	391	587	386	466	606	652	405	206	34	5	5	2	5	0.0	3	0.0	2	1	0.0	0.0	1	0.0
	# checklists reporting species - (Blue-gray Gnatcatcher)	0.0	0.0	0.0	0.0	0.0	0.0	0.0	0.0	0.0	0.0	0.0	0.0	0.0	13	97	445	1209	1627	1572	1198	313	220	221	222	188	127	149	214	167	203	255	303	233	124	28	5	4	2	5	0.0	3	0.0	2	1	0.0	0.0	1	0.0
	
Average Count
	Blue-gray Gnatcatcher	0.0	0.0	0.0	0.0	0.0	0.0	0.0	0.0	0.0	0.0	0.0	0.0	0.0	1.2307692307692308	1.4123711340206186	1.9617977528089887	2.3548387096774195	2.6558082360172097	2.619592875318066	2.1502504173622703	2.1022364217252396	2.0045454545454544	2.0588235294117645	2.144144144144144	2.127659574468085	2.952755905511811	2.6241610738255035	2.7429906542056073	2.311377245508982	2.2955665024630543	2.376470588235294	2.1518151815181517	1.738197424892704	1.6612903225806452	1.2142857142857142	1.0	1.25	1.0	1.0	0.0	1.0	0.0	1.0	1.0	0.0	0.0	1.0	0.0
	# checklists reporting species - (Blue-gray Gnatcatcher)	0.0	0.0	0.0	0.0	0.0	0.0	0.0	0.0	0.0	0.0	0.0	0.0	0.0	13	97	445	1209	1627	1572	1198	313	220	221	222	188	127	149	214	167	203	255	303	233	124	28	5	4	2	5	0.0	3	0.0	2	1	0.0	0.0	1	0.0
	
