

	Week starting on...	1/1	1/8	1/15	1/22	2/1	2/8	2/15	2/22	3/1	3/8	3/15	3/22	4/1	4/8	4/15	4/22	5/1	5/8	5/15	5/22	6/1	6/8	6/15	6/22	7/1	7/8	7/15	7/22	8/1	8/8	8/15	8/22	9/1	9/8	9/15	9/22	10/1	10/8	10/15	10/22	11/1	11/8	11/15	11/22	12/1	12/8	12/15	12/22
Frequency (%)
	American Wigeon	6.950720895201205	5.257142857142857	5.841584158415842	5.108467459762071	6.062693765070617	2.5080042689434365	1.7961876832844577	4.721030042918455	5.34037558685446	6.60804689581668	6.568998109640832	6.209775613150113	6.148648648648649	5.0011795234725165	4.848078641644325	4.07571363150664	2.5859578156602137	2.0918727915194344	1.7581085177326463	2.3628418837999674	1.8532246108228319	0.9036144578313252	0.6779661016949152	0.8270972823946435	1.164079822616408	0.2495321272613849	0.5787781350482315	0.45392646391284613	0.5521472392638037	0.4122497055359246	0.31315240083507306	0.8843537414965987	2.713030187237295	5.928237129485179	6.08394301116673	8.889582033686837	10.53947838513755	11.66902404526167	15.11794138670479	16.024612092027823	15.41044776119403	17.48148148148148	14.303278688524589	13.807106598984772	13.441330998248688	11.23981123981124	8.087961237420798	6.941334527541423
	Total # checklists submitted - (American Wigeon)	4647	3500	3030	4287	2903	3748	5456	3029	3408	3753	4232	5749	4440	4239	4476	6551	6922	7075	6598	6179	2698	2324	2065	2539	1804	1603	1555	2203	1630	1698	1916	2940	2617	2564	2597	3206	2799	2828	2798	3738	2680	2700	2440	2955	2284	2331	2683	4466
	
Abundance
	American Wigeon	0.3008392511297611	0.27885714285714286	0.25346534653465347	0.3331000699790063	0.22562866000688941	0.10699039487726787	0.05205278592375367	0.21030042918454936	0.2576291079812207	0.4151345590194511	0.2726843100189036	0.29744303357105584	0.24864864864864866	0.19650861052134938	0.1224307417336908	0.10929629064264998	0.05171915631320428	0.04367491166077739	0.034555926038193394	0.048875222527917137	0.032987398072646404	0.01721170395869191	0.01646489104116223	0.02205592753052383	0.020509977827051	0.008109794135995009	0.010289389067524116	0.011802088061733999	0.006748466257668712	0.004122497055359246	0.010438413361169102	0.025170068027210883	0.08712265953381734	0.28861154446177845	0.444743935309973	0.8019338739862757	0.8628081457663451	1.3454738330975955	1.7844889206576127	1.7825040128410914	1.653358208955224	1.8074074074074074	1.1881147540983608	1.1441624365482232	0.8528896672504378	0.631917631917632	0.5232948192322028	0.396999552171966
	Total # checklists submitted - (American Wigeon)	4647	3500	3030	4287	2903	3748	5456	3029	3408	3753	4232	5749	4440	4239	4476	6551	6922	7075	6598	6179	2698	2324	2065	2539	1804	1603	1555	2203	1630	1698	1916	2940	2617	2564	2597	3206	2799	2828	2798	3738	2680	2700	2440	2955	2284	2331	2683	4466
	
Birds Per Party Hour
	American Wigeon	4.3766454447650265	7.523030549253318	5.346430937759421	9.436207385499909	5.553641359366349	7.594881897681041	3.879733602964347	3.6013257143883135	4.983283623581042	2.7670593844197975	2.7780795169450894	2.6112908065266454	1.9794953206233659	2.3251556051898485	1.201608572596489	1.175083349822823	0.6768694146207384	0.7424332407128892	0.5316788231036849	0.5954301406624041	0.7309651691326893	0.6328130455647906	1.5589442399877096	3.0636474316533384	3.0197464480381524	1.0439617530648178	1.409179074968618	0.972615553149486	0.9808660777743934	0.5994685574859544	1.65547744031996	1.6091499319083062	1.4995400985070773	1.8098389063897171	3.342645118332313	4.07648854955654	3.8891288831621025	4.5218882536631035	5.928610250557291	4.472329442444017	4.855512867482015	5.352633666733314	4.917147060791415	8.189416066731765	4.965208947020266	4.863104749594353	5.060764040786614	4.60888260812684
	# checklists reporting species - (American Wigeon)	316	184	171	212	171	91	94	135	186	241	264	339	265	202	211	252	172	147	116	142	47	24	15	22	24	5	9	10	7	7	6	27	68	156	163	287	304	325	421	592	409	457	342	415	312	250	216	303
	
High Count
	American Wigeon	36	55	26	31	30	28	30	30	99	121	23	45	30	31	16	25	17	12	10	10	6	5	10	5	7	7	3	7	2	1	10	9	24	50	90	110	100	61	123	75	125	80	100	80	40	45	46	75
	# checklists reporting species - (American Wigeon)	350	202	190	252	187	100	110	153	205	276	308	392	296	225	241	280	186	154	125	153	51	25	17	25	25	7	9	13	9	7	7	30	73	167	187	312	328	366	463	659	458	512	383	458	349	284	238	335
	
Totals
	American Wigeon	1469	1076	843	1550	705	421	318	689	956	1658	1261	1784	1179	852	610	731	366	321	234	312	91	46	37	63	49	21	16	33	11	7	21	79	233	770	1268	2682	2589	4094	5248	7147	4697	5098	3098	3516	2085	1593	1500	1841
	# checklists reporting species - (American Wigeon)	322	194	177	235	178	95	105	145	193	253	281	359	284	209	221	263	177	149	120	147	47	25	17	24	25	7	9	13	8	7	7	29	70	162	179	303	319	344	434	619	419	467	359	427	326	262	223	313
	
Average Count
	American Wigeon	4.562111801242236	5.546391752577319	4.762711864406779	6.595744680851064	3.960674157303371	4.431578947368421	3.0285714285714285	4.751724137931035	4.953367875647668	6.553359683794467	4.487544483985765	4.969359331476323	4.151408450704225	4.076555023923445	2.760180995475113	2.779467680608365	2.0677966101694913	2.1543624161073827	1.95	2.122448979591837	1.9361702127659575	1.84	2.176470588235294	2.625	1.96	3.0	1.7777777777777777	2.5384615384615383	1.375	1.0	3.0	2.7241379310344827	3.3285714285714287	4.753086419753086	7.083798882681564	8.851485148514852	8.115987460815047	11.901162790697674	12.09216589861751	11.546042003231017	11.210023866348449	10.916488222698073	8.629526462395543	8.234192037470725	6.395705521472393	6.080152671755725	6.726457399103139	5.881789137380192
	# checklists reporting species - (American Wigeon)	322	194	177	235	178	95	105	145	193	253	281	359	284	209	221	263	177	149	120	147	47	25	17	24	25	7	9	13	8	7	7	29	70	162	179	303	319	344	434	619	419	467	359	427	326	262	223	313
	
