

	Week starting on...	1/1	1/8	1/15	1/22	2/1	2/8	2/15	2/22	3/1	3/8	3/15	3/22	4/1	4/8	4/15	4/22	5/1	5/8	5/15	5/22	6/1	6/8	6/15	6/22	7/1	7/8	7/15	7/22	8/1	8/8	8/15	8/22	9/1	9/8	9/15	9/22	10/1	10/8	10/15	10/22	11/1	11/8	11/15	11/22	12/1	12/8	12/15	12/22
Frequency (%)
	Greater Yellowlegs	0.0	0.0	0.0	0.0	0.0	0.0	0.0	0.0	0.0	0.0	0.04725897920604915	0.017394329448599758	0.11261261261261261	0.377447511205473	0.7819481680071492	1.4043657456876812	3.0193585668881826	2.2614840989399294	0.9699909063352531	0.3722285159410908	0.14825796886582654	0.12908777969018934	0.0	0.0	0.1662971175166297	0.3119151590767312	1.5434083601286173	1.8610985020426691	1.96319018404908	2.7090694935217905	3.914405010438413	5.442176870748299	3.668322506687046	2.1840873634945397	2.4258760107816713	1.7779164067373672	2.1436227224008575	3.217821782178218	4.253037884203002	4.360620652755484	2.201492537313433	1.6666666666666667	0.040983606557377046	0.0	0.0	0.0	0.0	0.0
	Total # checklists submitted - (Greater Yellowlegs)	4647	3500	3030	4287	2903	3748	5456	3029	3408	3753	4232	5749	4440	4239	4476	6551	6922	7075	6598	6179	2698	2324	2065	2539	1804	1603	1555	2203	1630	1698	1916	2940	2617	2564	2597	3206	2799	2828	2798	3738	2680	2700	2440	2955	2284	2331	2683	4466
	
Abundance
	Greater Yellowlegs	0.0	0.0	0.0	0.0	0.0	0.0	0.0	0.0	0.0	0.0	4.725897920604915E-4	0.0043485823621499395	0.0013513513513513514	0.00377447511205473	0.0145218945487042	0.033887956037246224	0.09549263218722913	0.05639575971731449	0.01561079114883298	0.005178831526136915	0.0014825796886582653	0.0012908777969018934	0.0	0.0	0.0022172949002217295	0.0037429819089207735	0.026366559485530548	0.02723558783477077	0.03251533742331288	0.03651354534746761	0.06889352818371608	0.09013605442176871	0.060374474589224306	0.0327613104524181	0.04582210242587601	0.025577043044291953	0.028224365844944622	0.055162659123055166	0.10364546104360257	0.09256286784376672	0.03805970149253731	0.018518518518518517	4.098360655737705E-4	0.0	0.0	0.0	0.0	0.0
	Total # checklists submitted - (Greater Yellowlegs)	4647	3500	3030	4287	2903	3748	5456	3029	3408	3753	4232	5749	4440	4239	4476	6551	6922	7075	6598	6179	2698	2324	2065	2539	1804	1603	1555	2203	1630	1698	1916	2940	2617	2564	2597	3206	2799	2828	2798	3738	2680	2700	2440	2955	2284	2331	2683	4466
	
Birds Per Party Hour
	Greater Yellowlegs	0.0	0.0	0.0	0.0	0.0	0.0	0.0	0.0	0.0	0.0	0.75	37.481259370314845	0.22943271065440812	0.5016845737249549	4.985721378092937	1.4263757981760987	1.1779545773115747	1.2437987631263994	0.6819179565699665	0.2704580398164728	0.32083333333333336	0.30209710218607017	0.0	2.0	0.2916666666666667	1.76	1.0488018746714212	0.807371322138504	0.9897519116916902	1.7680276680321123	0.9749850401738217	1.1734020845857154	0.7424672738987176	0.6403325454918957	0.9250173719839204	1.2321402353775237	0.8525865036397285	0.9713230446104741	1.3279751893271379	1.0665940290439886	0.9057501073862363	0.697191357774019	0.5	0.0	0.0	0.0	0.0	0.0
	# checklists reporting species - (Greater Yellowlegs)	0.0	0.0	0.0	0.0	0.0	0.0	0.0	0.0	0.0	0.0	2	1	4	17	35	89	215	174	73	27	4	4	0.0	1	2	5	29	46	35	57	84	178	97	58	64	55	64	91	128	178	61	47	1	0.0	0.0	0.0	0.0	0.0
	
High Count
	Greater Yellowlegs	0.0	0.0	0.0	0.0	0.0	0.0	0.0	0.0	0.0	0.0	1	25	2	1	10	24	18	10	7	3	1	1	0.0	2	2	3	5	6	10	6	20	20	6	5	25	4	4	8	20	18	20	2	2	0.0	0.0	0.0	0.0	0.0
	# checklists reporting species - (Greater Yellowlegs)	0.0	0.0	0.0	0.0	0.0	0.0	0.0	0.0	0.0	0.0	2	1	5	19	38	101	225	180	76	28	5	4	0.0	1	3	8	31	51	43	60	97	192	107	66	71	66	73	100	137	184	66	54	4	0.0	0.0	0.0	0.0	0.0
	
Totals
	Greater Yellowlegs	0.0	0.0	0.0	0.0	0.0	0.0	0.0	0.0	0.0	0.0	2	25	6	18	69	239	698	428	117	39	5	4	0.0	2	4	10	58	78	63	84	161	313	167	97	127	90	92	176	320	374	110	58	5	0.0	0.0	0.0	0.0	0.0
	# checklists reporting species - (Greater Yellowlegs)	0.0	0.0	0.0	0.0	0.0	0.0	0.0	0.0	0.0	0.0	2	1	5	18	37	97	221	176	76	27	5	4	0.0	1	3	7	30	50	39	59	92	186	103	65	71	62	68	98	134	183	65	52	4	0.0	0.0	0.0	0.0	0.0
	
Average Count
	Greater Yellowlegs	0.0	0.0	0.0	0.0	0.0	0.0	0.0	0.0	0.0	0.0	1.0	25.0	1.2	1.0	1.864864864864865	2.463917525773196	3.158371040723982	2.4318181818181817	1.5394736842105263	1.4444444444444444	1.0	1.0	0.0	2.0	1.3333333333333333	1.4285714285714286	1.9333333333333333	1.56	1.6153846153846154	1.423728813559322	1.75	1.6827956989247312	1.6213592233009708	1.4923076923076923	1.7887323943661972	1.4516129032258065	1.3529411764705883	1.7959183673469388	2.388059701492537	2.0437158469945356	1.6923076923076923	1.1153846153846154	1.25	0.0	0.0	0.0	0.0	0.0
	# checklists reporting species - (Greater Yellowlegs)	0.0	0.0	0.0	0.0	0.0	0.0	0.0	0.0	0.0	0.0	2	1	5	18	37	97	221	176	76	27	5	4	0.0	1	3	7	30	50	39	59	92	186	103	65	71	62	68	98	134	183	65	52	4	0.0	0.0	0.0	0.0	0.0
	
