

	Week starting on...	1/1	1/8	1/15	1/22	2/1	2/8	2/15	2/22	3/1	3/8	3/15	3/22	4/1	4/8	4/15	4/22	5/1	5/8	5/15	5/22	6/1	6/8	6/15	6/22	7/1	7/8	7/15	7/22	8/1	8/8	8/15	8/22	9/1	9/8	9/15	9/22	10/1	10/8	10/15	10/22	11/1	11/8	11/15	11/22	12/1	12/8	12/15	12/22
Frequency (%)
	Horned Lark	0.10759629868732515	0.2	0.297029702970297	0.4198740377886634	0.5856011023079573	1.200640341515475	1.4846041055718475	3.7306041597887094	3.491784037558685	3.943511857180922	3.993383742911153	3.357105583579753	2.545045045045045	2.3826374144845484	1.9436997319034852	1.8470462524805373	1.5169026292978907	1.187279151943463	0.7729615034859049	2.055348761935588	1.2601927353595257	0.9036144578313252	0.8232445520581114	0.7483261126427727	0.3325942350332594	0.37429819089207733	1.0932475884244373	0.6808896958692692	0.98159509202454	0.6478209658421673	1.1482254697286012	0.6462585034013605	0.6878104700038212	0.702028081123245	0.8086253369272237	1.9338739862757333	1.822079314040729	2.1570014144271568	2.4303073624017157	3.611556982343499	3.0970149253731343	2.259259259259259	1.4344262295081966	0.6091370558375634	0.5691768826619965	0.1716001716001716	0.44726052925829296	1.0300044782803404
	Total # checklists submitted - (Horned Lark)	4647	3500	3030	4287	2903	3748	5456	3029	3408	3753	4232	5749	4440	4239	4476	6551	6922	7075	6598	6179	2698	2324	2065	2539	1804	1603	1555	2203	1630	1698	1916	2940	2617	2564	2597	3206	2799	2828	2798	3738	2680	2700	2440	2955	2284	2331	2683	4466
	
Abundance
	Horned Lark	0.004949429739616957	0.01685714285714286	0.00957095709570957	0.02775833916491719	0.05339304168101963	0.07123799359658485	0.08412756598240469	0.32585011554968635	0.3503521126760563	0.20436983746336265	0.15524574669187147	0.15498347538702384	0.0677927927927928	0.07360226468506724	0.0466934763181412	0.03923065180888414	0.034672060098237506	0.020777385159010602	0.015459230069718097	0.04304903706101311	0.02001482579688658	0.01721170395869191	0.025665859564164648	0.018511224891689642	0.02993348115299335	0.004990642545227698	0.02315112540192926	0.02315024965955515	0.04478527607361963	0.015901060070671377	0.04018789144050104	0.030612244897959183	0.02865876958349255	0.0124804992199688	0.03504043126684636	0.056768558951965066	0.04072883172561629	0.08203677510608204	0.16869192280200143	0.17683253076511504	0.166044776119403	0.10074074074074074	0.05122950819672131	0.02673434856175973	0.010507880910683012	0.014586014586014585	0.013417815877748788	0.03515450067174205
	Total # checklists submitted - (Horned Lark)	4647	3500	3030	4287	2903	3748	5456	3029	3408	3753	4232	5749	4440	4239	4476	6551	6922	7075	6598	6179	2698	2324	2065	2539	1804	1603	1555	2203	1630	1698	1916	2940	2617	2564	2597	3206	2799	2828	2798	3738	2680	2700	2440	2955	2284	2331	2683	4466
	
Birds Per Party Hour
	Horned Lark	0.9412001849323874	4.191156462585034	0.7085127553576841	2.8974182067932066	3.062777514852095	1.4302242741996967	2.400194881451257	3.6095426305798077	5.643210541775781	2.557958451047802	1.6840812222012722	2.2458411943098473	1.3103090723473896	1.3596205213271115	1.1428001366093474	1.1338736721274394	0.906927781333665	0.8181136583439461	0.5195009660908562	0.7775729346700749	0.8335111843347586	0.7223725950145814	0.8546335263529834	2.2480018200686995	0.9388725008194034	1.065645892156487	1.7233259280780564	1.4345372057300039	2.753089430894309	2.5354978354978357	1.825170068027211	1.1109482714017611	1.4633366633366633	0.675032514549864	1.5880515502167092	1.4025223617294322	0.8981656546899057	1.1454966056520333	1.5595842607218375	1.6022376407186087	1.8753012814537815	1.3848125809302552	0.9138954154986781	1.4256555457531566	0.5879422254093344	1.7021840121838534	0.6546009546009546	0.7948216083195185
	# checklists reporting species - (Horned Lark)	6	7	10	16	16	44	78	101	102	136	156	158	95	84	74	96	88	60	38	98	27	20	13	15	6	6	12	14	10	11	21	14	14	16	16	56	44	55	62	124	84	60	36	16	15	5	11	50
	
High Count
	Horned Lark	200	20	40	28	80	37	100	102	200	35	40	150	19	24	28	49	26	7	10	10	7	8	25	18	35	2	9	12	20	9	12	16	16	4	50	40	12	20	100	75	60	40	13	25	4	30	12	20
	# checklists reporting species - (Horned Lark)	6	9	14	19	22	50	95	137	142	175	186	199	120	106	90	129	110	84	54	131	37	23	17	20	8	9	18	21	19	16	22	22	19	19	24	66	53	68	76	158	90	69	42	24	15	8	12	53
	
Totals
	Horned Lark	223	61	110	119	162	289	515	1135	1235	824	684	899	315	318	212	316	255	147	105	270	59	47	53	49	56	13	36	67	79	29	77	92	75	34	97	188	114	256	498	796	475	288	138	83	30	87	36	179
	# checklists reporting species - (Horned Lark)	6	9	12	16	21	48	88	117	121	163	175	185	109	99	82	122	100	72	46	113	29	22	14	18	7	9	16	21	17	12	22	19	15	18	24	62	48	65	69	148	87	67	40	22	15	8	12	52
	
Average Count
	Horned Lark	37.166666666666664	6.777777777777778	9.166666666666666	7.4375	7.714285714285714	6.020833333333333	5.8522727272727275	9.7008547008547	10.206611570247935	5.0552147239263805	3.9085714285714284	4.859459459459459	2.889908256880734	3.212121212121212	2.5853658536585367	2.5901639344262297	2.55	2.0416666666666665	2.282608695652174	2.3893805309734515	2.0344827586206895	2.1363636363636362	3.7857142857142856	2.7222222222222223	8.0	1.4444444444444444	2.25	3.1904761904761907	4.647058823529412	2.4166666666666665	3.5	4.842105263157895	5.0	1.8888888888888888	4.041666666666667	3.032258064516129	2.375	3.9384615384615387	7.217391304347826	5.378378378378378	5.459770114942529	4.298507462686567	3.45	3.772727272727273	2.0	10.875	3.0	3.4423076923076925
	# checklists reporting species - (Horned Lark)	6	9	12	16	21	48	88	117	121	163	175	185	109	99	82	122	100	72	46	113	29	22	14	18	7	9	16	21	17	12	22	19	15	18	24	62	48	65	69	148	87	67	40	22	15	8	12	52
	
