

	Week starting on...	1/1	1/8	1/15	1/22	2/1	2/8	2/15	2/22	3/1	3/8	3/15	3/22	4/1	4/8	4/15	4/22	5/1	5/8	5/15	5/22	6/1	6/8	6/15	6/22	7/1	7/8	7/15	7/22	8/1	8/8	8/15	8/22	9/1	9/8	9/15	9/22	10/1	10/8	10/15	10/22	11/1	11/8	11/15	11/22	12/1	12/8	12/15	12/22
Frequency (%)
	White-rumped Sandpiper	0.0	0.0	0.0	0.0	0.0	0.0	0.0	0.0	0.0	0.0	0.0	0.0	0.0	0.0	0.0	0.0	0.0	0.3250883392226148	0.22734161867232497	1.5860171548794304	1.8532246108228319	0.387263339070568	0.1937046004842615	0.0	0.05543237250554324	0.0	0.0	0.09078529278256922	1.2269938650306749	1.707891637220259	0.2609603340292276	0.5442176870748299	1.2227741688956821	0.31201248049922	1.1166730843280708	0.37429819089207733	0.285816362986781	0.6718528995756718	0.7147962830593281	1.3643659711075442	0.8208955223880596	0.1851851851851852	0.08196721311475409	0.0	0.0	0.0	0.0	0.0
	Total # checklists submitted - (White-rumped Sandpiper)	4647	3500	3030	4287	2903	3748	5456	3029	3408	3753	4232	5749	4440	4239	4476	6551	6922	7075	6598	6179	2698	2324	2065	2539	1804	1603	1555	2203	1630	1698	1916	2940	2617	2564	2597	3206	2799	2828	2798	3738	2680	2700	2440	2955	2284	2331	2683	4466
	
Abundance
	White-rumped Sandpiper	0.0	0.0	0.0	0.0	0.0	0.0	0.0	0.0	0.0	0.0	0.0	0.0	0.0	0.0	0.0	0.0	0.0	0.004240282685512367	0.004243710215216732	0.024923126719533905	0.02223869532987398	0.004733218588640275	0.0029055690072639223	0.0	0.0011086474501108647	0.0	0.0	0.0013617793917385383	0.01411042944785276	0.02237926972909305	0.0026096033402922755	0.006122448979591836	0.018723729461215134	0.002730109204368175	0.019638043896804003	0.0056144728633811605	0.006788138620936048	0.01485148514851485	0.014653323802716226	0.024612092027822365	0.008208955223880597	0.001851851851851852	8.19672131147541E-4	0.0	0.0	0.0	0.0	0.0
	Total # checklists submitted - (White-rumped Sandpiper)	4647	3500	3030	4287	2903	3748	5456	3029	3408	3753	4232	5749	4440	4239	4476	6551	6922	7075	6598	6179	2698	2324	2065	2539	1804	1603	1555	2203	1630	1698	1916	2940	2617	2564	2597	3206	2799	2828	2798	3738	2680	2700	2440	2955	2284	2331	2683	4466
	
Birds Per Party Hour
	White-rumped Sandpiper	0.0	0.0	0.0	0.0	0.0	0.0	0.0	0.0	0.0	0.0	0.0	0.0	0.0	0.0	0.0	0.0	0.0	0.3146497239458488	0.6533001410624102	0.7225450606966408	0.8616293428775266	0.6456421827335821	1.7577528885982123	0.0	0.9333333333333333	0.0	0.0	1.1090750436300174	0.8119952436212624	2.351503630948113	1.100379603980712	0.7114191837803109	1.0473608978058866	0.37046868400518296	0.6177161905959718	0.6827803978879603	1.4517543859649122	0.5493988704623697	1.2036514242343035	0.776843814169408	0.2955548967768803	0.20317460317460317	0.75	0.0	0.0	0.0	0.0	0.0
	# checklists reporting species - (White-rumped Sandpiper)	0.0	0.0	0.0	0.0	0.0	0.0	0.0	0.0	0.0	0.0	0.0	0.0	0.0	0.0	0.0	0	0.0	23	16	106	52	9	4	0.0	3	0.0	0.0	2	24	37	6	19	36	8	31	14	6	17	19	53	20	6	2	0.0	0.0	0.0	0.0	0.0
	
High Count
	White-rumped Sandpiper	0.0	0.0	0.0	0.0	0.0	0.0	0.0	0.0	0.0	0.0	0.0	0.0	0.0	0.0	0.0	1	0.0	4	4	22	3	2	2	0.0	2	0.0	0.0	2	3	4	1	2	3	1	5	11	6	11	10	6	2	6	1	0.0	0.0	0.0	0.0	0.0
	# checklists reporting species - (White-rumped Sandpiper)	0.0	0.0	0.0	0.0	0.0	0.0	0.0	0.0	0.0	0.0	0.0	0.0	0.0	0.0	0.0	1	0.0	24	18	111	52	9	5	0.0	4	0.0	0.0	3	29	40	6	20	38	9	32	17	10	21	20	58	23	7	2	0.0	0.0	0.0	0.0	0.0
	
Totals
	White-rumped Sandpiper	0.0	0.0	0.0	0.0	0.0	0.0	0.0	0.0	0.0	0.0	0.0	0.0	0.0	0.0	0.0	0	0.0	31	32	183	63	11	7	0.0	7	0.0	0.0	4	33	54	6	23	57	8	57	33	22	54	41	99	23	13	2	0.0	0.0	0.0	0.0	0.0
	# checklists reporting species - (White-rumped Sandpiper)	0.0	0.0	0.0	0.0	0.0	0.0	0.0	0.0	0.0	0.0	0.0	0.0	0.0	0.0	0.0	0	0.0	24	17	110	52	9	5	0.0	4	0.0	0.0	3	29	40	6	20	38	8	32	17	8	20	19	57	21	7	2	0.0	0.0	0.0	0.0	0.0
	
Average Count
	White-rumped Sandpiper	0.0	0.0	0.0	0.0	0.0	0.0	0.0	0.0	0.0	0.0	0.0	0.0	0.0	0.0	0.0	0.0	0.0	1.2916666666666667	1.8823529411764706	1.6636363636363636	1.2115384615384615	1.2222222222222223	1.4	0.0	1.75	0.0	0.0	1.3333333333333333	1.1379310344827587	1.35	1.0	1.15	1.5	1.0	1.78125	1.9411764705882353	2.75	2.7	2.1578947368421053	1.736842105263158	1.0952380952380953	1.8571428571428572	1.0	0.0	0.0	0.0	0.0	0.0
	# checklists reporting species - (White-rumped Sandpiper)	0.0	0.0	0.0	0.0	0.0	0.0	0.0	0.0	0.0	0.0	0.0	0.0	0.0	0.0	0.0	0	0.0	24	17	110	52	9	5	0.0	4	0.0	0.0	3	29	40	6	20	38	8	32	17	8	20	19	57	21	7	2	0.0	0.0	0.0	0.0	0.0
	
