

	Week starting on...	1/1	1/8	1/15	1/22	2/1	2/8	2/15	2/22	3/1	3/8	3/15	3/22	4/1	4/8	4/15	4/22	5/1	5/8	5/15	5/22	6/1	6/8	6/15	6/22	7/1	7/8	7/15	7/22	8/1	8/8	8/15	8/22	9/1	9/8	9/15	9/22	10/1	10/8	10/15	10/22	11/1	11/8	11/15	11/22	12/1	12/8	12/15	12/22
Frequency (%)
	Green Heron	0.0	0.0	0.0	0.0	0.0	0.0	0.0	0.0	0.0	0.0	0.0	0.0	0.0	0.02359046945034206	0.11170688114387846	1.3433063654403907	3.655013002022537	1.992932862190813	1.894513488936041	3.1882181582780382	1.6679021497405486	0.8605851979345954	0.9200968523002421	0.5907837731390311	0.9977827050997782	1.6843418590143482	1.4790996784565917	1.3163867453472538	2.5153374233128836	3.7102473498233217	3.60125260960334	3.7755102040816326	5.311425296140619	2.886115444617785	2.7339237581825184	2.2769806612601373	0.5359056806002144	0.2828854314002829	0.07147962830593281	0.0	0.0	0.0	0.0	0.0	0.0	0.0	0.0	0.0
	Total # checklists submitted - (Green Heron)	4647	3500	3030	4287	2903	3748	5456	3029	3408	3753	4232	5749	4440	4239	4476	6551	6922	7075	6598	6179	2698	2324	2065	2539	1804	1603	1555	2203	1630	1698	1916	2940	2617	2564	2597	3206	2799	2828	2798	3738	2680	2700	2440	2955	2284	2331	2683	4466
	
Abundance
	Green Heron	0.0	0.0	0.0	0.0	0.0	0.0	0.0	0.0	0.0	0.0	0.0	0.0	0.0	2.3590469450342062E-4	0.0011170688114387846	0.0157227904136773	0.0499855533082924	0.020353356890459365	0.021370112155198545	0.03948859038679398	0.02335063009636768	0.010757314974182444	0.01162227602905569	0.00669554942890902	0.012195121951219513	0.019962570180910792	0.016720257234726688	0.02088061733999092	0.04049079754601227	0.04652532391048292	0.04018789144050104	0.04693877551020408	0.06954528085594192	0.03471138845553822	0.03234501347708895	0.025888958203368683	0.0057163272597356195	0.002828854314002829	7.147962830593281E-4	0.0	0.0	0.0	0.0	0.0	0.0	0.0	0.0	0.0
	Total # checklists submitted - (Green Heron)	4647	3500	3030	4287	2903	3748	5456	3029	3408	3753	4232	5749	4440	4239	4476	6551	6922	7075	6598	6179	2698	2324	2065	2539	1804	1603	1555	2203	1630	1698	1916	2940	2617	2564	2597	3206	2799	2828	2798	3738	2680	2700	2440	2955	2284	2331	2683	4466
	
Birds Per Party Hour
	Green Heron	0.0	0.0	0.0	0.0	0.0	0.0	0.0	0.0	0.0	0.0	0.0	0.0	0.0	0.2857142857142857	0.415340293406685	1.1302228433664014	0.8703755124224676	0.7206918701610541	0.6390124609773897	1.1211282680684878	0.7397968512613498	1.0201950651809888	0.8542469904278563	0.6841071499963427	2.317179501072785	2.073322081644656	1.4826728975559256	2.127512266417155	1.9931061854831686	1.0717987207836188	0.7178976387255533	0.6978692135892736	0.7211416464164083	0.5727257049153024	0.5787683085370188	0.49776591747208254	0.5366160451707453	0.2765684545953509	0.42857142857142855	0.0	0.0	0.0	0.0	0.0	0.0	0.0	0.0	0.0
	# checklists reporting species - (Green Heron)	1	0.0	0.0	0.0	0.0	0.0	0.0	0.0	0.0	0.0	0.0	0.0	0.0	1	6	91	279	146	136	213	52	21	18	18	19	27	24	35	43	69	73	114	141	80	72	78	16	8	2	0.0	0.0	0.0	0.0	0.0	0.0	0.0	0.0	0.0
	
High Count
	Green Heron	1	0.0	0.0	0.0	0.0	0.0	0.0	0.0	0.0	0.0	0.0	0.0	0.0	1	1	3	3	3	3	3	4	3	4	2	4	4	5	6	5	5	3	4	4	4	5	3	2	1	1	0.0	0.0	0.0	0.0	0.0	0.0	0.0	0.0	0.0
	# checklists reporting species - (Green Heron)	1	0.0	0.0	0.0	0.0	0.0	0.0	0.0	0.0	0.0	0.0	0.0	0.0	1	6	101	284	154	139	224	58	25	26	25	19	32	27	40	54	74	79	132	155	89	84	89	17	10	2	0.0	0.0	0.0	0.0	0.0	0.0	0.0	0.0	0.0
	
Totals
	Green Heron	1	0.0	0.0	0.0	0.0	0.0	0.0	0.0	0.0	0.0	0.0	0.0	0.0	1	6	116	392	158	157	272	76	29	31	27	23	37	35	66	82	96	86	169	200	106	101	102	18	10	2	0.0	0.0	0.0	0.0	0.0	0.0	0.0	0.0	0.0
	# checklists reporting species - (Green Heron)	1	0.0	0.0	0.0	0.0	0.0	0.0	0.0	0.0	0.0	0.0	0.0	0.0	1	6	99	280	150	138	220	57	23	24	25	19	30	27	38	53	73	76	131	151	88	81	89	17	10	2	0.0	0.0	0.0	0.0	0.0	0.0	0.0	0.0	0.0
	
Average Count
	Green Heron	1.0	0.0	0.0	0.0	0.0	0.0	0.0	0.0	0.0	0.0	0.0	0.0	0.0	1.0	1.0	1.1717171717171717	1.4	1.0533333333333332	1.1376811594202898	1.2363636363636363	1.3333333333333333	1.2608695652173914	1.2916666666666667	1.08	1.2105263157894737	1.2333333333333334	1.2962962962962963	1.736842105263158	1.5471698113207548	1.3150684931506849	1.131578947368421	1.2900763358778626	1.3245033112582782	1.2045454545454546	1.2469135802469136	1.146067415730337	1.0588235294117647	1.0	1.0	0.0	0.0	0.0	0.0	0.0	0.0	0.0	0.0	0.0
	# checklists reporting species - (Green Heron)	1	0.0	0.0	0.0	0.0	0.0	0.0	0.0	0.0	0.0	0.0	0.0	0.0	1	6	99	280	150	138	220	57	23	24	25	19	30	27	38	53	73	76	131	151	88	81	89	17	10	2	0.0	0.0	0.0	0.0	0.0	0.0	0.0	0.0	0.0
	
