

	Week starting on...	1/1	1/8	1/15	1/22	2/1	2/8	2/15	2/22	3/1	3/8	3/15	3/22	4/1	4/8	4/15	4/22	5/1	5/8	5/15	5/22	6/1	6/8	6/15	6/22	7/1	7/8	7/15	7/22	8/1	8/8	8/15	8/22	9/1	9/8	9/15	9/22	10/1	10/8	10/15	10/22	11/1	11/8	11/15	11/22	12/1	12/8	12/15	12/22
Frequency (%)
	Ruby-throated Hummingbird	0.0	0.0	0.0	0.0	0.0	0.0	0.0	0.0	0.0	0.0	0.0	0.0	0.0	0.0	0.0	0.0	1.1846287200231147	4.876325088339223	8.214610488026675	6.392620165075255	4.040029651593773	4.1738382099827875	5.278450363196126	4.686884600236314	3.8802660753880267	3.8053649407361196	5.209003215434083	6.990467544257831	8.03680981595092	10.188457008244994	12.31732776617954	18.16326530612245	20.863584256782573	20.16380655226209	12.475933769734308	4.9282595134123515	1.0360843158270812	0.14144271570014144	0.07147962830593281	0.13376136971642588	0.0373134328358209	0.0	0.0	0.0	0.0	0.0	0.0	0.0
	Total # checklists submitted - (Ruby-throated Hummingbird)	4647	3500	3030	4287	2903	3748	5456	3029	3408	3753	4232	5749	4440	4239	4476	6551	6922	7075	6598	6179	2698	2324	2065	2539	1804	1603	1555	2203	1630	1698	1916	2940	2617	2564	2597	3206	2799	2828	2798	3738	2680	2700	2440	2955	2284	2331	2683	4466
	
Abundance
	Ruby-throated Hummingbird	0.0	0.0	0.0	0.0	0.0	0.0	0.0	0.0	0.0	0.0	0.0	0.0	0.0	0.0	0.0	0.0	0.013435423288067032	0.06318021201413428	0.09654440739618066	0.07315099530668392	0.04892512972572276	0.04647160068846816	0.061016949152542375	0.05671524222134699	0.04379157427937916	0.043044291952588895	0.05659163987138264	0.08034498411257376	0.09263803680981596	0.13604240282685512	0.17693110647181629	0.2782312925170068	0.3305311425296141	0.33502340093603744	0.1640354254909511	0.06706175920149719	0.014648088603072526	0.0014144271570014145	7.147962830593281E-4	0.001337613697164259	3.7313432835820896E-4	0.0	0.0	0.0	0.0	0.0	0.0	0.0
	Total # checklists submitted - (Ruby-throated Hummingbird)	4647	3500	3030	4287	2903	3748	5456	3029	3408	3753	4232	5749	4440	4239	4476	6551	6922	7075	6598	6179	2698	2324	2065	2539	1804	1603	1555	2203	1630	1698	1916	2940	2617	2564	2597	3206	2799	2828	2798	3738	2680	2700	2440	2955	2284	2331	2683	4466
	
Birds Per Party Hour
	Ruby-throated Hummingbird	0.0	0.0	0.0	0.0	0.0	0.0	0.0	0.0	0.0	0.0	0.0	0.0	0.0	0.0	0.0	0.0	1.875679394232482	2.936680672254688	1.0654906685726009	1.0961998047485557	1.5146058129412234	1.1725264593494826	2.697737229833073	1.0305185148799518	1.7720273021347481	2.725150316974167	1.5272423006036036	2.2145188693079403	1.5231053265259222	2.817906351547195	1.5442988120755503	2.6540028557507584	1.471721475855811	1.809423360044864	1.0905883012177622	0.8253552674869445	0.9457770661486518	1.868989452040108	0.23333333333333334	0.41943507061617297	0.3333333333333333	0.0	0.0	0.0	0.0	0.0	0.0	0.0
	# checklists reporting species - (Ruby-throated Hummingbird)	0.0	0.0	0.0	0.0	0.0	0.0	0.0	0.0	0.0	0.0	0.0	0.0	0.0	0.0	0.0	0.0	86	377	575	420	133	103	121	135	77	69	87	165	134	182	263	558	559	538	328	164	33	5	3	5	1	0.0	0.0	0.0	0.0	0.0	0.0	0.0
	
High Count
	Ruby-throated Hummingbird	0.0	0.0	0.0	0.0	0.0	0.0	0.0	0.0	0.0	0.0	0.0	0.0	0.0	0.0	0.0	0.0	2	18	14	6	4	3	3	5	3	2	3	3	4	4	6	14	14	9	6	10	3	1	1	1	1	0.0	0.0	0.0	0.0	0.0	0.0	0.0
	# checklists reporting species - (Ruby-throated Hummingbird)	0.0	0.0	0.0	0.0	0.0	0.0	0.0	0.0	0.0	0.0	0.0	0.0	0.0	0.0	0.0	0.0	98	422	635	459	147	118	130	149	83	73	91	177	152	188	279	617	601	577	361	172	38	5	3	5	1	0.0	0.0	0.0	0.0	0.0	0.0	0.0
	
Totals
	Ruby-throated Hummingbird	0.0	0.0	0.0	0.0	0.0	0.0	0.0	0.0	0.0	0.0	0.0	0.0	0.0	0.0	0.0	0.0	108	545	746	514	170	130	147	173	93	81	98	201	176	250	388	942	945	938	469	234	49	5	3	5	1	0.0	0.0	0.0	0.0	0.0	0.0	0.0
	# checklists reporting species - (Ruby-throated Hummingbird)	0.0	0.0	0.0	0.0	0.0	0.0	0.0	0.0	0.0	0.0	0.0	0.0	0.0	0.0	0.0	0.0	96	413	608	445	147	117	127	147	81	72	91	175	147	187	276	603	588	567	352	171	34	5	3	5	1	0.0	0.0	0.0	0.0	0.0	0.0	0.0
	
Average Count
	Ruby-throated Hummingbird	0.0	0.0	0.0	0.0	0.0	0.0	0.0	0.0	0.0	0.0	0.0	0.0	0.0	0.0	0.0	0.0	1.125	1.3196125907990315	1.2269736842105263	1.155056179775281	1.1564625850340136	1.1111111111111112	1.1574803149606299	1.1768707482993197	1.1481481481481481	1.125	1.0769230769230769	1.1485714285714286	1.1972789115646258	1.3368983957219251	1.4057971014492754	1.5621890547263682	1.6071428571428572	1.654320987654321	1.3323863636363635	1.368421052631579	1.4411764705882353	1.0	1.0	1.0	1.0	0.0	0.0	0.0	0.0	0.0	0.0	0.0
	# checklists reporting species - (Ruby-throated Hummingbird)	0.0	0.0	0.0	0.0	0.0	0.0	0.0	0.0	0.0	0.0	0.0	0.0	0.0	0.0	0.0	0.0	96	413	608	445	147	117	127	147	81	72	91	175	147	187	276	603	588	567	352	171	34	5	3	5	1	0.0	0.0	0.0	0.0	0.0	0.0	0.0
	
