

	Week starting on...	1/1	1/8	1/15	1/22	2/1	2/8	2/15	2/22	3/1	3/8	3/15	3/22	4/1	4/8	4/15	4/22	5/1	5/8	5/15	5/22	6/1	6/8	6/15	6/22	7/1	7/8	7/15	7/22	8/1	8/8	8/15	8/22	9/1	9/8	9/15	9/22	10/1	10/8	10/15	10/22	11/1	11/8	11/15	11/22	12/1	12/8	12/15	12/22
Frequency (%)
	Rose-breasted Grosbeak	0.0	0.0	0.0	0.0	0.0	0.0	0.0	0.0	0.0	0.0	0.0	0.0	0.0	0.0	0.0	0.1526484506182262	8.682461716266975	22.925795053003533	26.508032737193087	7.266547985110859	3.40993328391401	3.098106712564544	2.6150121065375305	2.4419062623079952	2.106430155210643	2.1834061135371177	1.7363344051446947	0.9986382206082615	1.165644171779141	1.5312131919905771	1.6179540709812108	2.7891156462585034	6.381352693924342	8.346333853354135	5.814401232190989	3.0879600748596383	1.3576277241872097	0.2828854314002829	0.25017869907076484	0.05350454788657035	0.0	0.0	0.0	0.0	0.0	0.0	0.03727171077152441	0.022391401701746527
	Total # checklists submitted - (Rose-breasted Grosbeak)	4647	3500	3030	4287	2903	3748	5456	3029	3408	3753	4232	5749	4440	4239	4476	6551	6922	7075	6598	6179	2698	2324	2065	2539	1804	1603	1555	2203	1630	1698	1916	2940	2617	2564	2597	3206	2799	2828	2798	3738	2680	2700	2440	2955	2284	2331	2683	4466
	
Abundance
	Rose-breasted Grosbeak	0.0	0.0	0.0	0.0	0.0	0.0	0.0	0.0	0.0	0.0	0.0	0.0	0.0	0.0	0.0	0.002137078308655167	0.15616873735914474	0.5990106007067137	0.6956653531373144	0.10988833144521767	0.04336545589325426	0.04345955249569707	0.03777239709443099	0.03938558487593541	0.026053215077605323	0.02994385527136619	0.022508038585209004	0.011802088061733999	0.011042944785276074	0.01884570082449941	0.024008350730688934	0.04115646258503401	0.11692777990064959	0.16809672386895474	0.12783981517135157	0.049282595134123516	0.017506252232940337	0.002828854314002829	0.0032165832737669764	5.350454788657035E-4	0.0	0.0	0.0	0.0	0.0	0.0	3.727171077152441E-4	2.239140170174653E-4
	Total # checklists submitted - (Rose-breasted Grosbeak)	4647	3500	3030	4287	2903	3748	5456	3029	3408	3753	4232	5749	4440	4239	4476	6551	6922	7075	6598	6179	2698	2324	2065	2539	1804	1603	1555	2203	1630	1698	1916	2940	2617	2564	2597	3206	2799	2828	2798	3738	2680	2700	2440	2955	2284	2331	2683	4466
	
Birds Per Party Hour
	Rose-breasted Grosbeak	0.0	0.0	0.0	0.0	0.0	0.0	0.0	0.0	0.0	0.0	0.0	0.0	0.0	0.0	0.0	1.0541270957104758	2.0545401999402064	2.806632537142495	2.2745947996355116	1.852503606697925	2.60826481905315	2.193166771068279	2.3162576118138056	6.347415207257386	2.8696674896069525	1.4926757856459376	1.129913302113439	1.5969090518948856	0.937487756455391	2.5119246341178068	1.1902262045251177	0.823832907409462	1.1765138355395288	2.227091205555296	2.3205979830104626	1.2926487569680862	1.0412222812251186	1.0096700390378441	0.6768999102764035	0.55	0.0	0.0	0.0	0.0	0.0	0.0	0.16	0.0
	# checklists reporting species - (Rose-breasted Grosbeak)	0.0	0.0	0.0	0.0	0.0	0.0	0.0	0.0	0.0	0.0	0.0	0.0	0.0	0.0	0.0	11	831	2433	2672	1024	182	74	63	62	37	35	28	22	21	27	35	88	167	231	166	96	40	9	8	2	1	0.0	0.0	0.0	0.0	0.0	1	1
	
High Count
	Rose-breasted Grosbeak	0.0	0.0	0.0	0.0	0.0	0.0	0.0	0.0	0.0	0.0	0.0	0.0	0.0	0.0	0.0	4	20	32	127	20	7	5	4	6	3	4	3	2	2	2	5	4	11	16	20	10	3	1	2	1	1	0.0	0.0	0.0	0.0	0.0	1	1
	# checklists reporting species - (Rose-breasted Grosbeak)	0.0	0.0	0.0	0.0	0.0	0.0	0.0	0.0	0.0	0.0	0.0	0.0	0.0	0.0	0.0	12	901	2602	2811	1078	213	123	104	115	70	46	29	24	23	29	38	94	177	244	177	114	42	9	8	2	1	0.0	0.0	0.0	0.0	0.0	1	2
	
Totals
	Rose-breasted Grosbeak	0.0	0.0	0.0	0.0	0.0	0.0	0.0	0.0	0.0	0.0	0.0	0.0	0.0	0.0	0.0	16	1748	7451	7712	2075	289	155	130	152	79	60	39	28	22	35	52	132	320	474	358	170	53	9	10	2	1	0.0	0.0	0.0	0.0	0.0	1	1
	# checklists reporting species - (Rose-breasted Grosbeak)	0.0	0.0	0.0	0.0	0.0	0.0	0.0	0.0	0.0	0.0	0.0	0.0	0.0	0.0	0.0	12	873	2523	2737	1057	211	121	102	112	67	44	29	24	21	29	36	93	171	236	172	106	42	9	8	2	1	0.0	0.0	0.0	0.0	0.0	1	1
	
Average Count
	Rose-breasted Grosbeak	0.0	0.0	0.0	0.0	0.0	0.0	0.0	0.0	0.0	0.0	0.0	0.0	0.0	0.0	0.0	1.3333333333333333	2.002290950744559	2.9532302814110185	2.8176835951772015	1.9631031220435193	1.3696682464454977	1.28099173553719	1.2745098039215685	1.3571428571428572	1.1791044776119404	1.3636363636363635	1.3448275862068966	1.1666666666666667	1.0476190476190477	1.206896551724138	1.4444444444444444	1.4193548387096775	1.871345029239766	2.0084745762711864	2.0813953488372094	1.6037735849056605	1.2619047619047619	1.0	1.25	1.0	1.0	0.0	0.0	0.0	0.0	0.0	1.0	1.0
	# checklists reporting species - (Rose-breasted Grosbeak)	0.0	0.0	0.0	0.0	0.0	0.0	0.0	0.0	0.0	0.0	0.0	0.0	0.0	0.0	0.0	12	873	2523	2737	1057	211	121	102	112	67	44	29	24	21	29	36	93	171	236	172	106	42	9	8	2	1	0.0	0.0	0.0	0.0	0.0	1	1
	
