

	Week starting on...	1/1	1/8	1/15	1/22	2/1	2/8	2/15	2/22	3/1	3/8	3/15	3/22	4/1	4/8	4/15	4/22	5/1	5/8	5/15	5/22	6/1	6/8	6/15	6/22	7/1	7/8	7/15	7/22	8/1	8/8	8/15	8/22	9/1	9/8	9/15	9/22	10/1	10/8	10/15	10/22	11/1	11/8	11/15	11/22	12/1	12/8	12/15	12/22
Frequency (%)
	Tree Swallow	0.0	0.0	0.0	0.0	0.0	0.0	0.018328445747800588	0.0	0.0	0.05329070077271516	0.9924385633270321	4.97477822229953	17.454954954954953	26.09105921207832	31.881143878462915	37.185162570599914	39.164981219300785	36.15547703180212	38.02667474992422	41.54393914872957	30.392883617494444	29.604130808950085	28.910411622276026	23.198109491925955	23.004434589800443	23.892701185277605	21.864951768488748	19.609623241034953	18.773006134969325	15.076560659599528	14.457202505219207	8.877551020408163	4.852884982804738	1.40405616224649	0.4235656526761648	0.3119151590767312	0.285816362986781	0.14144271570014144	0.10721944245889921	0.1070090957731407	0.0746268656716418	0.037037037037037035	0.040983606557377046	0.0	0.0	0.0	0.0	0.0
	Total # checklists submitted - (Tree Swallow)	4647	3500	3030	4287	2903	3748	5456	3029	3408	3753	4232	5749	4440	4239	4476	6551	6922	7075	6598	6179	2698	2324	2065	2539	1804	1603	1555	2203	1630	1698	1916	2940	2617	2564	2597	3206	2799	2828	2798	3738	2680	2700	2440	2955	2284	2331	2683	4466
	
Abundance
	Tree Swallow	0.0	0.0	0.0	0.0	0.0	0.0	0.0	0.0	0.0	5.329070077271516E-4	0.015831758034026464	0.3344929552965733	2.2195945945945947	4.399386647794291	5.823056300268097	7.4944283315524345	6.18477318694019	5.008904593639576	4.323128220672931	4.068943194691697	2.41882876204596	2.40447504302926	2.260532687651332	2.124458448207956	3.0715077605321506	2.321272613849033	2.582636655948553	2.35406264185202	1.9595092024539877	1.336866902237927	0.912839248434238	0.5350340136054422	0.2812380588460069	0.08970358814352575	0.015402387370042356	0.031191515907673113	0.010360843158270811	0.002828854314002829	0.0028591851322373124	0.001070090957731407	7.462686567164179E-4	3.7037037037037035E-4	4.098360655737705E-4	0.0	0.0	0.0	0.0	0.0
	Total # checklists submitted - (Tree Swallow)	4647	3500	3030	4287	2903	3748	5456	3029	3408	3753	4232	5749	4440	4239	4476	6551	6922	7075	6598	6179	2698	2324	2065	2539	1804	1603	1555	2203	1630	1698	1916	2940	2617	2564	2597	3206	2799	2828	2798	3738	2680	2700	2440	2955	2284	2331	2683	4466
	
Birds Per Party Hour
	Tree Swallow	0.0	0.0	0.0	0.0	0.0	0.0	0.0	0.0	0.0	1.6123978201634876	0.6926585717556798	7.181328274001735	9.19428570032749	12.135352658016942	13.05157929072745	16.53693805645248	10.621253280053725	11.063300176341707	7.563050793297694	6.639991475302699	8.054999231419604	9.672517490473627	11.678730316439593	11.598955249298204	11.954386800595879	10.30554163330101	9.010390021254102	9.727585241919593	11.213195416768485	7.243393748331328	4.657034961786005	4.256998048538823	4.205236001551983	1.1999129697572173	0.9187507801391879	1.4021941485408127	1.8025976745398813	1.0	7.638125163655407	0.4236608266405242	0.2847862036380817	0.6666666666666666	0.7057163020465773	0.0	0.0	0.0	0.0	0.0
	# checklists reporting species - (Tree Swallow)	0.0	0.0	0.0	0.0	0.0	0.0	0	0.0	0.0	2	41	284	740	1052	1306	2196	2392	2291	2229	2289	742	634	544	539	374	342	317	384	275	238	250	230	122	33	9	11	7	3	2	4	2	1	1	0.0	0.0	0.0	0.0	0.0
	
High Count
	Tree Swallow	0.0	0.0	0.0	0.0	0.0	0.0	1	0.0	0.0	1	5	100	200	300	300	950	230	400	200	200	86	75	100	260	300	200	200	243	200	150	170	100	50	100	10	60	15	6	6	2	1	1	1	0.0	0.0	0.0	0.0	0.0
	# checklists reporting species - (Tree Swallow)	0.0	0.0	0.0	0.0	0.0	0.0	1	0.0	0.0	2	46	312	837	1182	1522	2588	2859	2699	2658	2739	882	762	665	646	453	404	369	461	322	282	300	274	135	38	12	11	9	5	3	5	3	1	1	0.0	0.0	0.0	0.0	0.0
	
Totals
	Tree Swallow	0.0	0.0	0.0	0.0	0.0	0.0	0	0.0	0.0	2	74	2073	10425	19338	27075	50478	44025	37004	29342	26074	6775	5791	4809	5549	5731	3745	4137	5388	3240	2321	1821	1594	765	230	40	118	29	9	8	6	3	1	1	0.0	0.0	0.0	0.0	0.0
	# checklists reporting species - (Tree Swallow)	0.0	0.0	0.0	0.0	0.0	0.0	0	0.0	0.0	2	42	295	774	1079	1335	2245	2450	2323	2257	2340	759	682	584	569	388	348	320	390	279	243	253	236	126	34	11	11	8	4	3	5	3	1	1	0.0	0.0	0.0	0.0	0.0
	
Average Count
	Tree Swallow	0.0	0.0	0.0	0.0	0.0	0.0	0.0	0.0	0.0	1.0	1.7619047619047619	7.027118644067796	13.468992248062015	17.92215013901761	20.280898876404493	22.484632516703787	17.96938775510204	15.929401635815756	13.000443066016837	11.142735042735042	8.926218708827404	8.491202346041055	8.23458904109589	9.75219683655536	14.77061855670103	10.761494252873563	12.928125	13.815384615384616	11.612903225806452	9.551440329218106	7.1976284584980235	6.754237288135593	6.071428571428571	6.764705882352941	3.6363636363636362	10.727272727272727	3.625	2.25	2.6666666666666665	1.2	1.0	1.0	1.0	0.0	0.0	0.0	0.0	0.0
	# checklists reporting species - (Tree Swallow)	0.0	0.0	0.0	0.0	0.0	0.0	0	0.0	0.0	2	42	295	774	1079	1335	2245	2450	2323	2257	2340	759	682	584	569	388	348	320	390	279	243	253	236	126	34	11	11	8	4	3	5	3	1	1	0.0	0.0	0.0	0.0	0.0
	
