

	Week starting on...	1/1	1/8	1/15	1/22	2/1	2/8	2/15	2/22	3/1	3/8	3/15	3/22	4/1	4/8	4/15	4/22	5/1	5/8	5/15	5/22	6/1	6/8	6/15	6/22	7/1	7/8	7/15	7/22	8/1	8/8	8/15	8/22	9/1	9/8	9/15	9/22	10/1	10/8	10/15	10/22	11/1	11/8	11/15	11/22	12/1	12/8	12/15	12/22
Frequency (%)
	Dunlin	0.0	0.0	0.0	0.0	0.0	0.0	0.0	0.0	0.0	0.0	0.0	0.017394329448599758	0.02252252252252252	0.5189903279075253	0.37980339588918677	0.22897267592733936	0.24559375902918232	1.2296819787985867	5.547135495604729	12.817608027188864	5.003706449221646	1.0757314974182444	0.24213075060532688	0.03938558487593541	0.11086474501108648	0.0	0.0	0.0	0.0	0.11778563015312131	2.5052192066805845	0.3401360544217687	0.19105846388995032	1.2090483619344774	1.6172506738544474	2.1834061135371177	3.644158628081458	3.147100424328147	4.503216583273767	5.136436597110754	3.32089552238806	1.7407407407407407	0.6557377049180327	0.1692047377326565	0.043782837127845885	0.0429000429000429	0.07454342154304883	0.022391401701746527
	Total # checklists submitted - (Dunlin)	4647	3500	3030	4287	2903	3748	5456	3029	3408	3753	4232	5749	4440	4239	4476	6551	6922	7075	6598	6179	2698	2324	2065	2539	1804	1603	1555	2203	1630	1698	1916	2940	2617	2564	2597	3206	2799	2828	2798	3738	2680	2700	2440	2955	2284	2331	2683	4466
	
Abundance
	Dunlin	0.0	0.0	0.0	0.0	0.0	0.0	0.0	0.0	0.0	0.0	0.0	1.7394329448599757E-4	2.2522522522522523E-4	0.012031139419674451	0.005585344057193923	0.004121508166692108	0.004189540595203698	0.03109540636042403	0.7917550772961504	6.752710794626962	0.15715344699777614	0.012908777969018933	0.004842615012106538	0.0011815675462780622	0.0011086474501108647	0.0	0.0	0.0	0.0	0.001177856301531213	0.027661795407098122	0.003401360544217687	0.0019105846388995033	0.015600624024960999	0.02464381979206777	0.05489706799750468	0.1382636655948553	0.23161244695898162	0.4517512508934953	0.4339218833600856	0.21194029850746268	0.06592592592592593	0.01680327868852459	0.0040609137055837565	4.3782837127845885E-4	4.29000429000429E-4	7.454342154304882E-4	2.239140170174653E-4
	Total # checklists submitted - (Dunlin)	4647	3500	3030	4287	2903	3748	5456	3029	3408	3753	4232	5749	4440	4239	4476	6551	6922	7075	6598	6179	2698	2324	2065	2539	1804	1603	1555	2203	1630	1698	1916	2940	2617	2564	2597	3206	2799	2828	2798	3738	2680	2700	2440	2955	2284	2331	2683	4466
	
Birds Per Party Hour
	Dunlin	0.0	0.0	0.0	0.0	0.0	0.0	0.0	0.0	0.0	0.0	0.0	0.5	0.3333333333333333	2.4147594387294387	1.2517949997922801	0.6037094547964114	0.5215347084611934	1.2660855847518913	5.32795145014837	19.1287763671777	1.568315865173366	0.7981787455245989	0.6334733893557423	3.0	0.8466666666666667	1.0	1.0	1.0	0.0	0.4222222222222222	0.6685469323298533	0.6225619110192043	0.7952854375888668	0.41508813403522626	0.8115627226586637	1.0403862172124827	1.6455289093743417	1.4437443795391385	2.795568919311382	1.7580446118784112	2.2449318686683015	1.1796154904921468	0.6490825277828776	0.6779556169274974	1.0905125408942202	0.6666666666666666	0.24074074074074073	1.0
	# checklists reporting species - (Dunlin)	0.0	0.0	0.0	0.0	0.0	0.0	0.0	0.0	0.0	0.0	0.0	1	1	23	19	18	19	91	394	831	146	28	7	1	5	1	2	1	0.0	2	50	11	6	32	47	72	105	91	123	204	93	46	16	6	1	1	2	1
	
High Count
	Dunlin	0.0	0.0	0.0	0.0	0.0	0.0	0.0	0.0	0.0	0.0	0.0	1	1	7	4	4	10	15	200	3400	20	3	3	3	1	1	1	1	0.0	1	6	1	2	4	8	30	50	125	200	500	100	25	8	8	1	1	1	1
	# checklists reporting species - (Dunlin)	0.0	0.0	0.0	0.0	0.0	0.0	0.0	0.0	0.0	0.0	0.0	1	1	24	21	19	20	97	416	917	156	30	7	1	5	1	2	1	0.0	3	51	11	7	34	49	85	117	101	139	229	105	53	20	7	2	2	2	1
	
Totals
	Dunlin	0.0	0.0	0.0	0.0	0.0	0.0	0.0	0.0	0.0	0.0	0.0	1	1	53	29	32	46	243	5980	45885	495	39	14	3	5	1	2	1	0.0	3	56	11	7	43	99	217	435	708	1311	1804	627	193	47	13	2	1	2	1
	# checklists reporting species - (Dunlin)	0.0	0.0	0.0	0.0	0.0	0.0	0.0	0.0	0.0	0.0	0.0	1	1	23	21	18	20	96	405	867	153	29	7	1	5	1	2	1	0.0	3	51	11	6	34	49	81	113	99	134	221	103	52	20	6	2	1	2	1
	
Average Count
	Dunlin	0.0	0.0	0.0	0.0	0.0	0.0	0.0	0.0	0.0	0.0	0.0	1.0	1.0	2.3043478260869565	1.380952380952381	1.7777777777777777	2.3	2.53125	14.765432098765432	52.92387543252595	3.235294117647059	1.3448275862068966	2.0	3.0	1.0	1.0	1.0	1.0	0.0	1.0	1.0980392156862746	1.0	1.1666666666666667	1.2647058823529411	2.020408163265306	2.6790123456790123	3.849557522123894	7.151515151515151	9.783582089552239	8.16289592760181	6.087378640776699	3.7115384615384617	2.35	2.1666666666666665	1.0	1.0	1.0	1.0
	# checklists reporting species - (Dunlin)	0.0	0.0	0.0	0.0	0.0	0.0	0.0	0.0	0.0	0.0	0.0	1	1	23	21	18	20	96	405	867	153	29	7	1	5	1	2	1	0.0	3	51	11	6	34	49	81	113	99	134	221	103	52	20	6	2	1	2	1
	
