

	Week starting on...	1/1	1/8	1/15	1/22	2/1	2/8	2/15	2/22	3/1	3/8	3/15	3/22	4/1	4/8	4/15	4/22	5/1	5/8	5/15	5/22	6/1	6/8	6/15	6/22	7/1	7/8	7/15	7/22	8/1	8/8	8/15	8/22	9/1	9/8	9/15	9/22	10/1	10/8	10/15	10/22	11/1	11/8	11/15	11/22	12/1	12/8	12/15	12/22
Frequency (%)
	Redhead	14.095115128039595	13.200000000000001	12.772277227722773	14.952181012362958	16.08680675163624	10.672358591248667	9.549120234604105	15.912842522284581	15.140845070422534	15.321076472155609	15.051984877126653	10.071316750739259	9.707207207207206	7.808445388063221	7.5290437890974085	3.236147153106396	1.2424154868535104	1.0176678445229683	1.0457714458926948	0.8091924259588931	0.18532246108228317	0.25817555938037867	0.1937046004842615	0.7483261126427727	0.11086474501108648	0.18714909544603867	0.19292604501607716	0.09078529278256922	0.06134969325153375	0.47114252061248524	0.5741127348643006	0.8503401360544218	1.4138326327856323	2.769110764430577	3.4270311898344246	4.242046163443543	4.501607717041801	6.329561527581331	6.754824874910651	8.293204922418406	8.73134328358209	10.0	9.057377049180328	8.866328257191201	10.332749562171628	13.17031317031317	10.361535594483787	11.86744290192566
	Total # checklists submitted - (Redhead)	4647	3500	3030	4287	2903	3748	5456	3029	3408	3753	4232	5749	4440	4239	4476	6551	6922	7075	6598	6179	2698	2324	2065	2539	1804	1603	1555	2203	1630	1698	1916	2940	2617	2564	2597	3206	2799	2828	2798	3738	2680	2700	2440	2955	2284	2331	2683	4466
	
Abundance
	Redhead	16.921024316763503	13.912	9.222112211221122	9.74737578726382	8.714433344815708	3.3652614727854857	3.8548387096774195	7.386266094420601	8.582159624413146	9.791899813482548	3.3034026465028354	1.495738389285093	1.0015765765765765	0.5465911771644256	0.291331546023235	0.12013433063654404	0.03380525859578157	0.026148409893992933	0.02440133373749621	0.01828774882667098	0.005189028910303929	0.00387263339070568	0.002421307506053269	0.008270972823946435	0.0011086474501108647	0.002495321272613849	0.0019292604501607716	9.078529278256923E-4	6.134969325153375E-4	0.007067137809187279	0.01826722338204593	0.04523809523809524	0.060374474589224306	0.09243369734789392	0.1686561417019638	0.1852776044915783	0.2779564130046445	0.7121640735502122	0.7698355968548963	1.3911182450508293	2.7645522388059702	5.677777777777778	6.68483606557377	8.397292724196278	10.426882661996498	15.886314886314887	17.1222512113306	14.410882221227048
	Total # checklists submitted - (Redhead)	4647	3500	3030	4287	2903	3748	5456	3029	3408	3753	4232	5749	4440	4239	4476	6551	6922	7075	6598	6179	2698	2324	2065	2539	1804	1603	1555	2203	1630	1698	1916	2940	2617	2564	2597	3206	2799	2828	2798	3738	2680	2700	2440	2955	2284	2331	2683	4466
	
Birds Per Party Hour
	Redhead	117.99217594738843	104.81808465505112	68.44113990530577	79.99640743723656	55.9140916659007	56.81058009146642	39.892295199517214	43.29398821197144	50.78467846734905	54.645397825249304	16.832823131100294	8.464388198426981	4.816059270150821	4.962715635615246	1.7733192598714689	1.6659076632327854	0.8470510056922101	0.8838040110400874	1.4905760812989464	0.9141934085687019	7.4493221601450665	0.9823186623179566	1.1875468867216805	0.6640301217126616	1.2857142857142858	0.2522584217274741	0.40677674578603373	2.0	0.1034340091021928	0.605133779560678	1.1758082283067008	1.894545272561217	1.555506798059336	1.0881105395571513	1.7489112918504108	1.495551358698513	2.6562195345943125	3.407009906350449	4.091106326762055	6.5125701732811345	9.512954602831494	44.34787493919317	61.69206960688207	103.79114580279548	62.74449051261509	96.08627082620556	124.59498004158665	115.682049449734
	# checklists reporting species - (Redhead)	597	422	360	601	428	371	497	454	466	531	591	533	412	321	327	206	74	71	67	51	6	7	4	21	2	4	3	1	2	7	11	25	36	72	91	140	128	174	178	295	221	250	202	238	210	272	259	495
	
High Count
	Redhead	2500	2138	2000	2500	1200	500	2000	1500	1350	1350	1350	500	359	100	40	40	15	10	9	8	6	3	2	2	1	4	1	1	1	4	7	25	16	10	21	30	25	60	55	100	306	790	600	1000	1500	1650	1830	1520
	# checklists reporting species - (Redhead)	704	498	414	701	496	419	555	512	553	625	681	616	462	354	359	231	92	79	74	56	7	8	4	22	2	4	3	4	2	8	13	31	41	75	99	149	141	196	216	349	259	296	240	294	265	346	306	570
	
Totals
	Redhead	80871	53143	29169	45932	25715	12788	21526	22917	30395	38323	14398	8682	4731	2399	1352	813	240	198	165	123	21	13	5	24	2	8	3	4	2	12	41	160	169	249	483	631	826	2181	2398	5715	7700	15830	17237	25375	24617	39637	49764	65447
	# checklists reporting species - (Redhead)	616	446	370	630	439	382	516	468	478	547	607	556	424	326	333	213	81	77	68	52	7	8	4	22	2	4	3	4	2	8	13	31	40	74	97	146	136	191	193	316	232	255	213	246	219	287	268	507
	
Average Count
	Redhead	131.2840909090909	119.15470852017937	78.83513513513513	72.90793650793651	58.57630979498861	33.47643979057592	41.71705426356589	48.967948717948715	63.58786610878661	70.06032906764169	23.719934102141682	15.615107913669064	11.158018867924529	7.358895705521473	4.06006006006006	3.816901408450704	2.962962962962963	2.5714285714285716	2.426470588235294	2.3653846153846154	3.0	1.625	1.25	1.0909090909090908	1.0	2.0	1.0	1.0	1.0	1.5	3.1538461538461537	5.161290322580645	4.225	3.364864864864865	4.979381443298969	4.321917808219178	6.073529411764706	11.418848167539267	12.424870466321243	18.085443037974684	33.189655172413794	62.07843137254902	80.92488262910798	103.15040650406505	112.40639269406392	138.10801393728224	185.6865671641791	129.08678500986193
	# checklists reporting species - (Redhead)	616	446	370	630	439	382	516	468	478	547	607	556	424	326	333	213	81	77	68	52	7	8	4	22	2	4	3	4	2	8	13	31	40	74	97	146	136	191	193	316	232	255	213	246	219	287	268	507
	
