

	Week starting on...	1/1	1/8	1/15	1/22	2/1	2/8	2/15	2/22	3/1	3/8	3/15	3/22	4/1	4/8	4/15	4/22	5/1	5/8	5/15	5/22	6/1	6/8	6/15	6/22	7/1	7/8	7/15	7/22	8/1	8/8	8/15	8/22	9/1	9/8	9/15	9/22	10/1	10/8	10/15	10/22	11/1	11/8	11/15	11/22	12/1	12/8	12/15	12/22
Frequency (%)
	Magnolia Warbler	0.0	0.0	0.0	0.0	0.0	0.0	0.0	0.0	0.0	0.0	0.0	0.0	0.0	0.0	0.0	0.0763242253091131	2.6148511990754115	17.003533568904594	34.57108214610488	17.122511733290178	0.8895478131949592	0.17211703958691912	0.09685230024213075	0.03938558487593541	0.0	0.0	0.0	0.0	0.0	0.7067137809187279	4.958246346555324	13.571428571428571	24.83760030569354	27.340093603744148	21.678860223334617	14.223331253898937	6.716684530189353	1.0254596888260255	0.46461758398856323	0.1070090957731407	0.0	0.0	0.0	0.0338409475465313	0.0	0.0	0.0	0.0
	Total # checklists submitted - (Magnolia Warbler)	4647	3500	3030	4287	2903	3748	5456	3029	3408	3753	4232	5749	4440	4239	4476	6551	6922	7075	6598	6179	2698	2324	2065	2539	1804	1603	1555	2203	1630	1698	1916	2940	2617	2564	2597	3206	2799	2828	2798	3738	2680	2700	2440	2955	2284	2331	2683	4466
	
Abundance
	Magnolia Warbler	0.0	0.0	0.0	0.0	0.0	0.0	0.0	0.0	0.0	0.0	0.0	0.0	0.0	0.0	0.0	7.632422530911311E-4	0.03236058942502167	0.39151943462897526	0.9089117914519551	0.3994173814533096	0.011489992587101558	0.007314974182444062	4.8426150121065375E-4	3.9385584875935406E-4	0.0	0.0	0.0	0.0	0.0	0.0088339222614841	0.08507306889352818	0.36462585034013606	0.8341612533435231	0.8377535101404057	0.568348093954563	0.28509045539613226	0.09753483386923902	0.010608203677510608	0.005718370264474625	0.001070090957731407	0.0	0.0	0.0	3.3840947546531303E-4	0.0	0.0	0.0	0.0
	Total # checklists submitted - (Magnolia Warbler)	4647	3500	3030	4287	2903	3748	5456	3029	3408	3753	4232	5749	4440	4239	4476	6551	6922	7075	6598	6179	2698	2324	2065	2539	1804	1603	1555	2203	1630	1698	1916	2940	2617	2564	2597	3206	2799	2828	2798	3738	2680	2700	2440	2955	2284	2331	2683	4466
	
Birds Per Party Hour
	Magnolia Warbler	0.0	0.0	0.0	0.0	0.0	0.0	0.0	0.0	0.0	0.0	0.0	0.0	0.0	0.0	0.0	0.4583333333333333	1.1225760168293075	1.7591054225630385	1.9907208045785931	1.8586281059139642	1.3854446749784455	1.3306058441490893	0.25100401606425704	0.25	0.0	0.0	0.0	0.0	0.3333333333333333	0.7464704621714134	0.9047307296000877	1.3489409833197517	1.703797910552045	2.0134587828190034	1.471321840975509	1.3471434554027828	0.7254910462397179	0.7675717823702305	0.4008473493325082	0.4560648952141155	0.0	0.0	0.0	0.5	0.0	0.0	0.0	0.0
	# checklists reporting species - (Magnolia Warbler)	0.0	0.0	0.0	0.0	0.0	0.0	0.0	0.0	0.0	0.0	0.0	0.0	0.0	0.0	0.0	4	251	1788	3322	2093	157	4	1	1	0.0	0.0	0.0	0.0	1	11	103	431	669	741	603	465	201	32	10	4	0.0	0.0	0.0	1	0.0	0.0	0.0	0.0
	
High Count
	Magnolia Warbler	0.0	0.0	0.0	0.0	0.0	0.0	0.0	0.0	0.0	0.0	0.0	0.0	0.0	0.0	0.0	1	11	61	212	30	8	10	1	1	0.0	0.0	0.0	0.0	1	2	6	40	60	35	27	20	9	2	5	1	0.0	0.0	0.0	1	0.0	0.0	0.0	0.0
	# checklists reporting species - (Magnolia Warbler)	0.0	0.0	0.0	0.0	0.0	0.0	0.0	0.0	0.0	0.0	0.0	0.0	0.0	0.0	0.0	5	273	1941	3558	2229	160	5	2	1	0.0	0.0	0.0	0.0	2	14	111	473	719	801	652	525	222	35	14	4	0.0	0.0	0.0	1	0.0	0.0	0.0	0.0
	
Totals
	Magnolia Warbler	0.0	0.0	0.0	0.0	0.0	0.0	0.0	0.0	0.0	0.0	0.0	0.0	0.0	0.0	0.0	5	380	4393	9490	5359	240	18	1	1	0.0	0.0	0.0	0.0	2	16	191	1238	2294	2375	1689	1063	319	37	17	4	0.0	0.0	0.0	1	0.0	0.0	0.0	0.0
	# checklists reporting species - (Magnolia Warbler)	0.0	0.0	0.0	0.0	0.0	0.0	0.0	0.0	0.0	0.0	0.0	0.0	0.0	0.0	0.0	5	259	1857	3416	2154	159	5	1	1	0.0	0.0	0.0	0.0	2	13	109	462	689	773	631	503	215	35	13	4	0.0	0.0	0.0	1	0.0	0.0	0.0	0.0
	
Average Count
	Magnolia Warbler	0.0	0.0	0.0	0.0	0.0	0.0	0.0	0.0	0.0	0.0	0.0	0.0	0.0	0.0	0.0	1.0	1.4671814671814671	2.365643511039311	2.778103044496487	2.487929433611885	1.509433962264151	3.6	1.0	1.0	0.0	0.0	0.0	0.0	1.0	1.2307692307692308	1.7522935779816513	2.6796536796536796	3.3294629898403483	3.072445019404916	2.676703645007924	2.113320079522863	1.4837209302325582	1.0571428571428572	1.3076923076923077	1.0	0.0	0.0	0.0	1.0	0.0	0.0	0.0	0.0
	# checklists reporting species - (Magnolia Warbler)	0.0	0.0	0.0	0.0	0.0	0.0	0.0	0.0	0.0	0.0	0.0	0.0	0.0	0.0	0.0	5	259	1857	3416	2154	159	5	1	1	0.0	0.0	0.0	0.0	2	13	109	462	689	773	631	503	215	35	13	4	0.0	0.0	0.0	1	0.0	0.0	0.0	0.0
	
