

	Week starting on...	1/1	1/8	1/15	1/22	2/1	2/8	2/15	2/22	3/1	3/8	3/15	3/22	4/1	4/8	4/15	4/22	5/1	5/8	5/15	5/22	6/1	6/8	6/15	6/22	7/1	7/8	7/15	7/22	8/1	8/8	8/15	8/22	9/1	9/8	9/15	9/22	10/1	10/8	10/15	10/22	11/1	11/8	11/15	11/22	12/1	12/8	12/15	12/22
Frequency (%)
	Bobolink	0.0	0.0	0.0	0.0	0.0	0.0	0.0	0.0	0.0	0.0	0.0	0.0	0.0	0.0	0.06702412868632708	0.0763242253091131	1.849176538572667	4.296819787985866	4.956047287056683	2.670335005664347	1.3343217197924389	1.5920826161790018	1.3559322033898304	1.2209531311539976	0.4988913525498891	0.37429819089207733	0.5144694533762058	0.40853381752156154	0.6134969325153374	1.0600706713780919	1.3048016701461378	1.1564625850340136	0.9552923194497517	0.5850234009360374	0.23103581055063535	0.2495321272613849	0.07145409074669525	0.0	0.0	0.0	0.0	0.037037037037037035	0.0	0.0	0.0	0.0	0.0	0.0
	Total # checklists submitted - (Bobolink)	4647	3500	3030	4287	2903	3748	5456	3029	3408	3753	4232	5749	4440	4239	4476	6551	6922	7075	6598	6179	2698	2324	2065	2539	1804	1603	1555	2203	1630	1698	1916	2940	2617	2564	2597	3206	2799	2828	2798	3738	2680	2700	2440	2955	2284	2331	2683	4466
	
Abundance
	Bobolink	0.0	0.0	0.0	0.0	0.0	0.0	0.0	0.0	0.0	0.0	0.0	0.0	0.0	0.0	6.702412868632708E-4	4.5794535185467866E-4	0.04348454203987287	0.13540636042402826	0.2059715065171264	0.10503317688946431	0.07005189028910304	0.06497418244406196	0.13801452784503632	0.31311539976368646	0.06541019955654102	0.015595757953836557	0.005144694533762058	0.0027235587834770767	0.07607361963190185	0.09305064782096584	0.22025052192066805	0.058503401360544216	0.04203286205578907	0.02262090483619345	0.0026954177897574125	0.0034310667498440423	7.145409074669524E-4	0.0	0.0	0.0	0.0	3.7037037037037035E-4	0.0	0.0	0.0	0.0	0.0	0.0
	Total # checklists submitted - (Bobolink)	4647	3500	3030	4287	2903	3748	5456	3029	3408	3753	4232	5749	4440	4239	4476	6551	6922	7075	6598	6179	2698	2324	2065	2539	1804	1603	1555	2203	1630	1698	1916	2940	2617	2564	2597	3206	2799	2828	2798	3738	2680	2700	2440	2955	2284	2331	2683	4466
	
Birds Per Party Hour
	Bobolink	0.0	0.0	0.0	0.0	0.0	0.0	0.0	0.0	0.0	0.0	0.0	0.0	0.0	0.0	0.17671957671957672	0.22011322011322013	0.9702224693892201	1.2426568035230683	1.441395800490135	1.326165443351608	2.7505788478563336	3.5778366424760573	3.2623005615016187	4.837608967404494	6.445691185795815	4.66281315739147	0.4219047619047619	0.6094986290638464	2.8053221288515404	7.54458429056795	6.748504246028999	3.1391114853896585	1.3433041236781709	1.2155410169810823	0.2692063492063492	0.334204453302549	0.583591884295093	0.0	0.0	0.16666666666666666	0.0	0.18181818181818182	0.0	0.0	0.0	0.0	0.0	0.0
	# checklists reporting species - (Bobolink)	0.0	0.0	0.0	0.0	0.0	0.0	0.0	0.0	0.0	0.0	0.0	0.0	0.0	0.0	3	3	136	303	326	148	23	26	24	23	10	5	5	5	7	16	19	24	21	11	5	8	2	0.0	0.0	1	0.0	1	0.0	0.0	0.0	0.0	0.0	0.0
	
High Count
	Bobolink	0.0	0.0	0.0	0.0	0.0	0.0	0.0	0.0	0.0	0.0	0.0	0.0	0.0	0.0	1	1	9	40	50	50	50	60	150	500	100	14	2	3	50	100	150	32	15	25	2	4	1	0.0	0.0	1	0.0	1	0.0	0.0	0.0	0.0	0.0	0.0
	# checklists reporting species - (Bobolink)	0.0	0.0	0.0	0.0	0.0	0.0	0.0	0.0	0.0	0.0	0.0	0.0	0.0	0.0	3	7	157	366	367	186	41	43	31	38	14	10	8	14	13	21	29	38	28	17	6	9	2	0.0	0.0	1	0.0	1	0.0	0.0	0.0	0.0	0.0	0.0
	
Totals
	Bobolink	0.0	0.0	0.0	0.0	0.0	0.0	0.0	0.0	0.0	0.0	0.0	0.0	0.0	0.0	3	4	335	1110	1464	676	210	156	289	803	123	29	8	11	146	158	423	200	114	61	7	12	2	0.0	0.0	1	0.0	1	0.0	0.0	0.0	0.0	0.0	0.0
	# checklists reporting species - (Bobolink)	0.0	0.0	0.0	0.0	0.0	0.0	0.0	0.0	0.0	0.0	0.0	0.0	0.0	0.0	3	4	147	337	345	161	26	32	25	26	12	7	6	8	11	17	21	28	25	15	6	9	2	0.0	0.0	1	0.0	1	0.0	0.0	0.0	0.0	0.0	0.0
	
Average Count
	Bobolink	0.0	0.0	0.0	0.0	0.0	0.0	0.0	0.0	0.0	0.0	0.0	0.0	0.0	0.0	1.0	1.0	2.2789115646258504	3.293768545994065	4.243478260869566	4.198757763975156	8.076923076923077	4.875	11.56	30.884615384615383	10.25	4.142857142857143	1.3333333333333333	1.375	13.272727272727273	9.294117647058824	20.142857142857142	7.142857142857143	4.56	4.066666666666666	1.1666666666666667	1.3333333333333333	1.0	0.0	0.0	1.0	0.0	1.0	0.0	0.0	0.0	0.0	0.0	0.0
	# checklists reporting species - (Bobolink)	0.0	0.0	0.0	0.0	0.0	0.0	0.0	0.0	0.0	0.0	0.0	0.0	0.0	0.0	3	4	147	337	345	161	26	32	25	26	12	7	6	8	11	17	21	28	25	15	6	9	2	0.0	0.0	1	0.0	1	0.0	0.0	0.0	0.0	0.0	0.0
	
