

	Week starting on...	1/1	1/8	1/15	1/22	2/1	2/8	2/15	2/22	3/1	3/8	3/15	3/22	4/1	4/8	4/15	4/22	5/1	5/8	5/15	5/22	6/1	6/8	6/15	6/22	7/1	7/8	7/15	7/22	8/1	8/8	8/15	8/22	9/1	9/8	9/15	9/22	10/1	10/8	10/15	10/22	11/1	11/8	11/15	11/22	12/1	12/8	12/15	12/22
Frequency (%)
	Downy Woodpecker	37.12072304712718	37.857142857142854	39.273927392739274	39.25822253324003	37.92628315535653	37.86019210245464	37.4633431085044	35.52327500825355	36.06220657276995	36.69064748201439	37.71266540642722	38.38928509305966	42.09459459459459	41.35409294644963	41.75603217158177	43.62692718668906	42.96446113839931	41.20141342756184	34.798423764777205	25.343906781032526	22.60934025203855	24.139414802065403	23.24455205811138	23.198109491925955	27.494456762749447	30.006238303181537	31.768488745980704	32.77349069450749	32.94478527607362	31.330977620730273	34.55114822546973	36.93877551020408	41.459686664119225	39.93759750390016	40.277242972660765	38.17841547099189	40.08574490889603	40.06364922206506	38.95639742673338	42.402354200107006	42.61194029850746	41.333333333333336	41.27049180327869	42.7072758037225	41.90017513134851	42.084942084942085	49.75773387998509	50.67174205105239
	Total # checklists submitted - (Downy Woodpecker)	4647	3500	3030	4287	2903	3748	5456	3029	3408	3753	4232	5749	4440	4239	4476	6551	6922	7075	6598	6179	2698	2324	2065	2539	1804	1603	1555	2203	1630	1698	1916	2940	2617	2564	2597	3206	2799	2828	2798	3738	2680	2700	2440	2955	2284	2331	2683	4466
	
Abundance
	Downy Woodpecker	0.7406929201635464	0.7505714285714286	0.7884488448844884	0.7716351761138325	0.7058215638994144	0.7270544290288153	0.7487170087976539	0.7147573456586332	0.7186032863849765	0.7447375432986943	0.7601606805293005	0.7486519394677336	0.8673423423423423	0.8320358575135646	0.8384718498659517	0.8525415967027935	0.7963016469228547	0.6865017667844523	0.5303122158229766	0.36397475319631006	0.30911786508524836	0.3446643717728055	0.36900726392251815	0.40330838912957856	0.45509977827050996	0.529008109794136	0.5176848874598071	0.5338175215615071	0.5171779141104295	0.5200235571260307	0.6022964509394572	0.6302721088435375	0.7294612151318304	0.6583463338533542	0.6815556411243743	0.6110417966313163	0.6523758485173277	0.6615983026874116	0.6347390993566834	0.7153558052434457	0.7391791044776119	0.7433333333333333	0.7057377049180328	0.7505922165820643	0.7736427320490368	0.9163449163449163	1.6172195303764443	1.678011643528885
	Total # checklists submitted - (Downy Woodpecker)	4647	3500	3030	4287	2903	3748	5456	3029	3408	3753	4232	5749	4440	4239	4476	6551	6922	7075	6598	6179	2698	2324	2065	2539	1804	1603	1555	2203	1630	1698	1916	2940	2617	2564	2597	3206	2799	2828	2798	3738	2680	2700	2440	2955	2284	2331	2683	4466
	
Birds Per Party Hour
	Downy Woodpecker	3.1704347647404387	2.716784971711906	3.1236366856585898	2.8671609063209695	2.6457230971506833	3.118595701094588	3.0349583803185203	2.537687731109728	2.6092007249119096	2.3577735638709543	2.4025050279248688	2.3298305944952813	2.1509147643176747	2.041018823122006	2.2703285442826746	1.8132942767200266	1.6241949393967363	1.51138567205351	1.2163450060020524	1.1890868440284101	1.9757218130155614	2.656478008362579	2.5834371842339476	3.211267712013174	3.036910211931263	2.3277208374992866	1.8783945742317163	2.1016733130042113	1.8734463747571681	2.303762669542137	1.7430924607202944	1.8439645649405638	1.7825547676375275	1.7334816883047155	1.6657002505622804	1.7774235683633004	1.9747766352050455	1.5093797216999045	1.7919162001871152	1.8514844646492903	2.0918152141485904	2.051850854768709	2.041770388052202	2.0442123598173474	2.261597056477358	2.282259907223151	2.385736367502606	2.3499353416558453
	# checklists reporting species - (Downy Woodpecker)	1744	1349	1224	1708	1108	1449	2095	1074	1237	1371	1573	2216	1855	1756	1880	2835	2963	2928	2305	1569	632	566	496	605	503	486	499	721	536	543	674	1095	1094	1052	1060	1219	1131	1145	1100	1614	1175	1132	1029	1288	974	993	1367	2286
	
High Count
	Downy Woodpecker	16	14	16	15	15	14	21	14	15	20	16	18	25	13	12	12	19	10	12	7	7	16	21	14	8	12	8	10	8	14	15	19	10	15	19	10	15	9	8	10	10	12	8	13	12	42	42	58
	# checklists reporting species - (Downy Woodpecker)	1896	1446	1297	1826	1183	1522	2174	1163	1340	1463	1697	2364	1991	1868	1994	3034	3176	3096	2442	1656	687	607	532	651	561	524	531	774	593	583	725	1175	1162	1109	1126	1327	1238	1234	1187	1730	1249	1208	1083	1370	1048	1071	1460	2398
	
Totals
	Downy Woodpecker	3682	2800	2524	3509	2157	2866	4258	2268	2593	2907	3354	4535	3993	3677	3939	5815	5785	5108	3689	2357	912	883	826	1101	902	904	855	1248	903	945	1233	1963	1983	1802	1871	2086	1949	1991	1899	2845	2118	2134	1835	2371	1897	2242	4723	7710
	# checklists reporting species - (Downy Woodpecker)	1835	1413	1273	1789	1155	1498	2146	1139	1302	1429	1643	2317	1930	1828	1947	2934	3078	3016	2367	1612	651	583	522	635	536	503	524	754	562	567	706	1146	1125	1086	1101	1287	1188	1203	1159	1690	1226	1184	1067	1351	1028	1041	1437	2361
	
Average Count
	Downy Woodpecker	2.006539509536785	1.9815994338287333	1.9827179890023567	1.961430967020682	1.8675324675324676	1.9132176234979974	1.984156570363467	1.9912203687445127	1.9915514592933947	2.034289713086074	2.0413877054169203	1.9572723349158394	2.0689119170984456	2.011487964989059	2.0231124807395995	1.981935923653715	1.8794671864847303	1.693633952254642	1.5585128855090833	1.4621588089330024	1.400921658986175	1.5145797598627788	1.582375478927203	1.7338582677165355	1.6828358208955223	1.797216699801193	1.631679389312977	1.6551724137931034	1.606761565836299	1.6666666666666667	1.746458923512748	1.712914485165794	1.7626666666666666	1.6593001841620627	1.6993642143505903	1.6208236208236209	1.6405723905723906	1.655029093931837	1.638481449525453	1.683431952662722	1.727569331158238	1.802364864864865	1.7197750702905341	1.75499629903775	1.845330739299611	2.1536983669548513	3.286708420320111	3.2655654383735704
	# checklists reporting species - (Downy Woodpecker)	1835	1413	1273	1789	1155	1498	2146	1139	1302	1429	1643	2317	1930	1828	1947	2934	3078	3016	2367	1612	651	583	522	635	536	503	524	754	562	567	706	1146	1125	1086	1101	1287	1188	1203	1159	1690	1226	1184	1067	1351	1028	1041	1437	2361
	
