

	Week starting on...	1/1	1/8	1/15	1/22	2/1	2/8	2/15	2/22	3/1	3/8	3/15	3/22	4/1	4/8	4/15	4/22	5/1	5/8	5/15	5/22	6/1	6/8	6/15	6/22	7/1	7/8	7/15	7/22	8/1	8/8	8/15	8/22	9/1	9/8	9/15	9/22	10/1	10/8	10/15	10/22	11/1	11/8	11/15	11/22	12/1	12/8	12/15	12/22
Frequency (%)
	Eastern Bluebird	0.27975037658704544	0.1142857142857143	0.23102310231023102	0.44320037322136696	0.17223561832586978	0.10672358591248667	0.16495601173020527	0.1650709805216243	0.05868544600938967	0.5062616573407941	0.9688090737240076	1.704644285962776	1.8693693693693694	2.1231422505307855	1.519213583556747	1.4348954358113266	1.3290956370991043	2.1342756183745584	1.3488936041224613	1.4889140637643632	1.0748702742772425	1.1187607573149743	0.9200968523002421	0.4332414336352895	0.4988913525498891	0.3119151590767312	0.6430868167202572	0.3631411711302769	0.18404907975460122	0.23557126030624262	0.31315240083507306	0.3401360544217687	0.3439052350019106	0.4290171606864275	0.5005775895263765	0.8421709295071741	0.8217220435869954	2.369165487977369	5.182273052180129	5.965757089352595	4.626865671641791	2.4814814814814814	1.1065573770491803	0.5414551607445008	0.39404553415061294	0.0	0.5963473723443906	0.20152261531571877
	Total # checklists submitted - (Eastern Bluebird)	4647	3500	3030	4287	2903	3748	5456	3029	3408	3753	4232	5749	4440	4239	4476	6551	6922	7075	6598	6179	2698	2324	2065	2539	1804	1603	1555	2203	1630	1698	1916	2940	2617	2564	2597	3206	2799	2828	2798	3738	2680	2700	2440	2955	2284	2331	2683	4466
	
Abundance
	Eastern Bluebird	0.011835592855605767	0.0025714285714285713	0.00891089108910891	0.017261488220200606	0.00826730967964175	0.0034685165421558164	0.005498533724340176	0.0075932651039947174	5.868544600938967E-4	0.02344790833999467	0.023629489603024575	0.05583579753000522	0.06756756756756757	0.06322245812691672	0.03038427167113494	0.02747672111128072	0.020080901473562555	0.027137809187279153	0.016368596544407397	0.02314290338242434	0.014825796886582653	0.012908777969018933	0.01549636803874092	0.008270972823946435	0.008314855875831485	0.006238303181534623	0.008360128617363344	0.006808896958692692	0.0018404907975460123	0.010011778563015312	0.006784968684759917	0.009863945578231292	0.008024455483377914	0.01170046801872075	0.013862148633038121	0.025577043044291953	0.03679885673454805	0.12623762376237624	0.5629020729092209	0.7145532370251472	0.48955223880597015	0.1162962962962963	0.04795081967213115	0.027411167512690356	0.019702276707530646	0.0	0.024599329109206113	0.006045678459471563
	Total # checklists submitted - (Eastern Bluebird)	4647	3500	3030	4287	2903	3748	5456	3029	3408	3753	4232	5749	4440	4239	4476	6551	6922	7075	6598	6179	2698	2324	2065	2539	1804	1603	1555	2203	1630	1698	1916	2940	2617	2564	2597	3206	2799	2828	2798	3738	2680	2700	2440	2955	2284	2331	2683	4466
	
Birds Per Party Hour
	Eastern Bluebird	2.802991644363906	1.979673544798537	6.225914586481734	6.301644999156462	2.092690164356942	2.385307134006019	3.8653166849637652	1.0473579691252952	0.36666666666666664	2.7892051931767066	0.98834977499345	1.4234886692510758	1.1356899320835878	1.3354395923897882	0.8638896849803223	0.8109410504100099	0.822065207938282	0.8058913649379776	0.8967520885646021	0.8625700543732442	0.6751456676314287	0.8488984764649313	0.9039163488986867	0.7588743155516183	0.8702759619467991	1.8883891387639513	0.999825328138056	2.0	0.8666666666666667	1.5555555555555556	1.05	1.2681652907586913	1.145518207282913	1.1850378787878788	1.0142857142857142	1.9171927671039573	1.3407432864417117	2.842031404710324	29.516405909802412	5.081831953875621	3.7279623667368162	3.8566005995797847	2.891411643357787	9.863056003648895	3.2862589626977545	0.0	1.259569325542642	0.9661903094386481
	# checklists reporting species - (Eastern Bluebird)	14	4	8	19	5	5	10	5	2	15	34	73	59	74	58	75	79	131	83	68	19	20	18	9	7	3	6	6	2	3	5	9	7	8	7	12	18	53	132	231	132	69	31	17	10	0	17	10
	
High Count
	Eastern Bluebird	14	3	6	10	10	5	8	9	1	50	16	50	50	25	10	15	6	6	5	18	9	3	5	6	5	5	4	6	3	12	4	6	5	10	10	25	29	100	227	200	80	34	26	36	16	1	20	6
	# checklists reporting species - (Eastern Bluebird)	15	4	8	20	5	5	10	8	3	27	56	118	90	99	74	103	104	163	106	97	33	30	23	16	10	5	11	9	4	5	7	11	9	13	19	29	25	78	166	257	142	73	31	17	11	1	17	10
	
Totals
	Eastern Bluebird	62	9	33	78	24	16	36	27	3	93	108	333	306	285	142	190	151	206	127	146	43	34	35	23	15	10	14	21	6	17	13	30	21	30	39	83	112	379	1613	2887	1383	331	128	83	50	1	67	31
	# checklists reporting species - (Eastern Bluebird)	15	4	8	19	5	5	10	8	3	21	39	89	76	90	65	90	90	141	91	80	24	25	21	12	9	5	9	8	3	3	6	11	8	10	10	17	20	61	145	246	137	71	31	17	11	1	17	10
	
Average Count
	Eastern Bluebird	4.133333333333334	2.25	4.125	4.105263157894737	4.8	3.2	3.6	3.375	1.0	4.428571428571429	2.769230769230769	3.741573033707865	4.026315789473684	3.1666666666666665	2.1846153846153844	2.111111111111111	1.6777777777777778	1.4609929078014185	1.3956043956043955	1.825	1.7916666666666667	1.36	1.6666666666666667	1.9166666666666667	1.6666666666666667	2.0	1.5555555555555556	2.625	2.0	5.666666666666667	2.1666666666666665	2.727272727272727	2.625	3.0	3.9	4.882352941176471	5.6	6.213114754098361	11.124137931034483	11.735772357723578	10.094890510948906	4.661971830985915	4.129032258064516	4.882352941176471	4.545454545454546	1.0	3.9411764705882355	3.1
	# checklists reporting species - (Eastern Bluebird)	15	4	8	19	5	5	10	8	3	21	39	89	76	90	65	90	90	141	91	80	24	25	21	12	9	5	9	8	3	3	6	11	8	10	10	17	20	61	145	246	137	71	31	17	11	1	17	10
	
