

	Week starting on...	1/1	1/8	1/15	1/22	2/1	2/8	2/15	2/22	3/1	3/8	3/15	3/22	4/1	4/8	4/15	4/22	5/1	5/8	5/15	5/22	6/1	6/8	6/15	6/22	7/1	7/8	7/15	7/22	8/1	8/8	8/15	8/22	9/1	9/8	9/15	9/22	10/1	10/8	10/15	10/22	11/1	11/8	11/15	11/22	12/1	12/8	12/15	12/22
Frequency (%)
	Black-billed Cuckoo	0.0	0.0	0.0	0.0	0.0	0.0	0.0	0.0	0.0	0.0	0.0	0.0	0.0	0.0	0.0	0.0	0.014446691707598961	0.18374558303886926	1.2579569566535314	3.042563521605438	2.446256486286138	2.2375215146299485	1.549636803874092	1.0240252067743205	0.7760532150776054	1.122894572676232	1.2861736334405145	0.9986382206082615	1.5337423312883436	1.4723203769140165	0.8872651356993737	1.0884353741496597	0.9170806266717615	0.702028081123245	0.346553715825953	0.09357454772301933	0.1429081814933905	0.07072135785007072	0.035739814152966405	0.0	0.0	0.0	0.0	0.0	0.0	0.0	0.0	0.0
	Total # checklists submitted - (Black-billed Cuckoo)	4647	3500	3030	4287	2903	3748	5456	3029	3408	3753	4232	5749	4440	4239	4476	6551	6922	7075	6598	6179	2698	2324	2065	2539	1804	1603	1555	2203	1630	1698	1916	2940	2617	2564	2597	3206	2799	2828	2798	3738	2680	2700	2440	2955	2284	2331	2683	4466
	
Abundance
	Black-billed Cuckoo	0.0	0.0	0.0	0.0	0.0	0.0	0.0	0.0	0.0	0.0	0.0	0.0	0.0	0.0	0.0	0.0	0.0	0.0018374558303886925	0.013034252803879964	0.03430975886065706	0.034840622683469234	0.03313253012048193	0.018401937046004842	0.014178810555336747	0.007760532150776054	0.014971927635683094	0.014790996784565916	0.011348161597821153	0.020245398773006136	0.015901060070671377	0.010960334029227558	0.011564625850340135	0.009552923194497517	0.0070202808112324495	0.003850596842510589	9.357454772301934E-4	0.0014290818149339049	7.072135785007072E-4	3.5739814152966406E-4	0.0	0.0	0.0	0.0	0.0	0.0	0.0	0.0	0.0
	Total # checklists submitted - (Black-billed Cuckoo)	4647	3500	3030	4287	2903	3748	5456	3029	3408	3753	4232	5749	4440	4239	4476	6551	6922	7075	6598	6179	2698	2324	2065	2539	1804	1603	1555	2203	1630	1698	1916	2940	2617	2564	2597	3206	2799	2828	2798	3738	2680	2700	2440	2955	2284	2331	2683	4466
	
Birds Per Party Hour
	Black-billed Cuckoo	0.0	0.0	0.0	0.0	0.0	0.0	0.0	0.0	0.0	0.0	0.0	0.0	0.0	0.0	0.0	0.0	0.0	0.5356249181524944	0.416139602209056	1.818561560995424	0.794651419995332	0.6148079157364965	0.5250436363384692	3.0272356549394823	1.3763855684117894	1.0661271579311156	0.5079041408293201	0.49050019279359175	0.34897494732304607	0.3672762457311533	0.7140383039126297	0.37055997854165645	0.41625990074800956	0.36163137745288915	0.3281926564986078	1.2000375093773443	0.6504821910762505	0.25396825396825395	0.06383250351078769	0.0	0.0	0.0	0.0	0.0	0.0	0.0	0.0	0.0
	# checklists reporting species - (Black-billed Cuckoo)	0.0	0.0	0.0	0.0	0.0	0.0	0.0	0.0	0.0	0.0	0.0	0.0	0.0	0.0	0.0	0.0	0	12	83	211	75	62	36	25	12	18	24	23	25	27	15	32	23	18	8	5	5	2	2	0.0	0.0	0.0	0.0	0.0	0.0	0.0	0.0	0.0
	
High Count
	Black-billed Cuckoo	0.0	0.0	0.0	0.0	0.0	0.0	0.0	0.0	0.0	0.0	0.0	0.0	0.0	0.0	0.0	0.0	1	1	2	5	6	7	3	5	2	4	2	3	5	3	3	3	2	1	2	1	1	1	1	0.0	0.0	0.0	0.0	0.0	0.0	0.0	0.0	0.0
	# checklists reporting species - (Black-billed Cuckoo)	0.0	0.0	0.0	0.0	0.0	0.0	0.0	0.0	0.0	0.0	0.0	0.0	0.0	0.0	0.0	0.0	1	14	88	220	81	76	40	34	19	27	29	34	36	31	19	36	26	19	10	7	5	2	2	0.0	0.0	0.0	0.0	0.0	0.0	0.0	0.0	0.0
	
Totals
	Black-billed Cuckoo	0.0	0.0	0.0	0.0	0.0	0.0	0.0	0.0	0.0	0.0	0.0	0.0	0.0	0.0	0.0	0.0	0	14	92	257	114	108	48	45	20	34	32	37	45	33	22	38	26	19	11	7	5	2	2	0.0	0.0	0.0	0.0	0.0	0.0	0.0	0.0	0.0
	# checklists reporting species - (Black-billed Cuckoo)	0.0	0.0	0.0	0.0	0.0	0.0	0.0	0.0	0.0	0.0	0.0	0.0	0.0	0.0	0.0	0.0	0	14	86	216	81	75	40	33	19	27	29	34	35	31	18	34	24	19	10	7	5	2	2	0.0	0.0	0.0	0.0	0.0	0.0	0.0	0.0	0.0
	
Average Count
	Black-billed Cuckoo	0.0	0.0	0.0	0.0	0.0	0.0	0.0	0.0	0.0	0.0	0.0	0.0	0.0	0.0	0.0	0.0	0.0	1.0	1.069767441860465	1.1898148148148149	1.4074074074074074	1.44	1.2	1.3636363636363635	1.0526315789473684	1.2592592592592593	1.103448275862069	1.088235294117647	1.2857142857142858	1.064516129032258	1.2222222222222223	1.1176470588235294	1.0833333333333333	1.0	1.1	1.0	1.0	1.0	1.0	0.0	0.0	0.0	0.0	0.0	0.0	0.0	0.0	0.0
	# checklists reporting species - (Black-billed Cuckoo)	0.0	0.0	0.0	0.0	0.0	0.0	0.0	0.0	0.0	0.0	0.0	0.0	0.0	0.0	0.0	0.0	0	14	86	216	81	75	40	33	19	27	29	34	35	31	18	34	24	19	10	7	5	2	2	0.0	0.0	0.0	0.0	0.0	0.0	0.0	0.0	0.0
	
