

	Week starting on...	1/1	1/8	1/15	1/22	2/1	2/8	2/15	2/22	3/1	3/8	3/15	3/22	4/1	4/8	4/15	4/22	5/1	5/8	5/15	5/22	6/1	6/8	6/15	6/22	7/1	7/8	7/15	7/22	8/1	8/8	8/15	8/22	9/1	9/8	9/15	9/22	10/1	10/8	10/15	10/22	11/1	11/8	11/15	11/22	12/1	12/8	12/15	12/22
Frequency (%)
	Northern Harrier	0.9468474284484614	2.085714285714286	1.155115511551155	1.2596221133659902	0.5511539786427834	0.3735325506937033	0.531524926686217	0.6602839220864972	0.35211267605633806	0.692779110045297	0.8034026465028355	0.9045051313271874	1.2162162162162162	1.6041519226232603	2.189454870420018	1.8012517172950695	1.1846287200231147	0.6784452296819788	0.45468323734464994	0.8739278200356044	0.2965159377316531	0.08605851979345956	0.09685230024213075	0.11815675462780621	0.1662971175166297	0.18714909544603867	0.19292604501607716	0.09078529278256922	0.5521472392638037	0.88339222614841	2.661795407098121	2.925170068027211	4.088651127244937	7.3712948517940715	6.6615325375433185	8.577666874610106	6.32368703108253	8.062234794908061	9.971408148677627	6.527554842161584	4.7388059701492535	4.074074074074074	2.5	2.030456852791878	1.7950963222416811	1.3728013728013728	2.1244875139768915	2.1495745633676666
	Total # checklists submitted - (Northern Harrier)	4647	3500	3030	4287	2903	3748	5456	3029	3408	3753	4232	5749	4440	4239	4476	6551	6922	7075	6598	6179	2698	2324	2065	2539	1804	1603	1555	2203	1630	1698	1916	2940	2617	2564	2597	3206	2799	2828	2798	3738	2680	2700	2440	2955	2284	2331	2683	4466
	
Abundance
	Northern Harrier	0.009898859479233914	0.022571428571428572	0.01353135313531353	0.013995801259622114	0.0058560110230795725	0.003735325506937033	0.00531524926686217	0.006932981181908221	0.0035211267605633804	0.00826005861977085	0.008742911153119093	0.009740824491215863	0.018243243243243244	0.01863647086577023	0.025915996425379804	0.019996947030987637	0.013435423288067032	0.007491166077738516	0.004395271294331616	0.010033986081890274	0.0029651593773165306	0.0012908777969018934	0.001937046004842615	0.0019692792437967705	0.0016629711751662971	0.0018714909544603868	0.0019292604501607716	9.078529278256923E-4	0.006134969325153374	0.012956419316843345	0.04018789144050104	0.04081632653061224	0.06687046236148261	0.17199687987519502	0.15902964959568733	0.2535870243293824	0.19006788138620936	0.18953323903818953	0.26697641172265907	0.12948100588550027	0.10522388059701493	0.0725925925925926	0.031967213114754096	0.02233502538071066	0.021891418563922942	0.015015015015015015	0.024226612001490868	0.02664576802507837
	Total # checklists submitted - (Northern Harrier)	4647	3500	3030	4287	2903	3748	5456	3029	3408	3753	4232	5749	4440	4239	4476	6551	6922	7075	6598	6179	2698	2324	2065	2539	1804	1603	1555	2203	1630	1698	1916	2940	2617	2564	2597	3206	2799	2828	2798	3738	2680	2700	2440	2955	2284	2331	2683	4466
	
Birds Per Party Hour
	Northern Harrier	0.8108418302344957	0.496281660597619	2.133074377551767	1.1419180790472387	0.4019574361133964	0.8830389095898897	1.4254479073605857	0.9756524274675609	0.33055585302517054	0.41585591877926625	0.42680134271722814	1.6490621804717285	0.9597162272245761	0.46687370194313954	0.8393025740279775	0.9101993929649658	0.6018332586169278	0.3859151777558194	0.3712081385065515	0.4884862826712879	0.6653438458566784	0.24621212121212122	0.3333333333333333	0.29434697855750486	0.8502400960384153	0.25	0.35555555555555557	0.35309278350515466	0.3904814483761852	0.5819632403043677	0.4547014374257323	0.8653989594064384	0.9491616279248857	1.0029228185459256	1.3221914089306406	1.2811736362525723	1.1507347015571328	0.9351016693472576	1.0217437724149567	1.024492395613206	0.7804440248512061	0.6527764600740769	0.5053384424144965	0.5605232172637714	0.41802727771664877	0.5785922925175596	0.5865392410964948	0.36803880770837255
	# checklists reporting species - (Northern Harrier)	44	75	37	54	16	14	30	19	15	26	39	57	54	70	105	121	87	47	28	55	9	2	2	3	2	4	2	2	7	19	54	90	123	236	259	362	225	254	337	307	150	116	69	60	41	36	56	97
	
High Count
	Northern Harrier	2	3	3	2	2	3	3	2	1	2	3	2	18	3	4	3	4	3	2	2	1	2	3	2	1	1	1	1	2	4	5	7	16	30	19	26	40	20	17	25	21	13	6	4	4	2	3	4
	# checklists reporting species - (Northern Harrier)	50	85	44	61	20	17	39	24	17	28	42	66	65	84	118	148	98	56	35	61	11	2	2	4	3	4	3	4	12	26	60	106	132	259	283	403	247	281	365	340	163	134	77	72	49	45	70	102
	
Totals
	Northern Harrier	52	93	48	68	22	18	42	25	17	33	45	70	90	96	137	163	109	60	34	69	11	3	4	6	3	4	3	4	13	36	86	149	209	581	638	1084	669	640	907	624	342	232	96	83	63	52	79	126
	# checklists reporting species - (Northern Harrier)	50	84	42	61	20	16	39	23	17	28	41	64	61	81	117	145	96	52	33	60	11	2	2	4	3	4	3	4	12	26	60	104	129	253	279	394	243	275	363	333	161	128	77	72	49	45	69	101
	
Average Count
	Northern Harrier	1.04	1.1071428571428572	1.1428571428571428	1.1147540983606556	1.1	1.125	1.0769230769230769	1.0869565217391304	1.0	1.1785714285714286	1.0975609756097562	1.09375	1.4754098360655739	1.1851851851851851	1.170940170940171	1.1241379310344828	1.1354166666666667	1.1538461538461537	1.0303030303030303	1.15	1.0	1.5	2.0	1.5	1.0	1.0	1.0	1.0	1.0833333333333333	1.3846153846153846	1.4333333333333333	1.4326923076923077	1.62015503875969	2.2964426877470356	2.2867383512544803	2.751269035532995	2.753086419753086	2.327272727272727	2.4986225895316805	1.8738738738738738	2.124223602484472	1.8125	1.2467532467532467	1.1527777777777777	1.2857142857142858	1.1555555555555554	1.144927536231884	1.2475247524752475
	# checklists reporting species - (Northern Harrier)	50	84	42	61	20	16	39	23	17	28	41	64	61	81	117	145	96	52	33	60	11	2	2	4	3	4	3	4	12	26	60	104	129	253	279	394	243	275	363	333	161	128	77	72	49	45	69	101
	
