

	Week starting on...	1/1	1/8	1/15	1/22	2/1	2/8	2/15	2/22	3/1	3/8	3/15	3/22	4/1	4/8	4/15	4/22	5/1	5/8	5/15	5/22	6/1	6/8	6/15	6/22	7/1	7/8	7/15	7/22	8/1	8/8	8/15	8/22	9/1	9/8	9/15	9/22	10/1	10/8	10/15	10/22	11/1	11/8	11/15	11/22	12/1	12/8	12/15	12/22
Frequency (%)
	Hermit Thrush	1.5063481816225521	1.4285714285714286	0.6930693069306931	1.4462327968276183	0.9645194626248709	0.7737459978655283	0.5681818181818182	0.6602839220864972	0.7335680751173709	0.7194244604316548	0.6852551984877127	0.7827448251869891	2.8828828828828827	14.767633875914129	23.86058981233244	35.872385895283166	34.383126264085526	16.98939929328622	8.98757199151258	0.6635377892862923	0.037064492216456635	0.0	0.0	0.0	0.0	0.0	0.0	0.0	0.0	0.0	0.15657620041753653	0.20408163265306123	0.4967520061138708	1.4430577223088925	2.81093569503273	6.487835308796007	20.75741336191497	28.5007072135785	27.519656897784134	22.364901016586412	10.932835820895523	5.592592592592593	3.360655737704918	1.996615905245347	2.626970227670753	1.7160017160017158	2.7581065970928065	1.4554411106135245
	Total # checklists submitted - (Hermit Thrush)	4647	3500	3030	4287	2903	3748	5456	3029	3408	3753	4232	5749	4440	4239	4476	6551	6922	7075	6598	6179	2698	2324	2065	2539	1804	1603	1555	2203	1630	1698	1916	2940	2617	2564	2597	3206	2799	2828	2798	3738	2680	2700	2440	2955	2284	2331	2683	4466
	
Abundance
	Hermit Thrush	0.017645792984721326	0.014285714285714285	0.007260726072607261	0.014462327968276184	0.009645194626248708	0.0080042689434365	0.005681818181818182	0.006602839220864972	0.007629107981220657	0.007460698108180123	0.007325141776937618	0.008175334840841885	0.04054054054054054	0.26987497051191317	0.631367292225201	1.1245611357044727	1.0742559953770587	0.29639575971731447	0.12412852379508942	0.00809192425958893	3.7064492216456633E-4	0.0	0.0	0.0	0.0	0.0	0.0	0.0	0.0	0.0	0.0015657620041753654	0.0020408163265306124	0.00573175391669851	0.019110764430577222	0.03927608779360801	0.14940736119775422	0.6109324758842444	0.9731258840169731	0.8427448177269479	0.5403959336543607	0.183955223880597	0.07629629629629629	0.04139344262295082	0.025042301184433163	0.03064798598949212	0.023166023166023165	0.03428997390980246	0.015897895208240035
	Total # checklists submitted - (Hermit Thrush)	4647	3500	3030	4287	2903	3748	5456	3029	3408	3753	4232	5749	4440	4239	4476	6551	6922	7075	6598	6179	2698	2324	2065	2539	1804	1603	1555	2203	1630	1698	1916	2940	2617	2564	2597	3206	2799	2828	2798	3738	2680	2700	2440	2955	2284	2331	2683	4466
	
Birds Per Party Hour
	Hermit Thrush	2.5498307411978662	1.0493979350202849	0.8739219635662976	0.7808869816372419	3.8154965286191147	1.8868736870810974	3.1693730748031226	1.0024839732838327	1.5630761381847411	1.4144830574112988	1.1714697439021033	1.3128648514730132	1.1354965166664837	1.7693478849090436	1.7264250173130333	2.465464174565403	2.1110728149592846	1.3189598173431896	1.1318549639488136	1.0223163995289761	2.0	0.0	0.0	0.0	0.0	0.0	0.0	0.0	0.0	0.0	0.9451858049222618	0.3976340896516948	0.5700623488233979	2.66808252449694	5.800948623210633	1.2189753559337446	2.4203607733996906	2.406432852118294	2.3156804206188295	2.2645387281179143	2.0863992907708924	1.4154587467070427	1.9121930317371043	1.8817151991333985	2.081669110984969	2.8623905544486927	0.692864026505357	0.9690187435960086
	# checklists reporting species - (Hermit Thrush)	75	55	30	71	31	31	36	23	28	27	31	49	128	657	1107	2397	2421	1240	620	42	1	0.0	0.0	0.0	0.0	0.0	0.0	0.0	0.0	0.0	3	8	16	42	79	221	605	825	787	873	310	160	93	67	63	48	83	75
	
High Count
	Hermit Thrush	4	2	2	2	1	2	1	1	2	2	3	3	10	25	86	54	60	55	10	4	1	0.0	0.0	0.0	0.0	0.0	0.0	0.0	0.0	0.0	1	1	3	3	6	38	58	115	80	77	9	5	5	3	4	7	5	2
	# checklists reporting species - (Hermit Thrush)	77	58	30	73	32	32	38	24	30	28	31	50	147	712	1231	2607	2589	1316	649	45	1	0.0	0.0	0.0	0.0	0.0	0.0	0.0	0.0	0.0	3	8	16	43	85	245	686	933	897	945	329	166	98	71	65	51	89	76
	
Totals
	Hermit Thrush	89	58	31	74	32	33	38	24	32	29	33	52	201	1282	3116	7862	7903	2221	890	53	1	0.0	0.0	0.0	0.0	0.0	0.0	0.0	0.0	0.0	3	8	19	55	114	530	2023	3118	2614	2220	550	223	119	89	75	65	109	83
	# checklists reporting species - (Hermit Thrush)	77	57	30	72	32	32	38	24	30	28	31	50	138	692	1183	2516	2512	1278	631	42	1	0.0	0.0	0.0	0.0	0.0	0.0	0.0	0.0	0.0	3	8	16	42	81	237	652	893	859	922	325	165	97	71	65	51	89	76
	
Average Count
	Hermit Thrush	1.155844155844156	1.0175438596491229	1.0333333333333334	1.0277777777777777	1.0	1.03125	1.0	1.0	1.0666666666666667	1.0357142857142858	1.064516129032258	1.04	1.4565217391304348	1.8526011560693643	2.6339814032121724	3.1248012718600955	3.1460987261146496	1.737871674491393	1.410459587955626	1.2619047619047619	1.0	0.0	0.0	0.0	0.0	0.0	0.0	0.0	0.0	0.0	1.0	1.0	1.1875	1.3095238095238095	1.4074074074074074	2.2362869198312234	3.102760736196319	3.4916013437849944	3.0430733410942956	2.407809110629067	1.6923076923076923	1.3515151515151516	1.2268041237113403	1.2535211267605635	1.1538461538461537	1.2745098039215685	1.2247191011235956	1.0921052631578947
	# checklists reporting species - (Hermit Thrush)	77	57	30	72	32	32	38	24	30	28	31	50	138	692	1183	2516	2512	1278	631	42	1	0.0	0.0	0.0	0.0	0.0	0.0	0.0	0.0	0.0	3	8	16	42	81	237	652	893	859	922	325	165	97	71	65	51	89	76
	
