

	Week starting on...	1/1	1/8	1/15	1/22	2/1	2/8	2/15	2/22	3/1	3/8	3/15	3/22	4/1	4/8	4/15	4/22	5/1	5/8	5/15	5/22	6/1	6/8	6/15	6/22	7/1	7/8	7/15	7/22	8/1	8/8	8/15	8/22	9/1	9/8	9/15	9/22	10/1	10/8	10/15	10/22	11/1	11/8	11/15	11/22	12/1	12/8	12/15	12/22
Frequency (%)
	Yellow-crowned Night-Heron	0.0	0.0	0.0	0.0	0.0	0.0	0.0	0.0	0.0	0.0	0.0	0.0	0.0	0.0	0.0	0.0	0.0	0.0	0.7123370718399514	2.3142903382424342	0.0	0.0	0.0	0.0	0.0	0.0	0.0	0.0	1.7791411042944787	0.7067137809187279	2.4530271398747394	0.7823129251700681	0.9552923194497517	0.46801872074883	0.5390835579514826	0.18714909544603867	0.4644515898535191	0.24752475247524752	0.0	0.0	0.0	0.0	0.0	0.0	0.0	0.0	0.0	0.0
	Total # checklists submitted - (Yellow-crowned Night-Heron)	4647	3500	3030	4287	2903	3748	5456	3029	3408	3753	4232	5749	4440	4239	4476	6551	6922	7075	6598	6179	2698	2324	2065	2539	1804	1603	1555	2203	1630	1698	1916	2940	2617	2564	2597	3206	2799	2828	2798	3738	2680	2700	2440	2955	2284	2331	2683	4466
	
Abundance
	Yellow-crowned Night-Heron	0.0	0.0	0.0	0.0	0.0	0.0	0.0	0.0	0.0	0.0	0.0	0.0	0.0	0.0	0.0	0.0	0.0	0.0	0.007123370718399515	0.02298106489723256	0.0	0.0	0.0	0.0	0.0	0.0	0.0	0.0	0.017791411042944787	0.007067137809187279	0.024530271398747392	0.007823129251700681	0.009552923194497517	0.0046801872074883	0.005390835579514825	0.0018714909544603868	0.004287245444801715	0.0021216407355021216	0.0	0.0	0.0	0.0	0.0	0.0	0.0	0.0	0.0	0.0
	Total # checklists submitted - (Yellow-crowned Night-Heron)	4647	3500	3030	4287	2903	3748	5456	3029	3408	3753	4232	5749	4440	4239	4476	6551	6922	7075	6598	6179	2698	2324	2065	2539	1804	1603	1555	2203	1630	1698	1916	2940	2617	2564	2597	3206	2799	2828	2798	3738	2680	2700	2440	2955	2284	2331	2683	4466
	
Birds Per Party Hour
	Yellow-crowned Night-Heron	0.0	0.0	0.0	0.0	0.0	0.0	0.0	0.0	0.0	0.0	0.0	0.0	0.0	0.0	0.0	0.0	0.0	0.0	1.6832644637007765	1.1887226258805408	0.0	0.0	0.0	0.0	0.0	0.0	0.0	0.0	0.8398758028396427	0.6703397163666235	1.0320508401531843	1.296191889862992	1.3559722573545427	0.7790304603498971	0.8393361554242099	0.39216266999676186	0.5669025382232801	0.8257650507650508	0.0	0.0	0.0	0.0	0.0	0.0	0.0	0.0	0.0	0.0
	# checklists reporting species - (Yellow-crowned Night-Heron)	0.0	0.0	0.0	0.0	0.0	0.0	0.0	0.0	0.0	0.0	0.0	0	0	0	0.0	0.0	0.0	0.0	67	168	0.0	0.0	0.0	0.0	0.0	0.0	0.0	0.0	33	14	59	27	26	13	16	8	12	6	0.0	0.0	0.0	0.0	0.0	0.0	0.0	0.0	0.0	0.0
	
High Count
	Yellow-crowned Night-Heron	0.0	0.0	0.0	0.0	0.0	0.0	0.0	0.0	0.0	0.0	0.0	1	1	1	0.0	0.0	0.0	0.0	1	1	0.0	0.0	0.0	0.0	0.0	0.0	0.0	0.0	1	1	1	1	1	1	1	1	1	1	0.0	0.0	0.0	0.0	0.0	0.0	0.0	0.0	0.0	0.0
	# checklists reporting species - (Yellow-crowned Night-Heron)	0.0	0.0	0.0	0.0	0.0	0.0	0.0	0.0	0.0	0.0	0.0	1	7	5	0.0	0.0	0.0	0.0	67	171	0.0	0.0	0.0	0.0	0.0	0.0	0.0	0.0	33	14	63	31	30	16	17	8	14	7	0.0	0.0	0.0	0.0	0.0	0.0	0.0	0.0	0.0	0.0
	
Totals
	Yellow-crowned Night-Heron	0.0	0.0	0.0	0.0	0.0	0.0	0.0	0.0	0.0	0.0	0.0	1	7	5	0.0	0.0	0.0	0.0	67	170	0.0	0.0	0.0	0.0	0.0	0.0	0.0	0.0	33	14	63	31	29	15	17	8	13	6	0.0	0.0	0.0	0.0	0.0	0.0	0.0	0.0	0.0	0.0
	# checklists reporting species - (Yellow-crowned Night-Heron)	0.0	0.0	0.0	0.0	0.0	0.0	0.0	0.0	0.0	0.0	0.0	1	7	5	0.0	0.0	0.0	0.0	67	170	0.0	0.0	0.0	0.0	0.0	0.0	0.0	0.0	33	14	63	31	29	15	17	8	13	6	0.0	0.0	0.0	0.0	0.0	0.0	0.0	0.0	0.0	0.0
	
Average Count
	Yellow-crowned Night-Heron	0.0	0.0	0.0	0.0	0.0	0.0	0.0	0.0	0.0	0.0	0.0	1.0	1.0	1.0	0.0	0.0	0.0	0.0	1.0	1.0	0.0	0.0	0.0	0.0	0.0	0.0	0.0	0.0	1.0	1.0	1.0	1.0	1.0	1.0	1.0	1.0	1.0	1.0	0.0	0.0	0.0	0.0	0.0	0.0	0.0	0.0	0.0	0.0
	# checklists reporting species - (Yellow-crowned Night-Heron)	0.0	0.0	0.0	0.0	0.0	0.0	0.0	0.0	0.0	0.0	0.0	1	7	5	0.0	0.0	0.0	0.0	67	170	0.0	0.0	0.0	0.0	0.0	0.0	0.0	0.0	33	14	63	31	29	15	17	8	13	6	0.0	0.0	0.0	0.0	0.0	0.0	0.0	0.0	0.0	0.0
	
