

	Week starting on...	1/1	1/8	1/15	1/22	2/1	2/8	2/15	2/22	3/1	3/8	3/15	3/22	4/1	4/8	4/15	4/22	5/1	5/8	5/15	5/22	6/1	6/8	6/15	6/22	7/1	7/8	7/15	7/22	8/1	8/8	8/15	8/22	9/1	9/8	9/15	9/22	10/1	10/8	10/15	10/22	11/1	11/8	11/15	11/22	12/1	12/8	12/15	12/22
Frequency (%)
	Killdeer	0.10759629868732515	0.05714285714285715	0.0	0.0	0.10334137099552188	0.0	0.018328445747800588	0.36315615714757343	1.2030516431924883	5.968558486544098	14.343100189035917	20.055661854235517	21.95945945945946	20.05189903279075	20.978552278820377	20.286979087162266	21.453337185784456	20.169611307420496	22.355259169445286	26.735717753681826	21.423276501111935	18.244406196213426	17.433414043583532	14.808979913351713	15.133037694013304	14.535246412975672	18.070739549839228	17.566954153427144	15.58282208588957	17.72673733804476	20.668058455114824	17.312925170068027	14.558654948414215	9.399375975039002	11.012706969580286	10.605115408608858	6.823865666309397	6.082036775106082	4.789135096497498	3.1300160513643664	2.201492537313433	2.0	0.6147540983606558	0.338409475465313	0.21891418563922943	0.21450021450021448	0.0	0.17913121361397222
	Total # checklists submitted - (Killdeer)	4647	3500	3030	4287	2903	3748	5456	3029	3408	3753	4232	5749	4440	4239	4476	6551	6922	7075	6598	6179	2698	2324	2065	2539	1804	1603	1555	2203	1630	1698	1916	2940	2617	2564	2597	3206	2799	2828	2798	3738	2680	2700	2440	2955	2284	2331	2683	4466
	
Abundance
	Killdeer	0.0010759629868732515	5.714285714285715E-4	0.0	0.0	0.0010334137099552187	0.0	1.8328445747800586E-4	0.0036315615714757345	0.025821596244131457	0.13056221689315214	0.430765595463138	0.6508958079666028	0.6864864864864865	0.6461429582448691	0.6275692582663092	0.5580827354602351	0.542617740537417	0.5339929328621908	0.6944528645043953	0.9915843987700275	0.7750185322461083	0.6299483648881239	0.6067796610169491	0.4864119732178023	0.7222838137472284	0.8253275109170306	0.9980707395498393	0.9123921924648207	0.7300613496932515	0.8928150765606596	0.8799582463465553	0.85	0.7997707298433321	0.4621684867394696	0.6580670003850597	0.4897067997504679	0.3265451947123973	0.32001414427157	0.20121515368120085	0.09229534510433386	0.04402985074626865	0.04666666666666667	0.010245901639344262	0.008460236886632826	0.002626970227670753	0.002574002574002574	0.0	0.0024630541871921183
	Total # checklists submitted - (Killdeer)	4647	3500	3030	4287	2903	3748	5456	3029	3408	3753	4232	5749	4440	4239	4476	6551	6922	7075	6598	6179	2698	2324	2065	2539	1804	1603	1555	2203	1630	1698	1916	2940	2617	2564	2597	3206	2799	2828	2798	3738	2680	2700	2440	2955	2284	2331	2683	4466
	
Birds Per Party Hour
	Killdeer	0.169249683687692	0.36666666666666664	0.0	0.0	0.9167291822955739	0.0	2.3980815347721824	0.5478727463708843	1.8048661990827477	4.588445956668121	2.2870071215827714	3.3665415127220566	2.8379874138377494	1.9945296856059187	2.3036091195193515	1.7697778696521376	1.4402186648578579	1.5174423188575754	1.6441906364773937	2.3229326663952885	3.029076883180797	3.2190608965587204	4.048083607161379	4.857904289050727	5.392164038971954	5.584572586685685	8.082736807595893	3.562894434600073	4.061543649499071	3.988428778739531	3.0308623484381654	3.229837746697599	2.9760114716459367	3.8302553807501902	5.086790182545664	4.618018113937298	2.467049244843353	5.62070442002438	2.6343667277499194	1.7021726575374037	1.0989487948663754	6.8427125383300025	0.7245777829300949	2.1409998283154623	10.898366013071895	1.030563384572764	0.0	0.24327754670891927
	# checklists reporting species - (Killdeer)	6	2	0.0	0.0	3	0.0	1	11	46	236	620	1135	943	835	925	1278	1452	1420	1448	1648	576	424	367	365	274	240	282	403	253	327	422	531	382	233	276	330	188	174	126	114	59	53	16	9	6	7	0.0	9
	
High Count
	Killdeer	1	1	0.0	0.0	1	0.0	1	1	14	24	20	40	50	40	24	26	30	30	50	35	20	24	31	40	45	50	26	60	50	40	35	53	50	43	47	48	35	41	30	27	10	12	8	7	2	2	0.0	5
	# checklists reporting species - (Killdeer)	7	2	0.0	0.0	3	0.0	1	14	49	264	685	1280	1070	924	1013	1413	1589	1545	1570	1812	651	464	395	424	302	261	314	439	283	349	454	581	417	272	331	391	222	208	159	127	67	62	16	11	8	10	0.0	9
	
Totals
	Killdeer	6	2	0.0	0.0	3	0.0	1	13	101	563	1953	3995	3239	2866	2937	3843	3958	4027	4812	6609	2250	1583	1319	1351	1380	1431	1682	2258	1432	1781	1983	2986	2382	1428	1963	1778	1053	1097	638	380	128	136	28	26	8	10	0.0	16
	# checklists reporting species - (Killdeer)	6	2	0.0	0.0	3	0.0	1	13	49	259	663	1217	1004	878	955	1329	1496	1470	1487	1713	612	443	380	400	290	248	296	424	267	339	439	561	399	260	317	372	207	194	151	124	63	61	16	11	7	8	0.0	9
	
Average Count
	Killdeer	1.0	1.0	0.0	0.0	1.0	0.0	1.0	1.0	2.061224489795918	2.1737451737451736	2.9457013574660635	3.28266228430567	3.2260956175298805	3.264236902050114	3.075392670157068	2.891647855530474	2.6457219251336896	2.739455782312925	3.2360457296570275	3.858143607705779	3.676470588235294	3.5733634311512414	3.471052631578947	3.3775	4.758620689655173	5.770161290322581	5.6824324324324325	5.3254716981132075	5.3632958801498125	5.2536873156342185	4.517084282460137	5.322638146167558	5.969924812030075	5.492307692307692	6.192429022082019	4.779569892473118	5.086956521739131	5.654639175257732	4.225165562913907	3.064516129032258	2.0317460317460316	2.2295081967213113	1.75	2.3636363636363638	1.1428571428571428	1.25	0.0	1.7777777777777777
	# checklists reporting species - (Killdeer)	6	2	0.0	0.0	3	0.0	1	13	49	259	663	1217	1004	878	955	1329	1496	1470	1487	1713	612	443	380	400	290	248	296	424	267	339	439	561	399	260	317	372	207	194	151	124	63	61	16	11	7	8	0.0	9
	
