

	Week starting on...	1/1	1/8	1/15	1/22	2/1	2/8	2/15	2/22	3/1	3/8	3/15	3/22	4/1	4/8	4/15	4/22	5/1	5/8	5/15	5/22	6/1	6/8	6/15	6/22	7/1	7/8	7/15	7/22	8/1	8/8	8/15	8/22	9/1	9/8	9/15	9/22	10/1	10/8	10/15	10/22	11/1	11/8	11/15	11/22	12/1	12/8	12/15	12/22
Frequency (%)
	Red-shouldered Hawk	0.19367333763718528	0.1142857142857143	0.066006600660066	0.09330534173081409	0.13778849466069584	0.13340448239060831	0.16495601173020527	0.3961703532518983	0.14671361502347416	0.2664535038635758	0.23629489603024575	0.38267524786919466	0.38288288288288286	0.1887237556027365	0.17873100983020554	0.18317814074187147	0.057786766830395846	0.05653710247349823	0.1060927553804183	0.08091924259588931	0.1111934766493699	0.21514629948364886	0.14527845036319612	0.11815675462780621	0.05543237250554324	0.06238303181534623	0.06430868167202572	0.0	0.0	0.0	0.052192066805845504	0.06802721088435373	0.45854031333588074	0.39001560062402496	0.5390835579514826	1.0293200249532126	1.321900678813862	1.9448373408769446	5.718370264474625	5.377207062600322	2.6865671641791042	2.740740740740741	0.6557377049180327	0.2707275803722504	0.043782837127845885	0.2574002574002574	0.40998881848676855	0.5821764442454098
	Total # checklists submitted - (Red-shouldered Hawk)	4647	3500	3030	4287	2903	3748	5456	3029	3408	3753	4232	5749	4440	4239	4476	6551	6922	7075	6598	6179	2698	2324	2065	2539	1804	1603	1555	2203	1630	1698	1916	2940	2617	2564	2597	3206	2799	2828	2798	3738	2680	2700	2440	2955	2284	2331	2683	4466
	
Abundance
	Red-shouldered Hawk	0.001936733376371853	0.001142857142857143	6.600660066006601E-4	9.330534173081409E-4	0.0013778849466069584	0.0013340448239060833	0.0016495601173020528	0.003961703532518983	0.0014671361502347417	0.002664535038635758	0.003780718336483932	0.006261958601495913	0.004279279279279279	0.0023590469450342063	0.0017873100983020554	0.003358265913600977	7.22334585379948E-4	8.480565371024735E-4	0.0012124886329190664	0.0012947078815342288	0.001111934766493699	0.004733218588640275	0.0014527845036319612	0.0019692792437967705	5.543237250554324E-4	6.238303181534623E-4	6.430868167202572E-4	0.0	0.0	0.0	0.0010438413361169101	6.802721088435374E-4	0.010699273977837218	0.005850234009360375	0.010011551790527531	0.01372426699937617	0.036084315827081104	0.03500707213578501	0.23981415296640457	0.2504012841091493	0.08544776119402984	0.06518518518518518	0.013524590163934426	0.0027072758037225042	4.3782837127845885E-4	0.002574002574002574	0.004099888184867686	0.006493506493506494
	Total # checklists submitted - (Red-shouldered Hawk)	4647	3500	3030	4287	2903	3748	5456	3029	3408	3753	4232	5749	4440	4239	4476	6551	6922	7075	6598	6179	2698	2324	2065	2539	1804	1603	1555	2203	1630	1698	1916	2940	2617	2564	2597	3206	2799	2828	2798	3738	2680	2700	2440	2955	2284	2331	2683	4466
	
Birds Per Party Hour
	Red-shouldered Hawk	0.22209727169196972	0.4281135531135531	0.07662835249042145	0.10817307692307693	0.3926203663741428	0.20780202586711333	0.2908681677180955	0.3423681109566829	0.26782097484534295	0.8310441333114305	0.7017602005316163	1.7614811212081936	0.6361084525120794	0.47820284447150224	1.9072089586157623	0.5817497556207234	0.33092948717948717	0.3202043006257229	0.23603603603603604	0.4705050505050505	0.2619047619047619	0.6054968965267256	0.30687830687830686	0.5333333333333333	0.25	0.25	0.14285714285714285	0.0	0.0	2.0	0.5	0.26666666666666666	1.6862065377284794	0.3864357864357864	0.4824287763431049	0.5622636757432055	1.0456475651909418	1.6551380117235128	1.3468234414412252	2.3295982050467123	1.28941601311072	1.1273020783499481	1.3900326226062336	0.5363611042962382	0.09090909090909091	0.18288879623423035	0.48201484432085584	0.257447032430465
	# checklists reporting species - (Red-shouldered Hawk)	9	4	3	4	4	3	8	12	5	10	13	22	16	8	10	11	4	6	3	5	3	4	3	3	1	1	1	0.0	0.0	1	1	2	12	7	16	43	62	89	213	294	130	117	31	12	2	7	12	27
	
High Count
	Red-shouldered Hawk	1	1	1	1	1	1	1	1	1	1	6	5	2	2	1	7	2	3	2	4	1	4	1	2	1	1	1	0.0	0.0	2	2	1	15	4	4	4	30	17	31	74	20	18	6	2	1	1	1	3
	# checklists reporting species - (Red-shouldered Hawk)	9	4	3	4	4	5	9	14	5	10	13	31	20	9	10	12	5	6	7	6	3	5	3	3	1	1	1	0.0	0.0	1	1	2	12	10	17	45	65	94	220	308	136	122	33	12	2	9	14	29
	
Totals
	Red-shouldered Hawk	9	4	3	4	4	5	9	14	5	10	19	47	22	10	10	22	6	8	8	9	3	11	3	5	1	1	1	0.0	0.0	2	2	2	28	15	31	61	168	243	880	1446	362	302	62	14	2	9	14	32
	# checklists reporting species - (Red-shouldered Hawk)	9	4	3	4	4	5	9	14	5	10	13	27	19	8	10	11	5	6	7	6	3	5	3	3	1	1	1	0.0	0.0	1	1	2	12	10	17	45	64	93	217	301	136	119	33	12	2	9	14	28
	
Average Count
	Red-shouldered Hawk	1.0	1.0	1.0	1.0	1.0	1.0	1.0	1.0	1.0	1.0	1.4615384615384615	1.7407407407407407	1.1578947368421053	1.25	1.0	2.0	1.2	1.3333333333333333	1.1428571428571428	1.5	1.0	2.2	1.0	1.6666666666666667	1.0	1.0	1.0	0.0	0.0	2.0	2.0	1.0	2.3333333333333335	1.5	1.8235294117647058	1.3555555555555556	2.625	2.6129032258064515	4.055299539170507	4.803986710963455	2.661764705882353	2.53781512605042	1.878787878787879	1.1666666666666667	1.0	1.0	1.0	1.1428571428571428
	# checklists reporting species - (Red-shouldered Hawk)	9	4	3	4	4	5	9	14	5	10	13	27	19	8	10	11	5	6	7	6	3	5	3	3	1	1	1	0.0	0.0	1	1	2	12	10	17	45	64	93	217	301	136	119	33	12	2	9	14	28
	
