

	Week starting on...	1/1	1/8	1/15	1/22	2/1	2/8	2/15	2/22	3/1	3/8	3/15	3/22	4/1	4/8	4/15	4/22	5/1	5/8	5/15	5/22	6/1	6/8	6/15	6/22	7/1	7/8	7/15	7/22	8/1	8/8	8/15	8/22	9/1	9/8	9/15	9/22	10/1	10/8	10/15	10/22	11/1	11/8	11/15	11/22	12/1	12/8	12/15	12/22
Frequency (%)
	White-winged Crossbill	0.4519044544867657	0.48571428571428565	0.16501650165016502	0.1166316771635176	0.06889424733034792	0.13340448239060831	0.18328445747800587	0.29712776493892373	0.08802816901408451	0.07993605115907274	0.16540642722117202	0.1217603061401983	0.02252252252252252	0.02359046945034206	0.0	0.0	0.0	0.014134275618374558	0.01515610791148833	0.0	0.0	0.0	0.0	0.0	0.0	0.0	0.0	0.0	0.0	0.0	0.0	0.0	0.0	0.0	0.0	0.031191515907673113	0.0	0.0	0.32165832737669764	0.2407704654895666	1.1940298507462688	1.1111111111111112	1.5983606557377048	1.7258883248730965	1.4886164623467601	0.3432003432003432	0.2981736861721953	1.6121809225257502
	Total # checklists submitted - (White-winged Crossbill)	4647	3500	3030	4287	2903	3748	5456	3029	3408	3753	4232	5749	4440	4239	4476	6551	6922	7075	6598	6179	2698	2324	2065	2539	1804	1603	1555	2203	1630	1698	1916	2940	2617	2564	2597	3206	2799	2828	2798	3738	2680	2700	2440	2955	2284	2331	2683	4466
	
Abundance
	White-winged Crossbill	0.019152141166343877	0.04342857142857143	0.010561056105610561	0.004665267086540704	0.005511539786427834	0.0048025613660619	0.007331378299120235	0.057114559260482006	0.031396713615023476	0.009858779642952304	0.006852551984877127	0.02522177770046965	0.0015765765765765765	0.0014154281670205238	0.0	0.0	0.0	1.413427561837456E-4	1.515610791148833E-4	0.0	0.0	0.0	0.0	0.0	0.0	0.0	0.0	0.0	0.0	0.0	0.0	0.0	0.0	0.0	0.0	0.0	0.0	0.0	0.0032165832737669764	0.03397538790797218	0.062313432835820894	0.025555555555555557	0.05450819672131148	0.07681895093062606	0.07399299474605954	0.010296010296010296	0.007081625046589639	0.5038065382892969
	Total # checklists submitted - (White-winged Crossbill)	4647	3500	3030	4287	2903	3748	5456	3029	3408	3753	4232	5749	4440	4239	4476	6551	6922	7075	6598	6179	2698	2324	2065	2539	1804	1603	1555	2203	1630	1698	1916	2940	2617	2564	2597	3206	2799	2828	2798	3738	2680	2700	2440	2955	2284	2331	2683	4466
	
Birds Per Party Hour
	White-winged Crossbill	8.650815336491423	9.945622851345988	9.065871902453612	4.694985045224891	2.5176125244618395	5.581820845550647	5.246114245275952	2.6714772301169765	13.071428571428571	6.377777777777778	1.5488195570344863	3.800004228575657	0.0	1.7142857142857142	0.0	0.0	0.0	0.36363636363636365	0.3380756484973146	0.0	0.0	0.0	0.0	0.0	0.0	0.0	0.0	0.0	0.0	0.0	0.0	0.0	0.0	0.0	0.0	0.0	0.0	0.0	0.25277725711455656	4.51267397308456	4.384637266223406	1.4664623009580429	4.662209615434716	5.54731518734753	3.850621895252372	1.7933161137371525	1.700026396799363	4.083331885795312
	# checklists reporting species - (White-winged Crossbill)	18	17	13	6	4	6	9	12	2	4	6	7	1	1	0.0	0.0	0	1	2	0.0	0.0	0.0	0.0	0.0	0.0	0.0	0.0	0.0	0.0	0.0	0.0	0.0	0.0	0.0	0.0	0	0.0	0.0	9	11	33	36	41	59	38	8	9	75
	
High Count
	White-winged Crossbill	17	50	18	16	15	10	10	75	100	17	9	100	7	6	0.0	0.0	30	1	1	0.0	0.0	0.0	0.0	0.0	0.0	0.0	0.0	0.0	0.0	0.0	0.0	0.0	0.0	0.0	0.0	1	0.0	0.0	1	80	28	6	15	16	13	14	5	500
	# checklists reporting species - (White-winged Crossbill)	22	21	14	9	6	8	10	17	4	8	10	10	2	1	0.0	0.0	1	1	3	0.0	0.0	0.0	0.0	0.0	0.0	0.0	0.0	0.0	0.0	0.0	0.0	0.0	0.0	0.0	0.0	1	0.0	0.0	9	13	36	39	42	60	39	9	11	78
	
Totals
	White-winged Crossbill	93	167	80	55	31	38	40	214	109	61	45	155	8	6	0.0	0.0	30	1	3	0.0	0.0	0.0	0.0	0.0	0.0	0.0	0.0	0.0	0.0	0.0	0.0	0.0	0.0	0.0	0.0	0	0.0	0.0	9	270	174	91	143	276	194	24	21	2268
	# checklists reporting species - (White-winged Crossbill)	20	19	14	8	6	8	10	17	4	7	9	10	2	1	0.0	0.0	1	1	3	0.0	0.0	0.0	0.0	0.0	0.0	0.0	0.0	0.0	0.0	0.0	0.0	0.0	0.0	0.0	0.0	0	0.0	0.0	9	13	33	39	42	60	39	8	10	75
	
Average Count
	White-winged Crossbill	4.65	8.789473684210526	5.714285714285714	6.875	5.166666666666667	4.75	4.0	12.588235294117647	27.25	8.714285714285714	5.0	15.5	4.0	6.0	0.0	0.0	30.0	1.0	1.0	0.0	0.0	0.0	0.0	0.0	0.0	0.0	0.0	0.0	0.0	0.0	0.0	0.0	0.0	0.0	0.0	0.0	0.0	0.0	1.0	20.76923076923077	5.2727272727272725	2.3333333333333335	3.4047619047619047	4.6	4.9743589743589745	3.0	2.1	30.24
	# checklists reporting species - (White-winged Crossbill)	20	19	14	8	6	8	10	17	4	7	9	10	2	1	0.0	0.0	1	1	3	0.0	0.0	0.0	0.0	0.0	0.0	0.0	0.0	0.0	0.0	0.0	0.0	0.0	0.0	0.0	0.0	0	0.0	0.0	9	13	33	39	42	60	39	8	10	75
	
