

	Week starting on...	1/1	1/8	1/15	1/22	2/1	2/8	2/15	2/22	3/1	3/8	3/15	3/22	4/1	4/8	4/15	4/22	5/1	5/8	5/15	5/22	6/1	6/8	6/15	6/22	7/1	7/8	7/15	7/22	8/1	8/8	8/15	8/22	9/1	9/8	9/15	9/22	10/1	10/8	10/15	10/22	11/1	11/8	11/15	11/22	12/1	12/8	12/15	12/22
Frequency (%)
	Blue-winged Teal	0.0	0.0	0.0	0.0	0.0	0.0	0.0	0.0	0.0	0.10658140154543032	0.23629489603024575	2.0873195338319706	2.545045045045045	3.019580089643784	3.6639857015192137	4.106243321630285	4.1750939034961	1.2296819787985867	1.1973325250075781	1.505097912283541	1.0378057820607858	0.9896729776247849	0.387409200968523	1.0240252067743205	0.5543237250554324	0.37429819089207733	0.2572347266881029	0.3631411711302769	1.165644171779141	1.9434628975265018	2.2442588726513573	4.6938775510204085	4.432556362246848	3.939157566302652	3.5810550635348477	1.8714909544603868	1.714898177920686	1.8033946251768036	0.39313795568263044	0.13376136971642588	0.22388059701492538	0.1111111111111111	0.0	0.0338409475465313	0.0	0.0	0.03727171077152441	0.022391401701746527
	Total # checklists submitted - (Blue-winged Teal)	4647	3500	3030	4287	2903	3748	5456	3029	3408	3753	4232	5749	4440	4239	4476	6551	6922	7075	6598	6179	2698	2324	2065	2539	1804	1603	1555	2203	1630	1698	1916	2940	2617	2564	2597	3206	2799	2828	2798	3738	2680	2700	2440	2955	2284	2331	2683	4466
	
Abundance
	Blue-winged Teal	0.0	0.0	0.0	0.0	0.0	0.0	0.0	0.0	0.0	0.0010658140154543032	0.006143667296786389	0.038267524786919464	0.06801801801801802	0.06841236140599198	0.08176943699731903	0.09647382079071898	0.09664836752383704	0.020353356890459365	0.019399818126705062	0.03139666612720505	0.01816160118606375	0.0189328743545611	0.006779661016949152	0.012209531311539977	0.017184035476718405	0.008733624454148471	0.0038585209003215433	0.016341352700862462	0.03128834355828221	0.07420494699646643	0.15187891440501045	0.304421768707483	0.1811234237676729	0.16458658346333854	0.12899499422410474	0.06082345601996257	0.06752411575562701	0.051272984441301274	0.010007147962830594	0.004815409309791332	0.0018656716417910447	0.0044444444444444444	0.0	6.768189509306261E-4	0.0	0.0	3.727171077152441E-4	2.239140170174653E-4
	Total # checklists submitted - (Blue-winged Teal)	4647	3500	3030	4287	2903	3748	5456	3029	3408	3753	4232	5749	4440	4239	4476	6551	6922	7075	6598	6179	2698	2324	2065	2539	1804	1603	1555	2203	1630	1698	1916	2940	2617	2564	2597	3206	2799	2828	2798	3738	2680	2700	2440	2955	2284	2331	2683	4466
	
Birds Per Party Hour
	Blue-winged Teal	0.0	0.0	0.0	0.0	0.0	0.0	0.0	0.0	0.0	0.6610734735002326	2.344663357440391	1.3772516246452304	2.0127148468368383	1.5336523111306792	1.850131713898475	1.352723549744639	1.2819090687574117	1.1630000764392707	1.4901122938650373	0.9072184429976617	1.7517791156666573	0.9104016423891271	0.8143342081541836	0.5228648427028663	0.8739703942468575	0.8486250385362044	1.6476047904191617	3.0784297884841365	2.0986489597072318	3.4536438817448563	2.8648312552204698	3.0912480040841586	1.7975256247478018	1.9082825609623197	3.0355958725508843	2.240315519954991	1.7819431853058516	1.9027028454785897	1.3092951231558958	2.6636189108484873	0.43597018695087536	0.8796992481203008	0.0	0.6666666666666666	0.0	0.0	0.11764705882352941	0.16
	# checklists reporting species - (Blue-winged Teal)	0.0	0.0	0.0	0.0	0.0	0.0	0.0	0.0	0.0	6	10	124	117	132	174	266	303	82	76	96	28	23	8	29	13	7	5	8	15	32	44	141	111	93	91	62	47	47	11	5	7	3	0.0	1	0.0	0.0	1	1
	
High Count
	Blue-winged Teal	0.0	0.0	0.0	0.0	0.0	0.0	0.0	0.0	0.0	1	4	6	8	7	12	14	15	10	7	6	7	9	5	3	8	9	2	12	8	14	44	45	40	35	20	30	50	20	10	10	1	10	0.0	2	0.0	0.0	1	1
	# checklists reporting species - (Blue-winged Teal)	0.0	0.0	0.0	0.0	0.0	0.0	0.0	0.0	0.0	6	10	128	123	137	190	295	317	96	87	104	28	28	9	29	15	9	5	10	20	35	47	148	125	106	104	71	53	56	12	5	9	3	0.0	1	0.0	0.0	1	1
	
Totals
	Blue-winged Teal	0.0	0.0	0.0	0.0	0.0	0.0	0.0	0.0	0.0	6	26	228	328	307	414	695	721	158	134	218	49	49	15	36	42	19	7	54	52	127	298	936	496	433	356	224	199	149	29	18	8	12	0.0	2	0.0	0.0	1	1
	# checklists reporting species - (Blue-winged Teal)	0.0	0.0	0.0	0.0	0.0	0.0	0.0	0.0	0.0	6	10	126	122	135	182	282	309	89	84	102	28	28	9	29	15	9	5	10	20	34	46	145	114	100	99	69	51	49	12	5	8	3	0.0	1	0.0	0.0	1	1
	
Average Count
	Blue-winged Teal	0.0	0.0	0.0	0.0	0.0	0.0	0.0	0.0	0.0	1.0	2.6	1.8095238095238095	2.6885245901639343	2.274074074074074	2.2747252747252746	2.4645390070921986	2.3333333333333335	1.7752808988764044	1.5952380952380953	2.1372549019607843	1.75	1.75	1.6666666666666667	1.2413793103448276	2.8	2.111111111111111	1.4	5.4	2.6	3.735294117647059	6.478260869565218	6.455172413793103	4.350877192982456	4.33	3.595959595959596	3.246376811594203	3.9019607843137254	3.0408163265306123	2.4166666666666665	3.6	1.0	4.0	0.0	2.0	0.0	0.0	1.0	1.0
	# checklists reporting species - (Blue-winged Teal)	0.0	0.0	0.0	0.0	0.0	0.0	0.0	0.0	0.0	6	10	126	122	135	182	282	309	89	84	102	28	28	9	29	15	9	5	10	20	34	46	145	114	100	99	69	51	49	12	5	8	3	0.0	1	0.0	0.0	1	1
	
