

	Week starting on...	1/1	1/8	1/15	1/22	2/1	2/8	2/15	2/22	3/1	3/8	3/15	3/22	4/1	4/8	4/15	4/22	5/1	5/8	5/15	5/22	6/1	6/8	6/15	6/22	7/1	7/8	7/15	7/22	8/1	8/8	8/15	8/22	9/1	9/8	9/15	9/22	10/1	10/8	10/15	10/22	11/1	11/8	11/15	11/22	12/1	12/8	12/15	12/22
Frequency (%)
	Red-bellied Woodpecker	5.487411233053583	4.714285714285714	4.884488448844884	5.108467459762071	4.994832931450223	5.096051227321238	4.912023460410557	4.919115219544404	5.663145539906103	5.675459632294165	6.025519848771267	6.105409636458514	6.441441441441441	5.638122198631753	5.607685433422699	6.273851320409098	7.0933256284310895	6.742049469964664	7.183995150045468	5.923288558019097	6.263899184581172	5.507745266781412	4.019370460048426	3.2690035447026387	3.270509977827051	2.682470368059888	3.279742765273312	2.1788470267816615	2.024539877300614	2.061248527679623	3.392484342379958	2.1088435374149657	3.4772640427970956	2.769110764430577	4.659222179437813	4.30442919525889	3.9299749910682387	4.490806223479491	6.004288777698355	5.698234349919743	5.895522388059701	3.851851851851852	5.491803278688525	4.771573604060913	5.078809106830122	5.019305019305019	7.305255311218785	5.2395879982086875
	Total # checklists submitted - (Red-bellied Woodpecker)	4647	3500	3030	4287	2903	3748	5456	3029	3408	3753	4232	5749	4440	4239	4476	6551	6922	7075	6598	6179	2698	2324	2065	2539	1804	1603	1555	2203	1630	1698	1916	2940	2617	2564	2597	3206	2799	2828	2798	3738	2680	2700	2440	2955	2284	2331	2683	4466
	
Abundance
	Red-bellied Woodpecker	0.07316548310738111	0.056857142857142856	0.061386138613861385	0.06391415908560764	0.06269376507061661	0.057097118463180364	0.061400293255131966	0.06239683063717399	0.07188967136150234	0.07300826005861977	0.07774102079395086	0.09079839972169072	0.08851351351351351	0.07973578674215617	0.0741733690795353	0.08823080445733476	0.09679283444091304	0.08876325088339222	0.09790845710821461	0.07962453471435507	0.0804299481097109	0.06755593803786575	0.05423728813559322	0.04923198109491926	0.046008869179600884	0.035558328134747345	0.04630225080385852	0.029959146618247844	0.030061349693251534	0.03415783274440518	0.04749478079331942	0.029931972789115645	0.04700038211692778	0.037051482059282374	0.06045437042741625	0.053649407361197755	0.05609146123615577	0.05799151343705799	0.07719799857040743	0.0671482075976458	0.07238805970149254	0.043333333333333335	0.061885245901639345	0.049746192893401014	0.06260945709281962	0.06263406263406264	0.10249720462169214	0.06269592476489028
	Total # checklists submitted - (Red-bellied Woodpecker)	4647	3500	3030	4287	2903	3748	5456	3029	3408	3753	4232	5749	4440	4239	4476	6551	6922	7075	6598	6179	2698	2324	2065	2539	1804	1603	1555	2203	1630	1698	1916	2940	2617	2564	2597	3206	2799	2828	2798	3738	2680	2700	2440	2955	2284	2331	2683	4466
	
Birds Per Party Hour
	Red-bellied Woodpecker	2.623256090574089	1.7703758615631744	2.1468614210271193	1.6331115294214122	2.290360369217536	1.9517325670993912	2.057390576378939	1.7876536338471374	2.0169353836249195	1.7917689402593213	1.5942040403806979	2.0027672892315387	1.5015636476676306	2.815034579796067	1.4186321180135493	1.5152670452359713	1.0842990336621992	0.9859094696437717	0.8387056554674718	1.0610104464549472	1.3417328519519665	1.6713606249881696	1.4414127868041136	1.4273636392521432	2.284146452646251	1.2329948692806776	1.2369406608113451	1.00959705258995	1.3742326129863656	1.6688230142284273	1.0940458343786885	1.0950784615136062	0.9830414693044857	1.0710766842224786	1.1015588973817516	1.1289166813547107	1.694251224997702	1.1291891222624575	1.7081471551020755	0.982364204389765	1.102262644520899	1.3729853742842142	1.4858774024974721	1.6205841857040522	1.4440436775184047	1.4502796977763306	1.404663268601096	2.029350268864398
	# checklists reporting species - (Red-bellied Woodpecker)	267	173	153	232	151	199	279	155	202	223	263	367	292	250	263	419	509	498	486	382	178	128	90	87	62	43	55	52	36	36	70	64	94	70	119	151	115	137	172	226	170	114	140	154	122	122	205	243
	
High Count
	Red-bellied Woodpecker	7	4	4	4	3	4	6	5	4	4	6	8	7	6	5	11	7	5	6	8	4	5	5	6	7	4	4	4	7	7	4	7	4	4	4	4	7	4	4	3	5	3	3	2	4	3	6	4
	# checklists reporting species - (Red-bellied Woodpecker)	271	173	154	239	152	199	280	159	204	225	271	374	300	256	273	431	521	520	508	396	183	134	96	97	68	45	55	55	38	37	70	64	95	73	124	152	117	137	173	231	173	117	143	157	124	124	208	245
	
Totals
	Red-bellied Woodpecker	357	207	192	294	190	225	350	200	260	287	344	546	410	358	353	604	708	676	682	523	232	162	126	139	93	59	77	73	58	62	99	90	127	96	159	187	164	174	223	270	208	130	159	164	149	152	286	290
	# checklists reporting species - (Red-bellied Woodpecker)	270	173	153	233	151	199	279	156	202	223	263	367	295	254	265	425	514	510	497	393	180	131	96	95	65	43	55	54	37	37	70	64	94	71	121	152	116	137	173	230	171	116	142	156	122	123	205	243
	
Average Count
	Red-bellied Woodpecker	1.3222222222222222	1.1965317919075145	1.2549019607843137	1.261802575107296	1.2582781456953642	1.1306532663316582	1.2544802867383513	1.2820512820512822	1.2871287128712872	1.2869955156950672	1.3079847908745248	1.4877384196185286	1.3898305084745763	1.4094488188976377	1.3320754716981131	1.4211764705882353	1.377431906614786	1.3254901960784313	1.3722334004024146	1.3307888040712468	1.288888888888889	1.2366412213740459	1.3125	1.4631578947368422	1.4307692307692308	1.372093023255814	1.4	1.3518518518518519	1.5675675675675675	1.6756756756756757	1.4142857142857144	1.40625	1.351063829787234	1.352112676056338	1.3140495867768596	1.230263157894737	1.4137931034482758	1.27007299270073	1.2890173410404624	1.173913043478261	1.2163742690058479	1.1206896551724137	1.119718309859155	1.0512820512820513	1.221311475409836	1.2357723577235773	1.395121951219512	1.1934156378600822
	# checklists reporting species - (Red-bellied Woodpecker)	270	173	153	233	151	199	279	156	202	223	263	367	295	254	265	425	514	510	497	393	180	131	96	95	65	43	55	54	37	37	70	64	94	71	121	152	116	137	173	230	171	116	142	156	122	123	205	243
	
