

	Week starting on...	1/1	1/8	1/15	1/22	2/1	2/8	2/15	2/22	3/1	3/8	3/15	3/22	4/1	4/8	4/15	4/22	5/1	5/8	5/15	5/22	6/1	6/8	6/15	6/22	7/1	7/8	7/15	7/22	8/1	8/8	8/15	8/22	9/1	9/8	9/15	9/22	10/1	10/8	10/15	10/22	11/1	11/8	11/15	11/22	12/1	12/8	12/15	12/22
Frequency (%)
	Indigo Bunting	0.0	0.0	0.0	0.0	0.0	0.0	0.0	0.0	0.0	0.0	0.0	0.0	0.0	0.0	0.0	0.0	0.7945680439179428	4.268551236749117	10.503182782661412	10.43858229486972	9.822090437361009	8.605851979345955	8.668280871670703	7.6408034659314685	8.647450110864744	7.860262008733625	7.588424437299035	6.945074897866546	5.030674846625767	3.415783274440518	3.1315240083507305	1.5646258503401362	1.0699273977837218	1.0920436817472698	1.1551790527531767	0.9669369931378666	0.5001786352268668	0.24752475247524752	0.07147962830593281	0.05350454788657035	0.0	0.0	0.0	0.0	0.0	0.0	0.03727171077152441	0.0
	Total # checklists submitted - (Indigo Bunting)	4647	3500	3030	4287	2903	3748	5456	3029	3408	3753	4232	5749	4440	4239	4476	6551	6922	7075	6598	6179	2698	2324	2065	2539	1804	1603	1555	2203	1630	1698	1916	2940	2617	2564	2597	3206	2799	2828	2798	3738	2680	2700	2440	2955	2284	2331	2683	4466
	
Abundance
	Indigo Bunting	0.0	0.0	0.0	0.0	0.0	0.0	0.0	0.0	0.0	0.0	0.0	0.0	0.0	0.0	0.0	0.0	0.008523548107483386	0.059929328621908126	0.20809336162473477	0.22414630199061336	0.21979243884358785	0.17598967297762477	0.15786924939467312	0.14375738479716424	0.1524390243902439	0.14597629444791016	0.13440514469453377	0.12210621879255561	0.08098159509202454	0.06537102473498234	0.0511482254697286	0.030952380952380953	0.01795949560565533	0.02418096723868955	0.01732768579129765	0.013100436681222707	0.007145409074669525	0.0038896746817538895	7.147962830593281E-4	5.350454788657035E-4	0.0	0.0	0.0	0.0	0.0	0.0	3.727171077152441E-4	0.0
	Total # checklists submitted - (Indigo Bunting)	4647	3500	3030	4287	2903	3748	5456	3029	3408	3753	4232	5749	4440	4239	4476	6551	6922	7075	6598	6179	2698	2324	2065	2539	1804	1603	1555	2203	1630	1698	1916	2940	2617	2564	2597	3206	2799	2828	2798	3738	2680	2700	2440	2955	2284	2331	2683	4466
	
Birds Per Party Hour
	Indigo Bunting	0.0	0.0	0.0	0.0	0.0	0.0	0.0	0.0	0.0	0.0	0.0	0.0	0.0	0.0	0.0	0.0	0.5026972072010555	1.429936147742179	1.2416519553629042	1.596792354069253	1.9780871312571073	1.5298394638842379	1.6988177484671336	1.5794951390135894	1.9379587954919728	2.5950482561139996	1.3785978202372047	1.2728139589674101	2.1761998763037957	1.5098254398746735	2.0260830306530266	1.6953047555187002	0.975535559560221	1.394082551494342	1.221122437984599	0.7755830976370373	0.4373990465396811	1.3180146261218237	0.1388888888888889	0.5428571428571428	0.0	0.0	0.0	0.0	0.0	0.0	0.2	0.0
	# checklists reporting species - (Indigo Bunting)	0.0	0.0	0.0	0.0	0.0	0.0	0.0	0.0	0.0	0.0	0.0	0.0	0.0	0.0	0.0	0.0	55	314	734	666	279	208	181	190	160	127	118	152	81	62	59	46	31	30	33	35	16	9	2	2	0.0	0.0	0.0	0.0	0.0	0.0	1	0.0
	
High Count
	Indigo Bunting	0.0	0.0	0.0	0.0	0.0	0.0	0.0	0.0	0.0	0.0	0.0	0.0	0.0	0.0	0.0	0.0	3	6	15	16	12	12	12	15	8	13	12	9	8	12	6	5	5	9	5	4	7	3	1	1	0.0	0.0	0.0	0.0	0.0	0.0	1	0.0
	# checklists reporting species - (Indigo Bunting)	0.0	0.0	0.0	0.0	0.0	0.0	0.0	0.0	0.0	0.0	0.0	0.0	0.0	0.0	0.0	0.0	62	357	795	738	341	251	239	313	241	152	129	161	90	64	63	49	32	33	36	37	17	9	3	2	0.0	0.0	0.0	0.0	0.0	0.0	1	0.0
	
Totals
	Indigo Bunting	0.0	0.0	0.0	0.0	0.0	0.0	0.0	0.0	0.0	0.0	0.0	0.0	0.0	0.0	0.0	0.0	65	486	1490	1493	675	468	385	486	365	260	225	285	143	120	102	96	51	67	49	47	25	13	3	2	0.0	0.0	0.0	0.0	0.0	0.0	1	0.0
	# checklists reporting species - (Indigo Bunting)	0.0	0.0	0.0	0.0	0.0	0.0	0.0	0.0	0.0	0.0	0.0	0.0	0.0	0.0	0.0	0.0	57	340	767	719	332	244	235	307	235	149	124	158	84	64	61	48	31	33	33	36	17	9	3	2	0.0	0.0	0.0	0.0	0.0	0.0	1	0.0
	
Average Count
	Indigo Bunting	0.0	0.0	0.0	0.0	0.0	0.0	0.0	0.0	0.0	0.0	0.0	0.0	0.0	0.0	0.0	0.0	1.1403508771929824	1.4294117647058824	1.9426336375488917	2.0764951321279557	2.033132530120482	1.9180327868852458	1.6382978723404256	1.5830618892508144	1.553191489361702	1.74496644295302	1.814516129032258	1.8037974683544304	1.7023809523809523	1.875	1.6721311475409837	2.0	1.6451612903225807	2.0303030303030303	1.4848484848484849	1.3055555555555556	1.4705882352941178	1.4444444444444444	1.0	1.0	0.0	0.0	0.0	0.0	0.0	0.0	1.0	0.0
	# checklists reporting species - (Indigo Bunting)	0.0	0.0	0.0	0.0	0.0	0.0	0.0	0.0	0.0	0.0	0.0	0.0	0.0	0.0	0.0	0.0	57	340	767	719	332	244	235	307	235	149	124	158	84	64	61	48	31	33	33	36	17	9	3	2	0.0	0.0	0.0	0.0	0.0	0.0	1	0.0
	
