

	Week starting on...	1/1	1/8	1/15	1/22	2/1	2/8	2/15	2/22	3/1	3/8	3/15	3/22	4/1	4/8	4/15	4/22	5/1	5/8	5/15	5/22	6/1	6/8	6/15	6/22	7/1	7/8	7/15	7/22	8/1	8/8	8/15	8/22	9/1	9/8	9/15	9/22	10/1	10/8	10/15	10/22	11/1	11/8	11/15	11/22	12/1	12/8	12/15	12/22
Frequency (%)
	Cooper's Hawk	5.659565310953303	5.6000000000000005	5.511551155115511	5.644973174714252	5.270409920771615	4.989327641408751	4.912023460410557	6.503796632551998	5.046948356807512	6.394884092725819	7.49054820415879	8.57540441815968	9.504504504504505	10.238263741448455	10.277033065236818	11.036482979697757	10.257151112395261	8.862190812720847	7.1233707183995145	5.033176889464315	4.225352112676056	4.948364888123924	5.278450363196126	4.096100827097282	4.212860310421286	3.8677479725514665	5.40192926045016	6.173399909214707	6.56441717791411	6.831566548881036	10.073068893528184	8.877551020408163	11.73098968284295	13.962558502340094	14.131690412013862	14.815970056144728	14.648088603072527	12.800565770862802	14.939242315939957	12.359550561797752	10.335820895522389	9.703703703703702	8.319672131147541	7.309644670050762	7.224168126094571	7.207207207207207	9.280655982109579	5.5754590237348856
	Total # checklists submitted - (Cooper's Hawk)	4647	3500	3030	4287	2903	3748	5456	3029	3408	3753	4232	5749	4440	4239	4476	6551	6922	7075	6598	6179	2698	2324	2065	2539	1804	1603	1555	2203	1630	1698	1916	2940	2617	2564	2597	3206	2799	2828	2798	3738	2680	2700	2440	2955	2284	2331	2683	4466
	
Abundance
	Cooper's Hawk	0.05788680869378093	0.05828571428571429	0.05577557755775578	0.05714952181012363	0.05511539786427833	0.05176093916755603	0.05113636363636364	0.06866952789699571	0.058098591549295774	0.07460698108180122	0.08908317580340265	0.10367020351365455	0.11936936936936937	0.12432177400330266	0.12578194816800714	0.131582964432911	0.11875180583646346	0.10021201413427562	0.07668990603213095	0.05437773102443761	0.04558932542624166	0.0572289156626506	0.07215496368038742	0.05986608901142182	0.06707317073170732	0.056144728633811605	0.09131832797427653	0.11075805719473446	0.09877300613496932	0.08480565371024736	0.11795407098121086	0.10510204081632653	0.16354604508979748	0.22620904836193448	0.24297266076241816	0.22457891453524642	0.21114683815648447	0.19872701555869873	0.23909935668334525	0.18004280363830927	0.12126865671641791	0.11370370370370371	0.09549180327868853	0.07918781725888324	0.0796847635726795	0.07722007722007722	0.11032426388371226	0.05821764442454098
	Total # checklists submitted - (Cooper's Hawk)	4647	3500	3030	4287	2903	3748	5456	3029	3408	3753	4232	5749	4440	4239	4476	6551	6922	7075	6598	6179	2698	2324	2065	2539	1804	1603	1555	2203	1630	1698	1916	2940	2617	2564	2597	3206	2799	2828	2798	3738	2680	2700	2440	2955	2284	2331	2683	4466
	
Birds Per Party Hour
	Cooper's Hawk	2.8298182913863146	1.998894427356034	1.991721577640835	1.7835664782935103	2.5421113546839766	1.7117076707487224	2.2282128231027016	1.975260454907061	1.8215455797959845	2.0110686268583917	1.3680581847845048	2.1173429027414006	1.4413470308675407	1.456028550954318	1.3821392471070184	1.1993922987256427	1.3053827691550357	0.8638348506199351	0.8394225131593769	0.8977242373867621	2.620748175338337	1.6331660421868257	2.438054420284195	2.5389197526658203	3.220753166772737	2.645071224889976	2.891795500301522	1.8618021171877532	1.958251032995468	1.6506259500560023	0.8680918260042683	0.9767345896339543	0.7760002327112266	0.9785566260029276	1.1245363500223546	1.1077328183588475	1.293099512286214	0.9476048922236344	0.974496830469969	1.256100254630326	1.3338296788327084	1.0549641188688124	1.675581770971572	1.3187956940424765	1.5198730033912464	1.1845853759162692	1.2399717902009817	1.6616094988187515
	# checklists reporting species - (Cooper's Hawk)	302	232	201	273	174	209	299	211	203	275	352	544	459	471	493	755	771	655	487	324	128	114	112	106	83	70	91	150	117	125	207	293	367	450	454	564	481	446	505	553	334	295	250	247	189	184	266	277
	
High Count
	Cooper's Hawk	3	2	3	3	4	2	2	3	3	3	4	3	4	4	4	3	4	3	3	2	3	6	5	5	5	4	6	6	5	4	3	4	28	34	25	15	10	14	10	11	5	5	4	3	3	3	5	2
	# checklists reporting species - (Cooper's Hawk)	334	253	227	305	200	236	328	238	220	292	371	573	483	491	519	802	802	690	514	349	149	131	132	138	101	79	101	164	124	135	223	304	381	470	484	596	515	471	543	585	357	308	263	259	207	195	285	305
	
Totals
	Cooper's Hawk	339	264	229	308	205	242	336	250	248	338	446	696	604	590	636	948	924	773	550	378	161	154	178	194	158	114	167	294	186	168	258	356	523	767	838	910	769	730	851	860	425	358	307	283	224	204	329	315
	# checklists reporting species - (Cooper's Hawk)	328	252	222	297	196	231	323	235	217	288	364	570	477	485	516	790	789	676	499	338	142	124	128	127	97	75	97	162	122	134	220	303	377	465	476	591	507	465	539	579	353	306	263	258	206	190	281	299
	
Average Count
	Cooper's Hawk	1.0335365853658536	1.0476190476190477	1.0315315315315314	1.037037037037037	1.0459183673469388	1.0476190476190477	1.0402476780185759	1.0638297872340425	1.1428571428571428	1.1736111111111112	1.2252747252747254	1.2210526315789474	1.2662473794549267	1.2164948453608246	1.2325581395348837	1.2	1.1711026615969582	1.143491124260355	1.1022044088176353	1.1183431952662721	1.1338028169014085	1.2419354838709677	1.390625	1.5275590551181102	1.6288659793814433	1.52	1.7216494845360826	1.8148148148148149	1.5245901639344261	1.2537313432835822	1.1727272727272726	1.174917491749175	1.3872679045092837	1.6494623655913978	1.7605042016806722	1.5397631133671743	1.5167652859960552	1.5698924731182795	1.5788497217068647	1.4853195164075994	1.2039660056657224	1.1699346405228759	1.167300380228137	1.0968992248062015	1.087378640776699	1.0736842105263158	1.1708185053380782	1.0535117056856187
	# checklists reporting species - (Cooper's Hawk)	328	252	222	297	196	231	323	235	217	288	364	570	477	485	516	790	789	676	499	338	142	124	128	127	97	75	97	162	122	134	220	303	377	465	476	591	507	465	539	579	353	306	263	258	206	190	281	299
	
