

	Week starting on...	1/1	1/8	1/15	1/22	2/1	2/8	2/15	2/22	3/1	3/8	3/15	3/22	4/1	4/8	4/15	4/22	5/1	5/8	5/15	5/22	6/1	6/8	6/15	6/22	7/1	7/8	7/15	7/22	8/1	8/8	8/15	8/22	9/1	9/8	9/15	9/22	10/1	10/8	10/15	10/22	11/1	11/8	11/15	11/22	12/1	12/8	12/15	12/22
Frequency (%)
	Warbling Vireo	0.0	0.0	0.0	0.0	0.0	0.0	0.0	0.0	0.0	0.0	0.0	0.0	0.0	0.0	0.0	0.41215081666921083	15.2557064432245	30.23321554770318	42.28554107305244	42.790095484706264	33.5063009636768	29.001721170395868	27.409200968523002	21.504529342260735	21.951219512195124	22.208359326263256	23.022508038585208	21.15297321833863	18.343558282208587	16.13663133097762	16.49269311064718	18.979591836734695	23.76767290790982	17.628705148205928	6.969580284944166	0.7485963817841547	0.3215434083601286	0.03536067892503536	0.0	0.0	0.0	0.0	0.28688524590163933	0.0338409475465313	0.0	0.0	0.0	0.0
	Total # checklists submitted - (Warbling Vireo)	4647	3500	3030	4287	2903	3748	5456	3029	3408	3753	4232	5749	4440	4239	4476	6551	6922	7075	6598	6179	2698	2324	2065	2539	1804	1603	1555	2203	1630	1698	1916	2940	2617	2564	2597	3206	2799	2828	2798	3738	2680	2700	2440	2955	2284	2331	2683	4466
	
Abundance
	Warbling Vireo	0.0	0.0	0.0	0.0	0.0	0.0	0.0	0.0	0.0	0.0	0.0	0.0	0.0	0.0	0.0	0.004732101969165013	0.347731869401907	1.002826855123675	1.776598969384662	1.6785887684091276	1.0096367679762788	0.7362306368330465	0.6736077481840194	0.5017723513194171	0.5121951219512195	0.5427323767935122	0.5787781350482315	0.5733091239219247	0.4883435582822086	0.3875147232037691	0.44832985386221297	0.504421768707483	0.6965991593427588	0.38143525741029644	0.09626492106276473	0.007797878976918278	0.003215434083601286	3.536067892503536E-4	0.0	0.0	0.0	0.0	0.0028688524590163933	3.3840947546531303E-4	0.0	0.0	0.0	0.0
	Total # checklists submitted - (Warbling Vireo)	4647	3500	3030	4287	2903	3748	5456	3029	3408	3753	4232	5749	4440	4239	4476	6551	6922	7075	6598	6179	2698	2324	2065	2539	1804	1603	1555	2203	1630	1698	1916	2940	2617	2564	2597	3206	2799	2828	2798	3738	2680	2700	2440	2955	2284	2331	2683	4466
	
Birds Per Party Hour
	Warbling Vireo	0.0	0.0	0.0	0.0	0.0	0.0	0.0	0.0	0.0	0.0	0.0	0.0	0.0	0.0	0.0	0.6847207628971926	1.3305418704086478	2.0325605567152127	2.219706732108483	2.4385520883505083	3.1570680139925815	3.3318936695241543	3.464951620009827	3.2105104962672875	3.0762241623403583	2.1284810853366416	2.3323665804089204	1.9819096262101779	1.7633536794164462	1.7506649523559459	1.2436789175657104	1.3875882902206216	1.4803549851213138	1.1401503684370875	0.925712460385034	0.7024360423719986	0.6628002428417179	0.8453085376162299	0.0	0.0	0.0	0.0	0.9647342664468604	0.2	0.0	0.0	0.0	0.0
	# checklists reporting species - (Warbling Vireo)	0.0	0.0	0.0	0.0	0.0	0.0	0.0	0.0	0.0	0.0	0.0	0.0	0.0	0.0	0.0	26	1082	2136	2814	2648	891	659	551	535	390	351	362	459	299	277	317	570	626	461	189	27	9	1	0.0	0.0	0.0	0.0	7	1	0.0	0.0	0.0	0.0
	
High Count
	Warbling Vireo	0.0	0.0	0.0	0.0	0.0	0.0	0.0	0.0	0.0	0.0	0.0	0.0	0.0	0.0	0.0	4	40	55	65	60	25	18	36	24	20	19	15	22	15	16	32	20	30	20	5	2	1	1	0.0	0.0	0.0	0.0	1	1	0.0	0.0	0.0	0.0
	# checklists reporting species - (Warbling Vireo)	0.0	0.0	0.0	0.0	0.0	0.0	0.0	0.0	0.0	0.0	0.0	0.0	0.0	0.0	0.0	31	1150	2296	2995	2852	973	701	610	590	430	368	378	483	316	296	338	602	655	485	200	29	10	1	0.0	0.0	0.0	0.0	7	1	0.0	0.0	0.0	0.0
	
Totals
	Warbling Vireo	0.0	0.0	0.0	0.0	0.0	0.0	0.0	0.0	0.0	0.0	0.0	0.0	0.0	0.0	0.0	36	2540	7373	12171	10748	2801	1768	1453	1319	971	886	925	1285	834	700	957	1624	1872	1040	271	31	10	1	0.0	0.0	0.0	0.0	7	1	0.0	0.0	0.0	0.0
	# checklists reporting species - (Warbling Vireo)	0.0	0.0	0.0	0.0	0.0	0.0	0.0	0.0	0.0	0.0	0.0	0.0	0.0	0.0	0.0	28	1114	2180	2849	2681	908	669	572	565	411	354	365	469	303	283	322	580	640	470	194	29	10	1	0.0	0.0	0.0	0.0	7	1	0.0	0.0	0.0	0.0
	
Average Count
	Warbling Vireo	0.0	0.0	0.0	0.0	0.0	0.0	0.0	0.0	0.0	0.0	0.0	0.0	0.0	0.0	0.0	1.2857142857142858	2.2800718132854576	3.3821100917431193	4.272025272025272	4.008951883625513	3.0848017621145374	2.6427503736920777	2.5402097902097904	2.3345132743362833	2.3625304136253042	2.5028248587570623	2.5342465753424657	2.739872068230277	2.7524752475247523	2.4734982332155475	2.972049689440994	2.8	2.925	2.2127659574468086	1.3969072164948453	1.0689655172413792	1.0	1.0	0.0	0.0	0.0	0.0	1.0	1.0	0.0	0.0	0.0	0.0
	# checklists reporting species - (Warbling Vireo)	0.0	0.0	0.0	0.0	0.0	0.0	0.0	0.0	0.0	0.0	0.0	0.0	0.0	0.0	0.0	28	1114	2180	2849	2681	908	669	572	565	411	354	365	469	303	283	322	580	640	470	194	29	10	1	0.0	0.0	0.0	0.0	7	1	0.0	0.0	0.0	0.0
	
