

	Week starting on...	1/1	1/8	1/15	1/22	2/1	2/8	2/15	2/22	3/1	3/8	3/15	3/22	4/1	4/8	4/15	4/22	5/1	5/8	5/15	5/22	6/1	6/8	6/15	6/22	7/1	7/8	7/15	7/22	8/1	8/8	8/15	8/22	9/1	9/8	9/15	9/22	10/1	10/8	10/15	10/22	11/1	11/8	11/15	11/22	12/1	12/8	12/15	12/22
Frequency (%)
	American Goldfinch	21.73445233483968	21.6	22.83828382838284	20.760438535106136	19.66930761281433	18.72998932764141	18.273460410557185	19.01617695609112	19.248826291079812	19.344524380495603	22.258979206049148	28.874586884675598	37.31981981981982	42.25053078556263	44.41465594280608	48.55747214165776	54.91187518058365	60.975265017667844	62.64019399818127	57.43647839456223	48.739807264640476	50.0	51.719128329297824	50.0590783773139	55.2660753880266	58.515283842794766	62.57234726688103	64.50295052201544	66.68711656441718	66.96113074204946	66.02296450939458	67.14285714285714	63.88995032479939	57.44929797191888	50.866384289564884	44.75982532751092	37.01321900678814	37.9066478076379	36.52609006433167	38.33600856072766	42.05223880597015	42.148148148148145	39.71311475409836	34.11167512690355	32.09281961471103	31.188331188331187	36.71263510995155	34.146887595163456
	Total # checklists submitted - (American Goldfinch)	4647	3500	3030	4287	2903	3748	5456	3029	3408	3753	4232	5749	4440	4239	4476	6551	6922	7075	6598	6179	2698	2324	2065	2539	1804	1603	1555	2203	1630	1698	1916	2940	2617	2564	2597	3206	2799	2828	2798	3738	2680	2700	2440	2955	2284	2331	2683	4466
	
Abundance
	American Goldfinch	1.1829137077684528	1.1157142857142857	1.2405940594059406	1.0459528808024259	1.1153978642783327	1.0704375667022412	0.9221041055718475	0.9858038956751403	0.8585680751173709	0.7284838795630163	0.8012759924385633	1.0871455905374847	1.4191441441441441	1.5380986081623025	1.6789544235924934	1.9032208823080445	2.4276220745449293	2.916042402826855	2.990754774173992	2.464314614015213	1.6326908821349146	1.5761617900172118	1.8004842615012107	1.6620716817644743	1.9722838137472283	2.3275109170305677	2.685530546623794	3.198365864729914	3.348466257668712	3.8934040047114253	4.210334029227558	4.869047619047619	4.876958349254872	3.793291731669267	2.948016942626107	2.5402370555208984	2.237942122186495	1.8755304101838755	2.0514653323802716	2.3271803103263777	4.001119402985075	3.047037037037037	2.476639344262295	1.781725888324873	1.7867775831873904	1.9322179322179323	3.258292955646664	3.9825347066726375
	Total # checklists submitted - (American Goldfinch)	4647	3500	3030	4287	2903	3748	5456	3029	3408	3753	4232	5749	4440	4239	4476	6551	6922	7075	6598	6179	2698	2324	2065	2539	1804	1603	1555	2203	1630	1698	1916	2940	2617	2564	2597	3206	2799	2828	2798	3738	2680	2700	2440	2955	2284	2331	2683	4466
	
Birds Per Party Hour
	American Goldfinch	7.420948253248518	7.5975916772812315	8.555182819570213	7.507975595602387	8.00726009640802	9.047829926939949	8.291654531624811	7.751313384022106	7.099403298977533	4.914051681119356	5.273117812573124	4.628260323180587	4.176954905188555	4.1892910129471215	4.035046234519119	3.8450374648227013	4.199264372688612	4.380868627405247	3.8537433915282144	3.5291997249177443	4.1676408817233686	5.002680453749652	5.5580025459256515	6.219506280509949	5.626560600629759	4.89817097021901	4.177586795805499	4.73803481835924	5.285554515778401	6.102674027625855	5.103347940991652	5.6290661493066665	5.867256602054794	5.007704932417013	4.361681283129865	4.047422082283256	4.374862398589915	3.5149313602351304	4.33942671847433	4.406759412498891	6.110916902135131	5.142179968943971	5.08647357034303	4.745058205714531	5.799627225366821	8.215811812261457	5.838020517523363	5.808157369681601
	# checklists reporting species - (American Goldfinch)	1003	756	681	874	565	702	997	560	648	716	919	1632	1627	1757	1947	3114	3694	4203	3976	3381	1283	1137	1043	1251	967	931	952	1370	1066	1131	1240	1893	1564	1423	1289	1350	984	1033	999	1384	1105	1102	957	992	729	729	996	1498
	
High Count
	American Goldfinch	120	100	50	70	80	130	100	64	60	52	52	50	45	50	34	75	104	57	94	50	35	30	52	40	40	34	35	90	50	50	100	150	100	109	100	240	103	75	81	67	678	440	520	80	100	80	145	393
	# checklists reporting species - (American Goldfinch)	1100	833	742	968	617	746	1052	615	698	784	995	1767	1767	1891	2121	3385	4075	4618	4438	3768	1414	1235	1160	1395	1096	1010	1042	1527	1196	1252	1391	2145	1773	1583	1431	1535	1121	1158	1118	1535	1207	1214	1029	1086	798	779	1073	1608
	
Totals
	American Goldfinch	5931	4376	4105	4833	3486	4253	5313	3086	3111	2918	3595	6570	6618	6841	7889	12998	17377	21577	20615	15753	4619	3877	3862	4403	3679	3864	4339	7261	5692	6889	8522	14858	13237	10180	8136	8739	6690	5824	6136	9074	11201	9119	6384	5758	4390	4730	9619	18085
	# checklists reporting species - (American Goldfinch)	1062	814	726	941	600	729	1037	595	678	752	965	1716	1699	1821	2017	3205	3817	4327	4086	3483	1321	1174	1101	1340	1019	953	987	1431	1103	1172	1292	1976	1620	1479	1347	1438	1048	1092	1067	1462	1158	1155	996	1049	776	761	1053	1566
	
Average Count
	American Goldfinch	5.584745762711864	5.375921375921376	5.65426997245179	5.136025504782147	5.81	5.834019204389575	5.123432979749277	5.18655462184874	4.588495575221239	3.88031914893617	3.7253886010362693	3.8286713286713288	3.8952324896998234	3.7567270730367928	3.9112543381259295	4.055538221528861	4.552528163479172	4.986595793852554	5.045276554087127	4.522825150732127	3.4965934897804694	3.3023850085178874	3.50772025431426	3.285820895522388	3.6104023552502453	4.054564533053515	4.396149949341439	5.074074074074074	5.160471441523119	5.8779863481228665	6.595975232198143	7.519230769230769	8.170987654320987	6.883029073698445	6.040089086859688	6.077190542420028	6.383587786259542	5.333333333333333	5.750702905342081	6.20656634746922	9.672711571675302	7.895238095238096	6.409638554216867	5.489037178265014	5.657216494845361	6.21550591327201	9.134852801519468	11.548531289910601
	# checklists reporting species - (American Goldfinch)	1062	814	726	941	600	729	1037	595	678	752	965	1716	1699	1821	2017	3205	3817	4327	4086	3483	1321	1174	1101	1340	1019	953	987	1431	1103	1172	1292	1976	1620	1479	1347	1438	1048	1092	1067	1462	1158	1155	996	1049	776	761	1053	1566
	
