

	Week starting on...	1/1	1/8	1/15	1/22	2/1	2/8	2/15	2/22	3/1	3/8	3/15	3/22	4/1	4/8	4/15	4/22	5/1	5/8	5/15	5/22	6/1	6/8	6/15	6/22	7/1	7/8	7/15	7/22	8/1	8/8	8/15	8/22	9/1	9/8	9/15	9/22	10/1	10/8	10/15	10/22	11/1	11/8	11/15	11/22	12/1	12/8	12/15	12/22
Frequency (%)
	Eastern Whip-poor-will	0.0	0.0	0.0	0.0	0.0	0.0	0.0	0.0	0.0	0.0	0.0	0.0	0.0	0.0	0.08936550491510277	0.4579453518546787	0.5345275931811615	0.734982332155477	0.8487420430433464	0.04855154555753358	0.0	0.0	0.048426150121065374	0.03938558487593541	0.0	0.0	0.0	0.0	0.0	0.058892815076560655	0.0	0.03401360544217687	0.15284677111196027	0.19500780031201248	0.15402387370042356	0.09357454772301933	0.4644515898535191	0.03536067892503536	0.10721944245889921	0.0	0.0	0.0	0.0	0.0	0.0	0.0	0.0	0.0
	Total # checklists submitted - (Eastern Whip-poor-will)	4647	3500	3030	4287	2903	3748	5456	3029	3408	3753	4232	5749	4440	4239	4476	6551	6922	7075	6598	6179	2698	2324	2065	2539	1804	1603	1555	2203	1630	1698	1916	2940	2617	2564	2597	3206	2799	2828	2798	3738	2680	2700	2440	2955	2284	2331	2683	4466
	
Abundance
	Eastern Whip-poor-will	0.0	0.0	0.0	0.0	0.0	0.0	0.0	0.0	0.0	0.0	0.0	0.0	0.0	0.0	8.936550491510277E-4	0.00488475041978324	0.005778676683039584	0.0077738515901060075	0.008032737193088816	4.855154555753358E-4	0.0	0.0	4.8426150121065375E-4	3.9385584875935406E-4	0.0	0.0	0.0	0.0	0.0	0.002355712603062426	0.0	3.401360544217687E-4	0.0015284677111196026	0.0019500780031201249	0.0015402387370042356	9.357454772301934E-4	0.004644515898535191	3.536067892503536E-4	0.001072194424588992	0.0	0.0	0.0	0.0	0.0	0.0	0.0	0.0	0.0
	Total # checklists submitted - (Eastern Whip-poor-will)	4647	3500	3030	4287	2903	3748	5456	3029	3408	3753	4232	5749	4440	4239	4476	6551	6922	7075	6598	6179	2698	2324	2065	2539	1804	1603	1555	2203	1630	1698	1916	2940	2617	2564	2597	3206	2799	2828	2798	3738	2680	2700	2440	2955	2284	2331	2683	4466
	
Birds Per Party Hour
	Eastern Whip-poor-will	0.0	0.0	0.0	0.0	0.0	0.0	0.0	0.0	0.0	0.0	0.0	0.0	0.0	0.0	0.35	0.43688271192331685	1.2315759136653868	0.8540468626384279	0.6979401427535931	0.14962121212121213	0.0	0.0	0.4	0.5	0.0	0.0	0.0	0.0	0.0	1.0	0.0	0.3333333333333333	1.3276070716025452	0.2824074074074074	0.5129018082745589	0.26445887445887445	1.971102597150381	0.18087530812520347	0.125	0.0	0.0	0.0	0.0	0.0	0.0	0.0	0.0	0.0
	# checklists reporting species - (Eastern Whip-poor-will)	0.0	0.0	0.0	0.0	0.0	0.0	0.0	0.0	0.0	0.0	0.0	0.0	0.0	0.0	2	45	50	58	63	4	0	0.0	1	1	0.0	0.0	0.0	0.0	0	2	0.0	1	5	6	6	5	17	2	2	0.0	0.0	0.0	0.0	0.0	0.0	0.0	0.0	0.0
	
High Count
	Eastern Whip-poor-will	0.0	0.0	0.0	0.0	0.0	0.0	0.0	0.0	0.0	0.0	0.0	0.0	0.0	0.0	1	2	3	4	1	2	1	0.0	1	1	0.0	0.0	0.0	0.0	1	4	0.0	1	1	1	1	2	1	1	1	0.0	0.0	0.0	0.0	0.0	0.0	0.0	0.0	0.0
	# checklists reporting species - (Eastern Whip-poor-will)	0.0	0.0	0.0	0.0	0.0	0.0	0.0	0.0	0.0	0.0	0.0	0.0	0.0	0.0	5	49	57	62	74	6	1	0.0	1	1	0.0	0.0	0.0	0.0	1	2	0.0	1	6	6	8	6	18	3	4	0.0	0.0	0.0	0.0	0.0	0.0	0.0	0.0	0.0
	
Totals
	Eastern Whip-poor-will	0.0	0.0	0.0	0.0	0.0	0.0	0.0	0.0	0.0	0.0	0.0	0.0	0.0	0.0	5	51	60	65	68	6	1	0.0	1	1	0.0	0.0	0.0	0.0	1	5	0.0	1	6	6	8	7	18	3	4	0.0	0.0	0.0	0.0	0.0	0.0	0.0	0.0	0.0
	# checklists reporting species - (Eastern Whip-poor-will)	0.0	0.0	0.0	0.0	0.0	0.0	0.0	0.0	0.0	0.0	0.0	0.0	0.0	0.0	5	48	55	61	68	5	1	0.0	1	1	0.0	0.0	0.0	0.0	1	2	0.0	1	6	6	8	6	18	3	4	0.0	0.0	0.0	0.0	0.0	0.0	0.0	0.0	0.0
	
Average Count
	Eastern Whip-poor-will	0.0	0.0	0.0	0.0	0.0	0.0	0.0	0.0	0.0	0.0	0.0	0.0	0.0	0.0	1.0	1.0625	1.0909090909090908	1.0655737704918034	1.0	1.2	1.0	0.0	1.0	1.0	0.0	0.0	0.0	0.0	1.0	2.5	0.0	1.0	1.0	1.0	1.0	1.1666666666666667	1.0	1.0	1.0	0.0	0.0	0.0	0.0	0.0	0.0	0.0	0.0	0.0
	# checklists reporting species - (Eastern Whip-poor-will)	0.0	0.0	0.0	0.0	0.0	0.0	0.0	0.0	0.0	0.0	0.0	0.0	0.0	0.0	5	48	55	61	68	5	1	0.0	1	1	0.0	0.0	0.0	0.0	1	2	0.0	1	6	6	8	6	18	3	4	0.0	0.0	0.0	0.0	0.0	0.0	0.0	0.0	0.0
	
