

	Week starting on...	1/1	1/8	1/15	1/22	2/1	2/8	2/15	2/22	3/1	3/8	3/15	3/22	4/1	4/8	4/15	4/22	5/1	5/8	5/15	5/22	6/1	6/8	6/15	6/22	7/1	7/8	7/15	7/22	8/1	8/8	8/15	8/22	9/1	9/8	9/15	9/22	10/1	10/8	10/15	10/22	11/1	11/8	11/15	11/22	12/1	12/8	12/15	12/22
Frequency (%)
	Philadelphia Vireo	0.0	0.0	0.0	0.0	0.0	0.0	0.0	0.0	0.0	0.0	0.0	0.0	0.0	0.0	0.0	0.015264845061822624	0.028893383415197923	1.6961130742049468	7.047590178842074	7.0399741058423695	0.4447739065974796	0.04302925989672978	0.0	0.0	0.0	0.0	0.0	0.09078529278256922	0.06134969325153375	0.23557126030624262	0.6784968684759917	2.2789115646258504	6.534199465036301	8.463338533541341	6.46900269541779	4.1172800998128505	1.4648088603072527	0.4243281471004243	0.14295925661186562	0.026752273943285176	0.0373134328358209	0.0	0.12295081967213116	0.0	0.0	0.0	0.0	0.0
	Total # checklists submitted - (Philadelphia Vireo)	4647	3500	3030	4287	2903	3748	5456	3029	3408	3753	4232	5749	4440	4239	4476	6551	6922	7075	6598	6179	2698	2324	2065	2539	1804	1603	1555	2203	1630	1698	1916	2940	2617	2564	2597	3206	2799	2828	2798	3738	2680	2700	2440	2955	2284	2331	2683	4466
	
Abundance
	Philadelphia Vireo	0.0	0.0	0.0	0.0	0.0	0.0	0.0	0.0	0.0	0.0	0.0	0.0	0.0	0.0	0.0	1.5264845061822624E-4	1.444669170759896E-4	0.01992932862190813	0.093513185813883	0.10794626962291633	0.005559673832468495	4.302925989672978E-4	0.0	0.0	0.0	0.0	0.0	9.078529278256923E-4	6.134969325153375E-4	0.002355712603062426	0.006784968684759917	0.024829931972789116	0.09438288116163546	0.12402496099843993	0.10704659222179438	0.050530255770430445	0.017506252232940337	0.004243281471004243	0.0014295925661186562	2.6752273943285177E-4	3.7313432835820896E-4	0.0	0.0012295081967213116	0.0	0.0	0.0	0.0	0.0
	Total # checklists submitted - (Philadelphia Vireo)	4647	3500	3030	4287	2903	3748	5456	3029	3408	3753	4232	5749	4440	4239	4476	6551	6922	7075	6598	6179	2698	2324	2065	2539	1804	1603	1555	2203	1630	1698	1916	2940	2617	2564	2597	3206	2799	2828	2798	3738	2680	2700	2440	2955	2284	2331	2683	4466
	
Birds Per Party Hour
	Philadelphia Vireo	0.0	0.0	0.0	0.0	0.0	0.0	0.0	0.0	0.0	0.0	0.0	0.0	0.0	0.0	0.0	2.2222222222222223	0.5	0.6913816698760473	0.8920049575078908	0.8502002723971201	1.1445888176050627	0.2	0.0	0.0	0.0	0.0	0.0	0.6666666666666666	0.21052631578947367	0.47102263008544676	0.398873159898898	0.40213394478478076	1.4505025531414675	0.6941236517533532	0.750327702010284	0.5937534321908465	0.8812422980683082	0.594568862948484	0.5847530445145496	0.5	0.5	0.0	0.2867604741870652	0.0	0.0	0.0	0.0	0.0
	# checklists reporting species - (Philadelphia Vireo)	0.0	0.0	0.0	0.0	0.0	0.0	0.0	0.0	0.0	0.0	0.0	0.0	0.0	0.0	0.0	1	1	123	485	453	14	1	0.0	0.0	0.0	0.0	0.0	1	1	4	13	67	180	231	180	150	44	12	5	1	1	0.0	4	0.0	0.0	0.0	0.0	0.0
	
High Count
	Philadelphia Vireo	0.0	0.0	0.0	0.0	0.0	0.0	0.0	0.0	0.0	0.0	0.0	0.0	0.0	0.0	0.0	1	1	6	8	20	3	1	0.0	0.0	0.0	0.0	0.0	1	1	1	1	11	6	12	10	5	3	1	1	1	1	0.0	1	0.0	0.0	0.0	0.0	0.0
	# checklists reporting species - (Philadelphia Vireo)	0.0	0.0	0.0	0.0	0.0	0.0	0.0	0.0	0.0	0.0	0.0	0.0	0.0	0.0	0.0	1	2	133	514	489	16	1	0.0	0.0	0.0	0.0	0.0	2	1	4	14	74	188	250	198	167	47	12	5	1	1	0.0	4	0.0	0.0	0.0	0.0	0.0
	
Totals
	Philadelphia Vireo	0.0	0.0	0.0	0.0	0.0	0.0	0.0	0.0	0.0	0.0	0.0	0.0	0.0	0.0	0.0	1	1	157	682	746	19	1	0.0	0.0	0.0	0.0	0.0	2	1	4	14	91	264	366	337	208	56	12	5	1	1	0.0	4	0.0	0.0	0.0	0.0	0.0
	# checklists reporting species - (Philadelphia Vireo)	0.0	0.0	0.0	0.0	0.0	0.0	0.0	0.0	0.0	0.0	0.0	0.0	0.0	0.0	0.0	1	1	127	496	475	15	1	0.0	0.0	0.0	0.0	0.0	2	1	4	14	70	182	243	194	163	46	12	5	1	1	0.0	4	0.0	0.0	0.0	0.0	0.0
	
Average Count
	Philadelphia Vireo	0.0	0.0	0.0	0.0	0.0	0.0	0.0	0.0	0.0	0.0	0.0	0.0	0.0	0.0	0.0	1.0	1.0	1.236220472440945	1.375	1.5705263157894738	1.2666666666666666	1.0	0.0	0.0	0.0	0.0	0.0	1.0	1.0	1.0	1.0	1.3	1.4505494505494505	1.5061728395061729	1.7371134020618557	1.2760736196319018	1.2173913043478262	1.0	1.0	1.0	1.0	0.0	1.0	0.0	0.0	0.0	0.0	0.0
	# checklists reporting species - (Philadelphia Vireo)	0.0	0.0	0.0	0.0	0.0	0.0	0.0	0.0	0.0	0.0	0.0	0.0	0.0	0.0	0.0	1	1	127	496	475	15	1	0.0	0.0	0.0	0.0	0.0	2	1	4	14	70	182	243	194	163	46	12	5	1	1	0.0	4	0.0	0.0	0.0	0.0	0.0
	
