

	Week starting on...	1/1	1/8	1/15	1/22	2/1	2/8	2/15	2/22	3/1	3/8	3/15	3/22	4/1	4/8	4/15	4/22	5/1	5/8	5/15	5/22	6/1	6/8	6/15	6/22	7/1	7/8	7/15	7/22	8/1	8/8	8/15	8/22	9/1	9/8	9/15	9/22	10/1	10/8	10/15	10/22	11/1	11/8	11/15	11/22	12/1	12/8	12/15	12/22
Frequency (%)
	Common Nighthawk	0.0	0.0	0.0	0.0	0.0	0.0	0.0	0.0	0.0	0.0	0.0	0.0	0.0	0.0	0.0	0.0	0.0722334585379948	0.5229681978798586	1.1367080933616247	4.207800614986244	2.4833209785025945	2.7969018932874357	2.711864406779661	2.205592753052383	1.4966740576496673	2.0586400499064252	2.8938906752411575	2.224239673172946	2.8220858895705523	3.180212014134275	4.853862212943633	5.952380952380952	3.5536874283530757	3.74414976599064	1.6942626107046592	0.7174048658764816	0.2500893176134334	0.0	0.0	0.0	0.0	0.0	0.0	0.0	0.0	0.0	0.0	0.0
	Total # checklists submitted - (Common Nighthawk)	4647	3500	3030	4287	2903	3748	5456	3029	3408	3753	4232	5749	4440	4239	4476	6551	6922	7075	6598	6179	2698	2324	2065	2539	1804	1603	1555	2203	1630	1698	1916	2940	2617	2564	2597	3206	2799	2828	2798	3738	2680	2700	2440	2955	2284	2331	2683	4466
	
Abundance
	Common Nighthawk	0.0	0.0	0.0	0.0	0.0	0.0	0.0	0.0	0.0	0.0	0.0	0.0	0.0	0.0	0.0	0.0	4.334007512279688E-4	0.005088339222614841	0.014549863595028797	0.07217996439553326	0.04151223128243143	0.04044750430292599	0.04406779661016949	0.02993304450571091	0.022172949002217297	0.03056768558951965	0.03922829581993569	0.044938719927371765	0.05337423312883435	0.13663133097762073	0.2917536534446764	0.5285714285714286	0.19602598395108903	0.09828393135725429	0.05660377358490566	0.023705552089831567	0.006430868167202572	0.0	0.0	0.0	0.0	0.0	0.0	0.0	0.0	0.0	0.0	0.0
	Total # checklists submitted - (Common Nighthawk)	4647	3500	3030	4287	2903	3748	5456	3029	3408	3753	4232	5749	4440	4239	4476	6551	6922	7075	6598	6179	2698	2324	2065	2539	1804	1603	1555	2203	1630	1698	1916	2940	2617	2564	2597	3206	2799	2828	2798	3738	2680	2700	2440	2955	2284	2331	2683	4466
	
Birds Per Party Hour
	Common Nighthawk	0.0	0.0	0.0	0.0	0.0	0.0	0.0	0.0	0.0	0.0	0.0	0.0	0.0	0.0	0.0	0.0	2.25	0.7738115211756358	2.6922841121985135	3.256101053875127	3.3306925182932643	3.24401242950658	3.256985938639116	5.0111526573457015	2.560713320940293	5.470230810771815	2.375538210086016	4.171127918624574	3.0364741626102587	6.229759857065905	18.872951232042002	13.948318176551805	6.412870773614338	4.958067007796596	1.7981307457978988	3.0793405466136132	1.5715176238078368	0.0	0.0	0.0	0.0	0.0	0.0	0.0	0.0	0.0	0.0	0.0
	# checklists reporting species - (Common Nighthawk)	0.0	0.0	0.0	0.0	0.0	0.0	0.0	0.0	0.0	0.0	0.0	0.0	0.0	0.0	0.0	0.0	2	37	83	293	86	92	77	59	33	47	49	69	51	56	96	214	99	107	49	22	6	1	0.0	0.0	0.0	0.0	0.0	0.0	0.0	0.0	0.0	0.0
	
High Count
	Common Nighthawk	0.0	0.0	0.0	0.0	0.0	0.0	0.0	0.0	0.0	0.0	0.0	0.0	0.0	0.0	0.0	0.0	1	2	7	15	10	5	20	4	5	4	3	7	10	80	120	133	100	40	45	18	6	1	0.0	0.0	0.0	0.0	0.0	0.0	0.0	0.0	0.0	0.0
	# checklists reporting species - (Common Nighthawk)	0.0	0.0	0.0	0.0	0.0	0.0	0.0	0.0	0.0	0.0	0.0	0.0	0.0	0.0	0.0	0.0	5	49	120	402	125	107	107	90	62	64	82	84	74	79	141	272	132	121	57	28	7	1	0.0	0.0	0.0	0.0	0.0	0.0	0.0	0.0	0.0	0.0
	
Totals
	Common Nighthawk	0.0	0.0	0.0	0.0	0.0	0.0	0.0	0.0	0.0	0.0	0.0	0.0	0.0	0.0	0.0	0.0	3	49	140	608	170	148	158	113	76	88	111	158	113	276	679	1953	664	349	176	89	18	1	0.0	0.0	0.0	0.0	0.0	0.0	0.0	0.0	0.0	0.0
	# checklists reporting species - (Common Nighthawk)	0.0	0.0	0.0	0.0	0.0	0.0	0.0	0.0	0.0	0.0	0.0	0.0	0.0	0.0	0.0	0.0	3	47	110	369	106	102	103	83	53	62	74	81	68	76	134	260	125	118	55	24	7	1	0.0	0.0	0.0	0.0	0.0	0.0	0.0	0.0	0.0	0.0
	
Average Count
	Common Nighthawk	0.0	0.0	0.0	0.0	0.0	0.0	0.0	0.0	0.0	0.0	0.0	0.0	0.0	0.0	0.0	0.0	1.0	1.0425531914893618	1.2727272727272727	1.6476964769647697	1.6037735849056605	1.4509803921568627	1.5339805825242718	1.3614457831325302	1.4339622641509433	1.4193548387096775	1.5	1.9506172839506173	1.661764705882353	3.6315789473684212	5.067164179104478	7.5115384615384615	5.312	2.957627118644068	3.2	3.7083333333333335	2.5714285714285716	1.0	0.0	0.0	0.0	0.0	0.0	0.0	0.0	0.0	0.0	0.0
	# checklists reporting species - (Common Nighthawk)	0.0	0.0	0.0	0.0	0.0	0.0	0.0	0.0	0.0	0.0	0.0	0.0	0.0	0.0	0.0	0.0	3	47	110	369	106	102	103	83	53	62	74	81	68	76	134	260	125	118	55	24	7	1	0.0	0.0	0.0	0.0	0.0	0.0	0.0	0.0	0.0	0.0
	
