

	Week starting on...	1/1	1/8	1/15	1/22	2/1	2/8	2/15	2/22	3/1	3/8	3/15	3/22	4/1	4/8	4/15	4/22	5/1	5/8	5/15	5/22	6/1	6/8	6/15	6/22	7/1	7/8	7/15	7/22	8/1	8/8	8/15	8/22	9/1	9/8	9/15	9/22	10/1	10/8	10/15	10/22	11/1	11/8	11/15	11/22	12/1	12/8	12/15	12/22
Frequency (%)
	Black-throated Blue Warbler	0.0	0.0	0.0	0.0	0.0	0.0	0.0	0.0	0.0	0.0	0.0	0.0	0.0	0.0	0.0	0.16791329568004884	10.026004045073677	23.392226148409893	28.599575628978478	5.907104709499919	0.1111934766493699	0.04302925989672978	0.048426150121065374	0.0	0.0	0.0	0.0	0.0	0.0	0.058892815076560655	0.9394572025052191	4.591836734693878	10.317157050057316	11.154446177847113	12.283403927608779	11.041796631316283	11.11111111111111	2.9702970297029703	0.7505360972122944	0.16051364365971107	0.11194029850746269	0.0	0.0	0.0	0.0	0.0	0.0	0.0
	Total # checklists submitted - (Black-throated Blue Warbler)	4647	3500	3030	4287	2903	3748	5456	3029	3408	3753	4232	5749	4440	4239	4476	6551	6922	7075	6598	6179	2698	2324	2065	2539	1804	1603	1555	2203	1630	1698	1916	2940	2617	2564	2597	3206	2799	2828	2798	3738	2680	2700	2440	2955	2284	2331	2683	4466
	
Abundance
	Black-throated Blue Warbler	0.0	0.0	0.0	0.0	0.0	0.0	0.0	0.0	0.0	0.0	0.0	0.0	0.0	0.0	0.0	0.0019844298580369408	0.15299046518347298	0.5300353356890459	0.6147317368899666	0.0937044829260398	0.001111934766493699	4.302925989672978E-4	0.0	0.0	0.0	0.0	0.0	0.0	0.0	0.002355712603062426	0.017745302713987474	0.06700680272108843	0.1891478792510508	0.20358814352574103	0.22525991528686948	0.19401122894572675	0.21078956770275098	0.03571428571428571	0.007862759113652609	0.0018726591760299626	0.001119402985074627	0.0	0.0	0.0	0.0	0.0	0.0	0.0
	Total # checklists submitted - (Black-throated Blue Warbler)	4647	3500	3030	4287	2903	3748	5456	3029	3408	3753	4232	5749	4440	4239	4476	6551	6922	7075	6598	6179	2698	2324	2065	2539	1804	1603	1555	2203	1630	1698	1916	2940	2617	2564	2597	3206	2799	2828	2798	3738	2680	2700	2440	2955	2284	2331	2683	4466
	
Birds Per Party Hour
	Black-throated Blue Warbler	0.0	0.0	0.0	0.0	0.0	0.0	0.0	0.0	0.0	0.0	0.0	0.0	0.0	0.0	0.0	0.7898621910126716	1.3156056946395498	1.6997513013509529	1.76077672699259	1.3562748842252192	1.0494293740526879	1.0341261633919339	0.0	0.0	0.0	0.0	0.0	0.0	0.0	3.498500749625187	0.6535676805443158	0.7372200962149126	0.9282281107777018	0.9622873838076098	1.182431273792111	1.4479426167558782	1.4950989769705194	0.8770633232293027	0.7787998004027503	0.19880575638657813	1.2374221467281403	0.0	0.0	0.0	0.0	0.0	0.0	0.0
	# checklists reporting species - (Black-throated Blue Warbler)	0.0	0.0	0.0	0.0	0.0	1	0.0	0.0	0.0	0.0	0.0	0.0	0.0	0.0	0.0	10	932	2416	2753	863	36	1	0	0	0.0	0.0	0.0	0.0	0.0	2	21	152	276	296	339	379	326	87	20	7	3	0.0	0.0	0.0	0.0	0.0	0.0	0.0
	
High Count
	Black-throated Blue Warbler	0.0	0.0	0.0	0.0	0.0	1	0.0	0.0	0.0	0.0	0.0	0.0	0.0	0.0	0.0	2	15	40	35	12	3	1	1	1	0.0	0.0	0.0	0.0	0.0	4	9	6	12	11	14	15	21	4	2	2	1	0.0	0.0	0.0	0.0	0.0	0.0	0.0
	# checklists reporting species - (Black-throated Blue Warbler)	0.0	0.0	0.0	0.0	0.0	1	0.0	0.0	0.0	0.0	0.0	0.0	0.0	0.0	0.0	15	993	2600	2914	910	38	1	1	1	0.0	0.0	0.0	0.0	0.0	2	21	167	308	315	371	427	356	99	22	8	3	0.0	0.0	0.0	0.0	0.0	0.0	0.0
	
Totals
	Black-throated Blue Warbler	0.0	0.0	0.0	0.0	0.0	1	0.0	0.0	0.0	0.0	0.0	0.0	0.0	0.0	0.0	16	1542	5688	6275	1526	43	1	0	1	0.0	0.0	0.0	0.0	0.0	5	38	237	535	561	680	757	652	121	23	9	3	0.0	0.0	0.0	0.0	0.0	0.0	0.0
	# checklists reporting species - (Black-throated Blue Warbler)	0.0	0.0	0.0	0.0	0.0	1	0.0	0.0	0.0	0.0	0.0	0.0	0.0	0.0	0.0	14	966	2512	2819	877	37	1	0	1	0.0	0.0	0.0	0.0	0.0	2	21	160	290	308	358	413	351	97	22	8	3	0.0	0.0	0.0	0.0	0.0	0.0	0.0
	
Average Count
	Black-throated Blue Warbler	0.0	0.0	0.0	0.0	0.0	1.0	0.0	0.0	0.0	0.0	0.0	0.0	0.0	0.0	0.0	1.1428571428571428	1.5962732919254659	2.2643312101910826	2.2259666548421424	1.7400228050171038	1.162162162162162	1.0	0.0	1.0	0.0	0.0	0.0	0.0	0.0	2.5	1.8095238095238095	1.48125	1.8448275862068966	1.8214285714285714	1.899441340782123	1.8329297820823245	1.8575498575498575	1.2474226804123711	1.0454545454545454	1.125	1.0	0.0	0.0	0.0	0.0	0.0	0.0	0.0
	# checklists reporting species - (Black-throated Blue Warbler)	0.0	0.0	0.0	0.0	0.0	1	0.0	0.0	0.0	0.0	0.0	0.0	0.0	0.0	0.0	14	966	2512	2819	877	37	1	0	1	0.0	0.0	0.0	0.0	0.0	2	21	160	290	308	358	413	351	97	22	8	3	0.0	0.0	0.0	0.0	0.0	0.0	0.0
	
