

	Week starting on...	1/1	1/8	1/15	1/22	2/1	2/8	2/15	2/22	3/1	3/8	3/15	3/22	4/1	4/8	4/15	4/22	5/1	5/8	5/15	5/22	6/1	6/8	6/15	6/22	7/1	7/8	7/15	7/22	8/1	8/8	8/15	8/22	9/1	9/8	9/15	9/22	10/1	10/8	10/15	10/22	11/1	11/8	11/15	11/22	12/1	12/8	12/15	12/22
Frequency (%)
	Savannah Sparrow	0.06455777921239508	0.0	0.066006600660066	0.1166316771635176	0.03444712366517396	0.10672358591248667	0.18328445747800587	0.06602839220864973	0.029342723004694836	0.02664535038635758	0.04725897920604915	0.10436597669159853	0.8558558558558558	3.231894314696863	6.076854334226988	8.09036788276599	10.184917653857267	8.282685512367491	8.426795998787512	9.59702217187247	4.818383988139362	3.9586919104991396	4.358353510895883	3.465931469082316	3.5476718403547673	2.744853399875234	3.1511254019292605	2.8597367226509305	2.2699386503067487	1.5901060070671376	3.079331941544885	3.231292517006803	2.6748184944593043	3.43213728549142	3.6580670003850595	4.023705552089832	2.9296177206145053	3.005657708628006	1.5010721944245888	0.5350454788657035	0.22388059701492538	0.1851851851851852	0.08196721311475409	0.10152284263959391	0.17513134851138354	0.0429000429000429	0.40998881848676855	0.11195700850873264
	Total # checklists submitted - (Savannah Sparrow)	4647	3500	3030	4287	2903	3748	5456	3029	3408	3753	4232	5749	4440	4239	4476	6551	6922	7075	6598	6179	2698	2324	2065	2539	1804	1603	1555	2203	1630	1698	1916	2940	2617	2564	2597	3206	2799	2828	2798	3738	2680	2700	2440	2955	2284	2331	2683	4466
	
Abundance
	Savannah Sparrow	6.455777921239509E-4	0.0	9.900990099009901E-4	0.0018661068346162819	3.444712366517396E-4	0.0018676627534685165	0.0031158357771260995	9.904258831297458E-4	2.9342723004694836E-4	2.664535038635758E-4	0.0011814744801512287	0.0019133762393459732	0.01756756756756757	0.07501769285208776	0.13963360142984807	0.2564493970386201	0.2600404507367813	0.1929328621908127	0.1797514398302516	0.2027836219452986	0.11601186063750926	0.10370051635111877	0.2837772397094431	0.260338716029933	0.20454545454545456	0.11977542108546475	0.10932475884244373	0.09169314571039491	0.07116564417177915	0.030624263839811542	0.07985386221294363	0.09047619047619047	0.06992739778372183	0.08970358814352575	0.12398921832884097	0.11852776044915783	0.0496605930689532	0.05480905233380481	0.023588277340957826	0.006420545746388443	0.002238805970149254	0.001851851851851852	8.19672131147541E-4	0.0023688663282571912	0.0017513134851138354	4.29000429000429E-4	0.004845322400298174	0.0011195700850873264
	Total # checklists submitted - (Savannah Sparrow)	4647	3500	3030	4287	2903	3748	5456	3029	3408	3753	4232	5749	4440	4239	4476	6551	6922	7075	6598	6179	2698	2324	2065	2539	1804	1603	1555	2203	1630	1698	1916	2940	2617	2564	2597	3206	2799	2828	2798	3738	2680	2700	2440	2955	2284	2331	2683	4466
	
Birds Per Party Hour
	Savannah Sparrow	0.23805239941585177	0.0	0.4054448105539895	0.4535678608247374	0.43159257660768235	0.8240084751990714	0.4932051492006346	0.4187678137294219	0.19801980198019803	0.856898029134533	0.3333333333333333	1.0464285714285715	0.8668293862543768	1.616607817090787	1.3459719829934922	1.5945298084942652	1.2616589900598354	1.0042926716790515	1.4051006019588028	1.0488367863335448	2.5664401202895175	2.513989725451074	5.08684690810982	6.013316520789509	6.861159345292511	3.0490587834898637	1.696220985345982	2.124311900865107	1.528024922269382	1.4151648613153698	1.5537661080512728	1.7071465578344327	1.623970183373808	1.2003091492726092	1.6399303314791416	1.3683768468650386	1.5547614043127587	0.7699938773384774	0.5370755588973892	0.33221753444730634	0.30787037037037035	1.0309905995030426	0.5949882201756265	1.3967437874892887	1.4426305109758348	0.6523157208088715	0.28660037302378366	0.254540695877013
	# checklists reporting species - (Savannah Sparrow)	3	0.0	2	6	1	4	11	2	1	1	1	4	34	134	256	488	674	557	533	523	109	80	83	78	53	41	39	52	30	22	49	87	62	81	84	122	78	81	39	21	6	5	3	3	4	1	12	4
	
High Count
	Savannah Sparrow	1	0.0	2	2	1	2	2	2	1	1	4	7	12	35	20	100	52	21	25	40	30	25	51	200	55	30	40	22	18	11	14	23	12	25	30	35	6	20	5	4	1	1	1	4	1	1	2	2
	# checklists reporting species - (Savannah Sparrow)	3	0.0	2	6	1	4	11	2	2	1	2	6	42	155	303	574	753	633	591	635	147	105	104	119	85	49	51	69	39	31	63	101	76	94	107	139	92	91	45	22	6	5	3	3	5	1	12	6
	
Totals
	Savannah Sparrow	3	0.0	3	9	1	7	18	3	1	1	5	11	81	352	680	1732	1875	1437	1233	1309	357	264	605	706	389	219	172	210	118	53	156	278	204	235	335	405	152	183	71	27	6	5	3	7	5	1	14	5
	# checklists reporting species - (Savannah Sparrow)	3	0.0	2	6	1	4	11	2	1	1	2	5	37	146	269	524	707	586	550	567	119	87	92	109	70	43	46	61	35	24	55	92	68	87	95	131	83	88	43	22	6	5	3	3	5	1	12	4
	
Average Count
	Savannah Sparrow	1.0	0.0	1.5	1.5	1.0	1.75	1.6363636363636365	1.5	1.0	1.0	2.5	2.2	2.189189189189189	2.410958904109589	2.5278810408921935	3.3053435114503817	2.6520509193776522	2.45221843003413	2.2418181818181817	2.308641975308642	3.0	3.0344827586206895	6.576086956521739	6.477064220183486	5.557142857142857	5.093023255813954	3.739130434782609	3.442622950819672	3.3714285714285714	2.2083333333333335	2.8363636363636364	3.0217391304347827	3.0	2.7011494252873565	3.526315789473684	3.0916030534351147	1.8313253012048192	2.0795454545454546	1.6511627906976745	1.2272727272727273	1.0	1.0	1.0	2.3333333333333335	1.0	1.0	1.1666666666666667	1.25
	# checklists reporting species - (Savannah Sparrow)	3	0.0	2	6	1	4	11	2	1	1	2	5	37	146	269	524	707	586	550	567	119	87	92	109	70	43	46	61	35	24	55	92	68	87	95	131	83	88	43	22	6	5	3	3	5	1	12	4
	
