

	Week starting on...	1/1	1/8	1/15	1/22	2/1	2/8	2/15	2/22	3/1	3/8	3/15	3/22	4/1	4/8	4/15	4/22	5/1	5/8	5/15	5/22	6/1	6/8	6/15	6/22	7/1	7/8	7/15	7/22	8/1	8/8	8/15	8/22	9/1	9/8	9/15	9/22	10/1	10/8	10/15	10/22	11/1	11/8	11/15	11/22	12/1	12/8	12/15	12/22
Frequency (%)
	Greater Scaup	21.69141381536475	22.02857142857143	22.706270627062704	23.839514812223	24.18188081295212	17.63607257203842	15.175953079178885	25.685044569164738	26.379107981220656	24.88675726085798	20.935727788279774	17.18559749521656	16.35135135135135	13.82401509790045	13.114387846291331	8.166692108075104	4.420687662525282	1.9363957597173145	1.3185813882994846	1.7640394885903867	1.1119347664936992	1.4629948364888123	0.5811138014527845	0.5907837731390311	0.8314855875831485	0.6862133499688085	1.5434083601286173	1.0440308669995462	1.96319018404908	1.707891637220259	0.41753653444676403	0.8163265306122449	1.2609858616736722	1.8330733229329172	3.1574894108586835	3.898939488459139	4.501607717041801	6.647807637906649	7.112223016440314	9.550561797752808	10.335820895522389	12.0	11.106557377049182	12.148900169204738	13.353765323992995	16.13041613041613	14.461423779351474	19.86117330944917
	Total # checklists submitted - (Greater Scaup)	4647	3500	3030	4287	2903	3748	5456	3029	3408	3753	4232	5749	4440	4239	4476	6551	6922	7075	6598	6179	2698	2324	2065	2539	1804	1603	1555	2203	1630	1698	1916	2940	2617	2564	2597	3206	2799	2828	2798	3738	2680	2700	2440	2955	2284	2331	2683	4466
	
Abundance
	Greater Scaup	21.817516677426298	18.973142857142857	14.58943894389439	17.334966176813623	18.22803995866345	15.1448772678762	12.093475073313783	15.154836579729283	16.103286384976524	16.53290700772715	8.361531190926277	5.7453470168725	3.325675675675676	2.1028544468034913	2.3442806076854334	1.966875286215845	0.48555330829240106	0.216113074204947	0.04637769020915429	0.04936073798349248	0.01519644180874722	0.024526678141135974	0.007263922518159807	0.00866482867270579	0.014966740576496674	0.006862133499688085	0.021864951768488745	0.02224239673172946	0.023312883435582823	0.021790341578327443	0.007306889352818371	0.011564625850340135	0.02407336645013374	0.0452418096723869	0.12668463611859837	0.4098565190268247	0.6959628438728117	3.4466053748231964	7.646533238027162	10.423220973782772	13.038432835820895	18.797037037037036	22.57172131147541	29.291032148900168	33.480297723292466	27.795366795366796	25.097651882221395	35.39028213166144
	Total # checklists submitted - (Greater Scaup)	4647	3500	3030	4287	2903	3748	5456	3029	3408	3753	4232	5749	4440	4239	4476	6551	6922	7075	6598	6179	2698	2324	2065	2539	1804	1603	1555	2203	1630	1698	1916	2940	2617	2564	2597	3206	2799	2828	2798	3738	2680	2700	2440	2955	2284	2331	2683	4466
	
Birds Per Party Hour
	Greater Scaup	113.58319611130959	88.87572865439431	79.50114739389835	100.77664392069825	104.4656437172233	164.71261105035535	91.88681916525285	58.51878050360126	76.83592539219582	130.58143992970258	29.17567397535146	24.71062107217727	10.648534943903142	9.248128936691936	9.51175249201489	6.70037209874862	3.7719568957952467	3.4981523627500866	1.6058166817949073	1.0426065447221564	0.6936515497254402	0.6954166137736301	0.5492243183929146	0.878495483521489	1.2567940636969501	0.2990443509594875	0.5970706923734164	1.0726750176359487	0.4782216631740021	0.39627449799071274	0.7046066188757762	0.63780905111782	0.6272302481884321	0.6408083479754976	1.3409631607833918	3.258869232393131	7.858638784592331	14.730753280896318	35.16569230469593	38.06909574125131	50.5076747164533	91.51922519816091	92.61751407396306	191.1770586609338	297.0092454666496	152.87034562009285	116.09715327974111	143.17845015083776
	# checklists reporting species - (Greater Scaup)	919	707	617	901	604	606	769	718	794	828	792	887	654	538	537	483	291	131	89	103	32	40	13	17	17	11	26	26	32	31	8	25	33	47	88	124	125	183	184	324	253	285	255	323	260	332	364	840
	
High Count
	Greater Scaup	3000	5555	3000	3025	2000	7500	4000	3000	2000	1500	1500	2000	1000	500	3000	3000	1000	1000	60	50	9	15	2	3	7	1	5	6	3	4	5	6	6	7	25	300	100	1200	5000	3000	700	2600	1500	13000	3000	4000	3100	5816
	# checklists reporting species - (Greater Scaup)	1068	812	730	1091	744	691	882	829	948	992	930	1040	767	613	611	564	327	143	91	112	34	40	14	19	17	12	27	31	32	31	9	29	37	54	103	138	141	206	220	396	306	350	293	391	332	409	423	950
	
Totals
	Greater Scaup	103063	69119	48280	80794	55538	58351	68425	47685	57685	64452	36327	33306	15636	9298	10921	12958	3426	1535	316	308	51	65	18	27	29	12	37	64	38	42	16	48	75	133	430	1431	2336	10457	23054	41294	36791	51684	57967	87961	81245	70467	71909	163454
	# checklists reporting species - (Greater Scaup)	945	731	633	940	630	628	795	744	813	844	804	907	673	551	551	501	299	136	91	107	34	40	14	19	17	12	27	31	32	31	9	29	37	53	103	137	138	198	199	342	264	294	267	335	269	348	374	859
	
Average Count
	Greater Scaup	109.06137566137566	94.55403556771546	76.27172195892575	85.95106382978723	88.15555555555555	92.9156050955414	86.06918238993711	64.09274193548387	70.95325953259533	76.36492890995261	45.18283582089552	36.72105843439912	23.233283803863298	16.874773139745916	19.82032667876588	25.864271457085827	11.45819397993311	11.286764705882353	3.4725274725274726	2.878504672897196	1.5	1.625	1.2857142857142858	1.4210526315789473	1.7058823529411764	1.0	1.3703703703703705	2.064516129032258	1.1875	1.3548387096774193	1.7777777777777777	1.6551724137931034	2.027027027027027	2.509433962264151	4.174757281553398	10.445255474452555	16.92753623188406	52.813131313131315	115.84924623115577	120.74269005847954	139.3598484848485	175.79591836734693	217.10486891385767	262.57014925373136	302.02602230483274	202.49137931034483	192.27005347593584	190.28405122235156
	# checklists reporting species - (Greater Scaup)	945	731	633	940	630	628	795	744	813	844	804	907	673	551	551	501	299	136	91	107	34	40	14	19	17	12	27	31	32	31	9	29	37	53	103	137	138	198	199	342	264	294	267	335	269	348	374	859
	
