

	Week starting on...	1/1	1/8	1/15	1/22	2/1	2/8	2/15	2/22	3/1	3/8	3/15	3/22	4/1	4/8	4/15	4/22	5/1	5/8	5/15	5/22	6/1	6/8	6/15	6/22	7/1	7/8	7/15	7/22	8/1	8/8	8/15	8/22	9/1	9/8	9/15	9/22	10/1	10/8	10/15	10/22	11/1	11/8	11/15	11/22	12/1	12/8	12/15	12/22
Frequency (%)
	Red Crossbill	0.043038519474930065	0.028571428571428574	0.033003300330033	0.1166316771635176	0.10334137099552188	0.026680896478121666	0.0	0.0	0.05868544600938967	0.1332267519317879	0.07088846880907373	0.10436597669159853	0.02252252252252252	0.0	0.0	0.015264845061822624	0.04334007512279688	0.028268551236749116	0.03031221582297666	0.0	0.0	0.0	0.0	0.0	0.0	0.0	0.0	0.0	0.0	0.0	0.0	0.03401360544217687	0.03821169277799007	0.0390015600624025	0.07701193685021178	0.06238303181534623	0.0	0.0	0.07147962830593281	0.3477795612627073	0.6343283582089552	0.4814814814814815	0.36885245901639346	0.6091370558375634	0.3064798598949212	0.0858000858000858	0.14908684308609765	0.7165248544558889
	Total # checklists submitted - (Red Crossbill)	4647	3500	3030	4287	2903	3748	5456	3029	3408	3753	4232	5749	4440	4239	4476	6551	6922	7075	6598	6179	2698	2324	2065	2539	1804	1603	1555	2203	1630	1698	1916	2940	2617	2564	2597	3206	2799	2828	2798	3738	2680	2700	2440	2955	2284	2331	2683	4466
	
Abundance
	Red Crossbill	0.002151925973746503	2.8571428571428574E-4	0.0033003300330033004	0.020760438535106136	0.0020668274199104374	0.0	0.0	0.0	0.005575117370892019	0.010125233146815881	0.002835538752362949	0.01791615933205775	0.0015765765765765765	0.0	0.0	0.0010685391543275836	0.0020225368390638545	0.003392226148409894	0.0012124886329190664	0.0	0.0	0.0	0.0	0.0	0.0	0.0	0.0	0.0	0.0	0.0	0.0	3.401360544217687E-4	3.8211692777990065E-4	0.0019500780031201249	7.701193685021178E-4	0.0015595757953836558	0.0	0.0	7.147962830593281E-4	0.029427501337613696	0.04328358208955224	0.03185185185185185	0.01639344262295082	0.009813874788494078	0.01838879159369527	0.006006006006006006	0.01006336190831159	0.21898790864308107
	Total # checklists submitted - (Red Crossbill)	4647	3500	3030	4287	2903	3748	5456	3029	3408	3753	4232	5749	4440	4239	4476	6551	6922	7075	6598	6179	2698	2324	2065	2539	1804	1603	1555	2203	1630	1698	1916	2940	2617	2564	2597	3206	2799	2828	2798	3738	2680	2700	2440	2955	2284	2331	2683	4466
	
Birds Per Party Hour
	Red Crossbill	206.0966386554622	0.5998800239952009	2.5	0.41909457543961276	0.32748538011695905	0.0	0.0	0.0	1.4	2.252823518466834	1.4649122807017545	4.440709617180206	2.5454545454545454	0.0	0.0	4.388888888888889	2.961038961038961	9.272727272727273	1.6	0.0	0.0	0.0	0.0	0.0	0.0	0.0	0.0	0.0	0.0	0.0	0.0	0.16666666666666666	0.2857142857142857	2.5	0.3125	0.36904761904761907	0.0	0.0	3.5	2.504531632398545	2.5227466355616355	8.57689400868576	1.9506474991302258	1.2907268445095919	1.6560848124969578	0.9646197941146654	3.2759886286648787	4.744800893893434
	# checklists reporting species - (Red Crossbill)	2	1	1	6	3	0	0.0	0.0	1	4	2	5	1	0.0	0.0	2	3	2	3	0.0	0	0.0	0.0	0.0	0.0	0.0	0.0	0.0	0.0	0.0	0.0	2	1	1	2	2	0.0	0.0	2	14	17	14	10	22	8	3	5	31
	
High Count
	Red Crossbill	7	1	10	42	3	1	0.0	0.0	12	17	6	75	7	0.0	0.0	7	6	18	8	0.0	1	0.0	0.0	0.0	0.0	0.0	0.0	0.0	0.0	0.0	0.0	6	1	5	1	4	0.0	0.0	6	25	58	17	9	12	20	12	15	680
	# checklists reporting species - (Red Crossbill)	2	1	1	7	3	2	0.0	0.0	2	5	3	8	3	0.0	0.0	2	3	3	3	0.0	1	0.0	0.0	0.0	0.0	0.0	0.0	0.0	0.0	0.0	0.0	2	1	1	2	2	0.0	0.0	3	15	20	15	10	22	8	4	5	33
	
Totals
	Red Crossbill	10	1	10	105	6	0	0.0	0.0	19	38	12	105	8	0.0	0.0	9	14	27	16	0.0	1	0.0	0.0	0.0	0.0	0.0	0.0	0.0	0.0	0.0	0.0	7	1	5	2	5	0.0	0.0	8	120	119	87	41	33	43	15	28	979
	# checklists reporting species - (Red Crossbill)	2	1	1	7	3	0	0.0	0.0	2	5	3	7	2	0.0	0.0	2	3	3	3	0.0	1	0.0	0.0	0.0	0.0	0.0	0.0	0.0	0.0	0.0	0.0	2	1	1	2	2	0.0	0.0	3	14	19	14	10	22	8	3	5	32
	
Average Count
	Red Crossbill	5.0	1.0	10.0	15.0	2.0	0.0	0.0	0.0	9.5	7.6	4.0	15.0	4.0	0.0	0.0	4.5	4.666666666666667	9.0	5.333333333333333	0.0	1.0	0.0	0.0	0.0	0.0	0.0	0.0	0.0	0.0	0.0	0.0	3.5	1.0	5.0	1.0	2.5	0.0	0.0	2.6666666666666665	8.571428571428571	6.2631578947368425	6.214285714285714	4.1	1.5	5.375	5.0	5.6	30.59375
	# checklists reporting species - (Red Crossbill)	2	1	1	7	3	0	0.0	0.0	2	5	3	7	2	0.0	0.0	2	3	3	3	0.0	1	0.0	0.0	0.0	0.0	0.0	0.0	0.0	0.0	0.0	0.0	2	1	1	2	2	0.0	0.0	3	14	19	14	10	22	8	3	5	32
	
