

	Week starting on...	1/1	1/8	1/15	1/22	2/1	2/8	2/15	2/22	3/1	3/8	3/15	3/22	4/1	4/8	4/15	4/22	5/1	5/8	5/15	5/22	6/1	6/8	6/15	6/22	7/1	7/8	7/15	7/22	8/1	8/8	8/15	8/22	9/1	9/8	9/15	9/22	10/1	10/8	10/15	10/22	11/1	11/8	11/15	11/22	12/1	12/8	12/15	12/22
Frequency (%)
	Common Goldeneye	31.87002367118571	31.685714285714283	29.042904290429046	33.543270352227665	31.41577678263865	21.7982924226254	19.501466275659823	30.37306041597887	32.482394366197184	31.734612310151878	28.14272211720227	23.09966950774048	18.67117117117117	13.706062750648737	10.67917783735478	5.06792856052511	2.3981508234614273	1.441696113074205	1.4095180357684147	1.5536494578410747	0.6671608598962194	0.5593803786574871	0.8232445520581114	0.5120126033871603	0.6651884700665188	0.8733624454148471	1.4790996784565917	1.2256014525646846	1.3496932515337423	0.7656065959952886	1.0438413361169103	0.8163265306122449	1.4138326327856323	0.93603744149766	1.424720831728918	1.154086088583905	1.1789924973204717	1.6973125884016973	4.253037884203002	9.390048154093098	13.097014925373134	17.85185185185185	18.07377049180328	19.052453468697124	23.29246935201401	25.825825825825827	24.30115542303392	30.967308553515448
	Total # checklists submitted - (Common Goldeneye)	4647	3500	3030	4287	2903	3748	5456	3029	3408	3753	4232	5749	4440	4239	4476	6551	6922	7075	6598	6179	2698	2324	2065	2539	1804	1603	1555	2203	1630	1698	1916	2940	2617	2564	2597	3206	2799	2828	2798	3738	2680	2700	2440	2955	2284	2331	2683	4466
	
Abundance
	Common Goldeneye	8.799870884441575	9.854285714285714	6.68085808580858	7.62864473991136	6.469514295556321	4.453308431163287	3.8548387096774195	6.5612413337735225	6.200704225352113	6.820676791899814	5.459829867674858	4.26508958079666	2.5943693693693692	1.5756074545883463	0.8536639857015192	0.22744619142115707	0.06833285177694308	0.02812720848056537	0.027887238557138528	0.02459944974915035	0.009266123054114159	0.012478485370051634	0.010169491525423728	0.00669554942890902	0.01164079822616408	0.019962570180910792	0.028938906752411574	0.016341352700862462	0.022699386503067485	0.012367491166077738	0.02035490605427975	0.014625850340136054	0.030951471150171952	0.0202808112324493	0.0281093569503273	0.026200873362445413	0.01822079314040729	0.03536067892503536	0.38527519656897785	3.1254681647940075	9.575373134328359	13.722962962962963	11.97827868852459	9.567174280879865	8.385726795096323	10.076362076362077	8.081625046589638	10.678907299596954
	Total # checklists submitted - (Common Goldeneye)	4647	3500	3030	4287	2903	3748	5456	3029	3408	3753	4232	5749	4440	4239	4476	6551	6922	7075	6598	6179	2698	2324	2065	2539	1804	1603	1555	2203	1630	1698	1916	2940	2617	2564	2597	3206	2799	2828	2798	3738	2680	2700	2440	2955	2284	2331	2683	4466
	
Birds Per Party Hour
	Common Goldeneye	31.366168457253202	32.47003263989516	27.761542799070305	32.169583329432044	30.951741219344157	26.61844276753813	23.14684669756178	25.93754445911404	23.024391965759325	18.662775186601507	14.925944226296194	15.76935852194796	9.90518527704148	14.106385545858638	5.264882301294072	2.7954314311915374	1.548475923965699	0.8491775968375016	0.911139641821802	0.5155177284982008	0.5530903149451194	0.4706930702767003	0.9081722249019768	0.5024619280301438	3.367579995445172	0.8081290197973331	0.9870129252183374	0.5511077838410479	0.7637982134864769	0.5071480631481031	0.8097777107975751	0.7348957747021478	1.8400161481981283	0.6565547401798801	0.7325305343576988	0.5983737944210421	0.4431323556230043	0.5388630596060995	2.450972915218495	10.319491028737554	26.82090355438146	37.08115638225594	35.74519274934778	28.367558645080745	19.60063915049943	22.78133243950265	17.779868668836613	26.532898766152233
	# checklists reporting species - (Common Goldeneye)	1352	1027	819	1317	802	754	1001	855	1024	1079	1076	1224	764	539	443	317	159	99	94	99	20	17	21	15	12	14	24	29	23	13	19	24	40	24	37	36	33	43	117	340	334	448	416	527	488	558	617	1331
	
High Count
	Common Goldeneye	834	892	500	1000	420	400	300	400	400	500	353	500	200	150	200	100	15	15	16	8	2	10	4	2	4	4	4	3	3	4	5	4	4	4	4	4	4	15	112	500	1500	590	930	700	500	835	528	560
	# checklists reporting species - (Common Goldeneye)	1568	1180	937	1524	960	852	1125	977	1169	1258	1249	1407	883	609	501	354	174	105	96	99	20	17	23	15	15	14	24	29	23	13	22	26	42	25	42	40	37	49	133	388	394	518	478	610	571	647	701	1480
	
Totals
	Common Goldeneye	41456	35524	21146	33698	19052	16977	21528	20342	22048	26173	23504	25018	11753	6846	3881	1535	492	206	186	162	29	33	28	19	25	32	47	38	39	21	41	45	87	53	78	87	58	101	1144	12368	27704	40805	31505	30947	20412	25263	22464	48760
	# checklists reporting species - (Common Goldeneye)	1396	1065	836	1359	828	773	1029	880	1048	1106	1102	1258	790	555	459	333	166	102	94	99	20	17	23	15	15	14	24	29	23	13	21	26	41	25	42	39	37	47	123	365	353	464	435	545	507	572	636	1368
	
Average Count
	Common Goldeneye	29.696275071633238	33.35586854460094	25.294258373205743	24.79617365710081	23.00966183574879	21.96248382923674	20.92128279883382	23.115909090909092	21.0381679389313	23.664556962025316	21.328493647912886	19.887122416534183	14.877215189873418	12.335135135135134	8.455337690631808	4.60960960960961	2.963855421686747	2.019607843137255	1.9787234042553192	1.6363636363636365	1.45	1.9411764705882353	1.2173913043478262	1.2666666666666666	1.6666666666666667	2.2857142857142856	1.9583333333333333	1.3103448275862069	1.6956521739130435	1.6153846153846154	1.9523809523809523	1.7307692307692308	2.1219512195121952	2.12	1.8571428571428572	2.230769230769231	1.5675675675675675	2.148936170212766	9.300813008130081	33.88493150684931	78.48158640226629	87.94181034482759	72.42528735632185	56.78348623853211	40.260355029585796	44.16608391608391	35.320754716981135	35.64327485380117
	# checklists reporting species - (Common Goldeneye)	1396	1065	836	1359	828	773	1029	880	1048	1106	1102	1258	790	555	459	333	166	102	94	99	20	17	23	15	15	14	24	29	23	13	21	26	41	25	42	39	37	47	123	365	353	464	435	545	507	572	636	1368
	
