

	Week starting on...	1/1	1/8	1/15	1/22	2/1	2/8	2/15	2/22	3/1	3/8	3/15	3/22	4/1	4/8	4/15	4/22	5/1	5/8	5/15	5/22	6/1	6/8	6/15	6/22	7/1	7/8	7/15	7/22	8/1	8/8	8/15	8/22	9/1	9/8	9/15	9/22	10/1	10/8	10/15	10/22	11/1	11/8	11/15	11/22	12/1	12/8	12/15	12/22
Frequency (%)
	Black Scoter	0.12911555842479017	0.08571428571428572	0.033003300330033	0.023326335432703522	0.0	0.05336179295624333	0.23826979472140764	0.13205678441729946	0.029342723004694836	0.15987210231814547	0.16540642722117202	0.3478865889719951	0.20270270270270271	0.02359046945034206	0.06702412868632708	0.122118760494581	0.014446691707598961	0.08480565371024736	0.03031221582297666	0.09710309111506717	0.0	0.0	0.0	0.0	0.0	0.0	0.0	0.0	0.0	0.0	0.0	0.0	0.0	0.0	0.03850596842510589	0.031191515907673113	0.21436227224008575	0.5304101838755304	1.858470335954253	3.611556982343499	3.32089552238806	1.7777777777777777	1.1885245901639343	1.1844331641285957	0.3064798598949212	0.5148005148005148	0.22363026462914648	0.35826242722794444
	Total # checklists submitted - (Black Scoter)	4647	3500	3030	4287	2903	3748	5456	3029	3408	3753	4232	5749	4440	4239	4476	6551	6922	7075	6598	6179	2698	2324	2065	2539	1804	1603	1555	2203	1630	1698	1916	2940	2617	2564	2597	3206	2799	2828	2798	3738	2680	2700	2440	2955	2284	2331	2683	4466
	
Abundance
	Black Scoter	0.0010759629868732515	8.571428571428571E-4	3.3003300330033004E-4	2.3326335432703523E-4	0.0	0.0013340448239060833	0.0023826979472140763	9.904258831297458E-4	2.9342723004694836E-4	0.0037303490540900614	0.0016540642722117202	0.004522525656635937	0.0024774774774774773	4.7180938900684123E-4	0.002234137622877569	0.0019844298580369408	1.444669170759896E-4	0.0011307420494699647	0.0012124886329190664	0.002427577277876679	0.0	0.0	0.0	0.0	0.0	0.0	0.0	0.0	0.0	0.0	0.0	0.0	0.0	0.0	3.850596842510589E-4	0.014660012476606364	0.004287245444801715	0.012022630834512023	0.05182273052180129	0.14847512038523275	0.12276119402985075	0.04259259259259259	0.02745901639344262	0.01793570219966159	0.0043782837127845885	0.009867009867009866	0.0022363026462914647	0.0035826242722794446
	Total # checklists submitted - (Black Scoter)	4647	3500	3030	4287	2903	3748	5456	3029	3408	3753	4232	5749	4440	4239	4476	6551	6922	7075	6598	6179	2698	2324	2065	2539	1804	1603	1555	2203	1630	1698	1916	2940	2617	2564	2597	3206	2799	2828	2798	3738	2680	2700	2440	2955	2284	2331	2683	4466
	
Birds Per Party Hour
	Black Scoter	0.4762014274385408	2.392058276749943	0.26666666666666666	0.2222222222222222	0.0	0.4523560209424084	0.9636723755750494	1.3523809523809525	1.2004801920768307	5.401982302204948	9.495973816957177	0.7239599576172422	0.426978353848311	0.6666666666666666	35.089759535655055	0.7441865028052198	0.2	0.8029568140754124	6.572131017527163	0.754572717484718	0.0	0.0	0.0	0.0	0.0	0.0	0.0	0.0	0.0	0.0	0.0	0.0	0.0	0.3749531308586427	0.25	6.533333333333333	0.7651258760310937	0.9569047377872263	0.6920240061135612	1.1017927632194155	1.5140112166752062	1.267022111850392	1.0546988701087732	0.5597404549623975	0.6656359559665913	1.0685086258523646	0.21474958340420955	0.7199354884365194
	# checklists reporting species - (Black Scoter)	5	4	1	1	0.0	2	14	3	1	7	7	19	9	1	3	9	1	7	2	7	0.0	0.0	0.0	0.0	0.0	0.0	0.0	0.0	0.0	0.0	0.0	0.0	0.0	1	1	2	5	13	58	143	93	52	28	38	8	12	6	16
	
High Count
	Black Scoter	1	9	1	1	0.0	4	1	1	1	4	1	2	2	2	7	3	1	3	6	6	0.0	0.0	0.0	0.0	0.0	0.0	0.0	0.0	0.0	0.0	0.0	0.0	0.0	1	1	47	3	10	13	32	22	10	7	3	2	4	1	1
	# checklists reporting species - (Black Scoter)	6	5	1	1	0.0	2	14	4	1	8	7	21	9	1	4	12	1	9	3	7	0.0	0.0	0.0	0.0	0.0	0.0	0.0	0.0	0.0	0.0	0.0	0.0	0.0	1	1	2	6	16	60	153	101	54	30	41	9	16	7	17
	
Totals
	Black Scoter	5	13	1	1	0.0	5	14	3	1	17	7	26	11	2	11	19	1	9	8	17	0.0	0.0	0.0	0.0	0.0	0.0	0.0	0.0	0.0	0.0	0.0	0.0	0.0	1	1	58	12	44	164	602	371	130	68	60	13	26	7	16
	# checklists reporting species - (Black Scoter)	5	5	1	1	0.0	2	14	3	1	8	7	20	9	1	4	12	1	7	2	7	0.0	0.0	0.0	0.0	0.0	0.0	0.0	0.0	0.0	0.0	0.0	0.0	0.0	1	1	2	6	15	60	149	100	54	29	41	9	15	7	16
	
Average Count
	Black Scoter	1.0	2.6	1.0	1.0	0.0	2.5	1.0	1.0	1.0	2.125	1.0	1.3	1.2222222222222223	2.0	2.75	1.5833333333333333	1.0	1.2857142857142858	4.0	2.4285714285714284	0.0	0.0	0.0	0.0	0.0	0.0	0.0	0.0	0.0	0.0	0.0	0.0	0.0	1.0	1.0	29.0	2.0	2.933333333333333	2.7333333333333334	4.040268456375839	3.71	2.4074074074074074	2.3448275862068964	1.4634146341463414	1.4444444444444444	1.7333333333333334	1.0	1.0
	# checklists reporting species - (Black Scoter)	5	5	1	1	0.0	2	14	3	1	8	7	20	9	1	4	12	1	7	2	7	0.0	0.0	0.0	0.0	0.0	0.0	0.0	0.0	0.0	0.0	0.0	0.0	0.0	1	1	2	6	15	60	149	100	54	29	41	9	15	7	16
	
