

	Week starting on...	1/1	1/8	1/15	1/22	2/1	2/8	2/15	2/22	3/1	3/8	3/15	3/22	4/1	4/8	4/15	4/22	5/1	5/8	5/15	5/22	6/1	6/8	6/15	6/22	7/1	7/8	7/15	7/22	8/1	8/8	8/15	8/22	9/1	9/8	9/15	9/22	10/1	10/8	10/15	10/22	11/1	11/8	11/15	11/22	12/1	12/8	12/15	12/22
Frequency (%)
	American Coot	3.59371637615666	4.571428571428571	3.4323432343234326	4.57196174480989	5.063727178780572	2.9882604055496262	2.51099706744868	4.588973258501156	5.28169014084507	5.382360778044231	4.395085066162571	5.131327187336928	4.954954954954955	4.81245576786978	4.602323503127793	2.0607540833460543	0.6067610517191563	0.5512367491166078	0.2728099424067899	0.5664346981712252	0.2965159377316531	0.25817555938037867	0.387409200968523	0.0	0.11086474501108648	0.06238303181534623	0.3215434083601286	0.2723558783477077	0.245398773006135	0.11778563015312131	0.46972860125260957	0.27210884353741494	0.22927015666794037	0.46801872074883	0.7701193685021178	2.6200873362445414	3.6084315827081106	5.975954738330977	9.685489635453894	9.550561797752808	8.880597014925373	7.740740740740741	5.327868852459016	3.3164128595600673	3.2837127845884413	1.9734019734019732	2.6835631755497578	2.507836990595611
	Total # checklists submitted - (American Coot)	4647	3500	3030	4287	2903	3748	5456	3029	3408	3753	4232	5749	4440	4239	4476	6551	6922	7075	6598	6179	2698	2324	2065	2539	1804	1603	1555	2203	1630	1698	1916	2940	2617	2564	2597	3206	2799	2828	2798	3738	2680	2700	2440	2955	2284	2331	2683	4466
	
Abundance
	American Coot	0.060253927264902085	0.082	0.06930693069306931	0.08397480755773268	0.10058560110230795	0.052027748132337244	0.046370967741935484	0.08847804555959063	0.10240610328638497	0.10658140154543032	0.08813799621928166	0.08644981735954078	0.08806306306306307	0.07265864590705355	0.07327971403038427	0.030071744771790566	0.008379081190407396	0.005936395759717315	0.005001515610791149	0.0074445703188218155	0.00407709414381023	0.0025817555938037868	0.00387409200968523	0.0	0.0011086474501108647	6.238303181534623E-4	0.0038585209003215433	0.004539264639128461	0.004294478527607362	0.0035335689045936395	0.011482254697286013	0.004421768707482994	0.003056935422239205	0.016770670826833072	0.013092029264536002	0.047411104179663134	0.10932475884244373	0.29384724186704386	0.5489635453895639	0.5264847512038523	0.42350746268656714	0.37407407407407406	0.10778688524590165	0.06937394247038917	0.04859894921190893	0.03646503646503647	0.05367126351099515	0.03896103896103896
	Total # checklists submitted - (American Coot)	4647	3500	3030	4287	2903	3748	5456	3029	3408	3753	4232	5749	4440	4239	4476	6551	6922	7075	6598	6179	2698	2324	2065	2539	1804	1603	1555	2203	1630	1698	1916	2940	2617	2564	2597	3206	2799	2828	2798	3738	2680	2700	2440	2955	2284	2331	2683	4466
	
Birds Per Party Hour
	American Coot	3.15004839174049	3.205740740814947	2.6659240407636857	2.7063785251812678	3.170122846054198	2.817310133382499	3.0621992418848225	2.785276404821062	2.6874108431994075	2.407012161740593	2.000186997854041	1.7159111129318405	1.7431207250228962	1.1411622502667456	1.1305358119037077	1.0567409980379863	1.377154574428033	0.3969270950484719	1.2843947982444366	0.4240870323577368	0.5565450150397333	0.43388785539661157	0.6460256252650081	0.0	0.36666666666666664	0.2727024815925825	0.346174247537586	0.5104110628319194	0.0	1.6111111111111112	0.6549178922829031	0.6391774891774892	0.24358974358974358	0.6376965140123035	0.5516255223814578	0.804763311920382	0.9943915873795767	1.4570719085500927	2.658543304721662	2.051169110942569	2.1248144557360984	2.0512463774370246	1.3126710914025108	1.2768443339920157	0.8666606214647021	1.5804707179572606	2.683308087985498	1.688881097860546
	# checklists reporting species - (American Coot)	166	163	109	201	144	111	133	141	181	204	190	281	213	201	205	121	32	37	17	32	8	5	8	0.0	2	1	5	6	0	2	7	6	2	11	25	86	102	164	280	356	247	207	132	103	76	48	71	111
	
High Count
	American Coot	11	14	15	8	6	6	20	11	13	20	20	7	10	10	20	11	5	5	5	3	2	2	1	0.0	1	1	2	4	4	5	6	5	4	15	15	20	55	73	100	50	60	80	15	17	10	15	25	14
	# checklists reporting species - (American Coot)	182	173	117	214	155	120	146	148	197	217	202	313	235	223	229	149	46	43	20	39	9	6	8	0.0	2	1	5	9	4	3	9	8	6	13	28	90	112	191	300	395	269	226	141	110	87	54	79	125
	
Totals
	American Coot	298	304	227	385	301	205	266	280	379	423	398	520	411	326	364	214	64	49	35	49	12	6	8	0.0	2	1	6	13	7	6	22	13	8	44	46	164	321	895	1646	2147	1232	1068	281	225	127	95	151	190
	# checklists reporting species - (American Coot)	172	171	115	210	153	117	140	146	190	211	197	304	229	213	218	139	42	39	19	36	9	5	8	0.0	2	1	5	9	4	2	9	7	5	12	28	90	110	182	287	377	260	216	138	109	85	54	75	118
	
Average Count
	American Coot	1.7325581395348837	1.7777777777777777	1.9739130434782608	1.8333333333333333	1.9673202614379084	1.7521367521367521	1.9	1.917808219178082	1.9947368421052631	2.004739336492891	2.020304568527919	1.7105263157894737	1.794759825327511	1.5305164319248827	1.6697247706422018	1.539568345323741	1.5238095238095237	1.2564102564102564	1.8421052631578947	1.3611111111111112	1.3333333333333333	1.2	1.0	0.0	1.0	1.0	1.2	1.4444444444444444	1.75	3.0	2.4444444444444446	1.8571428571428572	1.6	3.6666666666666665	1.6428571428571428	1.8222222222222222	2.918181818181818	4.917582417582418	5.735191637630662	5.694960212201591	4.7384615384615385	4.944444444444445	2.036231884057971	2.0642201834862384	1.4941176470588236	1.7592592592592593	2.013333333333333	1.6101694915254237
	# checklists reporting species - (American Coot)	172	171	115	210	153	117	140	146	190	211	197	304	229	213	218	139	42	39	19	36	9	5	8	0.0	2	1	5	9	4	2	9	7	5	12	28	90	110	182	287	377	260	216	138	109	85	54	75	118
	
