

	Week starting on...	1/1	1/8	1/15	1/22	2/1	2/8	2/15	2/22	3/1	3/8	3/15	3/22	4/1	4/8	4/15	4/22	5/1	5/8	5/15	5/22	6/1	6/8	6/15	6/22	7/1	7/8	7/15	7/22	8/1	8/8	8/15	8/22	9/1	9/8	9/15	9/22	10/1	10/8	10/15	10/22	11/1	11/8	11/15	11/22	12/1	12/8	12/15	12/22
Frequency (%)
	Sandhill Crane	0.0	0.0	0.0	0.0	0.0	0.0	0.0	0.0	0.029342723004694836	0.02664535038635758	0.23629489603024575	0.22612628283179684	0.09009009009009009	0.21231422505307856	0.17873100983020554	0.0763242253091131	0.13002022536839064	0.11307420494699646	0.12124886329190664	0.0	0.14825796886582654	0.0	0.0	0.0	0.0	0.0	0.0	0.0	0.0	0.0	0.0	0.0	0.0	0.0	0.0	0.12476606363069245	0.03572704537334762	0.0	0.0	0.2407704654895666	0.2611940298507463	0.6666666666666667	0.49180327868852464	0.7445008460236886	0.3502626970227671	0.0	0.03727171077152441	0.022391401701746527
	Total # checklists submitted - (Sandhill Crane)	4647	3500	3030	4287	2903	3748	5456	3029	3408	3753	4232	5749	4440	4239	4476	6551	6922	7075	6598	6179	2698	2324	2065	2539	1804	1603	1555	2203	1630	1698	1916	2940	2617	2564	2597	3206	2799	2828	2798	3738	2680	2700	2440	2955	2284	2331	2683	4466
	
Abundance
	Sandhill Crane	0.0	0.0	0.0	0.0	0.0	0.0	0.0	0.0	2.9342723004694836E-4	2.664535038635758E-4	0.006379962192816635	0.0071316750739259	0.0011261261261261261	0.0028308563340410475	0.0024575513851653264	0.0015264845061822622	0.0017336030049118752	0.0018374558303886925	0.0016671718702637162	0.0	0.0029651593773165306	0.0	0.0	0.0	0.0	0.0	0.0	0.0	0.0	0.0	0.0	0.0	0.0	0.0	0.0	9.357454772301934E-4	0.004287245444801715	0.0	0.0	0.008560727661851257	0.016044776119402984	0.6585185185185185	0.15901639344262294	0.42470389170896783	0.06523642732049037	0.0	0.01714498695490123	2.239140170174653E-4
	Total # checklists submitted - (Sandhill Crane)	4647	3500	3030	4287	2903	3748	5456	3029	3408	3753	4232	5749	4440	4239	4476	6551	6922	7075	6598	6179	2698	2324	2065	2539	1804	1603	1555	2203	1630	1698	1916	2940	2617	2564	2597	3206	2799	2828	2798	3738	2680	2700	2440	2955	2284	2331	2683	4466
	
Birds Per Party Hour
	Sandhill Crane	0.0	0.0	0.0	0.0	0.0	0.0	0.0	0.0	0.46511627906976744	0.25	9.327070756580184	10.09615986568317	1.1359820645096195	1.5250605076665142	3.4536218391509848	4.566712142701379	0.48977875688785644	1.0053452777718663	0.9495180019450927	29.41176470588235	1.1358444427442398	0.0	0.0	0.0	0.0	0.0	0.0	0.0	0.0	0.0	0.0	0.0	0.0	0.0	0.0	0.25099423461583714	7.910349373764008	0.0	0.0	0.7779001229637648	3.225224935925672	49.15595631891944	327.1966863546341	93.06218369889139	5.088740890381886	0.0	7.666666666666667	0.08333333333333333
	# checklists reporting species - (Sandhill Crane)	0	1	1	0.0	0.0	0.0	0.0	0.0	1	2	14	15	6	10	9	6	10	7	10	2	4	0.0	0.0	0.0	0.0	0.0	0.0	0.0	0.0	0.0	0.0	0.0	0.0	0.0	1	3	1	0.0	0.0	10	8	21	19	39	15	0.0	1	2
	
High Count
	Sandhill Crane	1	1	1	0.0	0.0	0.0	0.0	0.0	1	3	25	13	5	5	3	4	3	3	4	1	2	0.0	0.0	0.0	0.0	0.0	0.0	0.0	0.0	0.0	0.0	0.0	0.0	0.0	1	1	12	0.0	0.0	14	20	586	120	354	73	0.0	46	1
	# checklists reporting species - (Sandhill Crane)	1	1	1	0.0	0.0	0.0	0.0	0.0	1	2	15	17	7	12	12	10	11	10	10	2	4	0.0	0.0	0.0	0.0	0.0	0.0	0.0	0.0	0.0	0.0	0.0	0.0	0.0	1	4	1	0.0	0.0	10	9	22	19	40	17	0.0	2	2
	
Totals
	Sandhill Crane	1	1	1	0.0	0.0	0.0	0.0	0.0	1	4	79	65	12	22	14	21	14	16	13	2	8	0.0	0.0	0.0	0.0	0.0	0.0	0.0	0.0	0.0	0.0	0.0	0.0	0.0	1	3	12	0.0	0.0	46	52	2034	622	1890	499	0.0	50	2
	# checklists reporting species - (Sandhill Crane)	1	1	1	0.0	0.0	0.0	0.0	0.0	1	2	14	17	7	12	11	10	11	10	10	2	4	0.0	0.0	0.0	0.0	0.0	0.0	0.0	0.0	0.0	0.0	0.0	0.0	0.0	1	3	1	0.0	0.0	10	9	22	19	40	17	0.0	2	2
	
Average Count
	Sandhill Crane	1.0	1.0	1.0	0.0	0.0	0.0	0.0	0.0	1.0	2.0	5.642857142857143	3.823529411764706	1.7142857142857142	1.8333333333333333	1.2727272727272727	2.1	1.2727272727272727	1.6	1.3	1.0	2.0	0.0	0.0	0.0	0.0	0.0	0.0	0.0	0.0	0.0	0.0	0.0	0.0	0.0	1.0	1.0	12.0	0.0	0.0	4.6	5.777777777777778	92.45454545454545	32.73684210526316	47.25	29.352941176470587	0.0	25.0	1.0
	# checklists reporting species - (Sandhill Crane)	1	1	1	0.0	0.0	0.0	0.0	0.0	1	2	14	17	7	12	11	10	11	10	10	2	4	0.0	0.0	0.0	0.0	0.0	0.0	0.0	0.0	0.0	0.0	0.0	0.0	0.0	1	3	1	0.0	0.0	10	9	22	19	40	17	0.0	2	2
	
