

	Week starting on...	1/1	1/8	1/15	1/22	2/1	2/8	2/15	2/22	3/1	3/8	3/15	3/22	4/1	4/8	4/15	4/22	5/1	5/8	5/15	5/22	6/1	6/8	6/15	6/22	7/1	7/8	7/15	7/22	8/1	8/8	8/15	8/22	9/1	9/8	9/15	9/22	10/1	10/8	10/15	10/22	11/1	11/8	11/15	11/22	12/1	12/8	12/15	12/22
Frequency (%)
	Rusty Blackbird	0.4303851947493006	0.34285714285714286	0.19801980198019803	2.146022859808724	1.0334137099552188	0.5869797225186766	0.5131964809384164	0.7923407065037966	1.1443661971830987	0.692779110045297	0.8034026465028355	1.44372934423378	1.4639639639639639	2.311866006133522	2.613941018766756	4.197832392001221	5.417509390349609	2.628975265017668	1.3185813882994846	0.01618384851917786	0.0	0.0	0.0	0.0	0.0	0.0	0.0	0.0	0.0	0.0	0.0	0.0	0.07642338555598013	0.4290171606864275	1.6942626107046592	4.460386774797255	5.073240443015362	4.702970297029703	5.003573981415296	3.0497592295345104	2.164179104477612	1.9629629629629628	1.3524590163934427	0.8798646362098138	0.3064798598949212	0.1716001716001716	0.2609019754006709	0.7389162561576355
	Total # checklists submitted - (Rusty Blackbird)	4647	3500	3030	4287	2903	3748	5456	3029	3408	3753	4232	5749	4440	4239	4476	6551	6922	7075	6598	6179	2698	2324	2065	2539	1804	1603	1555	2203	1630	1698	1916	2940	2617	2564	2597	3206	2799	2828	2798	3738	2680	2700	2440	2955	2284	2331	2683	4466
	
Abundance
	Rusty Blackbird	0.00796212610286206	0.008857142857142857	0.0036303630363036304	0.027058549101936086	0.014123320702721322	0.010138740661686232	0.00843108504398827	0.011224826675470452	0.02112676056338028	0.019984012789768184	0.01772211720226843	0.038267524786919464	0.05045045045045045	0.0469450342061807	0.06389633601429848	0.09937414135246528	0.16180294712510834	0.04932862190812721	0.020612306759624128	1.618384851917786E-4	0.0	0.0	0.0	0.0	0.0	0.0	0.0	0.0	0.0	0.0	0.0	0.0	7.642338555598013E-4	0.052652106084243366	0.05429341547939931	0.2114784778540237	0.33762057877813506	0.3617397454031117	0.4660471765546819	0.39807383627608345	0.25149253731343285	0.24666666666666667	0.2942622950819672	0.024027072758037227	0.0070052539404553416	0.001716001716001716	0.002981736861721953	0.01948051948051948
	Total # checklists submitted - (Rusty Blackbird)	4647	3500	3030	4287	2903	3748	5456	3029	3408	3753	4232	5749	4440	4239	4476	6551	6922	7075	6598	6179	2698	2324	2065	2539	1804	1603	1555	2203	1630	1698	1916	2940	2617	2564	2597	3206	2799	2828	2798	3738	2680	2700	2440	2955	2284	2331	2683	4466
	
Birds Per Party Hour
	Rusty Blackbird	2.0078740243335673	1.7973657134809282	0.6798451230346039	1.4564580999397085	1.9646807202746766	4.268169582934898	2.3868948389693783	2.789801773485055	1.1680906710034133	1.8549839771306618	2.3573069405540923	1.6613157350982777	1.4698854748591776	1.1483846888688476	1.0299376081975966	1.227769453152389	1.3384109758681728	1.44231436997004	0.8131073397230053	0.8666666666666667	0.0	0.0	0.0	0.0	0.0	0.0	0.0	0.0	0.0	0.0	0.0	0.0	0.9314433692244787	0.4301328496548213	1.2268982163751605	1.4643795234949177	2.0270112535848437	3.2230855212392586	4.245730604719557	4.353722933503019	4.064420498477365	2.9459078526259597	9.008809009836	0.9998817235944365	0.7412992957924317	0.6239253349333377	2.059668842343365	0.7878676093802502
	# checklists reporting species - (Rusty Blackbird)	21	10	6	97	29	22	29	25	35	24	33	75	59	96	118	282	389	184	91	2	0.0	0.0	0.0	0.0	0.0	0.0	0.0	0.0	0.0	0.0	0.0	0.0	2	11	51	142	141	129	140	110	65	53	36	27	7	4	8	35
	
High Count
	Rusty Blackbird	8	6	5	6	5	7	5	5	9	12	10	13	30	15	35	40	25	30	10	2	0.0	0.0	0.0	0.0	0.0	0.0	0.0	0.0	0.0	0.0	0.0	0.0	1	120	20	200	250	150	127	500	185	335	195	20	4	1	2	12
	# checklists reporting species - (Rusty Blackbird)	21	13	6	98	30	22	29	26	41	28	35	85	71	108	125	310	410	203	93	2	0.0	0.0	0.0	0.0	0.0	0.0	0.0	0.0	0.0	0.0	0.0	0.0	2	14	53	163	161	151	160	129	69	57	37	29	7	4	8	37
	
Totals
	Rusty Blackbird	38	32	11	122	41	38	47	36	74	88	85	227	240	226	301	710	1191	389	149	3	0.0	0.0	0.0	0.0	0.0	0.0	0.0	0.0	0.0	0.0	0.0	0.0	2	156	160	758	1070	1139	1438	1600	694	672	722	91	16	4	10	91
	# checklists reporting species - (Rusty Blackbird)	21	13	6	98	29	22	29	25	40	27	34	80	68	105	123	295	401	197	92	2	0.0	0.0	0.0	0.0	0.0	0.0	0.0	0.0	0.0	0.0	0.0	0.0	2	13	53	154	155	142	154	124	65	56	37	29	7	4	8	35
	
Average Count
	Rusty Blackbird	1.8095238095238095	2.4615384615384617	1.8333333333333333	1.2448979591836735	1.4137931034482758	1.7272727272727273	1.6206896551724137	1.44	1.85	3.259259259259259	2.5	2.8375	3.5294117647058822	2.1523809523809523	2.4471544715447155	2.406779661016949	2.970074812967581	1.9746192893401016	1.6195652173913044	1.5	0.0	0.0	0.0	0.0	0.0	0.0	0.0	0.0	0.0	0.0	0.0	0.0	1.0	12.0	3.018867924528302	4.922077922077922	6.903225806451613	8.02112676056338	9.337662337662337	12.903225806451612	10.676923076923076	12.0	19.513513513513512	3.1379310344827585	2.2857142857142856	1.0	1.25	2.6
	# checklists reporting species - (Rusty Blackbird)	21	13	6	98	29	22	29	25	40	27	34	80	68	105	123	295	401	197	92	2	0.0	0.0	0.0	0.0	0.0	0.0	0.0	0.0	0.0	0.0	0.0	0.0	2	13	53	154	155	142	154	124	65	56	37	29	7	4	8	35
	
