

	Week starting on...	1/1	1/8	1/15	1/22	2/1	2/8	2/15	2/22	3/1	3/8	3/15	3/22	4/1	4/8	4/15	4/22	5/1	5/8	5/15	5/22	6/1	6/8	6/15	6/22	7/1	7/8	7/15	7/22	8/1	8/8	8/15	8/22	9/1	9/8	9/15	9/22	10/1	10/8	10/15	10/22	11/1	11/8	11/15	11/22	12/1	12/8	12/15	12/22
Frequency (%)
	Northern Pintail	3.2494082203572194	2.9714285714285715	2.6402640264026402	3.358992302309307	2.1357216672407855	1.3340448239060834	1.0080645161290323	1.7497523935292174	1.261737089201878	2.238209432454037	1.9612476370510397	1.4263350147851799	0.9234234234234233	0.6605331446095777	0.44682752457551383	0.32056174629827505	0.08668015024559377	0.05653710247349823	0.04546832373446499	0.03236769703835572	0.0	0.0	0.0	0.0	0.0	0.0	0.0	0.3177485247389923	0.06134969325153375	0.7656065959952886	0.7306889352818371	0.5102040816326531	1.108139090561712	1.014040561622465	1.2706969580284944	2.3393636930754833	1.6791711325473382	3.2885431400282883	3.5025017869907074	3.7988228999464955	3.805970149253731	3.0	2.0491803278688523	1.5566835871404399	3.1085814360770576	2.4024024024024024	2.422661200149087	2.7541424093148232
	Total # checklists submitted - (Northern Pintail)	4647	3500	3030	4287	2903	3748	5456	3029	3408	3753	4232	5749	4440	4239	4476	6551	6922	7075	6598	6179	2698	2324	2065	2539	1804	1603	1555	2203	1630	1698	1916	2940	2617	2564	2597	3206	2799	2828	2798	3738	2680	2700	2440	2955	2284	2331	2683	4466
	
Abundance
	Northern Pintail	0.035506778566817304	0.039142857142857146	0.03762376237623762	0.05458362491252624	0.02445745780227351	0.0144076840981857	0.013013196480938417	0.021789369428854406	0.06748826291079812	0.22728483879563016	0.0831758034026465	0.0787963124021569	0.04436936936936937	0.012502948808681292	0.011170688114387846	0.012059227598839872	0.002167003756139844	7.067137809187279E-4	4.546832373446499E-4	3.236769703835572E-4	0.0	0.0	0.0	0.0	0.0	0.0	0.0	0.009532455742169769	6.134969325153375E-4	0.01060070671378092	0.009916492693110648	0.010884353741496598	0.014138326327856323	0.014820592823712949	0.023103581055063535	0.03898939488459139	0.02965344765987853	0.07496463932107496	0.0725518227305218	0.07972177635098983	0.07350746268656716	0.052592592592592594	0.028688524590163935	0.022673434856175973	0.05516637478108581	0.03689403689403689	0.04360790160268356	0.04455888938647559
	Total # checklists submitted - (Northern Pintail)	4647	3500	3030	4287	2903	3748	5456	3029	3408	3753	4232	5749	4440	4239	4476	6551	6922	7075	6598	6179	2698	2324	2065	2539	1804	1603	1555	2203	1630	1698	1916	2940	2617	2564	2597	3206	2799	2828	2798	3738	2680	2700	2440	2955	2284	2331	2683	4466
	
Birds Per Party Hour
	Northern Pintail	1.031441931756398	3.1303275125667875	1.4659780407107201	1.326193776326193	1.3440972908356155	1.4331318108118842	1.3446603521106582	1.9382125257399874	2.5031982769614696	4.685159988229119	1.416876811621222	1.9704886111013815	1.1581665550303792	1.1474653891397677	0.6262206323534898	3.83378609341976	1.151400465727668	0.6277777777777778	0.11658456486042693	0.25757575757575757	0.0	0.0	0.0	0.0	0.0	0.0	0.0	1.225	0.9671179883945842	1.27164789926016	0.5499322735951412	0.8667964548674564	0.43004762779474665	0.4809327252237378	1.1323414027546699	0.5852091487254334	0.7738087985763175	1.007181302658605	0.7969561317816376	1.1461825611252319	1.0110387057487864	0.8618601103810852	0.722359605610836	0.6228978341308793	0.7283113228983822	0.6621904900948278	0.8077245793921082	0.8294903396679651
	# checklists reporting species - (Northern Pintail)	149	107	82	145	60	52	57	50	45	83	80	79	40	25	21	21	6	3	2	2	0.0	0.0	0.0	0.0	0.0	0.0	1	4	1	13	15	14	29	25	36	75	52	91	100	150	108	83	50	48	71	56	67	128
	
High Count
	Northern Pintail	4	8	6	21	6	2	6	5	100	293	24	49	26	6	11	50	6	3	1	1	0.0	0.0	0.0	0.0	0.0	0.0	2	8	1	6	6	10	5	4	11	13	7	15	12	48	19	14	5	5	28	4	14	20
	# checklists reporting species - (Northern Pintail)	166	111	86	156	66	57	60	59	49	89	86	94	48	30	22	26	6	4	3	2	0.0	0.0	0.0	0.0	0.0	0.0	1	7	1	13	16	17	31	28	39	80	54	97	110	160	118	89	57	58	79	66	76	138
	
Totals
	Northern Pintail	185	145	119	246	74	62	76	72	244	890	354	538	204	54	52	88	15	5	3	2	0.0	0.0	0.0	0.0	0.0	0.0	2	21	1	18	21	37	39	41	67	136	97	225	224	370	216	152	82	82	140	96	129	214
	# checklists reporting species - (Northern Pintail)	159	110	84	154	65	57	60	57	48	89	84	91	44	26	22	24	6	3	3	2	0.0	0.0	0.0	0.0	0.0	0.0	1	6	1	13	16	16	31	26	38	79	54	96	105	157	114	87	56	56	77	64	74	135
	
Average Count
	Northern Pintail	1.1635220125786163	1.3181818181818181	1.4166666666666667	1.5974025974025974	1.1384615384615384	1.087719298245614	1.2666666666666666	1.263157894736842	5.083333333333333	10.0	4.214285714285714	5.912087912087912	4.636363636363637	2.076923076923077	2.3636363636363638	3.6666666666666665	2.5	1.6666666666666667	1.0	1.0	0.0	0.0	0.0	0.0	0.0	0.0	2.0	3.5	1.0	1.3846153846153846	1.3125	2.3125	1.2580645161290323	1.5769230769230769	1.763157894736842	1.7215189873417722	1.7962962962962963	2.34375	2.1333333333333333	2.356687898089172	1.894736842105263	1.7471264367816093	1.4642857142857142	1.4642857142857142	1.8181818181818181	1.5	1.7432432432432432	1.5851851851851853
	# checklists reporting species - (Northern Pintail)	159	110	84	154	65	57	60	57	48	89	84	91	44	26	22	24	6	3	3	2	0.0	0.0	0.0	0.0	0.0	0.0	1	6	1	13	16	16	31	26	38	79	54	96	105	157	114	87	56	56	77	64	74	135
	
