

	Week starting on...	1/1	1/8	1/15	1/22	2/1	2/8	2/15	2/22	3/1	3/8	3/15	3/22	4/1	4/8	4/15	4/22	5/1	5/8	5/15	5/22	6/1	6/8	6/15	6/22	7/1	7/8	7/15	7/22	8/1	8/8	8/15	8/22	9/1	9/8	9/15	9/22	10/1	10/8	10/15	10/22	11/1	11/8	11/15	11/22	12/1	12/8	12/15	12/22
Frequency (%)
	Great Black-backed Gull	11.017860985582097	9.114285714285714	8.547854785478549	8.81735479356193	9.679641749913882	5.549626467449306	4.032258064516129	5.876526906569825	4.958920187793427	4.769517719158007	3.497164461247637	2.3830231344581665	2.0495495495495493	1.179523472517103	1.653261840929401	0.8853610135857121	0.7656746605027449	0.5088339222614842	0.7123370718399514	0.7606408804013595	0.37064492216456635	0.5593803786574871	0.3389830508474576	0.4332414336352895	0.7760532150776054	0.2495321272613849	0.3215434083601286	0.5447117566954154	0.7361963190184049	0.9422850412249705	1.0438413361169103	1.258503401360544	1.9870080244554833	2.3790951638065523	2.6569118213323066	2.1834061135371177	2.393712040014291	3.2885431400282883	4.253037884203002	6.072766185125736	6.604477611940299	7.666666666666666	6.475409836065574	6.429780033840947	9.150612959719789	8.794508794508795	9.094297428251958	12.248096730855352
	Total # checklists submitted - (Great Black-backed Gull)	4647	3500	3030	4287	2903	3748	5456	3029	3408	3753	4232	5749	4440	4239	4476	6551	6922	7075	6598	6179	2698	2324	2065	2539	1804	1603	1555	2203	1630	1698	1916	2940	2617	2564	2597	3206	2799	2828	2798	3738	2680	2700	2440	2955	2284	2331	2683	4466
	
Abundance
	Great Black-backed Gull	0.2416612868517323	0.21142857142857144	0.18151815181518152	0.18824352694191743	0.198415432311402	0.1104589114194237	0.09420821114369501	0.13370749422251568	0.10446009389671361	0.11084465760724753	0.05222117202268431	0.04452948338841538	0.031081081081081083	0.01556970983722576	0.02680965147453083	0.015875438864295526	0.008812481941635366	0.005936395759717315	0.010154592300697181	0.009386632141123159	0.0037064492216456633	0.005593803786574871	0.0043583535108958835	0.009058684521465145	0.012195121951219513	0.004366812227074236	0.005144694533762058	0.006808896958692692	0.008588957055214725	0.011778563015312132	0.010960334029227558	0.023809523809523808	0.03859380970576996	0.0436817472698908	0.05390835579514825	0.039301310043668124	0.04430153626295105	0.06364922206506365	0.0943531093638313	0.10647405029427501	0.1541044776119403	0.16111111111111112	0.12377049180327869	0.11912013536379018	0.19089316987740806	0.1879021879021879	0.1967946328736489	0.42857142857142855
	Total # checklists submitted - (Great Black-backed Gull)	4647	3500	3030	4287	2903	3748	5456	3029	3408	3753	4232	5749	4440	4239	4476	6551	6922	7075	6598	6179	2698	2324	2065	2539	1804	1603	1555	2203	1630	1698	1916	2940	2617	2564	2597	3206	2799	2828	2798	3738	2680	2700	2440	2955	2284	2331	2683	4466
	
Birds Per Party Hour
	Great Black-backed Gull	2.1764697441235445	2.1785463933030433	2.1523783168266517	2.264402368050238	2.4932541079975734	2.132307071050408	1.697400527828479	1.6697046622746552	2.533804776258264	1.6136537849661072	0.7660489233081327	1.0130821269264563	1.0221739042063172	1.1639197674997117	1.2206876383345007	0.6152840744973191	0.4432637876187458	0.3662900700199418	0.34721417454146636	0.6179827807721395	0.39951702618369284	1.484736802240541	0.3947845804988662	2.8055557800479387	1.6767655592211375	0.6052507328582927	1.5615147230787294	0.9316677031033799	0.42887385808184725	0.526481486723556	0.6211119051596888	0.8630611970744261	0.6050270408871323	0.7096489081953248	0.7156540127109096	0.8415133043407144	0.7031496006863781	0.5134928533316123	0.5621980043864637	0.74613965309701	1.0755272345863418	1.0357153650434572	1.071674597432487	1.1966016611870995	1.458476027053461	1.3367315673002962	1.6387574451127644	1.8094024069683239
	# checklists reporting species - (Great Black-backed Gull)	491	305	256	360	272	203	214	164	160	165	135	118	78	46	78	54	54	35	48	51	10	14	7	9	16	4	5	12	12	17	20	38	51	58	65	57	61	85	103	221	171	206	157	176	199	202	242	541
	
High Count
	Great Black-backed Gull	20	25	17	41	14	25	50	15	10	45	8	35	10	6	10	30	3	6	5	4	1	2	2	7	3	3	2	3	2	2	2	10	10	20	18	10	15	21	20	50	30	30	18	11	23	12	28	38
	# checklists reporting species - (Great Black-backed Gull)	550	350	283	410	307	225	240	195	181	199	161	147	97	58	85	66	59	37	51	55	11	16	8	12	16	4	5	15	14	20	22	48	56	66	79	72	77	100	132	258	198	239	185	219	233	240	268	591
	
Totals
	Great Black-backed Gull	1188	815	593	861	616	443	538	444	377	452	238	269	143	77	134	113	65	42	71	69	10	16	10	25	24	7	8	17	16	22	24	92	103	121	156	128	133	202	279	535	442	491	346	417	471	494	585	2035
	# checklists reporting species - (Great Black-backed Gull)	522	335	266	392	295	213	229	186	172	190	152	141	92	55	83	62	56	36	50	54	10	15	8	10	16	4	5	14	13	17	22	42	54	61	73	63	67	94	119	248	189	229	176	204	220	232	262	573
	
Average Count
	Great Black-backed Gull	2.2758620689655173	2.4328358208955225	2.2293233082706765	2.1964285714285716	2.088135593220339	2.07981220657277	2.349344978165939	2.3870967741935485	2.191860465116279	2.3789473684210525	1.5657894736842106	1.9078014184397163	1.5543478260869565	1.4	1.6144578313253013	1.8225806451612903	1.1607142857142858	1.1666666666666667	1.42	1.2777777777777777	1.0	1.0666666666666667	1.25	2.5	1.5	1.75	1.6	1.2142857142857142	1.2307692307692308	1.2941176470588236	1.0909090909090908	2.1904761904761907	1.9074074074074074	1.9836065573770492	2.136986301369863	2.0317460317460316	1.9850746268656716	2.148936170212766	2.3445378151260505	2.157258064516129	2.3386243386243386	2.1441048034934496	1.9659090909090908	2.0441176470588234	2.140909090909091	2.1293103448275863	2.232824427480916	3.5514834205933683
	# checklists reporting species - (Great Black-backed Gull)	522	335	266	392	295	213	229	186	172	190	152	141	92	55	83	62	56	36	50	54	10	15	8	10	16	4	5	14	13	17	22	42	54	61	73	63	67	94	119	248	189	229	176	204	220	232	262	573
	
