

	Week starting on...	1/1	1/8	1/15	1/22	2/1	2/8	2/15	2/22	3/1	3/8	3/15	3/22	4/1	4/8	4/15	4/22	5/1	5/8	5/15	5/22	6/1	6/8	6/15	6/22	7/1	7/8	7/15	7/22	8/1	8/8	8/15	8/22	9/1	9/8	9/15	9/22	10/1	10/8	10/15	10/22	11/1	11/8	11/15	11/22	12/1	12/8	12/15	12/22
Frequency (%)
	Long-eared Owl	1.6569829997848073	1.4000000000000001	1.7161716171617163	1.562864473991136	1.722356183258698	0.9071504802561365	0.6231671554252199	1.1224826675470452	0.7042253521126761	1.3589128697042365	0.82703213610586	0.5392242129065925	0.3153153153153153	0.21231422505307856	0.3351206434316354	0.18317814074187147	0.10112684195319273	0.028268551236749116	0.01515610791148833	0.06473539407671144	0.0	0.0	0.0	0.0	0.05543237250554324	0.0	0.0	0.0	0.0	0.0	0.0	0.03401360544217687	0.0	0.0390015600624025	0.03850596842510589	0.09357454772301933	0.17863522686673813	0.10608203677510608	0.6075768406004289	0.7223113964686998	1.2313432835820897	1.2222222222222223	1.3934426229508197	0.9813874788494078	0.8318739054290718	0.9867009867009866	1.6772269847185988	4.209583519928348
	Total # checklists submitted - (Long-eared Owl)	4647	3500	3030	4287	2903	3748	5456	3029	3408	3753	4232	5749	4440	4239	4476	6551	6922	7075	6598	6179	2698	2324	2065	2539	1804	1603	1555	2203	1630	1698	1916	2940	2617	2564	2597	3206	2799	2828	2798	3738	2680	2700	2440	2955	2284	2331	2683	4466
	
Abundance
	Long-eared Owl	0.026683882074456638	0.028285714285714286	0.033003300330033	0.027525075810590157	0.03444712366517396	0.017075773745997867	0.0093475073313783	0.014196104324859689	0.013791079812206572	0.019184652278177457	0.012287334593572778	0.00782744825186989	0.0045045045045045045	0.0033026657230478887	0.004915102770330653	0.002137078308655167	0.0010112684195319273	2.826855123674912E-4	1.515610791148833E-4	0.002427577277876679	0.0	0.0	0.0	0.0	0.0022172949002217295	0.0	0.0	0.0	0.0	0.0	0.0	3.401360544217687E-4	0.0	3.90015600624025E-4	3.850596842510589E-4	0.0012476606363069245	0.0021436227224008574	0.0010608203677510608	0.006790564689063617	0.01043338683788122	0.019029850746268655	0.014814814814814815	0.022131147540983605	0.015228426395939087	0.010945709281961471	0.01758901758901759	0.029444651509504285	0.10210479175996418
	Total # checklists submitted - (Long-eared Owl)	4647	3500	3030	4287	2903	3748	5456	3029	3408	3753	4232	5749	4440	4239	4476	6551	6922	7075	6598	6179	2698	2324	2065	2539	1804	1603	1555	2203	1630	1698	1916	2940	2617	2564	2597	3206	2799	2828	2798	3738	2680	2700	2440	2955	2284	2331	2683	4466
	
Birds Per Party Hour
	Long-eared Owl	1.593972258319372	2.088146406121296	1.5146791788475868	3.0860271253758915	1.6038709801738675	1.0840529428815926	1.7606523390861477	0.976707286138983	1.4330087315781521	0.8788189788119073	0.6872035376507882	1.2858503109154706	0.30791726928822555	1.3858225909703994	0.31753281736337524	0.3386126870839417	0.6424996449321969	10.25	0.3333333333333333	5.555555555555555	0.0	0.0	0.0	0.0	1.0	0.0	0.0	0.0	0.0	0.0	0.0	0.3157562361856647	0.0	0.36363636363636365	0.25	0.35599847884929425	0.5505952380952381	0.3814814814814815	0.3581223818879443	1.0614128265804956	0.8532274439495012	0.4775930054074151	2.561213176857086	3.5820283782117115	0.6466861564381551	8.968997236059186	0.9374223363319104	1.1397866595718742
	# checklists reporting species - (Long-eared Owl)	83	65	58	74	52	34	37	32	28	56	35	29	12	9	14	12	7	2	1	3	0.0	0.0	0.0	0.0	1	0.0	0.0	0.0	0.0	0.0	0.0	1	0.0	1	1	3	4	3	16	31	37	32	38	30	28	31	50	192
	
High Count
	Long-eared Owl	8	6	9	6	10	5	4	6	8	6	5	4	4	5	2	2	1	1	1	7	0.0	0.0	0.0	0.0	4	0.0	0.0	0.0	0.0	0.0	0.0	1	0.0	1	1	2	2	1	3	4	7	2	6	5	4	7	6	17
	# checklists reporting species - (Long-eared Owl)	94	74	67	88	60	44	45	42	45	71	42	37	17	13	18	18	7	2	3	4	0.0	0.0	0.0	0.0	1	0.0	0.0	0.0	0.0	0.0	0.0	1	0.0	1	1	3	5	3	17	34	43	37	42	39	28	41	61	204
	
Totals
	Long-eared Owl	149	140	117	150	119	81	63	61	91	115	63	54	24	19	26	20	7	2	2	15	0.0	0.0	0.0	0.0	4	0.0	0.0	0.0	0.0	0.0	0.0	1	0.0	1	1	4	6	3	19	46	64	43	68	54	38	75	114	480
	# checklists reporting species - (Long-eared Owl)	92	74	66	87	59	43	45	42	44	69	42	37	16	13	18	18	7	2	2	4	0.0	0.0	0.0	0.0	1	0.0	0.0	0.0	0.0	0.0	0.0	1	0.0	1	1	3	5	3	16	33	42	36	42	38	28	41	60	201
	
Average Count
	Long-eared Owl	1.6195652173913044	1.8918918918918919	1.7727272727272727	1.7241379310344827	2.016949152542373	1.8837209302325582	1.4	1.4523809523809523	2.0681818181818183	1.6666666666666667	1.5	1.4594594594594594	1.5	1.4615384615384615	1.4444444444444444	1.1111111111111112	1.0	1.0	1.0	3.75	0.0	0.0	0.0	0.0	4.0	0.0	0.0	0.0	0.0	0.0	0.0	1.0	0.0	1.0	1.0	1.3333333333333333	1.2	1.0	1.1875	1.393939393939394	1.5238095238095237	1.1944444444444444	1.619047619047619	1.4210526315789473	1.3571428571428572	1.829268292682927	1.9	2.388059701492537
	# checklists reporting species - (Long-eared Owl)	92	74	66	87	59	43	45	42	44	69	42	37	16	13	18	18	7	2	2	4	0.0	0.0	0.0	0.0	1	0.0	0.0	0.0	0.0	0.0	0.0	1	0.0	1	1	3	5	3	16	33	42	36	42	38	28	41	60	201
	
