

	Week starting on...	1/1	1/8	1/15	1/22	2/1	2/8	2/15	2/22	3/1	3/8	3/15	3/22	4/1	4/8	4/15	4/22	5/1	5/8	5/15	5/22	6/1	6/8	6/15	6/22	7/1	7/8	7/15	7/22	8/1	8/8	8/15	8/22	9/1	9/8	9/15	9/22	10/1	10/8	10/15	10/22	11/1	11/8	11/15	11/22	12/1	12/8	12/15	12/22
Frequency (%)
	White-winged Scoter	6.089950505702603	4.942857142857142	5.37953795379538	4.3853510613482625	7.75060282466414	6.510138740661686	6.066715542521994	11.9511389897656	13.791079812206572	13.589128697042366	11.57844990548204	9.94955644459906	7.522522522522522	6.227883934890304	4.3565683646112605	2.1676079987788124	1.3002022536839064	1.3992932862190812	1.8035768414671114	2.9454604304903707	0.14825796886582654	0.17211703958691912	0.0	0.0	0.0	0.0	0.0	0.0	0.1226993865030675	0.058892815076560655	0.0	0.06802721088435373	0.19105846388995032	0.234009360374415	0.3080477474008471	0.7797878976918279	1.321900678813862	3.147100424328147	5.611150822015726	10.379882289994649	11.305970149253731	10.62962962962963	8.647540983606557	6.260575296108291	6.567425569176883	6.134706134706135	6.07528885575848	4.948499776085983
	Total # checklists submitted - (White-winged Scoter)	4647	3500	3030	4287	2903	3748	5456	3029	3408	3753	4232	5749	4440	4239	4476	6551	6922	7075	6598	6179	2698	2324	2065	2539	1804	1603	1555	2203	1630	1698	1916	2940	2617	2564	2597	3206	2799	2828	2798	3738	2680	2700	2440	2955	2284	2331	2683	4466
	
Abundance
	White-winged Scoter	0.3759414676135141	0.36914285714285716	0.32838283828382836	0.25892232330300907	0.42369962108163967	0.3380469583778015	0.4334677419354839	0.9105315285572796	0.9063967136150235	1.1835864641620037	0.850897920604915	0.7486519394677336	0.44954954954954957	0.3326256192498231	0.1816353887399464	0.08700961685238895	0.13681017047096214	0.26530035335689045	0.3608669293725371	0.9312186437934941	0.005559673832468495	0.005593803786574871	0.0	0.0	0.0	0.0	0.0	0.0	0.001226993865030675	5.889281507656066E-4	0.0	0.0010204081632653062	0.0038211692777990066	0.004290171606864275	0.005390835579514825	0.03587024329382408	0.1354055019649875	0.21782178217821782	1.248034310221587	2.9719101123595504	2.171641791044776	1.902962962962963	1.352049180327869	1.2467005076142132	0.649737302977233	0.6996996996996997	0.5773387998509132	0.20824003582624273
	Total # checklists submitted - (White-winged Scoter)	4647	3500	3030	4287	2903	3748	5456	3029	3408	3753	4232	5749	4440	4239	4476	6551	6922	7075	6598	6179	2698	2324	2065	2539	1804	1603	1555	2203	1630	1698	1916	2940	2617	2564	2597	3206	2799	2828	2798	3738	2680	2700	2440	2955	2284	2331	2683	4466
	
Birds Per Party Hour
	White-winged Scoter	3.5185607120492084	32.91116622513942	3.045821732584779	4.590338620711904	4.167920446578586	4.803750160045053	6.111346186766804	7.986745070456829	9.468369110948153	5.054317667909379	6.608044413002016	4.414901924775843	3.6223488306294387	4.31243310483722	2.3878428007089583	1.1517880689779663	3.4310078772907446	8.240255047321511	8.606588986296142	10.287033711188736	0.6728090952155377	0.8375701262272089	0.0	0.0	0.0	0.0	0.0	0.0	0.4	0.2857142857142857	0.0	0.6	0.7615445083036275	0.4655109536191243	0.6443747523751469	1.6672290558662515	2.5981206108371167	2.1785620151718343	7.557957468454093	9.647359906911431	6.657125610179205	6.216609388042858	6.723725692053782	6.787786681840799	6.065023236477993	5.478989164460813	2.3870118178193045	2.276710143447142
	# checklists reporting species - (White-winged Scoter)	280	172	162	184	219	232	321	358	451	499	479	552	323	259	191	141	92	103	123	187	4	4	0.0	0.0	0.0	0.0	0.0	0.0	1	1	0.0	2	5	6	7	27	38	94	166	381	299	280	210	187	149	145	166	225
	
High Count
	White-winged Scoter	54	800	130	65	93	147	100	325	81	115	78	115	60	135	76	35	78	200	190	300	26	6	0.0	0.0	0.0	0.0	0.0	0.0	1	1	0.0	2	3	3	6	31	62	53	250	455	150	233	180	160	125	140	272	609
	# checklists reporting species - (White-winged Scoter)	301	196	184	215	249	263	366	390	513	552	527	619	367	286	212	159	94	106	126	195	5	4	0.0	0.0	0.0	0.0	0.0	0.0	2	1	0.0	2	5	7	10	32	39	98	185	426	331	306	237	216	168	168	187	241
	
Totals
	White-winged Scoter	1816	2197	1149	1350	1557	1586	2554	2915	3451	4729	3844	4530	2157	1493	922	598	995	1965	2490	6156	41	13	0.0	0.0	0.0	0.0	0.0	0.0	2	1	0.0	3	10	12	20	134	388	680	3847	11833	6358	5558	3772	4246	1693	1950	1671	1616
	# checklists reporting species - (White-winged Scoter)	290	191	177	212	241	252	349	377	482	521	501	594	347	270	201	153	93	104	125	191	5	4	0.0	0.0	0.0	0.0	0.0	0.0	2	1	0.0	2	5	7	9	29	38	98	178	404	320	294	229	211	160	161	184	233
	
Average Count
	White-winged Scoter	6.2620689655172415	11.502617801047121	6.491525423728813	6.367924528301887	6.460580912863071	6.2936507936507935	7.318051575931232	7.732095490716181	7.159751037344399	9.076775431861805	7.672654690618763	7.626262626262626	6.216138328530259	5.529629629629629	4.587064676616915	3.9084967320261437	10.698924731182796	18.89423076923077	19.92	32.230366492146594	8.2	3.25	0.0	0.0	0.0	0.0	0.0	0.0	1.0	1.0	0.0	1.5	2.0	1.7142857142857142	2.2222222222222223	4.620689655172414	10.210526315789474	6.938775510204081	21.6123595505618	29.28960396039604	19.86875	18.904761904761905	16.471615720524017	20.123222748815166	10.58125	12.111801242236025	9.081521739130435	6.935622317596566
	# checklists reporting species - (White-winged Scoter)	290	191	177	212	241	252	349	377	482	521	501	594	347	270	201	153	93	104	125	191	5	4	0.0	0.0	0.0	0.0	0.0	0.0	2	1	0.0	2	5	7	9	29	38	98	178	404	320	294	229	211	160	161	184	233
	
