

	Week starting on...	1/1	1/8	1/15	1/22	2/1	2/8	2/15	2/22	3/1	3/8	3/15	3/22	4/1	4/8	4/15	4/22	5/1	5/8	5/15	5/22	6/1	6/8	6/15	6/22	7/1	7/8	7/15	7/22	8/1	8/8	8/15	8/22	9/1	9/8	9/15	9/22	10/1	10/8	10/15	10/22	11/1	11/8	11/15	11/22	12/1	12/8	12/15	12/22
Frequency (%)
	Eastern Wood-Pewee	0.0	0.0	0.0	0.0	0.0	0.0	0.0	0.0	0.0	0.0	0.0	0.0	0.0	0.0	0.0	0.0	0.2600404507367813	1.8374558303886925	12.837223401030615	23.83880886874899	18.865826538176428	14.414802065404475	12.106537530266344	9.885781803859787	8.259423503325943	8.047411104179664	9.45337620578778	7.580571947344531	7.914110429447853	9.246171967020024	12.630480167014612	16.19047619047619	18.570882690103172	15.249609984399376	12.052368117058144	4.491578290704928	1.5719899964272956	0.2828854314002829	0.035739814152966405	0.026752273943285176	0.0746268656716418	0.0	0.0	0.0	0.0	0.0	0.0	0.0
	Total # checklists submitted - (Eastern Wood-Pewee)	4647	3500	3030	4287	2903	3748	5456	3029	3408	3753	4232	5749	4440	4239	4476	6551	6922	7075	6598	6179	2698	2324	2065	2539	1804	1603	1555	2203	1630	1698	1916	2940	2617	2564	2597	3206	2799	2828	2798	3738	2680	2700	2440	2955	2284	2331	2683	4466
	
Abundance
	Eastern Wood-Pewee	0.0	0.0	0.0	0.0	0.0	0.0	0.0	0.0	0.0	0.0	0.0	0.0	0.0	0.0	0.0	0.0	0.002600404507367813	0.02176678445229682	0.17838739011821764	0.405729082375789	0.31504818383988137	0.21514629948364888	0.20242130750605328	0.14769594328475777	0.12250554323725056	0.11915159076731129	0.1536977491961415	0.1366318656377667	0.1392638036809816	0.1784452296819788	0.26670146137787054	0.30374149659863947	0.3633931983186855	0.2515600624024961	0.18983442433577205	0.056768558951965066	0.01679171132547338	0.0031824611032531826	3.5739814152966406E-4	2.6752273943285177E-4	7.462686567164179E-4	0.0	0.0	0.0	0.0	0.0	0.0	0.0
	Total # checklists submitted - (Eastern Wood-Pewee)	4647	3500	3030	4287	2903	3748	5456	3029	3408	3753	4232	5749	4440	4239	4476	6551	6922	7075	6598	6179	2698	2324	2065	2539	1804	1603	1555	2203	1630	1698	1916	2940	2617	2564	2597	3206	2799	2828	2798	3738	2680	2700	2440	2955	2284	2331	2683	4466
	
Birds Per Party Hour
	Eastern Wood-Pewee	0.0	0.0	0.0	0.0	0.0	0.0	0.0	0.0	0.0	0.0	0.0	0.0	0.0	0.0	0.0	0.0	0.5632073378738659	0.6466038218322409	0.7578133953726621	1.1996120137172297	2.0001138687137074	2.089987304015278	1.7218801252086606	2.1604762998400653	1.8024327956432797	1.2931539174620659	1.431040085587513	1.515091450724538	1.5298300456865122	1.8260924003373755	1.4709577583591282	1.318512601623937	1.3296878054282375	1.209029130719993	0.9463572226989087	0.7766478077787311	0.5797318041642008	0.5231796762096295	0.4	0.14285714285714285	0.1625	0.0	0.0	0.0	0.0	0.0	0.0	0.0
	# checklists reporting species - (Eastern Wood-Pewee)	0.0	0.0	0.0	0.0	0.0	0.0	0.0	0.0	0.0	0.0	0.0	0.0	0.0	0.0	0.0	0.0	14	129	877	1486	517	329	250	240	146	132	145	176	124	160	249	477	491	408	330	152	45	8	1	1	2	0.0	0.0	0.0	0.0	0.0	0.0	0.0
	
High Count
	Eastern Wood-Pewee	0.0	0.0	0.0	0.0	0.0	0.0	0.0	0.0	0.0	0.0	0.0	0.0	0.0	0.0	0.0	0.0	2	5	8	18	10	11	9	11	11	6	6	12	12	11	12	18	21	13	10	5	2	2	1	1	1	0.0	0.0	0.0	0.0	0.0	0.0	0.0
	# checklists reporting species - (Eastern Wood-Pewee)	0.0	0.0	0.0	0.0	0.0	0.0	0.0	0.0	0.0	0.0	0.0	0.0	0.0	0.0	0.0	0.0	19	142	942	1648	610	398	329	349	206	163	160	193	141	177	271	521	524	432	351	164	48	10	1	1	3	0.0	0.0	0.0	0.0	0.0	0.0	0.0
	
Totals
	Eastern Wood-Pewee	0.0	0.0	0.0	0.0	0.0	0.0	0.0	0.0	0.0	0.0	0.0	0.0	0.0	0.0	0.0	0.0	19	164	1275	2701	948	579	496	473	277	228	254	330	239	327	550	945	993	687	545	204	51	11	1	1	2	0.0	0.0	0.0	0.0	0.0	0.0	0.0
	# checklists reporting species - (Eastern Wood-Pewee)	0.0	0.0	0.0	0.0	0.0	0.0	0.0	0.0	0.0	0.0	0.0	0.0	0.0	0.0	0.0	0.0	15	136	904	1583	570	375	315	333	198	158	156	186	134	169	262	499	509	423	345	162	47	10	1	1	2	0.0	0.0	0.0	0.0	0.0	0.0	0.0
	
Average Count
	Eastern Wood-Pewee	0.0	0.0	0.0	0.0	0.0	0.0	0.0	0.0	0.0	0.0	0.0	0.0	0.0	0.0	0.0	0.0	1.2666666666666666	1.2058823529411764	1.4103982300884956	1.706253948199621	1.6631578947368422	1.544	1.5746031746031746	1.4204204204204205	1.398989898989899	1.4430379746835442	1.6282051282051282	1.7741935483870968	1.7835820895522387	1.9349112426035502	2.099236641221374	1.8937875751503006	1.9508840864440078	1.624113475177305	1.5797101449275361	1.2592592592592593	1.0851063829787233	1.1	1.0	1.0	1.0	0.0	0.0	0.0	0.0	0.0	0.0	0.0
	# checklists reporting species - (Eastern Wood-Pewee)	0.0	0.0	0.0	0.0	0.0	0.0	0.0	0.0	0.0	0.0	0.0	0.0	0.0	0.0	0.0	0.0	15	136	904	1583	570	375	315	333	198	158	156	186	134	169	262	499	509	423	345	162	47	10	1	1	2	0.0	0.0	0.0	0.0	0.0	0.0	0.0
	
