

	Week starting on...	1/1	1/8	1/15	1/22	2/1	2/8	2/15	2/22	3/1	3/8	3/15	3/22	4/1	4/8	4/15	4/22	5/1	5/8	5/15	5/22	6/1	6/8	6/15	6/22	7/1	7/8	7/15	7/22	8/1	8/8	8/15	8/22	9/1	9/8	9/15	9/22	10/1	10/8	10/15	10/22	11/1	11/8	11/15	11/22	12/1	12/8	12/15	12/22
Frequency (%)
	Wood Thrush	0.0	0.0	0.0	0.0	0.0	0.0	0.0	0.0	0.0	0.0	0.0	0.0	0.0	0.0	0.022341376228775692	0.5800641123492597	3.8861600693441205	7.731448763250884	8.229766595938164	2.7027027027027026	1.1489992587101558	1.2908777969018932	0.7263922518159807	0.7089405277668374	1.2195121951219512	0.7485963817841547	0.5144694533762058	0.40853381752156154	0.1226993865030675	0.17667844522968199	0.052192066805845504	0.20408163265306123	0.45854031333588074	0.7800312012480499	0.5775895263765883	0.7174048658764816	0.964630225080386	0.24752475247524752	0.0	0.05350454788657035	0.0	0.0	0.0	0.0338409475465313	0.043782837127845885	0.0	0.0	0.0
	Total # checklists submitted - (Wood Thrush)	4647	3500	3030	4287	2903	3748	5456	3029	3408	3753	4232	5749	4440	4239	4476	6551	6922	7075	6598	6179	2698	2324	2065	2539	1804	1603	1555	2203	1630	1698	1916	2940	2617	2564	2597	3206	2799	2828	2798	3738	2680	2700	2440	2955	2284	2331	2683	4466
	
Abundance
	Wood Thrush	0.0	0.0	0.0	0.0	0.0	0.0	0.0	0.0	0.0	0.0	0.0	0.0	0.0	0.0	2.2341376228775692E-4	0.006411234925965501	0.044929211210632765	0.09413427561837456	0.11200363746589875	0.033176889464314616	0.013713862120088955	0.012048192771084338	0.00774818401937046	0.007877116975187082	0.01607538802660754	0.008733624454148471	0.006430868167202572	0.005901044030866999	0.001226993865030675	0.0017667844522968198	5.219206680584551E-4	0.0020408163265306124	0.004967520061138708	0.0074102964118564745	0.005775895263765884	0.007174048658764816	0.012504465880671669	0.0021216407355021216	0.0	5.350454788657035E-4	0.0	0.0	0.0	3.3840947546531303E-4	4.3782837127845885E-4	0.0	0.0	0.0
	Total # checklists submitted - (Wood Thrush)	4647	3500	3030	4287	2903	3748	5456	3029	3408	3753	4232	5749	4440	4239	4476	6551	6922	7075	6598	6179	2698	2324	2065	2539	1804	1603	1555	2203	1630	1698	1916	2940	2617	2564	2597	3206	2799	2828	2798	3738	2680	2700	2440	2955	2284	2331	2683	4466
	
Birds Per Party Hour
	Wood Thrush	0.0	0.0	0.0	0.0	0.0	0.0	0.0	0.0	0.0	0.0	0.0	0.0	0.0	0.0	1.0	1.8114211689575739	0.8031531539202814	1.0537192893434817	0.7122225082616108	1.019832999519418	2.311429656058351	0.6633004648240552	1.89120229617683	3.478246457825283	6.665508865291922	3.5696993765552882	13.604329717433496	2.4571790045457784	0.44477989871445267	0.9027415143603134	0.7333333333333333	0.7566281741377964	0.5911994007499688	1.3248720893902086	4.4299479921133615	5.4572920343671845	1.0416228666253085	0.8572050533393362	0.0	0.7535938903863432	0.0	0.0	0.0	0.6666666666666666	2.25	0.0	0.0	0.0
	# checklists reporting species - (Wood Thrush)	0.0	0.0	0.0	0.0	0.0	0.0	0.0	0.0	0.0	0.0	0.0	0.0	0.0	0.0	1	39	277	559	569	170	32	28	16	17	23	12	9	9	2	4	3	8	11	23	16	27	32	5	0	2	0.0	0.0	0.0	1	2	0.0	0.0	0.0
	
High Count
	Wood Thrush	0.0	0.0	0.0	0.0	0.0	0.0	0.0	0.0	0.0	0.0	0.0	0.0	0.0	0.0	1	6	3	10	10	4	3	2	2	3	6	2	2	5	1	1	1	2	2	1	2	2	4	1	1	1	0.0	0.0	0.0	1	1	0.0	0.0	0.0
	# checklists reporting species - (Wood Thrush)	0.0	0.0	0.0	0.0	0.0	0.0	0.0	0.0	0.0	0.0	0.0	0.0	0.0	0.0	1	42	304	611	600	193	44	42	37	43	58	20	10	10	2	4	3	10	13	26	21	31	33	9	1	4	0.0	0.0	0.0	1	2	0.0	0.0	0.0
	
Totals
	Wood Thrush	0.0	0.0	0.0	0.0	0.0	0.0	0.0	0.0	0.0	0.0	0.0	0.0	0.0	0.0	1	46	343	723	807	230	48	40	38	44	68	22	12	13	2	4	3	10	14	24	19	33	41	7	1	4	0.0	0.0	0.0	1	2	0.0	0.0	0.0
	# checklists reporting species - (Wood Thrush)	0.0	0.0	0.0	0.0	0.0	0.0	0.0	0.0	0.0	0.0	0.0	0.0	0.0	0.0	1	40	288	589	584	185	42	39	36	41	57	20	10	9	2	4	3	9	13	24	18	30	33	7	1	4	0.0	0.0	0.0	1	2	0.0	0.0	0.0
	
Average Count
	Wood Thrush	0.0	0.0	0.0	0.0	0.0	0.0	0.0	0.0	0.0	0.0	0.0	0.0	0.0	0.0	1.0	1.15	1.1909722222222223	1.227504244482173	1.3818493150684932	1.2432432432432432	1.1428571428571428	1.0256410256410255	1.0555555555555556	1.0731707317073171	1.1929824561403508	1.1	1.2	1.4444444444444444	1.0	1.0	1.0	1.1111111111111112	1.0769230769230769	1.0	1.0555555555555556	1.1	1.2424242424242424	1.0	1.0	1.0	0.0	0.0	0.0	1.0	1.0	0.0	0.0	0.0
	# checklists reporting species - (Wood Thrush)	0.0	0.0	0.0	0.0	0.0	0.0	0.0	0.0	0.0	0.0	0.0	0.0	0.0	0.0	1	40	288	589	584	185	42	39	36	41	57	20	10	9	2	4	3	9	13	24	18	30	33	7	1	4	0.0	0.0	0.0	1	2	0.0	0.0	0.0
	
