

	Week starting on...	1/1	1/8	1/15	1/22	2/1	2/8	2/15	2/22	3/1	3/8	3/15	3/22	4/1	4/8	4/15	4/22	5/1	5/8	5/15	5/22	6/1	6/8	6/15	6/22	7/1	7/8	7/15	7/22	8/1	8/8	8/15	8/22	9/1	9/8	9/15	9/22	10/1	10/8	10/15	10/22	11/1	11/8	11/15	11/22	12/1	12/8	12/15	12/22
Frequency (%)
	Ruffed Grouse	0.021519259737465032	0.0	0.033003300330033	0.09330534173081409	0.0	0.08004268943436499	0.0	0.0	0.0	0.0	0.0	0.0	0.0	0.0	0.0	0.03052969012364525	0.014446691707598961	0.014134275618374558	0.0	0.08091924259588931	0.037064492216456635	0.0	0.0	0.07877116975187082	0.0	0.0	0.12861736334405144	0.0	0.0	0.0	0.0	0.0	0.0	0.0	0.0	0.031191515907673113	0.07145409074669525	0.0	0.0	0.05350454788657035	0.0	0.037037037037037035	0.040983606557377046	0.0	0.0	0.0	0.14908684308609765	2.0600089565606807
	Total # checklists submitted - (Ruffed Grouse)	4647	3500	3030	4287	2903	3748	5456	3029	3408	3753	4232	5749	4440	4239	4476	6551	6922	7075	6598	6179	2698	2324	2065	2539	1804	1603	1555	2203	1630	1698	1916	2940	2617	2564	2597	3206	2799	2828	2798	3738	2680	2700	2440	2955	2284	2331	2683	4466
	
Abundance
	Ruffed Grouse	4.3038519474930065E-4	0.0	3.3003300330033004E-4	9.330534173081409E-4	0.0	0.0018676627534685165	0.0	0.0	0.0	0.0	0.0	0.0	0.0	0.0	0.0	1.5264845061822624E-4	1.444669170759896E-4	1.413427561837456E-4	0.0	0.0011328693963424503	0.001111934766493699	0.0	0.0	7.877116975187081E-4	0.0	0.0	0.0019292604501607716	0.0	0.0	0.0	0.0	0.0	0.0	0.0	0.0	3.1191515907673113E-4	7.145409074669524E-4	0.0	0.0	0.0034777956126270733	0.0	3.7037037037037035E-4	4.098360655737705E-4	0.0	0.0	0.0	0.002981736861721953	0.07008508732646664
	Total # checklists submitted - (Ruffed Grouse)	4647	3500	3030	4287	2903	3748	5456	3029	3408	3753	4232	5749	4440	4239	4476	6551	6922	7075	6598	6179	2698	2324	2065	2539	1804	1603	1555	2203	1630	1698	1916	2940	2617	2564	2597	3206	2799	2828	2798	3738	2680	2700	2440	2955	2284	2331	2683	4466
	
Birds Per Party Hour
	Ruffed Grouse	0.5	0.0	0.2	0.4235519555576357	0.0	0.5555555555555556	0.0	0.0	0.0	0.0	0.0	0.0	0.25	0.0	0.0	0.16666666666666666	0.13333333333333333	0.6666666666666666	0.0	0.252620320855615	1.3333333333333333	0.0	0.0	0.2	0.0	0.0	0.125	0.0	0.0	0.0	0.0	0.0	0.0	0.0	0.2222222222222222	0.18803418803418803	0.2625	0.2857142857142857	0.26666666666666666	3.574074074074074	0.0	0.0	0.2833333333333333	0.0	0.0	0.0	0.24829599336178285	0.42307774151147665
	# checklists reporting species - (Ruffed Grouse)	1	0.0	1	4	0.0	3	0.0	0.0	0	0.0	0.0	1	1	0.0	0	1	1	1	0.0	5	1	0.0	0	2	0	0.0	1	0.0	0.0	0.0	0.0	0.0	0.0	0.0	1	2	2	1	1	2	0.0	1	2	0.0	0.0	0.0	4	93
	
High Count
	Ruffed Grouse	2	0.0	1	1	0.0	5	0.0	0.0	1	0.0	0.0	1	1	0.0	2	1	1	1	0.0	2	3	0.0	1	1	1	0.0	2	0.0	0.0	0.0	0.0	0.0	0.0	0.0	1	1	1	1	1	21	0.0	1	1	0.0	0.0	0.0	3	15
	# checklists reporting species - (Ruffed Grouse)	1	0.0	1	4	0.0	3	0.0	0.0	2	0.0	0.0	1	1	0.0	1	2	1	1	0.0	5	1	0.0	1	2	1	0.0	2	0.0	0.0	0.0	0.0	0.0	0.0	0.0	1	2	2	1	1	3	0.0	2	2	0.0	0.0	0.0	4	95
	
Totals
	Ruffed Grouse	2	0.0	1	4	0.0	7	0.0	0.0	2	0.0	0.0	1	1	0.0	2	1	1	1	0.0	7	3	0.0	1	2	1	0.0	3	0.0	0.0	0.0	0.0	0.0	0.0	0.0	1	2	2	1	1	34	0.0	2	2	0.0	0.0	0.0	8	322
	# checklists reporting species - (Ruffed Grouse)	1	0.0	1	4	0.0	3	0.0	0.0	2	0.0	0.0	1	1	0.0	1	1	1	1	0.0	5	1	0.0	1	2	1	0.0	2	0.0	0.0	0.0	0.0	0.0	0.0	0.0	1	2	2	1	1	3	0.0	2	2	0.0	0.0	0.0	4	93
	
Average Count
	Ruffed Grouse	2.0	0.0	1.0	1.0	0.0	2.3333333333333335	0.0	0.0	1.0	0.0	0.0	1.0	1.0	0.0	2.0	1.0	1.0	1.0	0.0	1.4	3.0	0.0	1.0	1.0	1.0	0.0	1.5	0.0	0.0	0.0	0.0	0.0	0.0	0.0	1.0	1.0	1.0	1.0	1.0	11.333333333333334	0.0	1.0	1.0	0.0	0.0	0.0	2.0	3.4623655913978495
	# checklists reporting species - (Ruffed Grouse)	1	0.0	1	4	0.0	3	0.0	0.0	2	0.0	0.0	1	1	0.0	1	1	1	1	0.0	5	1	0.0	1	2	1	0.0	2	0.0	0.0	0.0	0.0	0.0	0.0	0.0	1	2	2	1	1	3	0.0	2	2	0.0	0.0	0.0	4	93
	
