

	Week starting on...	1/1	1/8	1/15	1/22	2/1	2/8	2/15	2/22	3/1	3/8	3/15	3/22	4/1	4/8	4/15	4/22	5/1	5/8	5/15	5/22	6/1	6/8	6/15	6/22	7/1	7/8	7/15	7/22	8/1	8/8	8/15	8/22	9/1	9/8	9/15	9/22	10/1	10/8	10/15	10/22	11/1	11/8	11/15	11/22	12/1	12/8	12/15	12/22
Frequency (%)
	Canada Goose	32.55863998278459	29.628571428571426	27.821782178217823	30.487520410543507	29.24560799173269	21.638207043756672	21.700879765395893	37.14097061736547	42.22417840375587	49.85345057287503	50.35444234404537	47.103844146808136	48.37837837837838	45.52960603916018	45.01787310098302	44.43596397496565	41.08639121641144	37.42756183745583	37.73870869960594	41.72196148244052	37.175685693106004	33.218588640275385	26.2953995157385	20.204805041354863	24.833702882483372	27.074235807860266	31.44694533762058	34.407625964593734	34.04907975460122	33.215547703180206	34.707724425887264	34.72789115646259	38.44096293465801	41.88767550702028	38.852522140931846	38.89582033686837	36.26295105394784	34.93635077793494	37.13366690493209	38.17549491706795	37.91044776119403	36.37037037037037	30.69672131147541	31.302876480541453	33.887915936952716	33.933933933933936	32.538203503540814	27.56381549484998
	Total # checklists submitted - (Canada Goose)	4647	3500	3030	4287	2903	3748	5456	3029	3408	3753	4232	5749	4440	4239	4476	6551	6922	7075	6598	6179	2698	2324	2065	2539	1804	1603	1555	2203	1630	1698	1916	2940	2617	2564	2597	3206	2799	2828	2798	3738	2680	2700	2440	2955	2284	2331	2683	4466
	
Abundance
	Canada Goose	10.251775338928342	11.110857142857142	10.726732673267326	10.371821786797295	10.721667240785395	6.391408751334045	5.094391495601173	7.166721690326841	8.56631455399061	10.600319744204636	7.252835538752363	4.624630370499217	3.9222972972972974	3.051427223401746	2.740840035746202	2.576247901083804	2.3851488009245885	2.1534982332155477	2.4113367687177933	5.529859200517883	8.596367679762787	9.296901893287435	8.549636803874092	5.901536037810161	6.2644124168514415	6.750467872738615	7.246945337620579	6.734906945074898	6.185889570552147	5.856301531213192	7.426409185803758	7.140476190476191	7.627053878486817	8.241029641185648	9.168271082017712	9.744541484716157	8.961772061450517	7.9275106082036775	9.429235167977126	9.582129481005886	8.499253731343284	9.111481481481482	8.502868852459017	8.824027072758037	9.540718038528897	12.215787215787216	17.489377562430114	11.773622928795342
	Total # checklists submitted - (Canada Goose)	4647	3500	3030	4287	2903	3748	5456	3029	3408	3753	4232	5749	4440	4239	4476	6551	6922	7075	6598	6179	2698	2324	2065	2539	1804	1603	1555	2203	1630	1698	1916	2940	2617	2564	2597	3206	2799	2828	2798	3738	2680	2700	2440	2955	2284	2331	2683	4466
	
Birds Per Party Hour
	Canada Goose	56.52548537821506	73.56643140333044	62.659566973423075	57.16526025139268	59.38751873624613	42.41866934036536	37.115672620159984	24.37496452462656	27.36544381642169	26.38145693228698	15.106942826196011	12.441045347023357	8.89459818219171	5.845820701254127	6.463315353822695	5.379961742181762	5.747930274008109	4.92265934953689	4.7775897276318045	10.805090315049506	25.052104436550422	26.812197145245776	34.58878429938837	33.82559376315792	26.194234897238523	31.773615822058378	26.04476279007283	20.235096893181083	16.553760276973847	17.735077106166436	16.57749642552383	17.298303082496457	16.514137348699986	14.694684340518556	20.28873567693566	20.342735848240903	20.441656991359636	19.71406208168684	27.27618059739762	30.075179740138804	25.842854735650903	34.63307721657491	31.90948423329198	40.5407270523532	36.43150529903272	50.93628883117398	50.04966595123729	44.701199386758816
	# checklists reporting species - (Canada Goose)	1393	969	786	1193	772	751	1153	1080	1369	1790	1975	2540	2001	1827	1892	2744	2684	2529	2352	2437	951	709	501	471	413	405	465	717	521	553	633	952	923	1005	952	1176	952	929	978	1336	935	913	701	867	709	734	843	1163
	
High Count
	Canada Goose	1300	2500	2000	1500	3700	845	953	1099	700	1417	515	300	200	150	100	200	120	300	200	300	480	334	285	400	400	204	235	200	215	206	250	247	350	400	500	1000	455	400	1000	567	320	2000	600	800	600	1400	1185	2200
	# checklists reporting species - (Canada Goose)	1645	1122	900	1387	910	869	1278	1222	1564	2011	2264	2860	2280	2051	2129	3061	3006	2806	2633	2764	1111	824	592	565	493	472	529	817	605	624	716	1096	1077	1142	1098	1346	1110	1080	1137	1545	1094	1064	806	1003	839	855	946	1332
	
Totals
	Canada Goose	53311	45585	35679	48301	32497	25427	29037	23655	31195	43375	32300	27491	18096	13305	12719	18128	17212	15996	16641	35865	25119	22217	18313	16033	11651	11535	11583	15547	10304	10485	14675	22102	20453	21957	25271	32874	26673	24699	28440	38719	24462	28638	21420	27192	23747	30314	49985	54223
	# checklists reporting species - (Canada Goose)	1445	1007	811	1234	802	774	1176	1125	1410	1829	2022	2602	2051	1880	1936	2789	2739	2552	2383	2482	981	730	510	488	423	408	472	731	527	566	645	975	938	1028	977	1203	977	952	1006	1374	961	937	717	894	738	771	880	1200
	
Average Count
	Canada Goose	36.89342560553633	45.268123138033765	43.99383477188656	39.1418152350081	40.51995012468828	32.85142118863049	24.691326530612244	21.026666666666667	22.124113475177303	23.715144887916896	15.974282888229476	10.56533435818601	8.823013164310092	7.077127659574468	6.569731404958677	6.499820724273933	6.284045271997079	6.268025078369906	6.9832144355853965	14.450040290088639	25.605504587155963	30.434246575342467	35.9078431372549	32.85450819672131	27.54373522458629	28.272058823529413	24.540254237288135	21.26812585499316	19.552182163187855	18.524734982332156	22.751937984496124	22.668717948717948	21.80490405117271	21.358949416342412	25.865916069600818	27.326683291770575	27.300921187308084	25.944327731092436	28.27037773359841	28.17976710334789	25.454734651404788	30.56350053361793	29.8744769874477	30.416107382550337	32.17750677506775	39.317769130998705	56.80113636363637	45.185833333333335
	# checklists reporting species - (Canada Goose)	1445	1007	811	1234	802	774	1176	1125	1410	1829	2022	2602	2051	1880	1936	2789	2739	2552	2383	2482	981	730	510	488	423	408	472	731	527	566	645	975	938	1028	977	1203	977	952	1006	1374	961	937	717	894	738	771	880	1200
	
