

	Week starting on...	1/1	1/8	1/15	1/22	2/1	2/8	2/15	2/22	3/1	3/8	3/15	3/22	4/1	4/8	4/15	4/22	5/1	5/8	5/15	5/22	6/1	6/8	6/15	6/22	7/1	7/8	7/15	7/22	8/1	8/8	8/15	8/22	9/1	9/8	9/15	9/22	10/1	10/8	10/15	10/22	11/1	11/8	11/15	11/22	12/1	12/8	12/15	12/22
Frequency (%)
	Evening Grosbeak	0.5810200129115558	0.4571428571428572	0.09900990099009901	0.09330534173081409	0.20668274199104375	0.240128068303095	0.16495601173020527	0.5612413337735226	0.2347417840375587	0.2664535038635758	0.1890359168241966	0.13915463558879806	0.15765765765765766	0.0	0.0	0.09158907037093574	0.057786766830395846	0.0989399293286219	0.28796605031827827	0.0	0.0	0.0	0.0	0.0	0.0	0.06238303181534623	0.0	0.0	0.0	0.0	0.0	0.0	0.0	0.0	0.0	0.031191515907673113	0.03572704537334762	0.07072135785007072	0.8934953538241601	2.086677367576244	2.0522388059701493	1.074074074074074	0.5737704918032787	0.20304568527918782	0.17513134851138354	0.0429000429000429	0.7081625046589639	2.507836990595611
	Total # checklists submitted - (Evening Grosbeak)	4647	3500	3030	4287	2903	3748	5456	3029	3408	3753	4232	5749	4440	4239	4476	6551	6922	7075	6598	6179	2698	2324	2065	2539	1804	1603	1555	2203	1630	1698	1916	2940	2617	2564	2597	3206	2799	2828	2798	3738	2680	2700	2440	2955	2284	2331	2683	4466
	
Abundance
	Evening Grosbeak	0.024316763503335486	0.031714285714285716	0.0026402640264026403	0.006064847212502915	0.007233895969686531	0.011205976520811099	0.00843108504398827	0.029052492571805876	0.022593896713615023	0.010658140154543033	0.0165406427221172	0.0071316750739259	0.0033783783783783786	0.0	0.0	0.0022897267592733935	7.22334585379948E-4	0.0014134275618374558	0.002879660503182783	0.0	0.0	0.0	0.0	0.0	0.0	0.0012476606363069245	0.0	0.0	0.0	0.0	0.0	0.0	0.0	0.0	0.0	0.0	7.145409074669524E-4	7.072135785007072E-4	0.2326661901358113	0.6401819154628143	0.12985074626865672	0.04518518518518518	0.020081967213114754	0.008798646362098138	0.0043782837127845885	0.001287001287001287	0.03913529631010063	0.35960591133004927
	Total # checklists submitted - (Evening Grosbeak)	4647	3500	3030	4287	2903	3748	5456	3029	3408	3753	4232	5749	4440	4239	4476	6551	6922	7075	6598	6179	2698	2324	2065	2539	1804	1603	1555	2203	1630	1698	1916	2940	2617	2564	2597	3206	2799	2828	2798	3738	2680	2700	2440	2955	2284	2331	2683	4466
	
Birds Per Party Hour
	Evening Grosbeak	6.7627217007394025	4.439464183651912	2.032740578542062	4.918367346938775	4.427127566239691	3.79866505716561	3.4824843156154155	7.823899195946155	4.691824462602962	3.145959595959596	15.53779629396196	7.317549043964139	3.187743937806869	0.0	0.0	14.798096380202931	0.7874803863645957	2.0440390142026215	1.8488352156431298	0.0	0.0	0.0	0.0	0.0	0.0	2.0	0.0	0.0	0.0	0.0	0.0	0.0	0.0	0.0	0.0	0.0	0.3333333333333333	0.24961943387850336	9.78458860354248	36.069708077643604	6.1869215714469785	3.3033341933697384	9.401133488502527	1.9768707482993197	1.3584705278103746	3.0	6.29718831317044	3.597637886385975
	# checklists reporting species - (Evening Grosbeak)	29	15	4	7	6	9	7	16	9	10	10	8	7	0.0	0.0	7	4	8	19	0.0	0.0	0.0	0.0	0.0	0.0	1	0.0	0.0	0.0	0.0	0.0	0.0	0.0	0.0	0.0	0	1	3	30	91	58	35	16	7	4	1	22	113
	
High Count
	Evening Grosbeak	6	40	6	8	5	8	15	17	22	23	34	12	5	0.0	0.0	4	2	3	1	0.0	0.0	0.0	0.0	0.0	0.0	2	0.0	0.0	0.0	0.0	0.0	0.0	0.0	0.0	0.0	1	2	1	150	415	36	25	16	10	6	3	20	146
	# checklists reporting species - (Evening Grosbeak)	30	16	4	7	7	9	9	17	9	10	10	9	8	0.0	0.0	7	4	9	19	0.0	0.0	0.0	0.0	0.0	0.0	1	0.0	0.0	0.0	0.0	0.0	0.0	0.0	0.0	0.0	1	1	3	31	95	61	36	18	7	5	1	23	118
	
Totals
	Evening Grosbeak	116	111	13	43	22	42	46	88	82	40	75	42	15	0.0	0.0	18	5	14	19	0.0	0.0	0.0	0.0	0.0	0.0	2	0.0	0.0	0.0	0.0	0.0	0.0	0.0	0.0	0.0	0	2	3	819	2770	386	153	63	31	11	3	123	1655
	# checklists reporting species - (Evening Grosbeak)	29	16	4	7	7	9	9	17	9	10	10	9	7	0.0	0.0	7	4	9	19	0.0	0.0	0.0	0.0	0.0	0.0	1	0.0	0.0	0.0	0.0	0.0	0.0	0.0	0.0	0.0	0	1	3	31	93	59	36	17	7	5	1	23	115
	
Average Count
	Evening Grosbeak	4.0	6.9375	3.25	6.142857142857143	3.142857142857143	4.666666666666667	5.111111111111111	5.176470588235294	9.11111111111111	4.0	7.5	4.666666666666667	2.142857142857143	0.0	0.0	2.5714285714285716	1.25	1.5555555555555556	1.0	0.0	0.0	0.0	0.0	0.0	0.0	2.0	0.0	0.0	0.0	0.0	0.0	0.0	0.0	0.0	0.0	0.0	2.0	1.0	26.419354838709676	29.78494623655914	6.5423728813559325	4.25	3.7058823529411766	4.428571428571429	2.2	3.0	5.3478260869565215	14.391304347826088
	# checklists reporting species - (Evening Grosbeak)	29	16	4	7	7	9	9	17	9	10	10	9	7	0.0	0.0	7	4	9	19	0.0	0.0	0.0	0.0	0.0	0.0	1	0.0	0.0	0.0	0.0	0.0	0.0	0.0	0.0	0.0	0	1	3	31	93	59	36	17	7	5	1	23	115
	
