

	Week starting on...	1/1	1/8	1/15	1/22	2/1	2/8	2/15	2/22	3/1	3/8	3/15	3/22	4/1	4/8	4/15	4/22	5/1	5/8	5/15	5/22	6/1	6/8	6/15	6/22	7/1	7/8	7/15	7/22	8/1	8/8	8/15	8/22	9/1	9/8	9/15	9/22	10/1	10/8	10/15	10/22	11/1	11/8	11/15	11/22	12/1	12/8	12/15	12/22
Frequency (%)
	Belted Kingfisher	1.0329244673983213	1.4000000000000001	1.1221122112211221	1.2596221133659902	1.3778849466069583	1.2540021344717183	0.7881231671554252	0.957411687025421	1.1150234741784038	1.705302424726885	2.103024574669187	4.383371021047139	9.81981981981982	15.829205001179522	16.64432529043789	19.187910242711038	16.41144177983242	13.003533568904594	10.442558351015458	10.66515617413821	8.932542624166048	8.691910499139414	8.765133171912833	8.625443087829854	9.146341463414634	10.605115408608858	13.890675241157558	17.566954153427144	20.552147239263803	21.20141342756184	23.121085594989562	22.346938775510203	25.219717233473443	24.84399375975039	24.605313823642664	21.397379912663755	17.256162915326904	16.23055162659123	12.437455325232309	8.694489031567683	4.850746268656716	4.37037037037037	3.401639344262295	3.485617597292724	3.4150612959719786	3.088803088803089	3.5035408125232945	3.6721898790864307
	Total # checklists submitted - (Belted Kingfisher)	4647	3500	3030	4287	2903	3748	5456	3029	3408	3753	4232	5749	4440	4239	4476	6551	6922	7075	6598	6179	2698	2324	2065	2539	1804	1603	1555	2203	1630	1698	1916	2940	2617	2564	2597	3206	2799	2828	2798	3738	2680	2700	2440	2955	2284	2331	2683	4466
	
Abundance
	Belted Kingfisher	0.010114052076608565	0.015428571428571429	0.01221122112211221	0.012829484487986938	0.015156734412676542	0.012540021344717182	0.008614369501466275	0.008913832948167713	0.011737089201877934	0.019184652278177457	0.021739130434782608	0.048704122456079316	0.12117117117117117	0.21821184241566408	0.23190348525469168	0.2688139215386964	0.22247905229702397	0.16692579505300353	0.12397696271597454	0.1317365269461078	0.09822090437361009	0.10456110154905336	0.11476997578692494	0.10555336746750689	0.1286031042128603	0.13599500935745476	0.1987138263665595	0.2696323195642306	0.3049079754601227	0.30094228504122494	0.3778705636743215	0.33197278911564626	0.3951089033244173	0.38104524180967236	0.37735849056603776	0.30505302557704306	0.22615219721329047	0.21711456859971712	0.1468906361686919	0.09497057249866239	0.05037313432835821	0.047407407407407405	0.035655737704918034	0.03620981387478849	0.03415061295971979	0.03260403260403261	0.04062616474096161	0.04120017913121361
	Total # checklists submitted - (Belted Kingfisher)	4647	3500	3030	4287	2903	3748	5456	3029	3408	3753	4232	5749	4440	4239	4476	6551	6922	7075	6598	6179	2698	2324	2065	2539	1804	1603	1555	2203	1630	1698	1916	2940	2617	2564	2597	3206	2799	2828	2798	3738	2680	2700	2440	2955	2284	2331	2683	4466
	
Birds Per Party Hour
	Belted Kingfisher	2.7412150049630415	2.0243692145512147	1.2436389516703494	1.227016916317298	0.9126105571862442	1.09608657208604	1.3108138199107642	2.97675407044446	1.0687231496354226	1.4615846084793767	1.300747280452426	0.98396099945906	1.1162663406698594	0.9541491204015403	1.1311709909104073	0.9466929002615619	0.83521559020224	0.683023674279105	0.7628407725063311	0.6463494626314984	1.0105323516391305	1.1497571695677353	1.2371781608082932	1.0257203626758942	1.1791621139194381	1.0630051187730436	1.3856067027353403	1.303814868739749	1.144316471001412	1.2407363807961875	1.069978098918952	0.9889865284984405	0.948716116244638	0.8554878171052204	1.0009155998548893	1.1312069182759343	0.8638421755200403	0.7429025759286654	0.9924479856273344	0.685583911283426	1.1418625990166973	0.9030092007762016	1.026153277175299	0.9328723735979749	1.5797694390740606	1.0347430109446103	0.7026879940599964	0.5923352715979122
	# checklists reporting species - (Belted Kingfisher)	50	57	36	62	43	49	45	29	39	68	88	260	437	671	738	1207	1131	895	687	650	234	199	195	217	174	174	221	402	331	371	458	680	649	641	647	685	480	454	359	338	135	118	87	113	82	79	95	165
	
High Count
	Belted Kingfisher	3	3	4	2	2	2	2	1	2	2	2	2	6	8	8	10	14	7	8	8	4	8	7	5	8	6	6	5	11	8	11	7	12	7	9	11	5	6	4	3	2	6	2	3	2	2	3	4
	# checklists reporting species - (Belted Kingfisher)	54	58	41	66	45	51	47	33	43	72	99	270	465	720	806	1320	1205	976	738	713	272	226	231	256	209	194	245	431	369	396	476	730	699	688	713	741	522	494	376	352	143	128	94	116	89	83	99	174
	
Totals
	Belted Kingfisher	52	64	43	65	48	50	51	31	46	80	102	297	567	975	1104	1834	1623	1243	873	868	294	264	290	308	285	243	342	654	544	556	766	1066	1075	1026	1068	1049	675	654	439	383	149	136	99	121	88	87	114	192
	# checklists reporting species - (Belted Kingfisher)	50	58	39	64	44	49	46	31	42	72	94	266	452	703	776	1267	1173	937	705	677	255	214	225	247	204	188	233	418	348	386	466	715	673	666	693	716	505	479	369	349	140	123	91	114	87	83	98	168
	
Average Count
	Belted Kingfisher	1.04	1.103448275862069	1.1025641025641026	1.015625	1.0909090909090908	1.0204081632653061	1.108695652173913	1.0	1.0952380952380953	1.1111111111111112	1.0851063829787233	1.1165413533834587	1.2544247787610618	1.3869132290184922	1.422680412371134	1.4475138121546962	1.3836317135549872	1.3265741728922091	1.2382978723404254	1.2821270310192023	1.1529411764705881	1.233644859813084	1.288888888888889	1.2469635627530364	1.3970588235294117	1.2925531914893618	1.4678111587982832	1.5645933014354068	1.5632183908045978	1.4404145077720207	1.6437768240343347	1.490909090909091	1.5973254086181279	1.5405405405405406	1.5411255411255411	1.4650837988826815	1.3366336633663367	1.3653444676409185	1.1897018970189701	1.0974212034383954	1.0642857142857143	1.1056910569105691	1.0879120879120878	1.0614035087719298	1.0114942528735633	1.0481927710843373	1.163265306122449	1.1428571428571428
	# checklists reporting species - (Belted Kingfisher)	50	58	39	64	44	49	46	31	42	72	94	266	452	703	776	1267	1173	937	705	677	255	214	225	247	204	188	233	418	348	386	466	715	673	666	693	716	505	479	369	349	140	123	91	114	87	83	98	168
	
