

	Week starting on...	1/1	1/8	1/15	1/22	2/1	2/8	2/15	2/22	3/1	3/8	3/15	3/22	4/1	4/8	4/15	4/22	5/1	5/8	5/15	5/22	6/1	6/8	6/15	6/22	7/1	7/8	7/15	7/22	8/1	8/8	8/15	8/22	9/1	9/8	9/15	9/22	10/1	10/8	10/15	10/22	11/1	11/8	11/15	11/22	12/1	12/8	12/15	12/22
Frequency (%)
	Turkey Vulture	0.0	0.0	0.0	0.06997900629811056	0.0	0.05336179295624333	0.018328445747800588	0.1650709805216243	0.44014084507042256	1.4122035704769518	3.213610586011342	5.653157070794921	9.774774774774775	9.577730596838876	11.282394995531725	11.051747824759579	10.242704420687662	10.20494699646643	8.320703243407094	7.719695743647839	7.190511489992588	7.056798623063683	6.101694915254238	4.8050413548641195	5.487804878048781	5.552089831565814	5.659163987138264	4.5392646391284615	4.662576687116564	4.063604240282685	4.175365344467641	4.931972789115646	7.489491784486053	9.555382215288612	11.012706969580286	12.72613849033063	11.003929974991069	13.295615275813297	17.226590421729806	10.540395933654361	6.119402985074627	2.7777777777777777	0.49180327868852464	0.47377326565143824	0.043782837127845885	0.1287001287001287	0.18635855385762207	0.0
	Total # checklists submitted - (Turkey Vulture)	4647	3500	3030	4287	2903	3748	5456	3029	3408	3753	4232	5749	4440	4239	4476	6551	6922	7075	6598	6179	2698	2324	2065	2539	1804	1603	1555	2203	1630	1698	1916	2940	2617	2564	2597	3206	2799	2828	2798	3738	2680	2700	2440	2955	2284	2331	2683	4466
	
Abundance
	Turkey Vulture	0.0	0.0	0.0	6.997900629811056E-4	0.0	5.336179295624333E-4	1.8328445747800586E-4	0.001650709805216243	0.004694835680751174	0.02238209432454037	0.04560491493383743	0.11010610540963646	0.20472972972972972	0.21325784383109223	0.23905272564789992	0.22500381621126544	0.19011846287200232	0.20664310954063606	0.1559563504092149	0.17284350218481956	0.14343958487768718	0.1523235800344234	0.12058111380145278	0.0917684127609295	0.10587583148558759	0.10043668122270742	0.08681672025723473	0.07625964593735815	0.10613496932515337	0.06301531213191991	0.07828810020876827	0.0935374149659864	0.1623996943064578	0.2784711388455538	0.7874470542934154	2.913287585776669	5.780278670953912	5.076379066478077	16.599714081486777	4.186730872124131	0.2667910447761194	0.2237037037037037	0.006147540983606557	0.005752961082910322	8.756567425569177E-4	0.001287001287001287	0.002609019754006709	0.0
	Total # checklists submitted - (Turkey Vulture)	4647	3500	3030	4287	2903	3748	5456	3029	3408	3753	4232	5749	4440	4239	4476	6551	6922	7075	6598	6179	2698	2324	2065	2539	1804	1603	1555	2203	1630	1698	1916	2940	2617	2564	2597	3206	2799	2828	2798	3738	2680	2700	2440	2955	2284	2331	2683	4466
	
Birds Per Party Hour
	Turkey Vulture	0.0	0.0	0.0	21.149569412886756	0.0	3.003003003003003	4.016064257028113	5.144155464321421	0.686463184519049	5.153570195460748	1.5624545017095017	3.175699258912347	4.133867859118387	1.9251990658015827	3.45072694299083	2.4547509167148482	1.3564456363905022	1.7209156896282964	2.22402992075025	2.8680340365238606	2.2796407076186758	2.5102034611458026	2.503537927429699	3.3651409676222097	4.21525606337333	2.8132431744899584	1.8403589105549456	2.3374131702717356	2.896090767560445	1.4478932058369687	1.815820607728264	1.5952799722733597	1.408671550178125	1.9505728512560359	4.405885297420508	11.275637322861428	27.341703081683143	28.045991772970172	45.73749437126133	24.3540829943677	2.674486713510722	3.5676959044982457	2.507796261141249	0.8523562347371982	1.3333333333333333	0.5486560062551252	0.343001443001443	0.0
	# checklists reporting species - (Turkey Vulture)	0.0	0.0	0.0	3	0.0	1	3	9	26	73	156	384	502	437	533	763	736	769	576	504	214	186	136	137	114	88	97	113	80	74	89	162	228	310	378	559	452	529	668	534	215	105	21	16	3	4	6	0.0
	
High Count
	Turkey Vulture	0.0	0.0	0.0	1	0.0	1	1	1	3	6	7	30	51	61	35	50	12	14	16	26	13	16	11	12	9	8	8	9	18	6	13	8	17	60	142	592	800	1022	1595	519	60	83	8	4	2	1	3	0.0
	# checklists reporting species - (Turkey Vulture)	0.0	0.0	0.0	3	0.0	2	4	12	28	81	175	432	548	476	564	822	789	808	614	526	236	197	143	147	118	95	102	118	90	77	93	170	241	324	397	580	475	572	698	565	227	110	25	17	3	5	7	0.0
	
Totals
	Turkey Vulture	0.0	0.0	0.0	3	0.0	2	4	12	34	116	246	813	1156	1059	1193	1653	1451	1625	1150	1153	441	430	284	280	231	170	169	202	188	117	172	308	525	1024	2927	13679	23289	24394	59854	19160	975	1022	36	21	4	5	9	0.0
	# checklists reporting species - (Turkey Vulture)	0.0	0.0	0.0	3	0.0	2	4	12	28	81	171	422	538	466	557	801	768	787	596	517	229	194	139	145	117	90	100	116	84	77	93	163	230	319	387	573	464	561	687	555	225	110	24	17	3	5	7	0.0
	
Average Count
	Turkey Vulture	0.0	0.0	0.0	1.0	0.0	1.0	1.0	1.0	1.2142857142857142	1.4320987654320987	1.4385964912280702	1.9265402843601895	2.1486988847583643	2.272532188841202	2.141831238779174	2.0636704119850187	1.8893229166666667	2.064803049555273	1.929530201342282	2.230174081237911	1.925764192139738	2.216494845360825	2.0431654676258995	1.9310344827586208	1.9743589743589745	1.8888888888888888	1.69	1.7413793103448276	2.238095238095238	1.5194805194805194	1.8494623655913978	1.8895705521472392	2.282608695652174	3.2100313479623823	7.5633074935400515	23.87260034904014	50.19181034482759	43.48306595365419	87.12372634643377	34.52252252252252	4.333333333333333	9.290909090909091	1.5	1.2352941176470589	1.3333333333333333	1.0	1.2857142857142858	0.0
	# checklists reporting species - (Turkey Vulture)	0.0	0.0	0.0	3	0.0	2	4	12	28	81	171	422	538	466	557	801	768	787	596	517	229	194	139	145	117	90	100	116	84	77	93	163	230	319	387	573	464	561	687	555	225	110	24	17	3	5	7	0.0
	
