

	Week starting on...	1/1	1/8	1/15	1/22	2/1	2/8	2/15	2/22	3/1	3/8	3/15	3/22	4/1	4/8	4/15	4/22	5/1	5/8	5/15	5/22	6/1	6/8	6/15	6/22	7/1	7/8	7/15	7/22	8/1	8/8	8/15	8/22	9/1	9/8	9/15	9/22	10/1	10/8	10/15	10/22	11/1	11/8	11/15	11/22	12/1	12/8	12/15	12/22
Frequency (%)
	American Woodcock	0.0	0.0	0.0	0.0	0.0	0.0	0.0	0.13205678441729946	0.029342723004694836	0.7993605115907274	2.292060491493384	2.7656983823273613	2.4324324324324325	2.5713611700872847	3.4182305630026812	1.9996947030987637	0.9968217278243282	0.734982332155477	0.6517126401939982	0.5826185466904029	0.5189028910303929	0.21514629948364886	0.048426150121065374	0.0	0.1662971175166297	0.06238303181534623	0.12861736334405144	0.09078529278256922	0.3067484662576687	0.058892815076560655	0.36534446764091855	0.17006802721088435	0.3439052350019106	0.078003120124805	0.07701193685021178	0.031191515907673113	0.10718113612004287	0.14144271570014144	0.5718370264474625	0.6153023006955591	0.33582089552238803	0.25925925925925924	0.12295081967213116	0.0338409475465313	0.0	0.0429000429000429	0.07454342154304883	0.0
	Total # checklists submitted - (American Woodcock)	4647	3500	3030	4287	2903	3748	5456	3029	3408	3753	4232	5749	4440	4239	4476	6551	6922	7075	6598	6179	2698	2324	2065	2539	1804	1603	1555	2203	1630	1698	1916	2940	2617	2564	2597	3206	2799	2828	2798	3738	2680	2700	2440	2955	2284	2331	2683	4466
	
Abundance
	American Woodcock	0.0	0.0	0.0	0.0	0.0	0.0	0.0	0.001650709805216243	2.9342723004694836E-4	0.011723954169997336	0.057655954631379965	0.06731605496608106	0.047972972972972976	0.0469450342061807	0.09629133154602323	0.030987635475499924	0.016613695463738806	0.010176678445229683	0.009699909063352531	0.008415601229972487	0.007783543365455893	0.0021514629948364886	4.8426150121065375E-4	0.0	0.0033259423503325942	6.238303181534623E-4	0.0012861736334405145	0.0013617793917385383	0.003067484662576687	5.889281507656066E-4	0.005741127348643006	0.0020408163265306124	0.0038211692777990066	7.8003120124805E-4	7.701193685021178E-4	3.1191515907673113E-4	0.0010718113612004287	0.0014144271570014145	0.005718370264474625	0.008025682182985553	0.0037313432835820895	0.0025925925925925925	0.001639344262295082	3.3840947546531303E-4	0.0	4.29000429000429E-4	7.454342154304882E-4	0.0
	Total # checklists submitted - (American Woodcock)	4647	3500	3030	4287	2903	3748	5456	3029	3408	3753	4232	5749	4440	4239	4476	6551	6922	7075	6598	6179	2698	2324	2065	2539	1804	1603	1555	2203	1630	1698	1916	2940	2617	2564	2597	3206	2799	2828	2798	3738	2680	2700	2440	2955	2284	2331	2683	4466
	
Birds Per Party Hour
	American Woodcock	0.0	0.0	0.0	0.0	0.0	0.0	0.0	3.1163052208835342	0.1892863903085368	2.4193972628242	1.6589958178031314	2.149856737820005	2.1275864220711664	1.4169138390875018	1.99435315388257	1.7695804583141796	1.1896455863086945	1.2679047720627623	1.060693822397325	1.9060812189108334	1.164743963466796	0.35615139489923103	0.3000300030003	1.058574453069866	0.8725555239629735	0.5	19.761665626102772	0.3246753246753247	0.5870373320185586	0.13333333333333333	0.6787265420186024	0.29877613726623625	0.43372126822895307	0.3153668666359022	0.3134920634920635	0.19642857142857142	0.8173028523410257	0.5278705319479216	0.41618448160702515	0.5769548558543006	0.3146905786622407	0.6396105406572957	2.1237072567667434	0.0	0.0	0.20907380305247752	0.27692307692307694	0.0
	# checklists reporting species - (American Woodcock)	0.0	0.0	0.0	0.0	0.0	0.0	0.0	5	1	35	106	161	114	114	168	143	70	58	46	38	14	6	1	2	3	3	3	2	5	1	7	6	11	2	4	2	7	6	20	26	12	8	4	0	1	1	2	0.0
	
High Count
	American Woodcock	0.0	0.0	0.0	0.0	0.0	0.0	0.0	2	1	4	11	11	7	10	12	8	10	5	4	5	4	4	5	3	4	4	2	2	2	2	4	2	2	1	4	1	1	1	2	3	2	1	2	1	1	1	1	0.0
	# checklists reporting species - (American Woodcock)	0.0	0.0	0.0	0.0	0.0	0.0	0.0	5	3	41	123	184	140	132	196	179	94	70	56	55	25	14	5	21	10	14	7	10	9	4	10	10	13	4	5	5	8	6	22	28	13	11	6	1	1	1	2	0.0
	
Totals
	American Woodcock	0.0	0.0	0.0	0.0	0.0	0.0	0.0	6	3	57	284	432	252	223	492	273	144	103	78	84	41	17	10	27	13	17	9	13	12	6	15	13	16	4	7	5	8	6	23	37	14	11	7	1	1	1	2	0.0
	# checklists reporting species - (American Woodcock)	0.0	0.0	0.0	0.0	0.0	0.0	0.0	5	3	38	119	177	138	128	194	171	89	69	56	55	25	14	5	21	10	13	7	10	9	4	10	10	13	4	4	5	8	6	22	28	13	11	6	1	1	1	2	0.0
	
Average Count
	American Woodcock	0.0	0.0	0.0	0.0	0.0	0.0	0.0	1.2	1.0	1.5	2.3865546218487395	2.440677966101695	1.826086956521739	1.7421875	2.536082474226804	1.5964912280701755	1.6179775280898876	1.4927536231884058	1.3928571428571428	1.5272727272727273	1.64	1.2142857142857142	2.0	1.2857142857142858	1.3	1.3076923076923077	1.2857142857142858	1.3	1.3333333333333333	1.5	1.5	1.3	1.2307692307692308	1.0	1.75	1.0	1.0	1.0	1.0454545454545454	1.3214285714285714	1.0769230769230769	1.0	1.1666666666666667	1.0	1.0	1.0	1.0	0.0
	# checklists reporting species - (American Woodcock)	0.0	0.0	0.0	0.0	0.0	0.0	0.0	5	3	38	119	177	138	128	194	171	89	69	56	55	25	14	5	21	10	13	7	10	9	4	10	10	13	4	4	5	8	6	22	28	13	11	6	1	1	1	2	0.0
	
