

	Week starting on...	1/1	1/8	1/15	1/22	2/1	2/8	2/15	2/22	3/1	3/8	3/15	3/22	4/1	4/8	4/15	4/22	5/1	5/8	5/15	5/22	6/1	6/8	6/15	6/22	7/1	7/8	7/15	7/22	8/1	8/8	8/15	8/22	9/1	9/8	9/15	9/22	10/1	10/8	10/15	10/22	11/1	11/8	11/15	11/22	12/1	12/8	12/15	12/22
Frequency (%)
	Fish Crow	0.0	0.0	0.0	0.023326335432703522	0.0	0.0	0.0	0.0	0.0	0.05329070077271516	0.0	0.06957731779439903	0.0	0.11795234725171032	0.24575513851653263	0.3052969012364524	0.41895405952036985	0.15547703180212014	0.4395271294331616	0.22657387926849007	0.0	0.0	0.048426150121065374	0.03938558487593541	0.0	0.0	0.12861736334405144	0.0	0.0	0.0	0.0	0.0	0.03821169277799007	0.0	0.0	0.0	0.0	0.1768033946251768	0.035739814152966405	0.0	0.0373134328358209	0.0	0.0	0.0	0.0	0.0429000429000429	0.0	0.0
	Total # checklists submitted - (Fish Crow)	4647	3500	3030	4287	2903	3748	5456	3029	3408	3753	4232	5749	4440	4239	4476	6551	6922	7075	6598	6179	2698	2324	2065	2539	1804	1603	1555	2203	1630	1698	1916	2940	2617	2564	2597	3206	2799	2828	2798	3738	2680	2700	2440	2955	2284	2331	2683	4466
	
Abundance
	Fish Crow	0.0	0.0	0.0	2.3326335432703523E-4	0.0	0.0	0.0	0.0	0.0	7.993605115907274E-4	0.0	6.957731779439903E-4	0.0	0.004010379806558151	0.0024575513851653264	0.0030529690123645243	0.005489742848887605	0.001978798586572438	0.006668687481054865	0.0030749312186437935	0.0	0.0	9.685230024213075E-4	7.877116975187081E-4	0.0	0.0	0.0012861736334405145	0.0	0.0	0.0	0.0	0.0	3.8211692777990065E-4	0.0	0.0	0.0	0.0	0.001768033946251768	3.5739814152966406E-4	0.0	3.7313432835820896E-4	0.0	0.0	0.0	0.0	4.29000429000429E-4	0.0	0.0
	Total # checklists submitted - (Fish Crow)	4647	3500	3030	4287	2903	3748	5456	3029	3408	3753	4232	5749	4440	4239	4476	6551	6922	7075	6598	6179	2698	2324	2065	2539	1804	1603	1555	2203	1630	1698	1916	2940	2617	2564	2597	3206	2799	2828	2798	3738	2680	2700	2440	2955	2284	2331	2683	4466
	
Birds Per Party Hour
	Fish Crow	0.0	0.0	0.0	0.9090909090909091	0.0	0.0	0.0	0.0	0.0	0.5520396990305091	0.0	2.3770408160453105	0.0	2.279502397112691	0.324188251838938	0.46095149221645493	0.4139653887315443	6.35818506055179	0.527928210444846	0.5851873893041905	0.0	0.0	1.1428571428571428	0.6666666666666666	0.0	0.0	1.25	0.0	0.0	0.0	0.0	0.0	0.2857142857142857	0.0	0.0	0.0	0.0	0.3738746805099141	0.24588148512417016	0.0	1.4992503748125936	0.0	0.0	0.0	0.0	5.0	0.0	0.0
	# checklists reporting species - (Fish Crow)	0.0	0.0	0.0	2	1	0.0	0.0	0.0	0.0	3	0.0	6	0.0	5	12	20	35	10	32	16	0.0	1	1	3	1	0.0	4	2	1	0.0	0.0	0.0	1	0.0	0.0	0.0	0.0	5	1	1	1	0.0	0.0	0.0	0.0	1	0.0	0.0
	
High Count
	Fish Crow	0.0	0.0	0.0	2	1	0.0	0.0	0.0	0.0	2	0.0	1	0.0	7	1	1	2	3	3	3	0.0	1	2	2	1	0.0	1	1	1	0.0	0.0	0.0	1	0.0	0.0	0.0	0.0	1	1	1	1	0.0	0.0	0.0	0.0	1	0.0	0.0
	# checklists reporting species - (Fish Crow)	0.0	0.0	0.0	2	1	0.0	0.0	0.0	0.0	3	0.0	6	0.0	5	12	20	37	11	33	16	0.0	1	1	3	1	0.0	4	2	1	0.0	0.0	0.0	1	0.0	0.0	0.0	0.0	5	1	1	1	0.0	0.0	0.0	0.0	1	0.0	0.0
	
Totals
	Fish Crow	0.0	0.0	0.0	3	1	0.0	0.0	0.0	0.0	4	0.0	6	0.0	17	12	20	47	14	50	21	0.0	1	2	4	1	0.0	4	2	1	0.0	0.0	0.0	1	0.0	0.0	0.0	0.0	5	1	1	1	0.0	0.0	0.0	0.0	1	0.0	0.0
	# checklists reporting species - (Fish Crow)	0.0	0.0	0.0	2	1	0.0	0.0	0.0	0.0	3	0.0	6	0.0	5	12	20	36	11	33	16	0.0	1	1	3	1	0.0	4	2	1	0.0	0.0	0.0	1	0.0	0.0	0.0	0.0	5	1	1	1	0.0	0.0	0.0	0.0	1	0.0	0.0
	
Average Count
	Fish Crow	0.0	0.0	0.0	1.5	1.0	0.0	0.0	0.0	0.0	1.3333333333333333	0.0	1.0	0.0	3.4	1.0	1.0	1.3055555555555556	1.2727272727272727	1.5151515151515151	1.3125	0.0	1.0	2.0	1.3333333333333333	1.0	0.0	1.0	1.0	1.0	0.0	0.0	0.0	1.0	0.0	0.0	0.0	0.0	1.0	1.0	1.0	1.0	0.0	0.0	0.0	0.0	1.0	0.0	0.0
	# checklists reporting species - (Fish Crow)	0.0	0.0	0.0	2	1	0.0	0.0	0.0	0.0	3	0.0	6	0.0	5	12	20	36	11	33	16	0.0	1	1	3	1	0.0	4	2	1	0.0	0.0	0.0	1	0.0	0.0	0.0	0.0	5	1	1	1	0.0	0.0	0.0	0.0	1	0.0	0.0
	
