

	Week starting on...	1/1	1/8	1/15	1/22	2/1	2/8	2/15	2/22	3/1	3/8	3/15	3/22	4/1	4/8	4/15	4/22	5/1	5/8	5/15	5/22	6/1	6/8	6/15	6/22	7/1	7/8	7/15	7/22	8/1	8/8	8/15	8/22	9/1	9/8	9/15	9/22	10/1	10/8	10/15	10/22	11/1	11/8	11/15	11/22	12/1	12/8	12/15	12/22
Frequency (%)
	Bohemian Waxwing	0.0	0.0	0.0	0.023326335432703522	0.03444712366517396	0.0	0.0	0.0	0.029342723004694836	0.07993605115907274	0.0	0.06957731779439903	0.04504504504504504	0.04718093890068412	0.08936550491510277	0.0	0.0	0.0	0.0	0.0	0.0	0.0	0.0	0.0	0.0	0.0	0.0	0.0	0.0	0.0	0.0	0.0	0.0	0.0	0.0	0.0	0.0	0.0	0.0	0.0	0.0373134328358209	0.0	0.16393442622950818	0.0338409475465313	0.0	0.1287001287001287	0.0	0.08956560680698611
	Total # checklists submitted - (Bohemian Waxwing)	4647	3500	3030	4287	2903	3748	5456	3029	3408	3753	4232	5749	4440	4239	4476	6551	6922	7075	6598	6179	2698	2324	2065	2539	1804	1603	1555	2203	1630	1698	1916	2940	2617	2564	2597	3206	2799	2828	2798	3738	2680	2700	2440	2955	2284	2331	2683	4466
	
Abundance
	Bohemian Waxwing	0.0	0.0	0.0	0.0013995801259622112	0.010334137099552188	0.0	0.0	0.0	2.9342723004694836E-4	0.010924593658406609	0.0	0.017394329448599758	0.0038288288288288288	0.0023590469450342063	0.006925826630920465	0.0	0.0	0.0	0.0	0.0	0.0	0.0	0.0	0.0	0.0	0.0	0.0	0.0	0.0	0.0	0.0	0.0	0.0	0.0	0.0	0.0	0.0	0.0	0.0	0.0	3.7313432835820896E-4	0.0	0.001639344262295082	0.00338409475465313	0.0	0.001287001287001287	0.0	0.0017913121361397223
	Total # checklists submitted - (Bohemian Waxwing)	4647	3500	3030	4287	2903	3748	5456	3029	3408	3753	4232	5749	4440	4239	4476	6551	6922	7075	6598	6179	2698	2324	2065	2539	1804	1603	1555	2203	1630	1698	1916	2940	2617	2564	2597	3206	2799	2828	2798	3738	2680	2700	2440	2955	2284	2331	2683	4466
	
Birds Per Party Hour
	Bohemian Waxwing	0.0	0.0	0.0	8.0	20.0	0.0	0.0	0.0	0.0	5.4	60.24096385542169	25.14954853636222	61.13388734995383	1.3333333333333333	2.2877162877162878	6.678738907726715	0.0	0.0	0.0	0.0	0.0	0.0	0.0	0.0	0.0	0.0	0.0	0.0	0.0	0.0	0.0	0.0	0.0	0.0	0.0	0.0	0.0	0.0	0.0	1.3333333333333333	0.0	0.0	0.4545246526740056	14.285714285714286	2.3333333333333335	0.3878787878787879	0.0	0.7763157894736842
	# checklists reporting species - (Bohemian Waxwing)	0.0	0	0.0	1	1	1	0.0	0	0	2	1	4	5	1	3	3	0.0	0	0.0	0.0	0.0	0.0	0.0	0.0	0.0	0.0	0.0	0.0	0.0	0.0	0.0	0.0	0.0	0.0	0.0	0.0	0.0	0.0	0	1	1	0	4	1	1	3	0	4
	
High Count
	Bohemian Waxwing	0.0	1	0.0	6	30	28	0.0	100	1	39	5	80	100	50	25	2	0.0	1	0.0	0.0	0.0	0.0	0.0	0.0	0.0	0.0	0.0	0.0	0.0	0.0	0.0	0.0	0.0	0.0	0.0	0.0	0.0	0.0	1	8	1	17	1	10	14	1	2	5
	# checklists reporting species - (Bohemian Waxwing)	0.0	1	0.0	3	2	3	0.0	2	1	3	1	6	6	3	5	3	0.0	1	0.0	0.0	0.0	0.0	0.0	0.0	0.0	0.0	0.0	0.0	0.0	0.0	0.0	0.0	0.0	0.0	0.0	0.0	0.0	0.0	1	1	1	2	4	1	2	3	2	4
	
Totals
	Bohemian Waxwing	0.0	1	0.0	6	30	29	0.0	100	1	41	5	126	230	60	51	4	0.0	0	0.0	0.0	0.0	0.0	0.0	0.0	0.0	0.0	0.0	0.0	0.0	0.0	0.0	0.0	0.0	0.0	0.0	0.0	0.0	0.0	1	8	1	18	4	10	22	3	4	8
	# checklists reporting species - (Bohemian Waxwing)	0.0	1	0.0	1	1	2	0.0	1	1	3	1	6	6	3	5	3	0.0	0	0.0	0.0	0.0	0.0	0.0	0.0	0.0	0.0	0.0	0.0	0.0	0.0	0.0	0.0	0.0	0.0	0.0	0.0	0.0	0.0	1	1	1	2	4	1	2	3	2	4
	
Average Count
	Bohemian Waxwing	0.0	1.0	0.0	6.0	30.0	14.5	0.0	100.0	1.0	13.666666666666666	5.0	21.0	38.333333333333336	20.0	10.2	1.3333333333333333	0.0	0.0	0.0	0.0	0.0	0.0	0.0	0.0	0.0	0.0	0.0	0.0	0.0	0.0	0.0	0.0	0.0	0.0	0.0	0.0	0.0	0.0	1.0	8.0	1.0	9.0	1.0	10.0	11.0	1.0	2.0	2.0
	# checklists reporting species - (Bohemian Waxwing)	0.0	1	0.0	1	1	2	0.0	1	1	3	1	6	6	3	5	3	0.0	0	0.0	0.0	0.0	0.0	0.0	0.0	0.0	0.0	0.0	0.0	0.0	0.0	0.0	0.0	0.0	0.0	0.0	0.0	0.0	0.0	1	1	1	2	4	1	2	3	2	4
	
