

	Week starting on...	1/1	1/8	1/15	1/22	2/1	2/8	2/15	2/22	3/1	3/8	3/15	3/22	4/1	4/8	4/15	4/22	5/1	5/8	5/15	5/22	6/1	6/8	6/15	6/22	7/1	7/8	7/15	7/22	8/1	8/8	8/15	8/22	9/1	9/8	9/15	9/22	10/1	10/8	10/15	10/22	11/1	11/8	11/15	11/22	12/1	12/8	12/15	12/22
Frequency (%)
	Merlin	0.9683666881859263	1.1142857142857143	0.7920792079207921	0.8630744110100304	0.7578367206338271	0.6136606189967982	0.531524926686217	1.353582040277319	1.085680751173709	1.4388489208633095	1.7485822306238186	1.739432944859976	1.6666666666666667	2.1231422505307855	2.4128686327077746	2.1676079987788124	2.109216989309448	1.5971731448763251	1.2124886329190665	1.1814209418999837	0.9266123054114159	0.8605851979345954	0.9200968523002421	0.9058684521465145	1.441241685144124	1.372426699937617	1.2861736334405145	1.7249205628688153	1.9018404907975461	2.4146054181389873	1.9311064718162838	4.149659863945578	6.61062285059228	11.154446177847113	10.319599537928378	8.858390517779165	7.324044301536263	7.743988684582743	7.755539671193709	4.681647940074907	4.067164179104477	3.851851851851852	2.2540983606557377	1.8612521150592216	1.5761821366024518	1.4157014157014158	1.7517704062616473	1.5450067174205104
	Total # checklists submitted - (Merlin)	4647	3500	3030	4287	2903	3748	5456	3029	3408	3753	4232	5749	4440	4239	4476	6551	6922	7075	6598	6179	2698	2324	2065	2539	1804	1603	1555	2203	1630	1698	1916	2940	2617	2564	2597	3206	2799	2828	2798	3738	2680	2700	2440	2955	2284	2331	2683	4466
	
Abundance
	Merlin	0.009683666881859263	0.011142857142857144	0.00825082508250825	0.009097270818754374	0.007578367206338271	0.00720384204909285	0.005131964809384164	0.014526246285902938	0.011737089201877934	0.015454303224087397	0.019139886578449904	0.019829535571403722	0.01779279279279279	0.024298183533852324	0.028820375335120642	0.023965806747061516	0.024270442068766253	0.01795053003533569	0.012731130645650197	0.013270755785725846	0.011489992587101558	0.009896729776247849	0.015012106537530266	0.02048050413548641	0.03325942350332594	0.037429819089207735	0.02508038585209003	0.028597367226509306	0.02883435582822086	0.027090694935217905	0.02139874739039666	0.05476190476190476	0.07756973633931984	0.15288611544461778	0.1490180978051598	0.12008733624454149	0.10539478385137549	0.11138613861386139	0.12044317369549679	0.06019261637239166	0.04253731343283582	0.044444444444444446	0.025	0.01895093062605753	0.016637478108581436	0.014586014586014585	0.017890421170331718	0.015002239140170175
	Total # checklists submitted - (Merlin)	4647	3500	3030	4287	2903	3748	5456	3029	3408	3753	4232	5749	4440	4239	4476	6551	6922	7075	6598	6179	2698	2324	2065	2539	1804	1603	1555	2203	1630	1698	1916	2940	2617	2564	2597	3206	2799	2828	2798	3738	2680	2700	2440	2955	2284	2331	2683	4466
	
Birds Per Party Hour
	Merlin	2.302644648894497	1.1094895773219249	3.254652055910747	0.9724402320073822	0.7644271401330395	5.5791293945453075	3.7329611005083905	2.158594943687363	3.110767780683256	2.730832064026953	1.8570672843291447	1.7634869939981594	2.5079749010515524	2.534456522288082	1.8915975200466257	2.1644074462350726	1.0134930211460953	1.3421621093813878	0.7477207268307927	0.6005903454604221	1.0027549840115273	3.2048953558158866	4.90147693680638	3.4336718155477812	1.6385840059909027	5.996222514178265	3.0753730190443624	1.8696850807734	5.1844717921391315	5.7615817177181246	2.2625252304950116	1.5783296344414843	1.0500075191864546	0.9400505831853666	0.6950794969670351	0.882209664803911	0.6697425866439977	1.0719477896919383	0.649631060193054	0.8441928844025259	1.1287899399469623	1.0641498414535904	0.7011782179840965	2.6611391043400827	0.6605381021532681	0.8841601345783235	0.9669525987924079	2.1651075083473748
	# checklists reporting species - (Merlin)	54	48	31	53	36	29	39	57	42	61	88	124	91	103	127	154	168	122	84	91	30	26	24	28	40	35	35	53	40	56	47	145	197	328	323	339	242	253	248	207	127	115	64	64	46	43	54	80
	
High Count
	Merlin	1	1	2	2	1	2	1	2	2	2	3	3	2	2	4	3	3	2	2	2	2	2	5	7	7	7	6	5	4	4	3	4	5	7	8	9	12	10	16	8	2	3	2	2	3	2	2	1
	# checklists reporting species - (Merlin)	59	53	33	58	40	33	42	60	50	69	99	130	97	109	134	166	174	125	89	95	33	26	26	34	41	36	35	57	43	63	50	153	210	343	341	357	260	267	259	221	129	124	67	68	50	46	58	84
	
Totals
	Merlin	58	53	34	60	39	37	41	65	52	73	104	147	110	125	158	185	199	140	93	105	39	30	38	65	80	80	62	85	62	79	56	198	241	462	473	474	353	367	389	281	134	140	73	69	52	47	59	82
	# checklists reporting species - (Merlin)	58	53	33	58	39	33	41	60	49	68	96	129	96	107	134	161	172	125	87	94	33	26	26	34	41	35	35	57	42	63	50	151	207	338	338	355	257	262	257	219	129	122	67	68	50	46	58	82
	
Average Count
	Merlin	1.0	1.0	1.0303030303030303	1.0344827586206897	1.0	1.121212121212121	1.0	1.0833333333333333	1.0612244897959184	1.0735294117647058	1.0833333333333333	1.1395348837209303	1.1458333333333333	1.1682242990654206	1.1791044776119404	1.1490683229813665	1.1569767441860466	1.12	1.0689655172413792	1.1170212765957446	1.1818181818181819	1.1538461538461537	1.4615384615384615	1.911764705882353	1.951219512195122	2.2857142857142856	1.7714285714285714	1.4912280701754386	1.4761904761904763	1.253968253968254	1.12	1.3112582781456954	1.1642512077294687	1.3668639053254439	1.3994082840236686	1.3352112676056338	1.3735408560311284	1.400763358778626	1.5136186770428015	1.2831050228310503	1.0387596899224807	1.1475409836065573	1.0895522388059702	1.0147058823529411	1.04	1.0217391304347827	1.0172413793103448	1.0
	# checklists reporting species - (Merlin)	58	53	33	58	39	33	41	60	49	68	96	129	96	107	134	161	172	125	87	94	33	26	26	34	41	35	35	57	42	63	50	151	207	338	338	355	257	262	257	219	129	122	67	68	50	46	58	82
	
