

	Week starting on...	1/1	1/8	1/15	1/22	2/1	2/8	2/15	2/22	3/1	3/8	3/15	3/22	4/1	4/8	4/15	4/22	5/1	5/8	5/15	5/22	6/1	6/8	6/15	6/22	7/1	7/8	7/15	7/22	8/1	8/8	8/15	8/22	9/1	9/8	9/15	9/22	10/1	10/8	10/15	10/22	11/1	11/8	11/15	11/22	12/1	12/8	12/15	12/22
Frequency (%)
	Great Egret	0.0	0.0	0.0	0.0	0.0	0.0	0.0	0.0	0.0	0.0	0.0	0.3652809184205949	1.1036036036036037	3.5621608870016517	4.624664879356569	6.1517325599145165	8.523548107483386	7.236749116607774	7.5628978478326765	9.240977504450559	9.006671608598962	8.175559380378658	7.4092009685230025	5.671524222134699	8.148558758314856	9.10792264504055	15.241157556270096	18.429414434861553	17.914110429447852	18.374558303886925	19.989561586638832	19.01360544217687	20.175773786778755	16.380655226209047	15.209857527916826	14.0361821584529	10.646659521257593	8.628005657708627	3.8598999285203717	1.7388978063135367	0.7462686567164178	0.3703703703703704	0.040983606557377046	0.0676818950930626	0.0	0.0	0.0	0.0
	Total # checklists submitted - (Great Egret)	4647	3500	3030	4287	2903	3748	5456	3029	3408	3753	4232	5749	4440	4239	4476	6551	6922	7075	6598	6179	2698	2324	2065	2539	1804	1603	1555	2203	1630	1698	1916	2940	2617	2564	2597	3206	2799	2828	2798	3738	2680	2700	2440	2955	2284	2331	2683	4466
	
Abundance
	Great Egret	0.0	0.0	0.0	0.0	0.0	0.0	0.0	0.0	0.0	0.0	0.0	0.003652809184205949	0.012162162162162163	0.05968388770936542	0.08221626452189455	0.1711189131430316	0.20369835307714534	0.17526501766784452	0.19202788723855713	0.24971678265091438	0.18606375092661231	0.17254733218588642	0.15641646489104116	0.1157936195352501	0.1402439024390244	0.1615720524017467	0.3215434083601286	0.38039037675896503	0.3674846625766871	0.41048292108362777	0.41492693110647183	0.41360544217687073	0.44440198700802447	0.3112324492979719	0.2961108971890643	0.29413599500935744	0.18077884958913898	0.1707920792079208	0.055039313795568263	0.03263777421080792	0.011567164179104477	0.0044444444444444444	4.098360655737705E-4	3.3840947546531303E-4	0.0	0.0	0.0	0.0
	Total # checklists submitted - (Great Egret)	4647	3500	3030	4287	2903	3748	5456	3029	3408	3753	4232	5749	4440	4239	4476	6551	6922	7075	6598	6179	2698	2324	2065	2539	1804	1603	1555	2203	1630	1698	1916	2940	2617	2564	2597	3206	2799	2828	2798	3738	2680	2700	2440	2955	2284	2331	2683	4466
	
Birds Per Party Hour
	Great Egret	0.0	0.0	0.0	0.0	0.0	0.0	0.0	0.0	0.0	0.0	0.0	1.431271185381563	0.5945005752747209	2.0493818348737722	1.2597483024953886	1.4858940371160996	1.1900876617834788	1.0194487316373373	1.2627828771613543	1.3354231701155028	1.4022881861191117	1.418667766438015	3.4732589460337846	1.7846666339510588	1.8428554964821964	1.196778271333026	2.4070420620296327	1.4889718330452373	2.0829535162729838	1.9302124603891484	1.471527868532877	1.9598587228690398	1.3548398324884479	1.2075087556501365	1.364096857886727	1.6091039445543402	1.725566266681735	1.2880653064276573	1.6938496168557198	1.8046988331971512	0.9777454174376697	0.5653987361970727	0.5455537370430987	0.3333333333333333	0.0	0.0	0.0	0.0
	# checklists reporting species - (Great Egret)	0.0	0.0	0.0	0.0	0.0	0.0	0.0	0.0	0.0	0.0	1	22	49	172	207	408	612	529	520	611	252	192	163	153	148	147	257	424	297	328	409	592	540	431	413	462	300	245	112	68	18	10	1	1	0.0	0.0	0.0	0.0
	
High Count
	Great Egret	0.0	0.0	0.0	0.0	0.0	0.0	0.0	0.0	0.0	0.0	1	1	3	7	21	22	16	22	21	14	8	11	15	12	10	9	10	13	11	14	15	12	11	16	11	11	12	8	5	8	5	2	1	1	0.0	0.0	0.0	0.0
	# checklists reporting species - (Great Egret)	0.0	0.0	0.0	0.0	0.0	0.0	0.0	0.0	0.0	0.0	1	22	54	182	231	453	643	555	544	642	264	208	173	166	165	159	269	454	325	345	427	616	574	462	449	497	327	266	123	71	21	11	2	3	0.0	0.0	0.0	0.0
	
Totals
	Great Egret	0.0	0.0	0.0	0.0	0.0	0.0	0.0	0.0	0.0	0.0	1	22	59	300	445	1239	1499	1337	1348	1678	531	430	361	324	276	274	549	917	651	749	877	1334	1222	871	876	1027	559	519	171	143	32	13	2	2	0.0	0.0	0.0	0.0
	# checklists reporting species - (Great Egret)	0.0	0.0	0.0	0.0	0.0	0.0	0.0	0.0	0.0	0.0	1	22	54	180	222	433	625	539	526	623	259	201	169	158	157	152	263	437	304	339	421	607	553	445	437	484	315	254	119	69	19	11	2	2	0.0	0.0	0.0	0.0
	
Average Count
	Great Egret	0.0	0.0	0.0	0.0	0.0	0.0	0.0	0.0	0.0	0.0	1.0	1.0	1.0925925925925926	1.6666666666666667	2.0045045045045047	2.861431870669746	2.3984	2.4805194805194803	2.5627376425855513	2.693418940609952	2.0501930501930503	2.1393034825870645	2.136094674556213	2.050632911392405	1.7579617834394905	1.8026315789473684	2.08745247148289	2.0983981693363845	2.1414473684210527	2.2094395280235988	2.0831353919239906	2.197693574958814	2.209764918625678	1.9573033707865168	2.004576659038902	2.121900826446281	1.7746031746031745	2.043307086614173	1.4369747899159664	2.072463768115942	1.6842105263157894	1.1818181818181819	1.0	1.0	0.0	0.0	0.0	0.0
	# checklists reporting species - (Great Egret)	0.0	0.0	0.0	0.0	0.0	0.0	0.0	0.0	0.0	0.0	1	22	54	180	222	433	625	539	526	623	259	201	169	158	157	152	263	437	304	339	421	607	553	445	437	484	315	254	119	69	19	11	2	2	0.0	0.0	0.0	0.0
	
