

	Week starting on...	1/1	1/8	1/15	1/22	2/1	2/8	2/15	2/22	3/1	3/8	3/15	3/22	4/1	4/8	4/15	4/22	5/1	5/8	5/15	5/22	6/1	6/8	6/15	6/22	7/1	7/8	7/15	7/22	8/1	8/8	8/15	8/22	9/1	9/8	9/15	9/22	10/1	10/8	10/15	10/22	11/1	11/8	11/15	11/22	12/1	12/8	12/15	12/22
Frequency (%)
	Swainson's Thrush	0.021519259737465032	0.08571428571428572	0.033003300330033	0.16328434802892466	0.0	0.0	0.0	0.0	0.0	0.0	0.0	0.0	0.0	0.0	0.0	0.10685391543275835	2.7159780410286047	9.851590106007068	27.932706880872992	18.546690402977827	2.891030392883618	0.17211703958691912	0.09685230024213075	0.0	0.0	0.0	0.0	0.0	0.3067484662576687	0.5300353356890459	0.5741127348643006	3.0952380952380953	12.533435231180743	18.369734789391575	17.44320369657297	14.0361821584529	12.540192926045016	5.233380480905233	0.6433166547533953	0.18726591760299627	0.11194029850746269	0.07407407407407407	0.040983606557377046	0.10152284263959391	0.4816112084063047	0.1287001287001287	0.11181513231457324	0.022391401701746527
	Total # checklists submitted - (Swainson's Thrush)	4647	3500	3030	4287	2903	3748	5456	3029	3408	3753	4232	5749	4440	4239	4476	6551	6922	7075	6598	6179	2698	2324	2065	2539	1804	1603	1555	2203	1630	1698	1916	2940	2617	2564	2597	3206	2799	2828	2798	3738	2680	2700	2440	2955	2284	2331	2683	4466
	
Abundance
	Swainson's Thrush	2.1519259737465033E-4	8.571428571428571E-4	3.3003300330033004E-4	0.0016328434802892467	0.0	0.0	0.0	0.0	0.0	0.0	0.0	0.0	0.0	0.0	0.0	9.158907037093573E-4	0.037994799190985265	0.21413427561837456	0.689602909972719	0.428386470302638	0.04410674573758339	0.0034423407917383822	9.685230024213075E-4	0.0	0.0	0.0	0.0	0.0	0.005521472392638037	0.010011778563015312	0.007306889352818371	0.04795918367346939	0.27856324035154756	0.43057722308892354	0.4370427416249519	0.33250155957579536	0.2347266881028939	0.07107496463932107	0.007862759113652609	0.0018726591760299626	0.0014925373134328358	7.407407407407407E-4	4.098360655737705E-4	0.0010152284263959391	0.004816112084063047	0.001287001287001287	0.0011181513231457323	2.239140170174653E-4
	Total # checklists submitted - (Swainson's Thrush)	4647	3500	3030	4287	2903	3748	5456	3029	3408	3753	4232	5749	4440	4239	4476	6551	6922	7075	6598	6179	2698	2324	2065	2539	1804	1603	1555	2203	1630	1698	1916	2940	2617	2564	2597	3206	2799	2828	2798	3738	2680	2700	2440	2955	2284	2331	2683	4466
	
Birds Per Party Hour
	Swainson's Thrush	0.6451612903225806	0.8793873643905552	0.4	0.6694378926336598	0.0	0.0	0.0	0.0	0.0	0.0	0.0	0.0	0.0	0.0	0.0	0.3240951537521547	1.1182253973596108	1.6232538064520037	1.9200540960335855	2.2365334581828997	1.9775731400978038	1.6797100535770564	0.5770773179339108	0.0	0.0	0.0	0.0	0.0	0.5114044858668441	0.7659489628670908	0.4569274829707083	0.803293961494342	1.4740987007220325	2.9646828035904114	3.128626858929241	2.1625732521218968	2.1645985142535484	1.1091301101970032	1.134900284667869	0.32938753263687465	0.4355723329635092	0.6274509803921569	1.2004801920768307	0.7986579978327916	0.7361727447030757	0.9963783065144639	0.37243851692187946	0.125
	# checklists reporting species - (Swainson's Thrush)	1	3	1	7	0.0	0.0	0.0	0.0	0.0	0.0	0.0	0.0	0.0	0.0	0.0	7	232	1108	2779	2227	237	5	2	0.0	0.0	0.0	0.0	0.0	6	8	14	100	349	515	490	466	360	147	18	11	4	2	1	4	11	3	3	1
	
High Count
	Swainson's Thrush	1	1	1	1	0.0	0.0	0.0	0.0	0.0	0.0	0.0	0.0	0.0	0.0	0.0	1	15	100	129	40	15	3	1	0.0	0.0	0.0	0.0	0.0	4	6	3	13	32	28	122	90	370	5	2	1	2	1	1	1	1	1	1	1
	# checklists reporting species - (Swainson's Thrush)	1	3	1	7	0.0	0.0	0.0	0.0	0.0	0.0	0.0	0.0	0.0	0.0	0.0	8	247	1194	2910	2360	250	5	2	0.0	0.0	0.0	0.0	0.0	7	9	14	109	366	549	541	522	405	169	21	12	4	2	2	4	11	3	3	1
	
Totals
	Swainson's Thrush	1	3	1	7	0.0	0.0	0.0	0.0	0.0	0.0	0.0	0.0	0.0	0.0	0.0	7	343	2432	7593	5980	402	9	2	0.0	0.0	0.0	0.0	0.0	11	17	17	178	778	1255	1458	1200	1110	228	25	12	6	2	2	4	11	3	3	1
	# checklists reporting species - (Swainson's Thrush)	1	3	1	7	0.0	0.0	0.0	0.0	0.0	0.0	0.0	0.0	0.0	0.0	0.0	7	239	1154	2845	2292	248	5	2	0.0	0.0	0.0	0.0	0.0	6	9	14	104	361	532	521	497	388	160	21	12	4	2	2	4	11	3	3	1
	
Average Count
	Swainson's Thrush	1.0	1.0	1.0	1.0	0.0	0.0	0.0	0.0	0.0	0.0	0.0	0.0	0.0	0.0	0.0	1.0	1.4351464435146444	2.1074523396880416	2.6688927943760983	2.6090750436300176	1.6209677419354838	1.8	1.0	0.0	0.0	0.0	0.0	0.0	1.8333333333333333	1.8888888888888888	1.2142857142857142	1.7115384615384615	2.155124653739612	2.3590225563909772	2.798464491362764	2.414486921529175	2.8608247422680413	1.425	1.1904761904761905	1.0	1.5	1.0	1.0	1.0	1.0	1.0	1.0	1.0
	# checklists reporting species - (Swainson's Thrush)	1	3	1	7	0.0	0.0	0.0	0.0	0.0	0.0	0.0	0.0	0.0	0.0	0.0	7	239	1154	2845	2292	248	5	2	0.0	0.0	0.0	0.0	0.0	6	9	14	104	361	532	521	497	388	160	21	12	4	2	2	4	11	3	3	1
	
