

	Week starting on...	1/1	1/8	1/15	1/22	2/1	2/8	2/15	2/22	3/1	3/8	3/15	3/22	4/1	4/8	4/15	4/22	5/1	5/8	5/15	5/22	6/1	6/8	6/15	6/22	7/1	7/8	7/15	7/22	8/1	8/8	8/15	8/22	9/1	9/8	9/15	9/22	10/1	10/8	10/15	10/22	11/1	11/8	11/15	11/22	12/1	12/8	12/15	12/22
Frequency (%)
	American Tree Sparrow	18.72175597159458	19.057142857142857	17.68976897689769	19.057616048518778	18.256975542542197	13.954108858057632	12.280058651026394	17.101353582040275	17.517605633802816	17.985611510791365	16.5406427221172	16.228909375543573	17.184684684684683	16.01792875678226	13.270777479892763	7.922454587085941	2.513724357122219	0.12720848056537104	0.04546832373446499	0.03236769703835572	0.0	0.08605851979345956	0.0	0.0	0.0	0.0	0.0	0.0	0.0	0.0	0.0	0.0	0.0	0.0	0.0	0.06238303181534623	0.2500893176134334	0.884016973125884	4.038598999285203	14.794007490636703	18.059701492537314	20.074074074074076	16.434426229508198	16.175972927241965	15.980735551663747	17.331617331617334	18.673127096533733	27.16077026421854
	Total # checklists submitted - (American Tree Sparrow)	4647	3500	3030	4287	2903	3748	5456	3029	3408	3753	4232	5749	4440	4239	4476	6551	6922	7075	6598	6179	2698	2324	2065	2539	1804	1603	1555	2203	1630	1698	1916	2940	2617	2564	2597	3206	2799	2828	2798	3738	2680	2700	2440	2955	2284	2331	2683	4466
	
Abundance
	American Tree Sparrow	1.3359156445018292	1.4645714285714286	1.4792079207920792	1.4618614415675297	1.3375818119187048	1.0152081109925293	0.8942448680351907	1.1505447342357213	1.0366784037558685	0.9629629629629629	0.7946597353497165	0.7443033571055836	0.7040540540540541	0.6216088700165133	0.4588918677390527	0.21386047931613494	0.05431956082057209	0.0022614840989399294	6.062443164595332E-4	4.855154555753358E-4	0.0	8.605851979345956E-4	0.0	0.0	0.0	0.0	0.0	0.0	0.0	0.0	0.0	0.0	0.0	0.0	0.0	3.1191515907673113E-4	0.006788138620936048	0.02263083451202263	0.17512508934953538	0.884430176565008	1.3097014925373134	1.2037037037037037	0.8614754098360655	0.8869712351945854	1.1847635726795096	1.202059202059202	2.123742079761461	4.5947156291983875
	Total # checklists submitted - (American Tree Sparrow)	4647	3500	3030	4287	2903	3748	5456	3029	3408	3753	4232	5749	4440	4239	4476	6551	6922	7075	6598	6179	2698	2324	2065	2539	1804	1603	1555	2203	1630	1698	1916	2940	2617	2564	2597	3206	2799	2828	2798	3738	2680	2700	2440	2955	2284	2331	2683	4466
	
Birds Per Party Hour
	American Tree Sparrow	6.031463829400421	5.54481890284458	5.032852417035196	5.173265396000228	6.304202162228125	5.697828113826087	8.105589596980346	4.593840566405513	5.035191409047944	3.6717493145918145	2.6949175093606983	2.5769697669617853	2.2869459015986844	2.6880454811953887	1.8219620149817732	1.3015082719083204	0.980323509007075	0.5592932445336845	0.8540936355846381	0.5492537313432836	0.0	0.4874165774269218	0.0	0.0	0.0	0.0	0.0	0.0	0.0	0.0	0.0	0.0	0.0	0.0	0.0	0.0	0.8159553760469292	1.1600267984224486	5.05489470626765	2.870786169549086	3.0926751831302983	2.6058757685816523	2.59810429449243	3.1809840387942345	3.416803508237686	3.7191040857619315	3.689909839541302	4.152140805722922
	# checklists reporting species - (American Tree Sparrow)	849	648	521	787	514	500	655	491	584	655	667	866	712	650	566	497	163	9	3	2	0.0	2	0.0	0.0	0.0	0.0	0.0	0.0	0.0	0.0	0.0	0.0	0.0	0.0	0.0	1	5	22	99	527	473	532	395	463	352	390	499	1202
	
High Count
	American Tree Sparrow	100	125	100	155	150	92	125	65	100	70	100	100	60	30	50	60	20	4	2	2	0.0	1	0.0	0.0	0.0	0.0	0.0	0.0	0.0	0.0	0.0	0.0	0.0	0.0	0.0	1	9	10	100	150	200	160	40	65	200	150	150	281
	# checklists reporting species - (American Tree Sparrow)	934	718	574	876	570	562	712	551	649	725	738	983	813	722	625	557	184	9	3	2	0.0	2	0.0	0.0	0.0	0.0	0.0	0.0	0.0	0.0	0.0	0.0	0.0	0.0	0.0	2	8	30	126	620	529	593	445	540	414	448	563	1288
	
Totals
	American Tree Sparrow	6803	5592	4829	6848	4445	3974	5246	3694	3895	3810	3510	4426	3237	2732	2108	1486	387	16	4	3	0.0	2	0.0	0.0	0.0	0.0	0.0	0.0	0.0	0.0	0.0	0.0	0.0	0.0	0.0	1	24	68	505	3528	3645	3608	2382	3044	3081	3432	6378	21376
	# checklists reporting species - (American Tree Sparrow)	887	686	549	834	540	535	690	525	623	687	702	925	762	686	592	536	175	9	3	2	0.0	2	0.0	0.0	0.0	0.0	0.0	0.0	0.0	0.0	0.0	0.0	0.0	0.0	0.0	1	7	25	115	573	500	568	430	505	395	425	543	1249
	
Average Count
	American Tree Sparrow	7.66967305524239	8.151603498542274	8.7959927140255	8.211031175059953	8.231481481481481	7.42803738317757	7.602898550724638	7.036190476190476	6.252006420545746	5.545851528384279	5.0	4.784864864864865	4.248031496062992	3.9825072886297375	3.560810810810811	2.7723880597014925	2.2114285714285713	1.7777777777777777	1.3333333333333333	1.5	0.0	1.0	0.0	0.0	0.0	0.0	0.0	0.0	0.0	0.0	0.0	0.0	0.0	0.0	0.0	1.0	3.4285714285714284	2.72	4.391304347826087	6.157068062827225	7.29	6.352112676056338	5.53953488372093	6.027722772277228	7.8	8.07529411764706	11.74585635359116	17.114491593274618
	# checklists reporting species - (American Tree Sparrow)	887	686	549	834	540	535	690	525	623	687	702	925	762	686	592	536	175	9	3	2	0.0	2	0.0	0.0	0.0	0.0	0.0	0.0	0.0	0.0	0.0	0.0	0.0	0.0	0.0	1	7	25	115	573	500	568	430	505	395	425	543	1249
	
