

	Week starting on...	1/1	1/8	1/15	1/22	2/1	2/8	2/15	2/22	3/1	3/8	3/15	3/22	4/1	4/8	4/15	4/22	5/1	5/8	5/15	5/22	6/1	6/8	6/15	6/22	7/1	7/8	7/15	7/22	8/1	8/8	8/15	8/22	9/1	9/8	9/15	9/22	10/1	10/8	10/15	10/22	11/1	11/8	11/15	11/22	12/1	12/8	12/15	12/22
Frequency (%)
	Long-tailed Duck	32.73079406068432	31.342857142857145	29.141914191419144	29.741077676696992	30.141233207027213	20.784418356456776	18.75	31.099372730274016	34.037558685446015	34.90540900612843	32.67958412098299	30.63141415898417	29.864864864864867	27.69521113470158	29.244861483467382	25.644939703862008	24.674949436579023	21.738515901060072	16.656562594725674	8.286130441819065	0.5189028910303929	1.1187607573149743	0.387409200968523	0.27569909413154786	0.3325942350332594	0.6238303181534623	0.7717041800643086	0.7262823422605538	0.7975460122699387	0.6478209658421673	0.9916492693110648	0.8163265306122449	0.8406572411157813	0.8190327613104524	0.7316134000770119	0.8109794135995009	0.9289031797070382	1.9094766619519095	5.46819156540386	16.853932584269664	25.858208955223883	30.814814814814817	28.319672131147538	27.614213197969544	29.816112084063047	31.1025311025311	25.493850167722698	30.653828929690995
	Total # checklists submitted - (Long-tailed Duck)	4647	3500	3030	4287	2903	3748	5456	3029	3408	3753	4232	5749	4440	4239	4476	6551	6922	7075	6598	6179	2698	2324	2065	2539	1804	1603	1555	2203	1630	1698	1916	2940	2617	2564	2597	3206	2799	2828	2798	3738	2680	2700	2440	2955	2284	2331	2683	4466
	
Abundance
	Long-tailed Duck	21.95846782870669	22.66914285714286	12.066336633663367	11.428271518544436	10.024801929038926	8.526947705442902	7.908541055718475	14.291845493562231	15.591842723004694	16.08419930722089	12.49078449905482	14.262132544790399	14.527702702702703	13.782259966973342	13.913762287756926	11.855899862616395	10.788789367234903	5.95773851590106	4.008335859351319	1.1560122997248745	0.015567086730911787	0.12392426850258176	0.005326876513317191	0.01536037810161481	0.015521064301552107	0.016219588271990017	0.014790996784565916	0.011348161597821153	0.016564417177914112	0.014134275618374558	0.016701461377870562	0.017687074829931974	0.016431027894535728	0.01170046801872075	0.01424720831728918	0.018091079226450407	0.02643801357627724	0.38154172560113153	4.370264474624732	27.471910112359552	43.87761194029851	46.23518518518519	29.970901639344262	28.460236886632824	26.00043782837128	30.266838266838267	29.958628401043608	31.2897447380206
	Total # checklists submitted - (Long-tailed Duck)	4647	3500	3030	4287	2903	3748	5456	3029	3408	3753	4232	5749	4440	4239	4476	6551	6922	7075	6598	6179	2698	2324	2065	2539	1804	1603	1555	2203	1630	1698	1916	2940	2617	2564	2597	3206	2799	2828	2798	3738	2680	2700	2440	2955	2284	2331	2683	4466
	
Birds Per Party Hour
	Long-tailed Duck	93.85355504885322	58.34156958457546	36.071092352866295	44.652705437506306	43.925923365015684	59.08962502752941	41.59357365403911	49.08815284708092	49.11015966506815	39.36054475118756	32.0885744409091	40.54520896994989	33.209432387697795	35.37514413734999	29.89730040279343	24.596068645858754	18.7795090422111	15.39573049396279	10.564244494654426	4.832860624112583	1.227065642080669	5.363077622692076	1.080819231364937	4.019025483113243	5.487876965694712	1.100639270689561	0.9821039426974257	1.5256329063331375	0.8779433074189089	0.7246356926652657	0.6036930521383318	2.748311758283479	0.6659792649390669	0.39396259053176735	0.830670336430002	0.5950297183364481	0.6380377631488716	4.504861244489773	24.077652169389726	61.12835221223395	59.220443454551955	64.60838958650292	54.20133979673029	60.7070672673768	60.0162826020465	66.32248967933324	68.51985324290646	51.05005609515869
	# checklists reporting species - (Long-tailed Duck)	1380	1001	805	1144	744	708	951	859	1022	1165	1220	1558	1180	1049	1185	1523	1587	1460	1038	488	15	24	11	8	9	11	13	17	12	12	19	27	22	22	20	28	25	58	148	591	646	766	649	748	626	668	646	1296
	
High Count
	Long-tailed Duck	4364	5000	1500	1700	3000	1500	3000	5000	5000	1200	1000	1500	2500	2000	2000	4000	15000	650	740	600	10	200	9	13	15	9	4	6	7	8	7	11	4	3	5	9	15	500	2000	7100	6600	10000	2500	4250	1400	5000	2185	5000
	# checklists reporting species - (Long-tailed Duck)	1625	1166	952	1362	929	823	1107	1013	1235	1394	1468	1865	1412	1254	1399	1775	1799	1621	1162	546	16	30	12	8	9	11	14	20	15	12	20	27	24	23	24	32	31	65	178	696	751	884	750	886	743	792	752	1486
	
Totals
	Long-tailed Duck	104335	84262	38654	52002	34498	32946	45367	45393	59591	62883	55578	84307	66175	61170	64237	80057	75741	43589	27529	7325	44	292	23	50	53	27	25	34	31	25	33	63	48	32	46	67	83	1171	16537	112334	123261	141699	76893	91001	62603	73730	86967	142815
	# checklists reporting species - (Long-tailed Duck)	1424	1044	836	1192	774	736	988	894	1057	1202	1256	1615	1224	1089	1230	1569	1623	1486	1063	506	16	27	12	8	9	11	14	20	15	12	20	27	24	23	24	32	30	64	170	626	665	794	670	767	650	694	666	1335
	
Average Count
	Long-tailed Duck	73.2689606741573	80.71072796934865	46.23684210526316	43.625838926174495	44.571059431524546	44.76358695652174	45.91801619433198	50.7751677852349	56.37748344370861	52.3153078202995	44.25	52.202476780185755	54.064542483660134	56.170798898071624	52.22520325203252	51.02421924792862	46.66728280961183	29.333109017496636	25.897460018814677	14.476284584980236	2.75	10.814814814814815	1.9166666666666667	6.25	5.888888888888889	2.4545454545454546	1.7857142857142858	1.7	2.066666666666667	2.0833333333333335	1.65	2.3333333333333335	2.0	1.391304347826087	1.9166666666666667	2.09375	2.7666666666666666	18.296875	97.2764705882353	179.44728434504793	185.35488721804512	178.46221662468514	114.76567164179104	118.64537157757496	96.3123076923077	106.23919308357348	130.5810810810811	106.97752808988764
	# checklists reporting species - (Long-tailed Duck)	1424	1044	836	1192	774	736	988	894	1057	1202	1256	1615	1224	1089	1230	1569	1623	1486	1063	506	16	27	12	8	9	11	14	20	15	12	20	27	24	23	24	32	30	64	170	626	665	794	670	767	650	694	666	1335
	
