

	Week starting on...	1/1	1/8	1/15	1/22	2/1	2/8	2/15	2/22	3/1	3/8	3/15	3/22	4/1	4/8	4/15	4/22	5/1	5/8	5/15	5/22	6/1	6/8	6/15	6/22	7/1	7/8	7/15	7/22	8/1	8/8	8/15	8/22	9/1	9/8	9/15	9/22	10/1	10/8	10/15	10/22	11/1	11/8	11/15	11/22	12/1	12/8	12/15	12/22
Frequency (%)
	Sora	0.0	0.0	0.0	0.0	0.0	0.0	0.0	0.0	0.0	0.05329070077271516	0.0	0.0	0.0	0.0	0.11170688114387846	0.9006258586475347	1.3146489453915053	0.6784452296819788	0.5759321006365565	0.42078006149862435	0.407709414381023	0.12908777969018934	0.6295399515738499	0.23631350925561243	0.11086474501108648	0.18714909544603867	0.2572347266881029	0.13617793917385385	0.1226993865030675	0.35335689045936397	0.5219206680584552	0.9523809523809524	0.8788689338937715	0.93603744149766	0.6546014632268001	1.0917030567685588	0.7502679528403001	0.3536067892503536	0.21443888491779842	0.08025682182985554	0.0	0.0	0.0	0.0	0.0	0.0	0.03727171077152441	0.044782803403493054
	Total # checklists submitted - (Sora)	4647	3500	3030	4287	2903	3748	5456	3029	3408	3753	4232	5749	4440	4239	4476	6551	6922	7075	6598	6179	2698	2324	2065	2539	1804	1603	1555	2203	1630	1698	1916	2940	2617	2564	2597	3206	2799	2828	2798	3738	2680	2700	2440	2955	2284	2331	2683	4466
	
Abundance
	Sora	0.0	0.0	0.0	0.0	0.0	0.0	0.0	0.0	0.0	2.664535038635758E-4	0.0	0.0	0.0	0.0	0.0013404825737265416	0.009006258586475347	0.015891360878358855	0.007915194346289752	0.005759321006365566	0.005502508496520473	0.00407709414381023	8.605851979345956E-4	0.010169491525423728	0.0027569909413154787	0.0022172949002217295	0.002495321272613849	0.002572347266881029	0.0013617793917385383	0.001226993865030675	0.0035335689045936395	0.007828810020876827	0.0163265306122449	0.013756209400076424	0.021450858034321372	0.013477088948787063	0.01372426699937617	0.011075384065737763	0.004243281471004243	0.0028591851322373124	8.025682182985554E-4	0.0	0.0	0.0	0.0	0.0	0.0	3.727171077152441E-4	4.478280340349306E-4
	Total # checklists submitted - (Sora)	4647	3500	3030	4287	2903	3748	5456	3029	3408	3753	4232	5749	4440	4239	4476	6551	6922	7075	6598	6179	2698	2324	2065	2539	1804	1603	1555	2203	1630	1698	1916	2940	2617	2564	2597	3206	2799	2828	2798	3738	2680	2700	2440	2955	2284	2331	2683	4466
	
Birds Per Party Hour
	Sora	0.0	0.0	0.0	0.0	0.0	0.0	0.0	0.0	0.0	0.16	0.0	0.0	0.0	0.0	6.827090474252346	1.427820516711842	1.2079681260169564	0.41238621957462546	0.5880589799302808	0.39552302812000967	0.5100939147251325	0.30353864669734115	1.3606619853760724	0.38333333333333336	1.4920918298080317	0.7942301260479333	4.164444444444444	0.3333333333333333	0.2056043178385458	0.38313896987366375	0.6409523809523809	1.1202455716924555	1.1770536543296648	0.5295001368605449	1.6083794444076824	0.6003562385536456	0.5468179323478061	0.37731455970811506	0.4577297879985627	0.3964295232287173	0.0	0.0	0.0	0.0	0.0	0.0	0.2857142857142857	0.20638297872340425
	# checklists reporting species - (Sora)	0.0	0.0	0.0	0.0	0.0	0.0	0.0	0.0	0.0	1	0.0	0.0	0.0	0.0	6	70	100	51	38	24	11	5	12	4	4	3	5	1	2	7	10	27	20	24	22	38	21	9	5	4	0	0.0	0.0	0.0	0.0	0.0	1	2
	
High Count
	Sora	0.0	0.0	0.0	0.0	0.0	0.0	0.0	0.0	0.0	1	0.0	0.0	0.0	0.0	2	2	5	5	2	3	3	1	9	2	3	2	3	1	1	2	3	5	8	20	10	5	5	2	2	1	1	0.0	0.0	0.0	0.0	0.0	1	1
	# checklists reporting species - (Sora)	0.0	0.0	0.0	0.0	0.0	0.0	0.0	0.0	0.0	2	0.0	0.0	0.0	0.0	7	74	109	57	44	29	16	8	16	6	4	3	5	3	2	8	12	29	27	28	23	41	23	10	6	4	1	0.0	0.0	0.0	0.0	0.0	1	2
	
Totals
	Sora	0.0	0.0	0.0	0.0	0.0	0.0	0.0	0.0	0.0	1	0.0	0.0	0.0	0.0	8	74	127	68	46	39	15	7	24	7	6	4	7	3	2	9	18	49	39	59	40	50	34	12	8	4	0	0.0	0.0	0.0	0.0	0.0	1	2
	# checklists reporting species - (Sora)	0.0	0.0	0.0	0.0	0.0	0.0	0.0	0.0	0.0	1	0.0	0.0	0.0	0.0	6	73	105	55	42	27	13	7	15	6	4	3	5	3	2	8	12	29	25	27	22	41	23	10	6	4	0	0.0	0.0	0.0	0.0	0.0	1	2
	
Average Count
	Sora	0.0	0.0	0.0	0.0	0.0	0.0	0.0	0.0	0.0	1.0	0.0	0.0	0.0	0.0	1.3333333333333333	1.0136986301369864	1.2095238095238094	1.2363636363636363	1.0952380952380953	1.4444444444444444	1.1538461538461537	1.0	1.6	1.1666666666666667	1.5	1.3333333333333333	1.4	1.0	1.0	1.125	1.5	1.6896551724137931	1.56	2.185185185185185	1.8181818181818181	1.2195121951219512	1.4782608695652173	1.2	1.3333333333333333	1.0	0.0	0.0	0.0	0.0	0.0	0.0	1.0	1.0
	# checklists reporting species - (Sora)	0.0	0.0	0.0	0.0	0.0	0.0	0.0	0.0	0.0	1	0.0	0.0	0.0	0.0	6	73	105	55	42	27	13	7	15	6	4	3	5	3	2	8	12	29	25	27	22	41	23	10	6	4	0	0.0	0.0	0.0	0.0	0.0	1	2
	
