

	Week starting on...	1/1	1/8	1/15	1/22	2/1	2/8	2/15	2/22	3/1	3/8	3/15	3/22	4/1	4/8	4/15	4/22	5/1	5/8	5/15	5/22	6/1	6/8	6/15	6/22	7/1	7/8	7/15	7/22	8/1	8/8	8/15	8/22	9/1	9/8	9/15	9/22	10/1	10/8	10/15	10/22	11/1	11/8	11/15	11/22	12/1	12/8	12/15	12/22
Frequency (%)
	Northern Rough-winged Swallow	0.0	0.0	0.0	0.0	0.0	0.0	0.0	0.0	0.0	0.0	0.0	0.017394329448599758	0.13513513513513514	2.0995517810804434	7.953529937444147	14.165776217371393	15.761340652990466	16.862190812720847	17.08093361624735	17.99643955332578	14.19570051890289	13.382099827882959	12.397094430992736	10.594722331626624	12.583148558758314	13.038053649407361	10.67524115755627	9.35088515660463	9.202453987730062	7.656065959952886	6.210855949895616	2.619047619047619	0.7642338555598013	0.234009360374415	0.07701193685021178	0.0	0.0	0.0	0.035739814152966405	0.0	0.0	0.0	0.0	0.0	0.0	0.0	0.0	0.0
	Total # checklists submitted - (Northern Rough-winged Swallow)	4647	3500	3030	4287	2903	3748	5456	3029	3408	3753	4232	5749	4440	4239	4476	6551	6922	7075	6598	6179	2698	2324	2065	2539	1804	1603	1555	2203	1630	1698	1916	2940	2617	2564	2597	3206	2799	2828	2798	3738	2680	2700	2440	2955	2284	2331	2683	4466
	
Abundance
	Northern Rough-winged Swallow	0.0	0.0	0.0	0.0	0.0	0.0	0.0	0.0	0.0	0.0	0.0	1.7394329448599757E-4	0.002027027027027027	0.04883227176220807	0.26943699731903487	0.591818043046863	0.6823172493498989	0.7660777385159011	0.68187329493786	0.6507525489561418	0.4703484062268347	0.4126506024096386	0.38062953995157384	0.37140606538007087	0.6335920177383592	0.6394260761072988	0.5093247588424438	0.5034044484793464	0.4662576687116564	0.3822143698468787	0.2244258872651357	0.06870748299319727	0.02445548337791364	0.005070202808112325	0.0034655371582595304	0.0	0.0	0.0	0.0017869907076483202	0.0	0.0	0.0	0.0	0.0	0.0	0.0	0.0	0.0
	Total # checklists submitted - (Northern Rough-winged Swallow)	4647	3500	3030	4287	2903	3748	5456	3029	3408	3753	4232	5749	4440	4239	4476	6551	6922	7075	6598	6179	2698	2324	2065	2539	1804	1603	1555	2203	1630	1698	1916	2940	2617	2564	2597	3206	2799	2828	2798	3738	2680	2700	2440	2955	2284	2331	2683	4466
	
Birds Per Party Hour
	Northern Rough-winged Swallow	0.0	0.0	0.0	0.0	0.0	0.0	0.0	0.0	0.0	0.0	0.0	0.35298270384751146	1.0302908917363758	1.354243740582672	2.5196459415116284	2.8844206323568224	2.990795615473295	3.1512610657155373	2.3344247835236067	2.2622464683698476	2.920513373901483	3.9319179250699827	3.183128877760316	7.970482363796101	5.616718550564325	3.947923237373091	3.437403287048546	4.910302953556717	4.523996167991711	2.4297852177426034	1.7735060093643598	1.8252885945228972	1.4349448137148269	0.9662782431979197	2.4146308543663113	0.0	0.0	0.0	0.0	0.0	0.0	0.0	0.0	0.0	0.0	0.0	0.0	0.0
	# checklists reporting species - (Northern Rough-winged Swallow)	0.0	0.0	0.0	0.0	0.0	0.0	0.0	0.0	0.0	0.0	0.0	1	6	95	353	902	1036	1158	1099	1062	378	296	249	263	216	199	162	184	141	119	114	70	20	6	2	0.0	0.0	0.0	0	0.0	0.0	0.0	0.0	0.0	0.0	0.0	0.0	0.0
	
High Count
	Northern Rough-winged Swallow	0.0	0.0	0.0	0.0	0.0	0.0	0.0	0.0	0.0	0.0	0.0	1	3	20	60	125	60	100	45	52	25	20	25	30	40	100	30	50	50	57	25	20	11	4	6	0.0	0.0	0.0	5	0.0	0.0	0.0	0.0	0.0	0.0	0.0	0.0	0.0
	# checklists reporting species - (Northern Rough-winged Swallow)	0.0	0.0	0.0	0.0	0.0	0.0	0.0	0.0	0.0	0.0	0.0	1	6	99	384	987	1144	1252	1174	1189	415	338	310	318	264	223	179	217	166	135	130	81	21	6	2	0.0	0.0	0.0	1	0.0	0.0	0.0	0.0	0.0	0.0	0.0	0.0	0.0
	
Totals
	Northern Rough-winged Swallow	0.0	0.0	0.0	0.0	0.0	0.0	0.0	0.0	0.0	0.0	0.0	1	9	233	1280	4041	4825	5604	4598	4223	1338	1003	854	1020	1221	1052	863	1125	831	658	450	227	68	13	9	0.0	0.0	0.0	5	0.0	0.0	0.0	0.0	0.0	0.0	0.0	0.0	0.0
	# checklists reporting species - (Northern Rough-winged Swallow)	0.0	0.0	0.0	0.0	0.0	0.0	0.0	0.0	0.0	0.0	0.0	1	6	96	364	929	1067	1178	1111	1091	392	316	289	300	244	206	165	188	146	120	118	73	20	6	2	0.0	0.0	0.0	1	0.0	0.0	0.0	0.0	0.0	0.0	0.0	0.0	0.0
	
Average Count
	Northern Rough-winged Swallow	0.0	0.0	0.0	0.0	0.0	0.0	0.0	0.0	0.0	0.0	0.0	1.0	1.5	2.4270833333333335	3.5164835164835164	4.34983853606028	4.5220243673851925	4.7572156196943975	4.138613861386139	3.870760769935839	3.413265306122449	3.1740506329113924	2.9550173010380623	3.4	5.004098360655738	5.106796116504855	5.2303030303030305	5.98404255319149	5.691780821917808	5.483333333333333	3.8135593220338984	3.1095890410958904	3.4	2.1666666666666665	4.5	0.0	0.0	0.0	5.0	0.0	0.0	0.0	0.0	0.0	0.0	0.0	0.0	0.0
	# checklists reporting species - (Northern Rough-winged Swallow)	0.0	0.0	0.0	0.0	0.0	0.0	0.0	0.0	0.0	0.0	0.0	1	6	96	364	929	1067	1178	1111	1091	392	316	289	300	244	206	165	188	146	120	118	73	20	6	2	0.0	0.0	0.0	1	0.0	0.0	0.0	0.0	0.0	0.0	0.0	0.0	0.0
	
