

	Week starting on...	1/1	1/8	1/15	1/22	2/1	2/8	2/15	2/22	3/1	3/8	3/15	3/22	4/1	4/8	4/15	4/22	5/1	5/8	5/15	5/22	6/1	6/8	6/15	6/22	7/1	7/8	7/15	7/22	8/1	8/8	8/15	8/22	9/1	9/8	9/15	9/22	10/1	10/8	10/15	10/22	11/1	11/8	11/15	11/22	12/1	12/8	12/15	12/22
Frequency (%)
	Common Redpoll	3.59371637615666	4.657142857142857	4.455445544554455	3.8255190109633777	4.6159145711333105	3.3617929562433297	2.7309384164222874	5.3482997689006275	4.518779342723005	4.609645616839861	3.04820415879017	1.3915463558879804	0.8558558558558558	0.33026657230478884	0.13404825737265416	0.0610593802472905	0.028893383415197923	0.0	0.0	0.01618384851917786	0.0	0.0	0.0	0.0	0.0	0.0	0.0	0.0	0.0	0.0	0.0	0.0	0.0	0.0	0.0	0.031191515907673113	0.0	0.03536067892503536	0.035739814152966405	2.2739432851792403	4.701492537313433	6.222222222222222	8.77049180327869	6.260575296108291	5.691768826619965	4.032604032604032	4.323518449496832	7.075682937751903
	Total # checklists submitted - (Common Redpoll)	4647	3500	3030	4287	2903	3748	5456	3029	3408	3753	4232	5749	4440	4239	4476	6551	6922	7075	6598	6179	2698	2324	2065	2539	1804	1603	1555	2203	1630	1698	1916	2940	2617	2564	2597	3206	2799	2828	2798	3738	2680	2700	2440	2955	2284	2331	2683	4466
	
Abundance
	Common Redpoll	1.003012696363245	1.3851428571428572	1.0623762376237624	0.7476090506181479	0.8387874612469859	0.5832443970117396	0.39002932551319647	0.9085506767910201	1.0299295774647887	1.2144950706101785	0.6578449905482041	0.2496086275874065	0.11058558558558558	0.055201698513800426	0.0051385165326184095	6.10593802472905E-4	2.889338341519792E-4	0.0	0.0	0.0	0.0	0.0	0.0	0.0	0.0	0.0	0.0	0.0	0.0	0.0	0.0	0.0	0.0	0.0	0.0	0.0	0.0	0.0024752475247524753	0.005360972122944961	0.09202782236490102	0.6462686567164179	0.9729629629629629	1.4668032786885246	1.1367174280879864	0.8257443082311734	0.7061347061347061	0.8192322027581066	2.310792655620242
	Total # checklists submitted - (Common Redpoll)	4647	3500	3030	4287	2903	3748	5456	3029	3408	3753	4232	5749	4440	4239	4476	6551	6922	7075	6598	6179	2698	2324	2065	2539	1804	1603	1555	2203	1630	1698	1916	2940	2617	2564	2597	3206	2799	2828	2798	3738	2680	2700	2440	2955	2284	2331	2683	4466
	
Birds Per Party Hour
	Common Redpoll	18.233530819697286	20.60710318818877	12.843368431464881	11.21136694299666	24.84237684579509	11.600556485568957	9.933368262153769	14.471511180282938	18.34366768676215	12.317915290506637	9.288134835465543	6.811434600527038	4.573647297561535	6.08207717326594	3.4211342021838678	0.7623014303605563	0.5026990888173407	0.0	0.0	0.0	0.0	0.0	0.0	0.0	0.0	0.0	0.0	0.0	0.0	0.0	0.0	0.0	0.0	0.0	0.0	0.0	0.0	2.2102936532996527	5.0	1.929171042178435	5.431154840629756	5.8993759111806705	8.809544508254143	12.92903739907641	9.194312174273092	9.0570820682341	6.8831558573169485	8.223904579754711
	# checklists reporting species - (Common Redpoll)	162	160	133	153	125	116	142	151	148	163	121	70	31	13	5	4	2	0.0	0.0	0	0.0	0.0	0.0	0.0	0.0	0.0	0.0	0.0	0.0	0.0	0.0	0.0	0.0	0.0	0.0	0	0.0	1	1	88	124	173	233	195	136	102	115	319
	
High Count
	Common Redpoll	200	400	200	120	250	255	250	350	175	240	200	430	400	200	15	1	1	0.0	0.0	1	0.0	0.0	0.0	0.0	0.0	0.0	0.0	0.0	0.0	0.0	0.0	0.0	0.0	0.0	0.0	1	0.0	7	15	42	164	151	150	200	244	120	215	688
	# checklists reporting species - (Common Redpoll)	189	193	162	191	151	142	167	182	173	192	143	87	44	21	7	4	2	0.0	0.0	1	0.0	0.0	0.0	0.0	0.0	0.0	0.0	0.0	0.0	0.0	0.0	0.0	0.0	0.0	0.0	1	0.0	1	1	93	133	188	246	220	147	115	134	351
	
Totals
	Common Redpoll	5122	5288	3805	3885	2680	2476	2337	2954	3812	4837	3073	1617	516	257	24	4	2	0.0	0.0	0	0.0	0.0	0.0	0.0	0.0	0.0	0.0	0.0	0.0	0.0	0.0	0.0	0.0	0.0	0.0	0	0.0	7	15	426	1777	3091	4274	4169	2261	2106	2598	11504
	# checklists reporting species - (Common Redpoll)	179	185	148	180	147	139	165	175	164	187	138	85	39	21	6	4	2	0.0	0.0	0	0.0	0.0	0.0	0.0	0.0	0.0	0.0	0.0	0.0	0.0	0.0	0.0	0.0	0.0	0.0	0	0.0	1	1	93	128	183	244	215	145	115	130	340
	
Average Count
	Common Redpoll	28.614525139664803	28.583783783783783	25.70945945945946	21.583333333333332	18.231292517006803	17.81294964028777	14.163636363636364	16.88	23.24390243902439	25.86631016042781	22.268115942028984	19.023529411764706	13.23076923076923	12.238095238095237	4.0	1.0	1.0	0.0	0.0	0.0	0.0	0.0	0.0	0.0	0.0	0.0	0.0	0.0	0.0	0.0	0.0	0.0	0.0	0.0	0.0	0.0	0.0	7.0	15.0	4.580645161290323	13.8828125	16.89071038251366	17.516393442622952	19.390697674418604	15.593103448275862	18.31304347826087	19.984615384615385	33.83529411764706
	# checklists reporting species - (Common Redpoll)	179	185	148	180	147	139	165	175	164	187	138	85	39	21	6	4	2	0.0	0.0	0	0.0	0.0	0.0	0.0	0.0	0.0	0.0	0.0	0.0	0.0	0.0	0.0	0.0	0.0	0.0	0	0.0	1	1	93	128	183	244	215	145	115	130	340
	
