

	Week starting on...	1/1	1/8	1/15	1/22	2/1	2/8	2/15	2/22	3/1	3/8	3/15	3/22	4/1	4/8	4/15	4/22	5/1	5/8	5/15	5/22	6/1	6/8	6/15	6/22	7/1	7/8	7/15	7/22	8/1	8/8	8/15	8/22	9/1	9/8	9/15	9/22	10/1	10/8	10/15	10/22	11/1	11/8	11/15	11/22	12/1	12/8	12/15	12/22
Frequency (%)
	Peregrine Falcon	2.1734452334839682	2.3714285714285714	2.4092409240924093	2.5658968975973875	1.5845676885980022	1.6542155816435433	1.0997067448680353	2.641135688345989	1.5551643192488263	1.8385291766586729	1.8194706994328922	1.7220386154113758	2.027027027027027	2.005189903279075	2.0107238605898123	2.1676079987788124	1.9503033805258596	1.469964664310954	1.1215519854501363	1.391810972649296	0.7783543365455894	0.8605851979345954	1.4527845036319613	1.0240252067743205	1.385809312638581	1.3100436681222707	1.8006430868167203	1.9064911484339537	1.7791411042944787	1.8256772673733805	2.2442588726513573	3.2993197278911564	4.356132976690867	5.967238689547582	5.968425105891413	7.454772301933874	7.07395498392283	5.834512022630835	7.040743388134382	4.975922953451043	5.037313432835821	4.814814814814815	3.524590163934426	2.9780033840947544	2.23292469352014	3.088803088803089	4.099888184867686	2.0600089565606807
	Total # checklists submitted - (Peregrine Falcon)	4647	3500	3030	4287	2903	3748	5456	3029	3408	3753	4232	5749	4440	4239	4476	6551	6922	7075	6598	6179	2698	2324	2065	2539	1804	1603	1555	2203	1630	1698	1916	2940	2617	2564	2597	3206	2799	2828	2798	3738	2680	2700	2440	2955	2284	2331	2683	4466
	
Abundance
	Peregrine Falcon	0.024316763503335486	0.025714285714285714	0.02838283828382838	0.02939118264520644	0.018945918015845678	0.01814300960512273	0.012646627565982404	0.03103334433806537	0.01643192488262911	0.02158273381294964	0.019376181474480152	0.021047138632805704	0.022747747747747748	0.02311866006133522	0.02256478999106345	0.023202564493970387	0.022681305980930367	0.014558303886925795	0.012124886329190664	0.015374656093218968	0.009636767976278725	0.01333907056798623	0.01937046004842615	0.017723513194170933	0.02106430155210643	0.014971927635683094	0.02508038585209003	0.024965955515206535	0.022085889570552148	0.01884570082449941	0.02661795407098121	0.0380952380952381	0.05349636988918609	0.07761310452418096	0.07893723527146708	0.10199625701809108	0.10289389067524116	0.08026874115983026	0.10114367405289493	0.062332798287854464	0.062313432835820894	0.053703703703703705	0.04139344262295082	0.03485617597292724	0.02583187390542907	0.036036036036036036	0.047335072679836006	0.023510971786833857
	Total # checklists submitted - (Peregrine Falcon)	4647	3500	3030	4287	2903	3748	5456	3029	3408	3753	4232	5749	4440	4239	4476	6551	6922	7075	6598	6179	2698	2324	2065	2539	1804	1603	1555	2203	1630	1698	1916	2940	2617	2564	2597	3206	2799	2828	2798	3738	2680	2700	2440	2955	2284	2331	2683	4466
	
Birds Per Party Hour
	Peregrine Falcon	1.7720933973273971	1.9574453135016054	3.7282599717923626	2.082340933206789	1.6762191307745933	2.765466965865912	2.0817760487233428	2.5210168698766924	3.3582383000755924	3.048566203004386	1.9216533117954644	3.0555052560768017	1.7610347702055518	0.976005683129711	0.6852137662793568	1.6033913210044968	1.0150378654551941	1.1992159089116161	0.7187156907915182	2.6659636313269064	2.5415120094149777	3.52867362294556	7.039423209062613	2.7567898995459483	5.438491008318266	1.1725013530406845	2.440019970357424	5.651844144824953	6.753184235551817	1.1893348600160896	1.8413665412554996	1.5075664006424243	0.8656913901716795	0.5580799027809316	0.7981905579545442	1.1050449251070213	0.6170098356832006	0.8298989424065897	2.721589216820414	1.322503791078413	0.7721011301114098	1.2767349076889134	1.015443169054298	1.1784832357847144	2.238296775016438	2.75710846508903	1.6327337290204373	1.8583573777429236
	# checklists reporting species - (Peregrine Falcon)	123	103	83	127	57	75	80	96	71	82	90	112	98	104	99	148	141	118	79	100	29	32	40	43	37	29	48	65	36	43	58	124	140	187	201	309	247	198	229	220	171	155	99	103	68	98	127	106
	
High Count
	Peregrine Falcon	2	3	2	2	2	2	2	2	2	3	2	3	2	3	2	2	4	4	5	4	2	6	6	5	5	3	4	3	3	2	3	3	4	6	5	7	8	5	8	7	3	3	3	3	2	3	3	3
	# checklists reporting species - (Peregrine Falcon)	131	118	97	150	71	87	92	108	87	98	104	126	113	117	112	163	156	131	90	108	33	42	52	53	46	36	51	75	41	49	61	136	149	201	212	331	272	213	255	240	182	167	111	112	74	112	136	118
	
Totals
	Peregrine Falcon	145	132	113	165	85	97	103	126	93	115	114	152	126	130	124	173	175	134	94	118	40	58	72	87	62	45	74	101	50	49	71	156	177	252	275	433	397	285	363	296	223	194	129	133	89	132	161	130
	# checklists reporting species - (Peregrine Falcon)	128	117	96	145	70	87	91	108	83	97	103	125	110	114	111	157	152	127	84	105	33	40	50	51	44	35	51	75	41	48	61	135	147	198	210	327	267	210	252	238	181	167	110	110	74	111	136	114
	
Average Count
	Peregrine Falcon	1.1328125	1.1282051282051282	1.1770833333333333	1.1379310344827587	1.2142857142857142	1.1149425287356323	1.1318681318681318	1.1666666666666667	1.1204819277108433	1.1855670103092784	1.1067961165048543	1.216	1.1454545454545455	1.1403508771929824	1.117117117117117	1.1019108280254777	1.1513157894736843	1.0551181102362204	1.119047619047619	1.1238095238095238	1.2121212121212122	1.45	1.44	1.7058823529411764	1.4090909090909092	1.2857142857142858	1.4509803921568627	1.3466666666666667	1.2195121951219512	1.0208333333333333	1.1639344262295082	1.1555555555555554	1.2040816326530612	1.2727272727272727	1.3095238095238095	1.3241590214067278	1.4868913857677903	1.3571428571428572	1.4404761904761905	1.2436974789915967	1.2320441988950277	1.1616766467065869	1.1727272727272726	1.209090909090909	1.2027027027027026	1.1891891891891893	1.1838235294117647	1.1403508771929824
	# checklists reporting species - (Peregrine Falcon)	128	117	96	145	70	87	91	108	83	97	103	125	110	114	111	157	152	127	84	105	33	40	50	51	44	35	51	75	41	48	61	135	147	198	210	327	267	210	252	238	181	167	110	110	74	111	136	114
	
