

	Week starting on...	1/1	1/8	1/15	1/22	2/1	2/8	2/15	2/22	3/1	3/8	3/15	3/22	4/1	4/8	4/15	4/22	5/1	5/8	5/15	5/22	6/1	6/8	6/15	6/22	7/1	7/8	7/15	7/22	8/1	8/8	8/15	8/22	9/1	9/8	9/15	9/22	10/1	10/8	10/15	10/22	11/1	11/8	11/15	11/22	12/1	12/8	12/15	12/22
Frequency (%)
	Pileated Woodpecker	1.0114052076608564	0.8857142857142857	0.759075907590759	1.212969442500583	0.6889424733034791	0.5602988260405549	0.6598240469208211	0.8253549026081214	0.6455399061032864	0.7194244604316548	1.110586011342155	0.7479561662897896	0.5630630630630631	0.5897617362585515	0.4691689008042895	0.7327125629674859	0.6356544351343543	0.6360424028268552	0.37890269778720825	0.4369639100178022	0.5930318754633062	0.5163511187607573	0.5811138014527845	0.27569909413154786	0.1662971175166297	0.3119151590767312	0.9003215434083601	0.3177485247389923	0.49079754601227	0.17667844522968199	0.2609603340292276	0.30612244897959184	0.30569354222392053	0.234009360374415	0.3850596842510589	0.2495321272613849	0.3215434083601286	0.4596888260254597	0.39313795568263044	0.3477795612627073	0.4850746268656716	0.5925925925925926	0.24590163934426232	0.5076142131979695	0.6129597197898424	0.4719004719004719	1.006336190831159	2.1271831616659203
	Total # checklists submitted - (Pileated Woodpecker)	4647	3500	3030	4287	2903	3748	5456	3029	3408	3753	4232	5749	4440	4239	4476	6551	6922	7075	6598	6179	2698	2324	2065	2539	1804	1603	1555	2203	1630	1698	1916	2940	2617	2564	2597	3206	2799	2828	2798	3738	2680	2700	2440	2955	2284	2331	2683	4466
	
Abundance
	Pileated Woodpecker	0.010114052076608565	0.009714285714285713	0.007590759075907591	0.013062747842313973	0.007578367206338271	0.0064034151547491995	0.007514662756598241	0.008583690987124463	0.0067488262910798125	0.007194244604316547	0.012051039697542534	0.00782744825186989	0.005855855855855856	0.005897617362585515	0.005361930294906166	0.008243016333384217	0.0065010112684195315	0.006643109540636042	0.003940588056986966	0.004531477585369801	0.005930318754633061	0.006024096385542169	0.006295399515738499	0.0027569909413154787	0.0016629711751662971	0.0037429819089207735	0.00964630225080386	0.003631411711302769	0.010429447852760737	0.0017667844522968198	0.0026096033402922755	0.004081632653061225	0.0038211692777990066	0.002730109204368175	0.003850596842510589	0.0031191515907673115	0.003215434083601286	0.004243281471004243	0.004288777698355968	0.0034777956126270733	0.004850746268656716	0.005925925925925926	0.002459016393442623	0.0047377326565143825	0.0070052539404553416	0.00429000429000429	0.0126723816623183	0.02754142409314823
	Total # checklists submitted - (Pileated Woodpecker)	4647	3500	3030	4287	2903	3748	5456	3029	3408	3753	4232	5749	4440	4239	4476	6551	6922	7075	6598	6179	2698	2324	2065	2539	1804	1603	1555	2203	1630	1698	1916	2940	2617	2564	2597	3206	2799	2828	2798	3738	2680	2700	2440	2955	2284	2331	2683	4466
	
Birds Per Party Hour
	Pileated Woodpecker	1.5744817482328148	0.7955410228548125	0.8846228994938665	0.9561908296625774	2.5367223102244787	1.025956479276363	2.9920809447874612	1.2705555174629664	1.3162497393929578	1.674241783601622	2.0429215956379867	1.7781815095466407	2.178708089312285	0.7151053783346772	0.8827508170145267	1.1623228243378716	1.291454173376556	2.692512901948789	2.727197926567831	1.6885450872721322	0.6142392318277432	2.8028760123463883	1.7728933459360683	0.3630894976232003	0.23	3.7063492063492065	9.340942100258447	1.5758751718004689	1.9898175826584483	0.6446782074329317	0.3948772513865167	0.7054501175191187	1.9553364455139288	1.266002993449174	1.009606135009025	0.8729194654187408	0.7163048865964087	0.6212751269708494	2.238906800042473	0.680698316827932	0.5246210118640163	0.5384088134088134	1.0615236061311584	0.884244871249057	1.2451616580556217	0.9968648414934537	0.5724559386850362	0.40697609490848535
	# checklists reporting species - (Pileated Woodpecker)	47	33	24	53	23	23	40	26	22	29	51	46	28	36	23	55	45	44	28	35	21	16	11	9	5	6	17	7	8	5	8	9	8	10	10	9	9	15	13	17	17	22	7	16	13	11	30	94
	
High Count
	Pileated Woodpecker	2	4	2	2	2	2	2	2	2	1	2	2	2	2	2	4	2	2	2	2	1	2	2	1	1	2	2	3	4	3	3	2	2	2	2	2	1	1	2	2	1	1	1	1	2	1	4	3
	# checklists reporting species - (Pileated Woodpecker)	56	35	27	57	24	25	45	30	28	31	53	50	36	41	30	61	50	53	35	41	29	24	16	18	12	11	17	9	8	5	10	12	10	12	12	10	10	16	13	18	18	23	9	17	16	12	30	96
	
Totals
	Pileated Woodpecker	57	41	27	62	26	28	51	31	29	31	58	52	37	42	30	67	52	54	34	42	29	24	17	18	12	12	18	10	17	7	12	15	12	12	12	12	10	15	14	20	18	23	7	16	18	11	37	123
	# checklists reporting species - (Pileated Woodpecker)	52	34	26	54	24	24	44	30	26	31	53	49	33	41	25	61	49	51	32	41	29	22	15	18	12	11	17	8	8	5	9	12	10	11	11	10	10	15	13	18	18	23	7	16	16	11	30	94
	
Average Count
	Pileated Woodpecker	1.0961538461538463	1.2058823529411764	1.0384615384615385	1.1481481481481481	1.0833333333333333	1.1666666666666667	1.1590909090909092	1.0333333333333334	1.1153846153846154	1.0	1.0943396226415094	1.0612244897959184	1.121212121212121	1.024390243902439	1.2	1.098360655737705	1.0612244897959184	1.0588235294117647	1.0625	1.024390243902439	1.0	1.0909090909090908	1.1333333333333333	1.0	1.0	1.0909090909090908	1.0588235294117647	1.25	2.125	1.4	1.3333333333333333	1.25	1.2	1.0909090909090908	1.0909090909090908	1.2	1.0	1.0	1.0769230769230769	1.1111111111111112	1.0	1.0	1.0	1.0	1.125	1.0	1.2333333333333334	1.3085106382978724
	# checklists reporting species - (Pileated Woodpecker)	52	34	26	54	24	24	44	30	26	31	53	49	33	41	25	61	49	51	32	41	29	22	15	18	12	11	17	8	8	5	9	12	10	11	11	10	10	15	13	18	18	23	7	16	16	11	30	94
	
