

	Week starting on...	1/1	1/8	1/15	1/22	2/1	2/8	2/15	2/22	3/1	3/8	3/15	3/22	4/1	4/8	4/15	4/22	5/1	5/8	5/15	5/22	6/1	6/8	6/15	6/22	7/1	7/8	7/15	7/22	8/1	8/8	8/15	8/22	9/1	9/8	9/15	9/22	10/1	10/8	10/15	10/22	11/1	11/8	11/15	11/22	12/1	12/8	12/15	12/22
Frequency (%)
	Baird's Sandpiper	0.0	0.0	0.0	0.0	0.0	0.0	0.0	0.0	0.0	0.0	0.0	0.0	0.0	0.0	0.0	0.0	0.014446691707598961	0.0	0.03031221582297666	0.08091924259588931	0.037064492216456635	0.0	0.0	0.0	0.0	0.0	0.12861736334405144	1.1802088061734	0.245398773006135	0.88339222614841	3.1837160751565765	3.9795918367346936	2.6366068016813142	2.1060842433697347	2.0793222949557184	0.2495321272613849	0.17863522686673813	0.24752475247524752	0.035739814152966405	0.08025682182985554	0.0373134328358209	0.0	0.0	0.0	0.0	0.0	0.0	0.0
	Total # checklists submitted - (Baird's Sandpiper)	4647	3500	3030	4287	2903	3748	5456	3029	3408	3753	4232	5749	4440	4239	4476	6551	6922	7075	6598	6179	2698	2324	2065	2539	1804	1603	1555	2203	1630	1698	1916	2940	2617	2564	2597	3206	2799	2828	2798	3738	2680	2700	2440	2955	2284	2331	2683	4466
	
Abundance
	Baird's Sandpiper	0.0	0.0	0.0	0.0	0.0	0.0	0.0	0.0	0.0	0.0	0.0	0.0	0.0	0.0	0.0	0.0	1.444669170759896E-4	0.0	3.031221582297666E-4	0.0017802233371095647	0.0018532246108228317	0.0	0.0	0.0	0.0	0.0	0.002572347266881029	0.017249205628688154	0.0018404907975460123	0.010011778563015312	0.048538622129436326	0.07414965986394557	0.05349636988918609	0.05694227769110764	0.04620716211012707	0.009981285090455396	0.006073597713469096	0.004243281471004243	7.147962830593281E-4	8.025682182985554E-4	3.7313432835820896E-4	0.0	0.0	0.0	0.0	0.0	0.0	0.0
	Total # checklists submitted - (Baird's Sandpiper)	4647	3500	3030	4287	2903	3748	5456	3029	3408	3753	4232	5749	4440	4239	4476	6551	6922	7075	6598	6179	2698	2324	2065	2539	1804	1603	1555	2203	1630	1698	1916	2940	2617	2564	2597	3206	2799	2828	2798	3738	2680	2700	2440	2955	2284	2331	2683	4466
	
Birds Per Party Hour
	Baird's Sandpiper	0.0	0.0	0.0	0.0	0.0	0.0	0.0	0.0	0.0	0.0	0.0	0.0	0.0	0.0	0.0	0.0	0.13333333333333333	0.0	0.17142857142857143	0.6132034632034632	2.5	0.5	0.0	0.0	0.0	0.0	1.7501875468867216	0.640093013084286	0.31723523874296394	0.8861889413046776	0.9939671182045463	1.1149833584169628	0.8732520927490495	0.9837297367397403	0.6179674837571193	0.5932800751879699	1.8674603174603175	0.5641376470600546	1.1	0.2510822510822511	0.5	0.0	0.0	0.0	0.0	0.0	0.0	0.0
	# checklists reporting species - (Baird's Sandpiper)	0.0	0.0	0.0	0.0	0.0	0.0	0.0	0.0	0.0	0.0	0.0	0.0	0.0	0.0	0.0	0.0	1	0.0	2	5	1	1	0.0	0.0	0.0	0.0	2	27	3	20	69	134	73	50	55	8	5	7	2	3	1	0	0.0	0.0	0.0	0.0	0.0	0.0
	
High Count
	Baird's Sandpiper	0.0	0.0	0.0	0.0	0.0	0.0	0.0	0.0	0.0	0.0	0.0	0.0	0.0	0.0	0.0	0.0	1	0.0	1	5	5	2	0.0	0.0	0.0	0.0	2	12	1	2	6	10	14	20	30	10	5	3	2	1	1	1	0.0	0.0	0.0	0.0	0.0	0.0
	# checklists reporting species - (Baird's Sandpiper)	0.0	0.0	0.0	0.0	0.0	0.0	0.0	0.0	0.0	0.0	0.0	0.0	0.0	0.0	0.0	0.0	1	0.0	2	5	1	1	0.0	0.0	0.0	0.0	3	29	5	20	72	145	79	60	63	11	6	8	2	3	1	1	0.0	0.0	0.0	0.0	0.0	0.0
	
Totals
	Baird's Sandpiper	0.0	0.0	0.0	0.0	0.0	0.0	0.0	0.0	0.0	0.0	0.0	0.0	0.0	0.0	0.0	0.0	1	0.0	2	11	5	2	0.0	0.0	0.0	0.0	6	41	3	22	109	268	153	159	133	35	19	14	3	3	1	1	0.0	0.0	0.0	0.0	0.0	0.0
	# checklists reporting species - (Baird's Sandpiper)	0.0	0.0	0.0	0.0	0.0	0.0	0.0	0.0	0.0	0.0	0.0	0.0	0.0	0.0	0.0	0.0	1	0.0	2	5	1	1	0.0	0.0	0.0	0.0	3	29	3	20	72	141	77	57	60	10	6	8	2	3	1	1	0.0	0.0	0.0	0.0	0.0	0.0
	
Average Count
	Baird's Sandpiper	0.0	0.0	0.0	0.0	0.0	0.0	0.0	0.0	0.0	0.0	0.0	0.0	0.0	0.0	0.0	0.0	1.0	0.0	1.0	2.2	5.0	2.0	0.0	0.0	0.0	0.0	2.0	1.4137931034482758	1.0	1.1	1.5138888888888888	1.900709219858156	1.9870129870129871	2.789473684210526	2.216666666666667	3.5	3.1666666666666665	1.75	1.5	1.0	1.0	1.0	0.0	0.0	0.0	0.0	0.0	0.0
	# checklists reporting species - (Baird's Sandpiper)	0.0	0.0	0.0	0.0	0.0	0.0	0.0	0.0	0.0	0.0	0.0	0.0	0.0	0.0	0.0	0.0	1	0.0	2	5	1	1	0.0	0.0	0.0	0.0	3	29	3	20	72	141	77	57	60	10	6	8	2	3	1	1	0.0	0.0	0.0	0.0	0.0	0.0
	
