

	Week starting on...	1/1	1/8	1/15	1/22	2/1	2/8	2/15	2/22	3/1	3/8	3/15	3/22	4/1	4/8	4/15	4/22	5/1	5/8	5/15	5/22	6/1	6/8	6/15	6/22	7/1	7/8	7/15	7/22	8/1	8/8	8/15	8/22	9/1	9/8	9/15	9/22	10/1	10/8	10/15	10/22	11/1	11/8	11/15	11/22	12/1	12/8	12/15	12/22
Frequency (%)
	Brant	0.0	0.0	0.0	0.0	0.0	0.0	0.0	0.0	0.029342723004694836	0.0	0.0	0.017394329448599758	0.0	0.0	0.0	0.0	0.08668015024559377	0.05653710247349823	0.3031221582297666	0.21039003074931217	0.0	0.0	0.0	0.07877116975187082	0.6097560975609756	0.0	0.0	0.0	0.0	0.0	0.0	0.03401360544217687	0.0	0.0	0.0	0.09357454772301933	0.07145409074669525	0.10608203677510608	0.6790564689063616	1.9529159978598183	0.6343283582089552	0.1851851851851852	0.20491803278688525	0.0676818950930626	0.043782837127845885	0.0	0.03727171077152441	0.0
	Total # checklists submitted - (Brant)	4647	3500	3030	4287	2903	3748	5456	3029	3408	3753	4232	5749	4440	4239	4476	6551	6922	7075	6598	6179	2698	2324	2065	2539	1804	1603	1555	2203	1630	1698	1916	2940	2617	2564	2597	3206	2799	2828	2798	3738	2680	2700	2440	2955	2284	2331	2683	4466
	
Abundance
	Brant	0.0	0.0	0.0	0.0	0.0	0.0	0.0	0.0	2.9342723004694836E-4	0.0	0.0	1.7394329448599757E-4	0.0	0.0	0.0	0.0	0.005489742848887605	0.003392226148409894	0.11367080933616247	0.017802233371095648	0.0	0.0	0.0	7.877116975187081E-4	0.006097560975609756	0.0	0.0	0.0	0.0	0.0	0.0	3.401360544217687E-4	0.0	0.0	0.0	0.009669369931378666	0.0014290818149339049	0.0021216407355021216	0.4392423159399571	0.06527554842161584	0.04626865671641791	0.001851851851851852	0.0028688524590163933	6.768189509306261E-4	4.3782837127845885E-4	0.0	3.727171077152441E-4	0.0
	Total # checklists submitted - (Brant)	4647	3500	3030	4287	2903	3748	5456	3029	3408	3753	4232	5749	4440	4239	4476	6551	6922	7075	6598	6179	2698	2324	2065	2539	1804	1603	1555	2203	1630	1698	1916	2940	2617	2564	2597	3206	2799	2828	2798	3738	2680	2700	2440	2955	2284	2331	2683	4466
	
Birds Per Party Hour
	Brant	0.0	0.0	0.0	0.0	0.0	0.0	0.0	0.0	0.8576329331046312	0.0	0.0	1.0	0.0	0.0	0.0	0.0	1.0029848090219606	1.7735684071003894	164.3032143639135	4.6287882437031005	0.0	0.0	0.0	0.9473500697350069	2.0701911134623825	0.0	0.0	0.0	0.0	0.0	0.0	0.0	0.0	0.0	0.0	2.619862660783377	3.1578947368421053	0.5873015873015873	14.86077512767807	3.9532883779663024	2.6365341383371255	1.266744422994423	3.1333333333333333	2.8228987993138936	0.5	0.0	0.0	1.0
	# checklists reporting species - (Brant)	0.0	0.0	0.0	0.0	0.0	0.0	0.0	0.0	2	0.0	0.0	1	0	0.0	0.0	0.0	6	7	33	15	1	0.0	0.0	2	13	0.0	0.0	0.0	0.0	0.0	0.0	1	0.0	0.0	0.0	3	1	3	23	88	24	8	4	2	1	0.0	0	1
	
High Count
	Brant	0.0	0.0	0.0	0.0	0.0	0.0	0.0	0.0	1	0.0	0.0	1	1	0.0	0.0	0.0	15	15	88	41	2	0.0	0.0	1	1	0.0	0.0	0.0	0.0	0.0	0.0	1	0.0	0.0	0.0	20	3	39	185	80	34	5	3	3	1	0.0	1	1
	# checklists reporting species - (Brant)	0.0	0.0	0.0	0.0	0.0	0.0	0.0	0.0	2	0.0	0.0	1	1	0.0	0.0	0.0	6	8	33	16	1	0.0	0.0	2	14	0.0	0.0	0.0	0.0	0.0	0.0	2	0.0	0.0	0.0	4	2	5	23	89	24	10	5	5	1	0.0	1	1
	
Totals
	Brant	0.0	0.0	0.0	0.0	0.0	0.0	0.0	0.0	2	0.0	0.0	1	0	0.0	0.0	0.0	38	38	1435	146	2	0.0	0.0	2	14	0.0	0.0	0.0	0.0	0.0	0.0	2	0.0	0.0	0.0	32	4	45	1285	262	161	22	7	7	1	0.0	1	1
	# checklists reporting species - (Brant)	0.0	0.0	0.0	0.0	0.0	0.0	0.0	0.0	2	0.0	0.0	1	0	0.0	0.0	0.0	6	8	33	16	1	0.0	0.0	2	14	0.0	0.0	0.0	0.0	0.0	0.0	2	0.0	0.0	0.0	4	2	4	23	89	24	9	5	5	1	0.0	1	1
	
Average Count
	Brant	0.0	0.0	0.0	0.0	0.0	0.0	0.0	0.0	1.0	0.0	0.0	1.0	0.0	0.0	0.0	0.0	6.333333333333333	4.75	43.484848484848484	9.125	2.0	0.0	0.0	1.0	1.0	0.0	0.0	0.0	0.0	0.0	0.0	1.0	0.0	0.0	0.0	8.0	2.0	11.25	55.869565217391305	2.943820224719101	6.708333333333333	2.4444444444444446	1.4	1.4	1.0	0.0	1.0	1.0
	# checklists reporting species - (Brant)	0.0	0.0	0.0	0.0	0.0	0.0	0.0	0.0	2	0.0	0.0	1	0	0.0	0.0	0.0	6	8	33	16	1	0.0	0.0	2	14	0.0	0.0	0.0	0.0	0.0	0.0	2	0.0	0.0	0.0	4	2	4	23	89	24	9	5	5	1	0.0	1	1
	
