

	Week starting on...	1/1	1/8	1/15	1/22	2/1	2/8	2/15	2/22	3/1	3/8	3/15	3/22	4/1	4/8	4/15	4/22	5/1	5/8	5/15	5/22	6/1	6/8	6/15	6/22	7/1	7/8	7/15	7/22	8/1	8/8	8/15	8/22	9/1	9/8	9/15	9/22	10/1	10/8	10/15	10/22	11/1	11/8	11/15	11/22	12/1	12/8	12/15	12/22
Frequency (%)
	Yellow Warbler	0.0	0.0	0.0	0.0	0.0	0.0	0.0	0.0	0.0	0.0	0.0	0.0	0.0	0.0	0.0	2.4423752098916194	31.9127419820861	43.109540636042404	52.25826007881176	50.817284350218486	38.695329873980725	36.316695352839936	35.83535108958838	26.230799527372984	25.554323725055433	23.64316905801622	23.536977491961412	24.42124375851112	24.662576687116562	23.498233215547703	17.171189979123174	11.224489795918368	9.743981658387467	4.212168486739469	2.002310358105506	0.6238303181534623	0.35727045373347627	0.24752475247524752	0.14295925661186562	0.1070090957731407	0.0373134328358209	0.1851851851851852	0.20491803278688525	0.0338409475465313	0.043782837127845885	0.0	0.03727171077152441	0.022391401701746527
	Total # checklists submitted - (Yellow Warbler)	4647	3500	3030	4287	2903	3748	5456	3029	3408	3753	4232	5749	4440	4239	4476	6551	6922	7075	6598	6179	2698	2324	2065	2539	1804	1603	1555	2203	1630	1698	1916	2940	2617	2564	2597	3206	2799	2828	2798	3738	2680	2700	2440	2955	2284	2331	2683	4466
	
Abundance
	Yellow Warbler	0.0	0.0	0.0	0.0	0.0	0.0	0.0	0.0	0.0	0.0	0.0	0.0	0.0	0.0	0.0	0.04548923828423142	1.5197919676394105	3.1730035335689046	4.67444680206123	4.12833791875708	2.4243884358784284	1.9311531841652323	1.691041162227603	1.1217014572666404	1.191241685144124	0.9787897691827823	1.1536977491961415	1.371765773944621	1.8331288343558283	1.2255594817432274	0.7150313152400835	0.22959183673469388	0.1753916698509744	0.05655226209048362	0.02502887947631883	0.007797878976918278	0.00857449088960343	0.0024752475247524753	0.0014295925661186562	0.001070090957731407	3.7313432835820896E-4	0.001851851851851852	0.0020491803278688526	3.3840947546531303E-4	4.3782837127845885E-4	0.0	3.727171077152441E-4	2.239140170174653E-4
	Total # checklists submitted - (Yellow Warbler)	4647	3500	3030	4287	2903	3748	5456	3029	3408	3753	4232	5749	4440	4239	4476	6551	6922	7075	6598	6179	2698	2324	2065	2539	1804	1603	1555	2203	1630	1698	1916	2940	2617	2564	2597	3206	2799	2828	2798	3738	2680	2700	2440	2955	2284	2331	2683	4466
	
Birds Per Party Hour
	Yellow Warbler	0.0	0.0	0.0	0.0	0.0	0.0	0.0	0.0	0.0	0.0	0.0	0.0	0.0	0.0	0.0	1.2321897736965661	2.7139272721190952	4.222249725619225	4.615201809592461	4.372926686693995	4.867842424303658	5.370104947805419	6.34207938242611	4.801864575842176	4.244269829193309	2.8878269407802994	3.441410179514873	3.4064750298206614	3.898145359363197	3.9443979002195073	1.5285445771114576	1.001095992152188	0.9335743815632017	0.5290141341444491	0.5069686875469004	0.3357504964481286	0.7074661142911147	0.3244787828970386	0.36070576261669124	0.2597289387116629	0.4	0.7683443484155228	0.3836517840683836	0.25	0.3333333333333333	0.0	0.4	0.4444444444444444
	# checklists reporting species - (Yellow Warbler)	0.0	0.0	0.0	0.0	0.0	0.0	0.0	0.0	0.0	0.0	0.0	0.0	0.0	0.0	0.0	156	2443	3511	3952	3561	1171	800	707	658	445	363	358	525	405	407	338	352	258	120	57	23	11	7	4	4	1	5	5	1	1	0.0	1	1
	
High Count
	Yellow Warbler	0.0	0.0	0.0	0.0	0.0	0.0	0.0	0.0	0.0	0.0	0.0	0.0	0.0	0.0	0.0	12	60	150	250	150	100	100	50	66	100	40	60	75	200	75	45	25	9	6	3	3	15	1	1	1	1	1	1	1	1	0.0	1	1
	# checklists reporting species - (Yellow Warbler)	0.0	0.0	0.0	0.0	0.0	0.0	0.0	0.0	0.0	0.0	0.0	0.0	0.0	0.0	0.0	174	2636	3885	4405	3983	1288	888	768	709	486	398	383	565	445	448	362	377	278	122	58	23	11	8	4	4	1	5	5	1	1	0.0	1	1
	
Totals
	Yellow Warbler	0.0	0.0	0.0	0.0	0.0	0.0	0.0	0.0	0.0	0.0	0.0	0.0	0.0	0.0	0.0	310	11501	25054	33770	27865	6995	4600	3571	2914	2192	1593	1818	3089	3173	2311	1508	757	490	167	72	29	25	8	4	4	1	5	5	1	1	0.0	1	1
	# checklists reporting species - (Yellow Warbler)	0.0	0.0	0.0	0.0	0.0	0.0	0.0	0.0	0.0	0.0	0.0	0.0	0.0	0.0	0.0	161	2509	3586	4022	3630	1187	819	715	668	454	368	359	539	415	420	344	360	266	121	57	23	11	8	4	4	1	5	5	1	1	0.0	1	1
	
Average Count
	Yellow Warbler	0.0	0.0	0.0	0.0	0.0	0.0	0.0	0.0	0.0	0.0	0.0	0.0	0.0	0.0	0.0	1.9254658385093169	4.5838979673176565	6.986614612381484	8.39632023868722	7.676308539944904	5.893007582139848	5.616605616605616	4.9944055944055945	4.362275449101796	4.828193832599119	4.328804347826087	5.064066852367688	5.7309833024118735	7.645783132530121	5.502380952380952	4.383720930232558	2.102777777777778	1.8421052631578947	1.3801652892561984	1.263157894736842	1.2608695652173914	2.272727272727273	1.0	1.0	1.0	1.0	1.0	1.0	1.0	1.0	0.0	1.0	1.0
	# checklists reporting species - (Yellow Warbler)	0.0	0.0	0.0	0.0	0.0	0.0	0.0	0.0	0.0	0.0	0.0	0.0	0.0	0.0	0.0	161	2509	3586	4022	3630	1187	819	715	668	454	368	359	539	415	420	344	360	266	121	57	23	11	8	4	4	1	5	5	1	1	0.0	1	1
	
