

	Week starting on...	1/1	1/8	1/15	1/22	2/1	2/8	2/15	2/22	3/1	3/8	3/15	3/22	4/1	4/8	4/15	4/22	5/1	5/8	5/15	5/22	6/1	6/8	6/15	6/22	7/1	7/8	7/15	7/22	8/1	8/8	8/15	8/22	9/1	9/8	9/15	9/22	10/1	10/8	10/15	10/22	11/1	11/8	11/15	11/22	12/1	12/8	12/15	12/22
Frequency (%)
	Mallard	46.632235851086726	43.82857142857143	40.5940594059406	42.82715185444367	41.233207027213226	29.535752401280686	28.152492668621704	43.24859689666557	44.92370892018779	50.33306687982947	50.992438563327035	49.7999652113411	52.0045045045045	51.35645199339467	51.60857908847185	51.778354449702334	47.83299624386015	44.593639575971736	45.52894816611094	48.58391325457194	41.845811712379536	39.586919104991395	36.65859564164649	31.193383221740845	35.86474501108648	36.55645664379289	40.12861736334405	41.76123467998185	43.86503067484663	41.69611307420495	45.61586638830898	45.20408163265306	45.128009170806266	44.11076443057722	41.393916056988836	41.734248284466624	40.26438013576277	42.220650636492216	42.81629735525375	46.3884430176565	48.3955223880597	50.11111111111111	47.13114754098361	44.09475465313029	45.97197898423818	45.94594594594595	44.16697726425643	47.492163009404386
	Total # checklists submitted - (Mallard)	4647	3500	3030	4287	2903	3748	5456	3029	3408	3753	4232	5749	4440	4239	4476	6551	6922	7075	6598	6179	2698	2324	2065	2539	1804	1603	1555	2203	1630	1698	1916	2940	2617	2564	2597	3206	2799	2828	2798	3738	2680	2700	2440	2955	2284	2331	2683	4466
	
Abundance
	Mallard	22.66817301484829	28.591714285714286	22.731023102310232	24.24306041520877	22.832931450223906	18.739327641408753	15.467558651026392	20.16936282601519	19.642605633802816	16.188116173727686	13.148156899810964	9.45329622543051	7.238288288288288	5.780608634111819	4.904155495978553	4.238894825217524	3.3439757295579313	2.8867844522968196	3.016520157623522	3.9147111183039325	4.058191252779837	4.755163511187607	4.91089588377724	4.703032690035447	6.218403547671841	6.541484716157205	7.64823151125402	8.136631865637767	9.530061349693252	8.992932862190813	9.910229645093946	9.656462585034014	9.713794421092855	10.061622464898596	9.499037350789372	9.938552713661885	9.23829939264023	10.306577086280056	10.408863473909935	10.581861958266453	11.501492537313434	11.83148148148148	12.620081967213114	11.923181049069374	14.70446584938704	18.13942513942514	23.837122623928437	23.169278996865202
	Total # checklists submitted - (Mallard)	4647	3500	3030	4287	2903	3748	5456	3029	3408	3753	4232	5749	4440	4239	4476	6551	6922	7075	6598	6179	2698	2324	2065	2539	1804	1603	1555	2203	1630	1698	1916	2940	2617	2564	2597	3206	2799	2828	2798	3738	2680	2700	2440	2955	2284	2331	2683	4466
	
Birds Per Party Hour
	Mallard	84.8547151832951	91.3749712192203	93.53624787769262	95.01664247656228	99.99507120409282	107.19470570197616	82.09016406063722	67.9613969815345	76.26325759932755	41.75716031738967	30.122251171555764	23.885706075950523	14.917199471138542	10.948046077268433	9.936051818215347	8.123795635976899	5.365229358674104	5.3238979043528145	5.056979085287377	6.303790765945856	10.523661769246756	13.13183425131336	18.33667788147359	19.03440253641699	19.78701982098383	19.611045474055082	19.50578411912961	19.562705661557096	21.44929090530929	22.618526218950613	18.75195545819475	21.529465350555682	20.292262427771924	18.80643326897164	20.881344349082934	22.971290862185278	24.333409509314244	20.105338037973347	25.50277806887857	21.65983000430337	22.48735218736024	28.22515868863219	30.15704040670659	36.18084211472096	39.89688559599828	53.68178166083758	53.779387460463425	48.49401612617625
	# checklists reporting species - (Mallard)	1962	1399	1106	1626	1045	995	1422	1193	1385	1690	1928	2614	2115	2020	2157	3145	3135	3005	2866	2851	1093	871	712	748	597	536	583	858	646	674	819	1218	1064	1035	976	1211	1045	1092	1103	1591	1194	1220	1072	1197	966	983	1106	1980
	
High Count
	Mallard	1794	1980	810	2000	658	1250	600	1000	1000	500	599	470	320	120	250	116	51	75	300	100	70	100	169	120	200	120	160	207	183	150	181	250	182	236	205	250	258	299	300	200	800	1000	250	360	262	530	1482	1120
	# checklists reporting species - (Mallard)	2318	1637	1315	1961	1273	1160	1632	1397	1626	1994	2255	3008	2430	2291	2439	3554	3507	3339	3151	3189	1227	976	816	861	715	628	661	996	758	771	947	1422	1245	1186	1156	1409	1219	1286	1300	1871	1397	1433	1227	1401	1124	1150	1280	2257
	
Totals
	Mallard	108156	104450	71043	109516	67511	71910	88113	64104	68349	62559	56424	55171	32709	25124	22463	28552	23714	21195	20422	24954	11303	11270	10380	12391	11390	10698	12085	18421	15803	15756	19484	29269	25744	26196	26040	32575	26911	30338	30191	41089	32171	33761	32030	36425	34395	43762	68009	106406
	# checklists reporting species - (Mallard)	2019	1451	1141	1683	1076	1018	1457	1235	1412	1716	1953	2664	2159	2071	2208	3200	3199	3049	2890	2889	1115	889	730	769	618	540	587	873	658	686	834	1245	1085	1051	1007	1234	1070	1124	1128	1631	1224	1243	1090	1228	993	1014	1145	2022
	
Average Count
	Mallard	53.56909361069837	71.98483804272915	62.263803680981596	65.0718954248366	62.74256505576208	70.6385068762279	60.47563486616335	51.90607287449393	48.405807365439095	36.45629370629371	28.89093701996928	20.709834834834833	15.150069476609541	12.131337518107195	10.173460144927537	8.9225	7.412941544232573	6.951459494916366	7.06643598615917	8.637590861889928	10.137219730941704	12.67716535433071	14.219178082191782	16.113133940182056	18.43042071197411	19.81111111111111	20.587734241908006	21.100801832760595	24.01671732522796	22.96793002915452	23.362110311750598	23.509236947791166	23.727188940092166	24.924833491912466	25.858987090367428	26.397893030794165	25.150467289719625	26.991103202846976	26.765070921985817	25.192519926425504	26.283496732026144	27.160901045856797	29.38532110091743	29.662052117263844	34.637462235649544	43.15779092702169	59.39650655021834	52.624134520276954
	# checklists reporting species - (Mallard)	2019	1451	1141	1683	1076	1018	1457	1235	1412	1716	1953	2664	2159	2071	2208	3200	3199	3049	2890	2889	1115	889	730	769	618	540	587	873	658	686	834	1245	1085	1051	1007	1234	1070	1124	1128	1631	1224	1243	1090	1228	993	1014	1145	2022
	
