

	Week starting on...	1/1	1/8	1/15	1/22	2/1	2/8	2/15	2/22	3/1	3/8	3/15	3/22	4/1	4/8	4/15	4/22	5/1	5/8	5/15	5/22	6/1	6/8	6/15	6/22	7/1	7/8	7/15	7/22	8/1	8/8	8/15	8/22	9/1	9/8	9/15	9/22	10/1	10/8	10/15	10/22	11/1	11/8	11/15	11/22	12/1	12/8	12/15	12/22
Frequency (%)
	Broad-winged Hawk	0.0	0.0	0.0	0.0	0.0	0.0	0.0	0.0	0.0	0.0	0.0	0.017394329448599758	0.04504504504504504	0.02359046945034206	0.044682752457551385	0.5800641123492597	0.2889338341519792	0.35335689045936397	0.18187329493785995	0.32367697038355725	0.0	0.08605851979345956	0.0	0.03938558487593541	0.0	0.06238303181534623	0.06430868167202572	0.09078529278256922	0.0	0.17667844522968199	0.5219206680584552	1.3605442176870748	4.126862820022927	7.17628705148206	6.7000385059684255	4.366812227074235	2.572347266881029	0.6364922206506365	0.5718370264474625	0.13376136971642588	0.0	0.07407407407407407	0.0	0.0	0.0	0.0	0.0	0.0
	Total # checklists submitted - (Broad-winged Hawk)	4647	3500	3030	4287	2903	3748	5456	3029	3408	3753	4232	5749	4440	4239	4476	6551	6922	7075	6598	6179	2698	2324	2065	2539	1804	1603	1555	2203	1630	1698	1916	2940	2617	2564	2597	3206	2799	2828	2798	3738	2680	2700	2440	2955	2284	2331	2683	4466
	
Abundance
	Broad-winged Hawk	0.0	0.0	0.0	0.0	0.0	0.0	0.0	0.0	0.0	0.0	0.0	0.0	4.5045045045045046E-4	2.3590469450342062E-4	6.702412868632708E-4	0.019996947030987637	0.004622941346431667	0.004098939929328622	0.0022734161867232496	0.005502508496520473	0.0	8.605851979345956E-4	0.0	3.9385584875935406E-4	0.0	6.238303181534623E-4	6.430868167202572E-4	0.0013617793917385383	0.0	0.0076560659599528855	0.005219206680584551	0.05068027210884354	0.7974780282766527	5.581903276131046	16.139776665383135	1.0439800374298192	0.13433369060378705	0.007779349363507779	0.010007147962830594	0.001337613697164259	0.0	7.407407407407407E-4	0.0	0.0	0.0	0.0	0.0	0.0
	Total # checklists submitted - (Broad-winged Hawk)	4647	3500	3030	4287	2903	3748	5456	3029	3408	3753	4232	5749	4440	4239	4476	6551	6922	7075	6598	6179	2698	2324	2065	2539	1804	1603	1555	2203	1630	1698	1916	2940	2617	2564	2597	3206	2799	2828	2798	3738	2680	2700	2440	2955	2284	2331	2683	4466
	
Birds Per Party Hour
	Broad-winged Hawk	0.0	0.0	0.0	0.0	0.0	0.0	0.0	0.0	0.0	0.0	0.0	0.0	0.2777777777777778	0.3333333333333333	1.0	1.5032975328523295	1.8010905611954044	1.3004633506551075	0.711754290792438	5.871303813465817	0.0	0.5014753084847626	0.0	0.25	0.0	4.0	0.0	6.274096385542169	0.0	0.8278521424724978	1.9594980448738981	1.2063281708847	5.239038419178959	69.22079041994172	93.66108246408234	8.92317607640503	6.504049873715721	2.66862171268037	0.7659621994089987	0.2815384615384615	0.0	0.28236607142857145	0.0	0.0	0.0	0.0	0.0	0.0
	# checklists reporting species - (Broad-winged Hawk)	0.0	0.0	0.0	0.0	0.0	0.0	0.0	0.0	0.0	0.0	0.0	1	2	1	3	43	23	25	17	22	0.0	2	0.0	1	0.0	1	0	2	0.0	4	17	51	145	276	301	230	108	30	22	5	0.0	2	0.0	0.0	0.0	0.0	0.0	0.0
	
High Count
	Broad-winged Hawk	0.0	0.0	0.0	0.0	0.0	0.0	0.0	0.0	0.0	0.0	0.0	1	1	1	2	72	8	3	5	8	0.0	1	0.0	1	0.0	1	1	2	0.0	8	9	57	261	2683	7060	537	141	19	8	2	0.0	1	0.0	0.0	0.0	0.0	0.0	0.0
	# checklists reporting species - (Broad-winged Hawk)	0.0	0.0	0.0	0.0	0.0	0.0	0.0	0.0	0.0	0.0	0.0	2	2	1	5	47	27	27	18	23	0.0	2	0.0	1	0.0	1	1	2	0.0	4	17	54	151	298	317	241	114	30	22	6	0.0	2	0.0	0.0	0.0	0.0	0.0	0.0
	
Totals
	Broad-winged Hawk	0.0	0.0	0.0	0.0	0.0	0.0	0.0	0.0	0.0	0.0	0.0	1	2	1	6	141	39	30	21	37	0.0	2	0.0	1	0.0	1	1	3	0.0	14	30	173	2535	27991	57459	4911	1071	91	40	7	0.0	2	0.0	0.0	0.0	0.0	0.0	0.0
	# checklists reporting species - (Broad-winged Hawk)	0.0	0.0	0.0	0.0	0.0	0.0	0.0	0.0	0.0	0.0	0.0	1	2	1	5	44	26	26	17	23	0.0	2	0.0	1	0.0	1	1	2	0.0	4	17	54	146	289	312	236	112	30	22	6	0.0	2	0.0	0.0	0.0	0.0	0.0	0.0
	
Average Count
	Broad-winged Hawk	0.0	0.0	0.0	0.0	0.0	0.0	0.0	0.0	0.0	0.0	0.0	1.0	1.0	1.0	1.2	3.2045454545454546	1.5	1.1538461538461537	1.2352941176470589	1.608695652173913	0.0	1.0	0.0	1.0	0.0	1.0	1.0	1.5	0.0	3.5	1.7647058823529411	3.2037037037037037	17.363013698630137	96.85467128027682	184.16346153846155	20.809322033898304	9.5625	3.033333333333333	1.8181818181818181	1.1666666666666667	0.0	1.0	0.0	0.0	0.0	0.0	0.0	0.0
	# checklists reporting species - (Broad-winged Hawk)	0.0	0.0	0.0	0.0	0.0	0.0	0.0	0.0	0.0	0.0	0.0	1	2	1	5	44	26	26	17	23	0.0	2	0.0	1	0.0	1	1	2	0.0	4	17	54	146	289	312	236	112	30	22	6	0.0	2	0.0	0.0	0.0	0.0	0.0	0.0
	
