

	Week starting on...	1/1	1/8	1/15	1/22	2/1	2/8	2/15	2/22	3/1	3/8	3/15	3/22	4/1	4/8	4/15	4/22	5/1	5/8	5/15	5/22	6/1	6/8	6/15	6/22	7/1	7/8	7/15	7/22	8/1	8/8	8/15	8/22	9/1	9/8	9/15	9/22	10/1	10/8	10/15	10/22	11/1	11/8	11/15	11/22	12/1	12/8	12/15	12/22
Frequency (%)
	Lesser Yellowlegs	0.0	0.0	0.0	0.0	0.0	0.0	0.0	0.0	0.0	0.0	0.0	0.0	0.0	0.0	0.20107238605898123	1.0380094642039384	2.802658191274198	3.4063604240282688	2.258260078811761	1.1005016993040946	0.14825796886582654	0.04302925989672978	0.048426150121065374	0.15754233950374164	0.720620842572062	2.432938240798503	5.337620578778135	5.220154334997731	7.177914110429448	13.133097762073026	12.473903966597078	11.870748299319727	7.107374856706151	4.5241809672386895	2.5798998844820944	1.2476606363069247	1.5362629510539478	1.0961810466760962	0.8934953538241601	0.588550026752274	0.11194029850746269	0.037037037037037035	0.0	0.0338409475465313	0.0	0.0	0.0	0.0
	Total # checklists submitted - (Lesser Yellowlegs)	4647	3500	3030	4287	2903	3748	5456	3029	3408	3753	4232	5749	4440	4239	4476	6551	6922	7075	6598	6179	2698	2324	2065	2539	1804	1603	1555	2203	1630	1698	1916	2940	2617	2564	2597	3206	2799	2828	2798	3738	2680	2700	2440	2955	2284	2331	2683	4466
	
Abundance
	Lesser Yellowlegs	0.0	0.0	0.0	0.0	0.0	0.0	0.0	0.0	0.0	0.0	0.0	0.0	0.0	0.0	0.003351206434316354	0.022439322240879255	0.09289222767986131	0.10501766784452297	0.04683237344649894	0.01844958731186276	0.0014825796886582653	4.302925989672978E-4	4.8426150121065375E-4	0.0019692792437967705	0.03048780487804878	0.048658764815970056	0.16591639871382638	0.26009986382206085	0.4539877300613497	0.5965842167255595	0.6612734864300627	0.6530612244897959	0.20061138708444784	0.14040561622464898	0.09125914516750096	0.044915782907049284	0.022150768131475526	0.03500707213578501	0.02394567548248749	0.02086677367576244	0.0018656716417910447	0.0014814814814814814	0.0	3.3840947546531303E-4	0.0	0.0	0.0	0.0
	Total # checklists submitted - (Lesser Yellowlegs)	4647	3500	3030	4287	2903	3748	5456	3029	3408	3753	4232	5749	4440	4239	4476	6551	6922	7075	6598	6179	2698	2324	2065	2539	1804	1603	1555	2203	1630	1698	1916	2940	2617	2564	2597	3206	2799	2828	2798	3738	2680	2700	2440	2955	2284	2331	2683	4466
	
Birds Per Party Hour
	Lesser Yellowlegs	0.0	0.0	0.0	0.0	0.0	0.0	0.0	0.0	0.0	0.0	0.0	0.0	0.0	0.0	3.808401311378251	1.0837843821895223	1.6286955154420117	1.9047031634817093	0.8841808787864721	0.5059737630988369	0.4214346524634467	0.11764705882352941	0.25	4.615906362545018	1.9007810245942964	2.5651856319538964	2.739951892851055	2.285820559210064	3.5005159431201807	3.431974528615379	3.3038502518239663	3.582602527262698	1.8402888879596773	1.4658963095089481	1.3042795033319028	3.407201316803497	1.7852046740832512	1.7247221041754626	2.2437138582003993	3.7258665354952503	0.6392496392496393	0.8421052631578947	0.0	0.3333333333333333	0.0	0.0	0.0	0.0
	# checklists reporting species - (Lesser Yellowlegs)	0.0	0.0	0.0	0.0	0.0	0.0	0.0	0.0	0.0	0.0	0.0	0.0	0.0	0.0	11	68	199	256	152	73	4	1	1	5	21	45	96	137	123	265	270	370	195	112	72	39	37	33	24	21	3	1	0.0	1	0.0	0.0	0.0	0.0
	
High Count
	Lesser Yellowlegs	0.0	0.0	0.0	0.0	0.0	0.0	0.0	0.0	0.0	0.0	0.0	0.0	0.0	0.0	5	37	19	18	9	12	1	1	1	15	23	20	20	150	50	40	105	100	30	40	35	30	8	27	7	30	2	4	0.0	1	0.0	0.0	0.0	0.0
	# checklists reporting species - (Lesser Yellowlegs)	0.0	0.0	0.0	0.0	0.0	0.0	0.0	0.0	0.0	0.0	0.0	0.0	0.0	0.0	11	75	208	264	158	76	5	1	1	5	24	52	104	158	145	283	285	416	209	129	83	47	47	33	30	23	3	1	0.0	1	0.0	0.0	0.0	0.0
	
Totals
	Lesser Yellowlegs	0.0	0.0	0.0	0.0	0.0	0.0	0.0	0.0	0.0	0.0	0.0	0.0	0.0	0.0	17	160	681	814	324	130	5	1	1	20	100	144	325	925	848	1216	1443	2164	573	400	270	166	69	105	73	79	5	4	0.0	1	0.0	0.0	0.0	0.0
	# checklists reporting species - (Lesser Yellowlegs)	0.0	0.0	0.0	0.0	0.0	0.0	0.0	0.0	0.0	0.0	0.0	0.0	0.0	0.0	11	72	205	259	154	75	5	1	1	5	23	48	100	152	136	276	278	398	200	125	80	42	41	33	27	23	3	1	0.0	1	0.0	0.0	0.0	0.0
	
Average Count
	Lesser Yellowlegs	0.0	0.0	0.0	0.0	0.0	0.0	0.0	0.0	0.0	0.0	0.0	0.0	0.0	0.0	1.5454545454545454	2.2222222222222223	3.321951219512195	3.142857142857143	2.103896103896104	1.7333333333333334	1.0	1.0	1.0	4.0	4.3478260869565215	3.0	3.25	6.0855263157894735	6.235294117647059	4.405797101449275	5.190647482014389	5.437185929648241	2.865	3.2	3.375	3.9523809523809526	1.6829268292682926	3.1818181818181817	2.7037037037037037	3.4347826086956523	1.6666666666666667	4.0	0.0	1.0	0.0	0.0	0.0	0.0
	# checklists reporting species - (Lesser Yellowlegs)	0.0	0.0	0.0	0.0	0.0	0.0	0.0	0.0	0.0	0.0	0.0	0.0	0.0	0.0	11	72	205	259	154	75	5	1	1	5	23	48	100	152	136	276	278	398	200	125	80	42	41	33	27	23	3	1	0.0	1	0.0	0.0	0.0	0.0
	
