

	Week starting on...	1/1	1/8	1/15	1/22	2/1	2/8	2/15	2/22	3/1	3/8	3/15	3/22	4/1	4/8	4/15	4/22	5/1	5/8	5/15	5/22	6/1	6/8	6/15	6/22	7/1	7/8	7/15	7/22	8/1	8/8	8/15	8/22	9/1	9/8	9/15	9/22	10/1	10/8	10/15	10/22	11/1	11/8	11/15	11/22	12/1	12/8	12/15	12/22
Frequency (%)
	American Golden-Plover	0.0	0.0	0.0	0.0	0.0	0.0	0.0	0.0	0.0	0.0	0.0	0.0	0.0	0.0	0.0	0.0	0.014446691707598961	0.014134275618374558	0.0	0.01618384851917786	0.0	0.0	0.0	0.0	0.0	0.0	0.0	0.0	0.0	0.0	0.15657620041753653	0.5102040816326531	0.8024455483377914	1.326053042121685	2.3488640739314595	1.5907673112913288	0.964630225080386	1.1315417256011315	0.32165832737669764	0.26752273943285176	0.0746268656716418	0.07407407407407407	0.0	0.0	0.0	0.0	0.0	0.0
	Total # checklists submitted - (American Golden-Plover)	4647	3500	3030	4287	2903	3748	5456	3029	3408	3753	4232	5749	4440	4239	4476	6551	6922	7075	6598	6179	2698	2324	2065	2539	1804	1603	1555	2203	1630	1698	1916	2940	2617	2564	2597	3206	2799	2828	2798	3738	2680	2700	2440	2955	2284	2331	2683	4466
	
Abundance
	American Golden-Plover	0.0	0.0	0.0	0.0	0.0	0.0	0.0	0.0	0.0	0.0	0.0	0.0	0.0	0.0	0.0	0.0	1.444669170759896E-4	1.413427561837456E-4	0.0	3.236769703835572E-4	0.0	0.0	0.0	0.0	0.0	0.0	0.0	0.0	0.0	0.0	0.0015657620041753654	0.006462585034013605	0.015666794038975928	0.016770670826833072	0.03504043126684636	0.029631940112289458	0.012861736334405145	0.01485148514851485	0.005718370264474625	0.002675227394328518	7.462686567164179E-4	7.407407407407407E-4	0.0	0.0	0.0	0.0	0.0	0.0
	Total # checklists submitted - (American Golden-Plover)	4647	3500	3030	4287	2903	3748	5456	3029	3408	3753	4232	5749	4440	4239	4476	6551	6922	7075	6598	6179	2698	2324	2065	2539	1804	1603	1555	2203	1630	1698	1916	2940	2617	2564	2597	3206	2799	2828	2798	3738	2680	2700	2440	2955	2284	2331	2683	4466
	
Birds Per Party Hour
	American Golden-Plover	0.0	0.0	0.0	0.0	0.0	0.0	0.0	0.0	0.0	0.0	0.0	0.0	0.0	0.0	0.0	0.0	0.3333333333333333	0.25	0.0	0.6451612903225806	0.0	0.0	0.0	0.0	0.0	0.0	0.0	0.0	0.0	0.0	0.8792822884549504	0.8248536802936698	0.6863672804504292	0.7337203989221378	0.4943578883772067	0.6596623383827116	0.5954365159764449	0.4545919030046662	0.352305559145012	0.3736571891508278	0.23116883116883116	0.75	0.0	0.0	0.0	0.0	0.0	0.0
	# checklists reporting species - (American Golden-Plover)	0.0	0.0	0.0	0.0	0.0	0.0	0.0	0.0	0.0	0.0	0.0	0.0	0.0	0.0	0.0	0.0	1	1	0.0	1	0.0	0.0	0.0	0.0	0.0	0.0	0.0	0.0	0.0	0.0	4	25	23	37	60	57	27	32	9	11	4	2	0.0	0.0	0.0	0.0	0.0	0.0
	
High Count
	American Golden-Plover	0.0	0.0	0.0	0.0	0.0	0.0	0.0	0.0	0.0	0.0	0.0	0.0	0.0	0.0	0.0	0.0	1	1	0.0	2	0.0	0.0	0.0	0.0	0.0	0.0	0.0	0.0	0.0	0.0	1	5	4	5	6	9	7	3	8	1	3	1	0.0	0.0	0.0	0.0	0.0	0.0
	# checklists reporting species - (American Golden-Plover)	0.0	0.0	0.0	0.0	0.0	0.0	0.0	0.0	0.0	0.0	0.0	0.0	0.0	0.0	0.0	0.0	1	1	0.0	1	0.0	0.0	0.0	0.0	0.0	0.0	0.0	0.0	0.0	0.0	4	27	24	40	74	59	35	34	10	12	4	2	0.0	0.0	0.0	0.0	0.0	0.0
	
Totals
	American Golden-Plover	0.0	0.0	0.0	0.0	0.0	0.0	0.0	0.0	0.0	0.0	0.0	0.0	0.0	0.0	0.0	0.0	1	1	0.0	2	0.0	0.0	0.0	0.0	0.0	0.0	0.0	0.0	0.0	0.0	4	30	44	52	112	117	43	43	17	12	7	2	0.0	0.0	0.0	0.0	0.0	0.0
	# checklists reporting species - (American Golden-Plover)	0.0	0.0	0.0	0.0	0.0	0.0	0.0	0.0	0.0	0.0	0.0	0.0	0.0	0.0	0.0	0.0	1	1	0.0	1	0.0	0.0	0.0	0.0	0.0	0.0	0.0	0.0	0.0	0.0	4	26	24	40	72	59	32	33	10	12	4	2	0.0	0.0	0.0	0.0	0.0	0.0
	
Average Count
	American Golden-Plover	0.0	0.0	0.0	0.0	0.0	0.0	0.0	0.0	0.0	0.0	0.0	0.0	0.0	0.0	0.0	0.0	1.0	1.0	0.0	2.0	0.0	0.0	0.0	0.0	0.0	0.0	0.0	0.0	0.0	0.0	1.0	1.1538461538461537	1.8333333333333333	1.3	1.5555555555555556	1.9830508474576272	1.34375	1.303030303030303	1.7	1.0	1.75	1.0	0.0	0.0	0.0	0.0	0.0	0.0
	# checklists reporting species - (American Golden-Plover)	0.0	0.0	0.0	0.0	0.0	0.0	0.0	0.0	0.0	0.0	0.0	0.0	0.0	0.0	0.0	0.0	1	1	0.0	1	0.0	0.0	0.0	0.0	0.0	0.0	0.0	0.0	0.0	0.0	4	26	24	40	72	59	32	33	10	12	4	2	0.0	0.0	0.0	0.0	0.0	0.0
	
