

	Week starting on...	1/1	1/8	1/15	1/22	2/1	2/8	2/15	2/22	3/1	3/8	3/15	3/22	4/1	4/8	4/15	4/22	5/1	5/8	5/15	5/22	6/1	6/8	6/15	6/22	7/1	7/8	7/15	7/22	8/1	8/8	8/15	8/22	9/1	9/8	9/15	9/22	10/1	10/8	10/15	10/22	11/1	11/8	11/15	11/22	12/1	12/8	12/15	12/22
Frequency (%)
	Solitary Sandpiper	0.0	0.0	0.0	0.0	0.0	0.0	0.0	0.0	0.0	0.0	0.0	0.0	0.0	0.0	0.044682752457551385	0.41215081666921083	2.065876914186651	2.2190812720848054	2.637162776598969	0.5178831526136916	0.25945144551519644	0.0	0.0	0.0	0.05543237250554324	0.6862133499688085	2.122186495176849	2.814344076259646	2.5766871165644174	3.769140164899882	4.4885177453027145	4.013605442176871	3.8975926633549864	2.65210608424337	2.3488640739314595	1.9026824703680598	0.6073597713469097	0.2828854314002829	0.035739814152966405	0.05350454788657035	0.0	0.0	0.0	0.0	0.0	0.0	0.0	0.0
	Total # checklists submitted - (Solitary Sandpiper)	4647	3500	3030	4287	2903	3748	5456	3029	3408	3753	4232	5749	4440	4239	4476	6551	6922	7075	6598	6179	2698	2324	2065	2539	1804	1603	1555	2203	1630	1698	1916	2940	2617	2564	2597	3206	2799	2828	2798	3738	2680	2700	2440	2955	2284	2331	2683	4466
	
Abundance
	Solitary Sandpiper	0.0	0.0	0.0	0.0	0.0	0.0	0.0	0.0	0.0	0.0	0.0	0.0	0.0	0.0	4.4682752457551384E-4	0.0050373988704014655	0.0333718578445536	0.029823321554770316	0.035162170354652925	0.005664346981712251	0.003335804299481097	0.0	0.0	0.0	5.543237250554324E-4	0.008109794135995009	0.03858520900321544	0.049477984566500224	0.05276073619631902	0.05418138987043581	0.0709812108559499	0.07891156462585033	0.0599923576614444	0.035491419656786274	0.03619561031959954	0.025888958203368683	0.006430868167202572	0.0031824611032531826	3.5739814152966406E-4	5.350454788657035E-4	0.0	0.0	0.0	0.0	0.0	0.0	0.0	0.0
	Total # checklists submitted - (Solitary Sandpiper)	4647	3500	3030	4287	2903	3748	5456	3029	3408	3753	4232	5749	4440	4239	4476	6551	6922	7075	6598	6179	2698	2324	2065	2539	1804	1603	1555	2203	1630	1698	1916	2940	2617	2564	2597	3206	2799	2828	2798	3738	2680	2700	2440	2955	2284	2331	2683	4466
	
Birds Per Party Hour
	Solitary Sandpiper	0.0	0.0	0.0	0.0	0.0	0.0	0.0	0.0	0.0	0.0	0.0	0.0	0.0	0.0	0.8095238095238095	1.095709436497303	0.83141483446559	0.917334466772277	0.6531395620579343	0.4380187318817321	0.4942531288766029	0.0	0.0	0.5	0.5078548986003999	0.7209726496586455	1.975504329893862	1.073634148795069	2.1763498555984446	1.4323529403535615	1.460012395374398	1.5405396282604038	1.0241864586724272	1.0882085738808651	0.6806449367758414	1.0607533947948218	0.7502928250679272	0.7173163377379501	1.0	0.36783056800850394	0.0	0.0	0.0	0.0	0.0	0.0	0.0	0.0
	# checklists reporting species - (Solitary Sandpiper)	0.0	0.0	0.0	0.0	0.0	0.0	0.0	0.0	0.0	0.0	0.0	0.0	0.0	0.0	2	28	152	169	185	31	6	0.0	0.0	1	3	13	36	72	42	73	94	127	103	71	64	62	17	8	1	2	0.0	0.0	0.0	0.0	0.0	0.0	0.0	0.0
	
High Count
	Solitary Sandpiper	0.0	0.0	0.0	0.0	0.0	0.0	0.0	0.0	0.0	0.0	0.0	0.0	0.0	0.0	1	2	16	15	10	2	3	0.0	0.0	1	1	2	6	8	12	5	6	15	10	4	6	6	2	2	1	1	0.0	0.0	0.0	0.0	0.0	0.0	0.0	0.0
	# checklists reporting species - (Solitary Sandpiper)	0.0	0.0	0.0	0.0	0.0	0.0	0.0	0.0	0.0	0.0	0.0	0.0	0.0	0.0	2	29	156	182	195	36	7	0.0	0.0	1	3	14	39	79	52	80	98	135	107	78	73	67	20	9	1	2	0.0	0.0	0.0	0.0	0.0	0.0	0.0	0.0
	
Totals
	Solitary Sandpiper	0.0	0.0	0.0	0.0	0.0	0.0	0.0	0.0	0.0	0.0	0.0	0.0	0.0	0.0	2	36	247	252	255	39	9	0.0	0.0	1	3	16	71	131	98	108	162	255	162	100	106	93	22	10	1	2	0.0	0.0	0.0	0.0	0.0	0.0	0.0	0.0
	# checklists reporting species - (Solitary Sandpiper)	0.0	0.0	0.0	0.0	0.0	0.0	0.0	0.0	0.0	0.0	0.0	0.0	0.0	0.0	2	28	154	175	191	34	6	0.0	0.0	1	3	14	38	75	50	76	98	133	106	76	69	63	19	9	1	2	0.0	0.0	0.0	0.0	0.0	0.0	0.0	0.0
	
Average Count
	Solitary Sandpiper	0.0	0.0	0.0	0.0	0.0	0.0	0.0	0.0	0.0	0.0	0.0	0.0	0.0	0.0	1.0	1.2857142857142858	1.603896103896104	1.44	1.3350785340314135	1.1470588235294117	1.5	0.0	0.0	1.0	1.0	1.1428571428571428	1.868421052631579	1.7466666666666666	1.96	1.4210526315789473	1.653061224489796	1.9172932330827068	1.528301886792453	1.3157894736842106	1.536231884057971	1.4761904761904763	1.1578947368421053	1.1111111111111112	1.0	1.0	0.0	0.0	0.0	0.0	0.0	0.0	0.0	0.0
	# checklists reporting species - (Solitary Sandpiper)	0.0	0.0	0.0	0.0	0.0	0.0	0.0	0.0	0.0	0.0	0.0	0.0	0.0	0.0	2	28	154	175	191	34	6	0.0	0.0	1	3	14	38	75	50	76	98	133	106	76	69	63	19	9	1	2	0.0	0.0	0.0	0.0	0.0	0.0	0.0	0.0
	
