

	Week starting on...	1/1	1/8	1/15	1/22	2/1	2/8	2/15	2/22	3/1	3/8	3/15	3/22	4/1	4/8	4/15	4/22	5/1	5/8	5/15	5/22	6/1	6/8	6/15	6/22	7/1	7/8	7/15	7/22	8/1	8/8	8/15	8/22	9/1	9/8	9/15	9/22	10/1	10/8	10/15	10/22	11/1	11/8	11/15	11/22	12/1	12/8	12/15	12/22
Frequency (%)
	Song Sparrow	8.822896492360663	8.714285714285715	6.798679867986798	8.933986470725449	7.612814330003445	5.416221985058698	5.590175953079179	10.39947177286233	11.737089201877934	21.049826805222487	33.90831758034027	47.83440598364933	56.44144144144144	58.33923095069592	55.786416443252904	55.94565715157991	53.81392661080613	50.784452296819794	50.07578053955745	54.76614338889788	46.33061527057079	45.740103270223756	44.30992736077482	38.834186687672315	43.791574279379155	45.97629444791017	47.138263665594856	47.70767135724013	47.239263803680984	40.57714958775029	38.20459290187891	32.6530612244898	31.524646541841804	28.276131045241808	29.07200616095495	32.40798502807237	36.620221507681315	38.93210749646393	37.02644746247319	34.51043338683788	22.649253731343283	17.185185185185183	10.327868852459018	10.524534686971235	10.157618213660244	10.081510081510082	13.41781587774879	16.995073891625616
	Total # checklists submitted - (Song Sparrow)	4647	3500	3030	4287	2903	3748	5456	3029	3408	3753	4232	5749	4440	4239	4476	6551	6922	7075	6598	6179	2698	2324	2065	2539	1804	1603	1555	2203	1630	1698	1916	2940	2617	2564	2597	3206	2799	2828	2798	3738	2680	2700	2440	2955	2284	2331	2683	4466
	
Abundance
	Song Sparrow	0.18183774478157952	0.15971428571428573	0.13465346534653466	0.1490552834149755	0.12952118498105408	0.08724653148345785	0.10318914956011731	0.1875206338725652	0.22711267605633803	0.5830002664535039	1.6597353497164462	3.054966081057575	4.635135135135135	4.534324133050248	3.950625558534406	3.603877270645703	3.249060965039006	2.595618374558304	2.4693846620187934	2.7240653827480177	2.0637509266123053	1.927710843373494	1.8610169491525423	1.576211106734935	1.6862527716186253	2.0555208983156583	2.4083601286173635	2.583295506128007	2.4736196319018404	1.8957597173144876	1.6273486430062631	1.3003401360544218	1.2051967902178067	1.093213728549142	1.2125529457065845	1.6584529008109794	2.170418006430868	2.2195898161244694	2.051107934238742	1.4253611556982344	0.6847014925373134	0.4062962962962963	0.21844262295081968	0.2020304568527919	0.21628721541155868	0.2441012441012441	0.35519940365262764	0.6139722346618899
	Total # checklists submitted - (Song Sparrow)	4647	3500	3030	4287	2903	3748	5456	3029	3408	3753	4232	5749	4440	4239	4476	6551	6922	7075	6598	6179	2698	2324	2065	2539	1804	1603	1555	2203	1630	1698	1916	2940	2617	2564	2597	3206	2799	2828	2798	3738	2680	2700	2440	2955	2284	2331	2683	4466
	
Birds Per Party Hour
	Song Sparrow	1.5771627816715528	1.1315220927444436	1.2852471021320004	1.227209145900509	1.3723524999396506	1.4682655966700835	1.6082418063415815	1.5744124580608265	1.3997190229357903	2.2046243370191507	3.530720571057406	4.9338149056069565	5.5836962375924575	6.068407849896557	5.4730214632062495	4.456985373929985	3.786406817235146	3.1633456717349397	2.8886174223832697	3.192512827072982	4.112538308028161	4.420738425487588	5.101207816828609	4.962658264819049	4.686731961573597	4.470758199688759	4.728756997203019	4.733234337164297	3.744180428022473	4.8312021635309215	2.6751549882449304	2.444426566302209	2.3147888857715224	2.1600743862408667	2.0992059229728395	2.705146280201604	3.6311882941237497	3.117051815870232	3.287209618751615	2.31582158973484	1.8723328215404125	1.2363679675993078	1.340070655032057	1.1944821914888344	1.1886264721322042	1.3449912207685863	1.0417192436306626	0.9553636433061085
	# checklists reporting species - (Song Sparrow)	416	302	205	385	226	205	303	305	392	787	1385	2651	2381	2331	2353	3438	3515	3395	3119	3179	1187	1003	873	952	754	714	694	1002	741	682	714	921	789	703	740	1013	987	1051	1005	1258	600	464	251	315	230	236	361	759
	
High Count
	Song Sparrow	21	12	17	12	20	26	14	10	16	25	75	100	200	100	100	100	100	100	75	100	52	46	68	50	45	40	50	76	100	60	50	60	50	150	51	75	155	128	150	94	30	100	10	14	11	23	29	31
	# checklists reporting species - (Song Sparrow)	445	332	226	415	242	218	322	333	423	845	1529	2932	2692	2621	2650	3849	3921	3782	3498	3583	1349	1114	985	1087	850	772	772	1121	819	739	782	1010	858	767	823	1115	1097	1181	1138	1384	640	503	269	344	262	263	394	791
	
Totals
	Song Sparrow	915	599	444	709	420	397	584	593	808	2279	7209	17965	21204	19653	18173	24161	23001	18852	16619	17301	5731	4607	3957	4198	3111	3371	3818	5830	4152	3349	3216	3914	3215	2874	3276	5472	6233	6535	5979	5494	1903	1302	580	671	549	631	1047	2809
	# checklists reporting species - (Song Sparrow)	437	328	223	411	239	217	320	324	413	814	1429	2736	2467	2403	2425	3532	3593	3461	3177	3239	1228	1021	906	1018	778	718	712	1023	752	692	727	940	805	728	782	1053	1027	1106	1057	1311	618	491	267	342	257	255	391	780
	
Average Count
	Song Sparrow	2.0938215102974826	1.826219512195122	1.9910313901345291	1.7250608272506083	1.7573221757322175	1.8294930875576036	1.825	1.8302469135802468	1.9564164648910412	2.7997542997542997	5.044786564030791	6.566154970760234	8.595054722334819	8.178526841448189	7.494020618556701	6.840600226500566	6.40161424993042	5.446980641433112	5.23103556814605	5.341463414634147	4.666938110749186	4.512242899118511	4.367549668874172	4.1237721021611	3.998714652956298	4.694986072423398	5.362359550561798	5.698924731182796	5.5212765957446805	4.839595375722543	4.423658872077029	4.163829787234042	3.9937888198757765	3.947802197802198	4.189258312020461	5.196581196581197	6.069133398247322	5.9086799276672695	5.656575212866604	4.1906941266209	3.0792880258899675	2.6517311608961305	2.1722846441947565	1.9619883040935673	2.1361867704280155	2.4745098039215687	2.6777493606138107	3.6012820512820514
	# checklists reporting species - (Song Sparrow)	437	328	223	411	239	217	320	324	413	814	1429	2736	2467	2403	2425	3532	3593	3461	3177	3239	1228	1021	906	1018	778	718	712	1023	752	692	727	940	805	728	782	1053	1027	1106	1057	1311	618	491	267	342	257	255	391	780
	
