

	Week starting on...	1/1	1/8	1/15	1/22	2/1	2/8	2/15	2/22	3/1	3/8	3/15	3/22	4/1	4/8	4/15	4/22	5/1	5/8	5/15	5/22	6/1	6/8	6/15	6/22	7/1	7/8	7/15	7/22	8/1	8/8	8/15	8/22	9/1	9/8	9/15	9/22	10/1	10/8	10/15	10/22	11/1	11/8	11/15	11/22	12/1	12/8	12/15	12/22
Frequency (%)
	Tundra Swan	1.6354637400473424	1.342857142857143	1.518151815181518	1.2829484487986937	0.861178091629349	0.6403415154749199	0.8247800586510263	2.575107296137339	2.142018779342723	4.876099120703437	2.5283553875236295	1.0958427552617847	0.5180180180180181	0.1887237556027365	0.11170688114387846	0.09158907037093574	0.0	0.0	0.0	0.06473539407671144	0.0	0.0	0.0	0.0	0.0	0.0	0.0	0.0	0.0	0.0	0.0	0.0	0.0	0.0	0.0	0.0	0.1429081814933905	0.4243281471004243	1.0721944245889923	1.6853932584269662	1.4179104477611941	1.4444444444444444	1.0655737704918031	0.9137055837563453	0.8318739054290718	0.9438009438009438	1.4908684308609765	1.141961486789073
	Total # checklists submitted - (Tundra Swan)	4647	3500	3030	4287	2903	3748	5456	3029	3408	3753	4232	5749	4440	4239	4476	6551	6922	7075	6598	6179	2698	2324	2065	2539	1804	1603	1555	2203	1630	1698	1916	2940	2617	2564	2597	3206	2799	2828	2798	3738	2680	2700	2440	2955	2284	2331	2683	4466
	
Abundance
	Tundra Swan	0.026683882074456638	0.022571428571428572	0.02838283828382838	0.022160018661068346	0.01584567688598002	0.014140875133404483	0.015212609970674487	0.6824034334763949	0.28843896713615025	2.6616040500932585	0.4888941398865784	0.12541311532440425	0.051126126126126124	0.006369426751592357	0.0015638963360142986	0.002137078308655167	0.0	0.0	0.0	6.473539407671144E-4	0.0	0.0	0.0	0.0	0.0	0.0	0.0	0.0	0.0	0.0	0.0	0.0	0.0	0.0	0.0	0.0	0.006430868167202572	0.010961810466760962	0.027519656897784132	0.039058319957196365	0.045149253731343285	0.043333333333333335	0.0709016393442623	0.021996615905245348	0.011821366024518389	0.01287001287001287	0.03428997390980246	0.029780564263322883
	Total # checklists submitted - (Tundra Swan)	4647	3500	3030	4287	2903	3748	5456	3029	3408	3753	4232	5749	4440	4239	4476	6551	6922	7075	6598	6179	2698	2324	2065	2539	1804	1603	1555	2203	1630	1698	1916	2940	2617	2564	2597	3206	2799	2828	2798	3738	2680	2700	2440	2955	2284	2331	2683	4466
	
Birds Per Party Hour
	Tundra Swan	0.6821472880332016	0.5505065418493785	0.7810109131666909	0.8285145728510993	0.7798069843851574	1.7665788478017495	0.8790131562095195	16.228628038514906	21.88878150099962	58.82745978355342	10.283034613995746	4.303883557816231	2.678832868359742	1.368085618085618	0.36178339456659037	0.9256338899196042	0.0	0.0	0.0	0.4388888888888889	0.0	0.0	0.0	0.0	0.0	0.0	0.0	0.0	0.0	0.0	0.0	0.0	0.0	0.0	0.0	0.0	1.1514926613751568	0.6936557941508437	0.6283255774573062	0.5833031986138687	1.5815286817752883	0.8231422450502888	3.2468215418300765	1.1091966521660237	0.7376471965998667	0.6584709764949741	5.470604461800742	0.9991102145551083
	# checklists reporting species - (Tundra Swan)	76	44	50	54	24	23	42	80	76	196	110	63	22	9	6	7	0.0	0.0	0.0	4	0.0	1	0.0	0.0	0.0	0.0	0.0	0.0	0.0	0.0	0.0	0.0	0.0	0.0	0.0	0.0	4	12	32	68	42	41	29	27	22	21	41	49
	
High Count
	Tundra Swan	8	6	7	10	5	8	6	703	385	606	168	150	74	9	4	4	0.0	0.0	0.0	1	0.0	1	0.0	0.0	0.0	0.0	0.0	0.0	0.0	0.0	0.0	0.0	0.0	0.0	0.0	0.0	5	3	70	22	30	20	26	17	3	5	12	23
	# checklists reporting species - (Tundra Swan)	85	55	53	65	27	28	50	91	81	221	124	77	26	10	8	8	0.0	0.0	0.0	4	0.0	1	0.0	0.0	0.0	0.0	0.0	0.0	0.0	0.0	0.0	0.0	0.0	0.0	0.0	0.0	4	13	35	71	44	46	32	32	26	28	48	53
	
Totals
	Tundra Swan	136	95	99	111	49	62	91	2589	1433	12286	2376	1098	232	35	16	15	0.0	0.0	0.0	4	0.0	1	0.0	0.0	0.0	0.0	0.0	0.0	0.0	0.0	0.0	0.0	0.0	0.0	0.0	0.0	18	34	157	167	159	149	230	71	36	38	121	137
	# checklists reporting species - (Tundra Swan)	83	54	53	62	27	28	50	90	80	215	120	73	24	9	8	7	0.0	0.0	0.0	4	0.0	1	0.0	0.0	0.0	0.0	0.0	0.0	0.0	0.0	0.0	0.0	0.0	0.0	0.0	0.0	4	13	35	70	44	45	31	32	25	28	47	52
	
Average Count
	Tundra Swan	1.6385542168674698	1.7592592592592593	1.8679245283018868	1.7903225806451613	1.8148148148148149	2.2142857142857144	1.82	28.766666666666666	17.9125	57.14418604651163	19.8	15.04109589041096	9.666666666666666	3.888888888888889	2.0	2.142857142857143	0.0	0.0	0.0	1.0	0.0	1.0	0.0	0.0	0.0	0.0	0.0	0.0	0.0	0.0	0.0	0.0	0.0	0.0	0.0	0.0	4.5	2.6153846153846154	4.485714285714286	2.3857142857142857	3.6136363636363638	3.311111111111111	7.419354838709677	2.21875	1.44	1.3571428571428572	2.574468085106383	2.6346153846153846
	# checklists reporting species - (Tundra Swan)	83	54	53	62	27	28	50	90	80	215	120	73	24	9	8	7	0.0	0.0	0.0	4	0.0	1	0.0	0.0	0.0	0.0	0.0	0.0	0.0	0.0	0.0	0.0	0.0	0.0	0.0	0.0	4	13	35	70	44	45	31	32	25	28	47	52
	
