

	Week starting on...	1/1	1/8	1/15	1/22	2/1	2/8	2/15	2/22	3/1	3/8	3/15	3/22	4/1	4/8	4/15	4/22	5/1	5/8	5/15	5/22	6/1	6/8	6/15	6/22	7/1	7/8	7/15	7/22	8/1	8/8	8/15	8/22	9/1	9/8	9/15	9/22	10/1	10/8	10/15	10/22	11/1	11/8	11/15	11/22	12/1	12/8	12/15	12/22
Frequency (%)
	Hudsonian Godwit	0.0	0.0	0.0	0.0	0.0	0.0	0.0	0.0	0.0	0.0	0.0	0.0	0.0	0.0	0.0	0.0	0.004817187725805675	0.04600773368094732	0.0315059861373661	0.06170683432297125	0.05624824224242992	0.1624067128107962	0.1314326155090486	0.10559662090813093	0.08727272727272728	0.0897953947790392	0.6150437406883906	0.6931368535953063	0.7624253758181687	0.6959096798075144	0.5822926897712923	0.501744703172395	0.4446497661257724	0.2016246858745836	0.324505997566205	0.8953784695915696	0.7251097578246707	0.6971088894893271	0.955451007724923	0.5773623212926149	0.2553931424224311	0.13434841021047916	0.04850287783741836	0.0	0.0	0.0	0.0	0.0
	Total # checklists submitted - (Hudsonian Godwit)	62273	43331	38620	54106	37238	53163	75553	42285	42866	50027	55502	78855	59210	57034	57433	79603	83036	91289	82524	85890	53335	51722	49455	56820	41250	31182	26177	36645	27806	27015	28508	43847	34634	34222	34514	43557	35305	37010	34434	47284	36806	33495	30926	37834	33146	28875	32707	48741
	
Abundance
	Hudsonian Godwit	0.0	0.0	0.0	0.0	0.0	0.0	0.0	0.0	0.0	0.0	0.0	0.0	0.0	0.0	0.0	0.0	3.612890794354256E-5	5.696195598593477E-4	4.362367311327614E-4	6.636395389451624E-4	0.0013499578138183182	0.0057422373458102935	0.005843696289556162	0.007567757831749384	0.003927272727272727	0.021679173882368032	0.7885930396913321	1.3933142311365807	1.7137668129180752	1.8852489357764206	1.3968710537393012	0.7334823363057906	0.2940174395103078	0.042341184033662556	0.03905661470707539	0.06855384897949812	0.024415805126752586	0.07805998378816537	0.017337515246558632	0.011547246425852297	0.0033690159213171766	0.0015823257202567547	6.143697859406325E-4	0.0	0.0	0.0	0.0	0.0
	Total # checklists submitted - (Hudsonian Godwit)	62273	43331	38620	54106	37238	53163	75553	42285	42866	50027	55502	78855	59210	57034	57433	79603	83036	91289	82524	85890	53335	51722	49455	56820	41250	31182	26177	36645	27806	27015	28508	43847	34634	34222	34514	43557	35305	37010	34434	47284	36806	33495	30926	37834	33146	28875	32707	48741
	
Birds Per Party Hour
	Hudsonian Godwit	0.0	0.0	0.0	0.0	0.0	0.0	0.0	0.0	0.0	0.0	0.0	0.0	0.0	0.0	0.0	0.0	0.8571428571428571	1.6876147837067883	1.5848347987417375	1.153140022296539	4.802639538503884	6.165030077752952	3.656018691534038	7.754361208278909	14.190376433635402	3.256125750549359	19.577149407400814	29.367105341897418	27.27994212625371	31.69566393748676	40.70197734906687	24.225087991565573	8.686018818864754	4.225045252957271	2.5122176273561143	12.298998455408487	3.194235860531338	2.637564859596099	2.85188029494104	3.981974838388287	2.8910686693816423	1.581511200170627	1.8957587513148901	6.522329921188513	0.0	0.0	0.0	0.0
	# checklists reporting species - (Hudsonian Godwit)	0.0	0.0	0.0	0.0	0.0	0.0	0.0	0.0	0.0	0	0.0	0.0	0	0.0	0.0	0	7	61	48	67	35	88	67	70	33	23	154	268	216	194	181	266	184	93	150	462	322	303	387	305	111	58	22	3	2	0	0.0	0.0
	
High Count
	Hudsonian Godwit	0.0	0.0	0.0	0.0	0.0	0.0	0.0	0.0	0.0	1	0.0	0.0	3	0.0	0.0	2	2	30	40	40	45	30	20	60	25	250	996	1876	2381	5088	3295	2383	2400	231	700	195	130	1200	65	14	7	3	3	1	1	1	0.0	0.0
	# checklists reporting species - (Hudsonian Godwit)	0.0	0.0	0.0	0.0	0.0	0.0	0.0	0.0	0.0	1	0.0	0.0	1	0.0	0.0	2	14	75	68	88	41	100	74	73	41	32	164	275	219	202	195	291	221	121	192	532	393	367	439	386	154	71	27	3	3	1	0.0	0.0
	
Totals
	Hudsonian Godwit	0.0	0.0	0.0	0.0	0.0	0.0	0.0	0.0	0.0	0	0.0	0.0	3	0.0	0.0	3	14	137	208	143	131	343	346	625	187	709	20755	53202	47660	50954	40066	33872	11593	1620	1544	3500	1266	3126	890	772	212	83	33	3	3	1	0.0	0.0
	# checklists reporting species - (Hudsonian Godwit)	0.0	0.0	0.0	0.0	0.0	0.0	0.0	0.0	0.0	0	0.0	0.0	1	0.0	0.0	2	13	72	64	82	38	94	69	70	39	29	160	275	219	202	193	289	215	120	191	525	389	361	436	382	151	70	27	3	3	1	0.0	0.0
	
Average Count
	Hudsonian Godwit	0.0	0.0	0.0	0.0	0.0	0.0	0.0	0.0	0.0	0.0	0.0	0.0	3.0	0.0	0.0	1.5	1.0769230769230769	1.9027777777777777	3.25	1.7439024390243902	3.4473684210526314	3.648936170212766	5.0144927536231885	8.928571428571429	4.794871794871795	24.448275862068964	129.71875	193.4618181818182	217.6255707762557	252.24752475247524	207.59585492227978	117.20415224913495	53.92093023255814	13.5	8.083769633507853	6.666666666666667	3.2544987146529563	8.659279778393351	2.041284403669725	2.020942408376963	1.403973509933775	1.1857142857142857	1.2222222222222223	1.0	1.0	1.0	0.0	0.0
	# checklists reporting species - (Hudsonian Godwit)	0.0	0.0	0.0	0.0	0.0	0.0	0.0	0.0	0.0	0	0.0	0.0	1	0.0	0.0	2	13	72	64	82	38	94	69	70	39	29	160	275	219	202	193	289	215	120	191	525	389	361	436	382	151	70	27	3	3	1	0.0	0.0
	
