

	Week starting on...	1/1	1/8	1/15	1/22	2/1	2/8	2/15	2/22	3/1	3/8	3/15	3/22	4/1	4/8	4/15	4/22	5/1	5/8	5/15	5/22	6/1	6/8	6/15	6/22	7/1	7/8	7/15	7/22	8/1	8/8	8/15	8/22	9/1	9/8	9/15	9/22	10/1	10/8	10/15	10/22	11/1	11/8	11/15	11/22	12/1	12/8	12/15	12/22
Frequency (%)
	Evening Grosbeak	2.1534212258924414	1.9547206388036278	2.071465561885034	2.01271578013529	2.073151082227832	1.897936534808043	2.1693380805527247	1.8328012297505025	1.735641300797835	1.4532152637575708	1.250405390796728	1.2275695897533447	1.266677926026009	1.4535189536066206	1.4973969669005625	1.3667826589450145	1.3066621706247892	1.31888836552049	1.0760506034608115	0.8592385609500524	0.736851973375832	0.7791655388422721	0.6773834799312506	0.6810982048574445	0.49454545454545457	0.4618048874350587	0.3132520915307331	0.3411106562969027	0.4171761490325829	0.3553581343697946	0.37533323979233896	0.323853399320364	0.33781832880984003	0.24837823622231311	0.22599524830503562	0.3535597033771839	0.35972241892083273	0.5430964604161038	1.3881628622872741	3.8215886980796885	3.8281801880128237	3.543812509329751	2.606221302463946	2.199080192419517	2.3471912146261995	2.4623376623376623	2.6538661448619565	2.9277199893313637
	Total # checklists submitted - (Evening Grosbeak)	62273	43331	38620	54106	37238	53163	75553	42285	42866	50027	55502	78855	59210	57034	57433	79603	83036	91289	82524	85890	53335	51722	49455	56820	41250	31182	26177	36645	27806	27015	28508	43847	34634	34222	34514	43557	35305	37010	34434	47284	36806	33495	30926	37834	33146	28875	32707	48741
	
Abundance
	Evening Grosbeak	0.3530904244214989	0.3011700630033925	0.34746245468669085	0.3484641259749381	0.33610827649175573	0.2739499275812125	0.30573239977234523	0.2707579519924323	0.26900107311155697	0.18647930117736422	0.16210226658498794	0.1416397184706106	0.1197095085289647	0.13395518462671388	0.12569428725645534	0.09515973016092358	0.0804711209595838	0.06760946006638259	0.04487179487179487	0.03365933170334148	0.02279928752226493	0.019662812729592822	0.01599433828733192	0.014061950017599438	0.012824242424242424	0.00837021358476044	0.007220078695037629	0.014299358711966161	0.016183557505574337	0.010216546363131594	0.012207099761470464	0.014550596391999453	0.015649361898712248	0.029045643153526972	0.01419713739352147	0.04853410473632252	0.07078317518765047	0.0400432315590381	0.14151710518673405	0.746002876237205	0.45780579253382603	0.33124346917450365	0.22353359632671538	0.22680657609557542	0.26003137633500273	0.3014025974025974	0.5101660195065276	0.5147206663794341
	Total # checklists submitted - (Evening Grosbeak)	62273	43331	38620	54106	37238	53163	75553	42285	42866	50027	55502	78855	59210	57034	57433	79603	83036	91289	82524	85890	53335	51722	49455	56820	41250	31182	26177	36645	27806	27015	28508	43847	34634	34222	34514	43557	35305	37010	34434	47284	36806	33495	30926	37834	33146	28875	32707	48741
	
Birds Per Party Hour
	Evening Grosbeak	35.136433801960074	38.7736300212556	34.76027039612861	29.6957977662898	29.494897276387075	28.254841977097193	24.887969616741174	25.06560681542105	25.176754632915852	24.016233146725202	23.078752035455327	23.866209474107162	22.249738409129424	16.36817281120518	13.590408046960693	11.804446993987534	12.352512024431324	10.190714431228235	4.7349622998394905	4.616993169448069	8.899621874395422	10.365968736752277	12.880659825443013	13.278041669073989	10.470287554685395	7.6827977506315115	3.8257471028131866	5.445388454582049	4.005012628342725	2.95204482630312	4.902040793388206	3.8618746203448473	5.6812641210586134	3.7843065971592886	4.438925125565812	4.384579985282747	3.7676470643622566	6.935578973228273	13.824619473615359	19.589668999617896	19.48476274357714	16.068406816459696	17.492372310504493	15.438819982796325	22.521437297177666	22.753088124186203	26.397499776143203	32.448364615109234
	# checklists reporting species - (Evening Grosbeak)	1357	848	822	1115	789	1041	1667	781	758	720	725	994	777	829	881	1106	1104	1205	816	673	364	381	315	340	187	113	78	127	112	94	101	131	107	70	73	144	119	220	498	2008	1536	1282	852	884	827	700	824	1384
	
High Count
	Evening Grosbeak	292	150	150	300	200	130	300	200	500	220	300	500	150	200	210	234	100	250	220	100	30	20	25	20	47	21	50	100	55	40	29	100	22	280	120	1000	800	300	200	1347	1000	405	200	377	200	194	593	475
	# checklists reporting species - (Evening Grosbeak)	1606	982	945	1288	936	1168	1825	912	884	868	856	1174	917	1013	1075	1359	1363	1499	1082	886	448	449	373	441	265	177	115	177	172	133	141	192	152	109	96	219	184	316	634	2311	1816	1495	983	1015	929	836	1051	1663
	
Totals
	Evening Grosbeak	26251	14779	15797	22508	15229	16788	26361	14017	15290	11713	12161	14947	9725	11042	9761	9738	8604	8049	4705	3313	1312	1104	857	882	717	370	515	885	760	475	461	821	648	1299	572	3447	4551	2946	7138	42764	23431	14633	8679	10383	10328	10321	20505	28151
	# checklists reporting species - (Evening Grosbeak)	1541	953	901	1250	898	1136	1773	869	856	816	803	1107	863	950	1001	1265	1251	1378	944	770	411	410	340	378	212	139	88	155	143	108	117	169	134	99	87	196	173	292	607	2250	1754	1453	960	977	910	808	1029	1579
	
Average Count
	Evening Grosbeak	17.035042180402336	15.507869884575026	17.53274139844617	18.0064	16.95879732739421	14.778169014084508	14.868020304568528	16.130034522439587	17.86214953271028	14.354166666666666	15.144458281444583	13.502258355916892	11.26882966396292	11.623157894736842	9.75124875124875	7.69802371541502	6.877697841726619	5.8410740203193035	4.984110169491525	4.302597402597403	3.192214111922141	2.6926829268292685	2.5205882352941176	2.3333333333333335	3.3820754716981134	2.661870503597122	5.8522727272727275	5.709677419354839	5.314685314685315	4.398148148148148	3.9401709401709404	4.8579881656804735	4.835820895522388	13.121212121212121	6.574712643678161	17.586734693877553	26.30635838150289	10.08904109589041	11.759472817133442	19.006222222222224	13.35860889395667	10.070887818306952	9.040625	10.627430910951894	11.34945054945055	12.773514851485148	19.927113702623906	17.82837238758708
	# checklists reporting species - (Evening Grosbeak)	1541	953	901	1250	898	1136	1773	869	856	816	803	1107	863	950	1001	1265	1251	1378	944	770	411	410	340	378	212	139	88	155	143	108	117	169	134	99	87	196	173	292	607	2250	1754	1453	960	977	910	808	1029	1579
	
