

	Week starting on...	1/1	1/8	1/15	1/22	2/1	2/8	2/15	2/22	3/1	3/8	3/15	3/22	4/1	4/8	4/15	4/22	5/1	5/8	5/15	5/22	6/1	6/8	6/15	6/22	7/1	7/8	7/15	7/22	8/1	8/8	8/15	8/22	9/1	9/8	9/15	9/22	10/1	10/8	10/15	10/22	11/1	11/8	11/15	11/22	12/1	12/8	12/15	12/22
Frequency (%)
	White-rumped Sandpiper	0.0	0.0	0.0	0.0	0.0	0.0	0.0	0.0	0.0	0.0	0.0	0.0	0.0	0.0	0.0	0.0025124681230606887	0.01686015704031986	0.18403093472378929	0.5174252338713586	0.8662242403073698	0.5399831255273273	0.2281427632342137	0.060661207158022444	0.021119324181626188	0.009696969696969697	0.009620935154897056	0.49279902204225084	0.775003411106563	1.2191613320866002	1.5472885434018138	1.1610775922548058	1.00348940634479	1.3223999538026217	0.8795511659166618	0.7764964941762763	0.6841609844571481	0.7647641977057075	0.9970278303161307	1.1964918394609978	1.0955079942475254	0.8069336521219366	0.3433348260934468	0.16490978464722242	0.03700375323782841	0.015084776443613106	0.0	0.0	0.0
	Total # checklists submitted - (White-rumped Sandpiper)	62273	43331	38620	54106	37238	53163	75553	42285	42866	50027	55502	78855	59210	57034	57433	79603	83036	91289	82524	85890	53335	51722	49455	56820	41250	31182	26177	36645	27806	27015	28508	43847	34634	34222	34514	43557	35305	37010	34434	47284	36806	33495	30926	37834	33146	28875	32707	48741
	
Abundance
	White-rumped Sandpiper	0.0	0.0	0.0	0.0	0.0	0.0	0.0	0.0	0.0	0.0	0.0	0.0	0.0	0.0	0.0	5.024936246121377E-5	2.8903126354834046E-4	0.0024099289070972406	0.007549318985991954	0.021189894050529748	0.018336926971032154	0.007675650593557867	9.907997169143665E-4	3.8718760999648013E-4	1.4545454545454546E-4	9.620935154897056E-5	5.5539213813653205	13.09482876245054	33.83726533841617	33.77357023875625	21.94636593236986	15.185029762583529	3.66501126061096	0.21033253462684823	0.019035753607231847	0.016323438253323233	0.0909219657272341	0.11650905160767361	0.10422837892780391	0.05109550799424752	0.04184100418410042	0.016509926854754442	0.005141305050766346	4.4933128931648784E-4	1.5084776443613105E-4	0.0	0.0	0.0
	Total # checklists submitted - (White-rumped Sandpiper)	62273	43331	38620	54106	37238	53163	75553	42285	42866	50027	55502	78855	59210	57034	57433	79603	83036	91289	82524	85890	53335	51722	49455	56820	41250	31182	26177	36645	27806	27015	28508	43847	34634	34222	34514	43557	35305	37010	34434	47284	36806	33495	30926	37834	33146	28875	32707	48741
	
Birds Per Party Hour
	White-rumped Sandpiper	0.0	0.0	0.0	0.0	0.0	0.0	0.0	0.0	0.0	0.0	0.0	0.0	0.0	0.0	0.0	0.7993605115907274	1.7296792080857044	1.3306335574503223	1.9110147323444404	2.720107018183471	3.6189811921652013	2.150105400689481	1.6636454619562593	0.8032432765703771	0.5693765610460846	0.5882456759618778	154.84164320033156	253.70878315996686	332.11471670097353	253.5176046049606	229.42747839298045	185.96799864301448	34.559045327141014	4.310078399743054	2.4767859734360553	2.841081904368002	11.176803756453602	12.141194101271894	7.0541098654938885	3.6907161945818627	4.050978205611958	1.7166905341983465	3.1194092750126607	1.2777516697488869	0.3972876591699689	0.0	0.0	0.0
	# checklists reporting species - (White-rumped Sandpiper)	0.0	0.0	0.0	0.0	0.0	0.0	0.0	0.0	0.0	0.0	0.0	0.0	0.0	0.0	0.0	3	22	208	492	868	375	152	53	26	7	4	131	305	356	466	364	497	466	293	272	331	302	404	441	555	338	132	49	16	7	0.0	0.0	0.0
	
High Count
	White-rumped Sandpiper	0.0	0.0	0.0	0.0	0.0	0.0	0.0	0.0	0.0	0.0	0.0	0.0	0.0	0.0	0.0	3	6	22	25	150	120	60	22	7	2	1	28570	25870	28605	31657	40787	37464	31008	997	50	32	310	220	350	100	150	120	20	3	1	0.0	0.0	0.0
	# checklists reporting species - (White-rumped Sandpiper)	0.0	0.0	0.0	0.0	0.0	0.0	0.0	0.0	0.0	0.0	0.0	0.0	0.0	0.0	0.0	7	34	288	639	1181	481	217	70	30	12	7	140	315	396	522	409	624	648	435	368	439	391	522	564	721	441	207	101	32	8	0.0	0.0	0.0
	
Totals
	White-rumped Sandpiper	0.0	0.0	0.0	0.0	0.0	0.0	0.0	0.0	0.0	0.0	0.0	0.0	0.0	0.0	0.0	11	44	420	1069	2955	1789	717	180	49	16	7	145432	490379	940954	913103	625775	666364	127665	7716	1048	1112	3831	5348	4582	3520	2176	788	267	39	8	0.0	0.0	0.0
	# checklists reporting species - (White-rumped Sandpiper)	0.0	0.0	0.0	0.0	0.0	0.0	0.0	0.0	0.0	0.0	0.0	0.0	0.0	0.0	0.0	6	29	265	595	1124	469	213	69	30	12	7	137	314	391	515	399	605	635	412	352	422	369	502	552	698	436	202	99	32	8	0.0	0.0	0.0
	
Average Count
	White-rumped Sandpiper	0.0	0.0	0.0	0.0	0.0	0.0	0.0	0.0	0.0	0.0	0.0	0.0	0.0	0.0	0.0	1.8333333333333333	1.5172413793103448	1.5849056603773586	1.796638655462185	2.6290035587188614	3.814498933901919	3.3661971830985915	2.608695652173913	1.6333333333333333	1.3333333333333333	1.0	1061.5474452554745	1561.716560509554	2406.531969309463	1773.0155339805826	1568.358395989975	1101.4280991735536	201.04724409448818	18.728155339805824	2.977272727272727	2.6350710900473935	10.382113821138212	10.653386454183266	8.30072463768116	5.042979942693409	4.990825688073395	3.900990099009901	2.696969696969697	1.21875	1.0	0.0	0.0	0.0
	# checklists reporting species - (White-rumped Sandpiper)	0.0	0.0	0.0	0.0	0.0	0.0	0.0	0.0	0.0	0.0	0.0	0.0	0.0	0.0	0.0	6	29	265	595	1124	469	213	69	30	12	7	137	314	391	515	399	605	635	412	352	422	369	502	552	698	436	202	99	32	8	0.0	0.0	0.0
	
