

	Week starting on...	1/1	1/8	1/15	1/22	2/1	2/8	2/15	2/22	3/1	3/8	3/15	3/22	4/1	4/8	4/15	4/22	5/1	5/8	5/15	5/22	6/1	6/8	6/15	6/22	7/1	7/8	7/15	7/22	8/1	8/8	8/15	8/22	9/1	9/8	9/15	9/22	10/1	10/8	10/15	10/22	11/1	11/8	11/15	11/22	12/1	12/8	12/15	12/22
Frequency (%)
	Lincoln's Sparrow	0.008029161916079199	0.04384851492003416	0.002589331952356292	0.003696447713747089	0.0	0.0	0.0	0.0	0.0	0.0	0.0	0.001268150402637753	0.0016889039013680122	0.0	0.0330820260129194	0.23365953544464405	2.270099715785924	6.223093691463374	5.511124036643886	1.5508208173244848	0.9562201181213087	0.9783071033602722	0.9766454352441614	1.1070045758535727	1.8375757575757576	1.314861137835931	0.6914466898422279	0.5703370173284213	0.5969934546500755	0.5996668517490283	0.5401992423179458	0.6180582479987229	1.0827510538776925	1.9987142773654376	2.949527727878542	3.9235943705948526	4.512108766463674	2.7100783572007567	1.5856420979264678	0.5858218424837154	0.11954572624028689	0.02985520226899537	0.029101726702451012	0.02114500185018766	0.012067821154890485	0.0069264069264069255	0.021402146329531906	0.010258304097166656
	Total # checklists submitted - (Lincoln's Sparrow)	62273	43331	38620	54106	37238	53163	75553	42285	42866	50027	55502	78855	59210	57034	57433	79603	83036	91289	82524	85890	53335	51722	49455	56820	41250	31182	26177	36645	27806	27015	28508	43847	34634	34222	34514	43557	35305	37010	34434	47284	36806	33495	30926	37834	33146	28875	32707	48741
	
Abundance
	Lincoln's Sparrow	8.0291619160792E-5	5.307978121898871E-4	2.589331952356292E-5	3.696447713747089E-5	0.0	0.0	0.0	0.0	0.0	0.0	0.0	1.2681504026377529E-5	1.688903901368012E-5	0.0	3.30820260129194E-4	0.00266321621044433	0.03286526325930922	0.10431705901039556	0.09270030536571179	0.02492723250669461	0.01499953126464798	0.013591895131665442	0.01421494287736326	0.016455473424850403	0.03187878787878788	0.021871592585465973	0.011498643847652519	0.012170828216673488	0.013594188304682443	0.014621506570423838	0.012101866142837099	0.028257349419572603	0.02818040076225674	0.03629244345742505	0.0556585733325607	0.07580871042541956	0.076759665769721	0.03669278573358552	0.021316141023407096	0.007169444209457745	0.0012497962288757268	2.985520226899537E-4	2.910172670245101E-4	2.1145001850187662E-4	1.2067821154890484E-4	6.926406926406926E-5	2.1402146329531905E-4	1.0258304097166656E-4
	Total # checklists submitted - (Lincoln's Sparrow)	62273	43331	38620	54106	37238	53163	75553	42285	42866	50027	55502	78855	59210	57034	57433	79603	83036	91289	82524	85890	53335	51722	49455	56820	41250	31182	26177	36645	27806	27015	28508	43847	34634	34222	34514	43557	35305	37010	34434	47284	36806	33495	30926	37834	33146	28875	32707	48741
	
Birds Per Party Hour
	Lincoln's Sparrow	0.766435147292451	2.7868097923089485	1.2004801920768307	0.8333333333333334	0.0	2.0	0.0	0.0	0.0	0.0	0.0	0.0	0.495785820525533	0.0	1.5348050955651413	1.5015356281437506	0.9193796977723175	0.9047677460961977	1.1208640635652505	1.248784346599751	8.96967085768719	10.427727967145463	11.029637347427549	10.973044591035045	13.87208170279457	12.383887921588473	1.918618318498244	1.1068572471125717	1.1400428655383048	0.966281304608543	0.8898528656842887	1.3276238420976214	1.109426769987794	1.1726578976398063	1.3803065818504303	1.608012104777841	1.4342029499330746	1.0691007058937767	1.0886315783599305	1.0037143589390978	0.7393335850633102	0.6077771979876603	1.5197177074422583	1.4282065108236517	0.17261904761904762	0.8333333333333334	0.3863424496901876	1.5502253377815596
	# checklists reporting species - (Lincoln's Sparrow)	8	21	1	2	0	1	0.0	0.0	0.0	0.0	0.0	1	1	0	19	209	1874	5300	4362	1344	525	508	489	637	742	373	176	204	164	152	146	256	365	687	1059	1748	1627	1024	557	308	50	9	7	10	6	2	5	10
	
High Count
	Lincoln's Sparrow	1	2	1	1	1	1	0.0	0.0	0.0	0.0	0.0	1	1	1	1	6	40	340	45	90	15	8	15	32	75	30	10	30	20	18	14	70	50	45	32	64	35	35	12	20	2	1	1	1	1	1	1	2
	# checklists reporting species - (Lincoln's Sparrow)	11	24	3	2	1	1	0.0	0.0	0.0	0.0	0.0	3	3	1	23	261	2253	6648	5204	1651	579	546	533	678	798	427	209	227	177	176	172	313	447	798	1188	1939	1761	1149	630	353	72	11	11	12	6	2	10	16
	
Totals
	Lincoln's Sparrow	11	28	3	2	1	1	0.0	0.0	0.0	0.0	0.0	2	2	1	22	290	3265	11169	8752	2600	873	749	773	1003	1376	700	329	468	386	410	372	1314	1064	1437	2219	3961	3013	1610	860	447	74	11	11	12	6	2	10	17
	# checklists reporting species - (Lincoln's Sparrow)	11	24	3	2	1	1	0.0	0.0	0.0	0.0	0.0	2	2	1	22	249	2048	5756	4690	1500	553	522	504	652	760	397	192	218	171	167	161	304	430	777	1162	1889	1734	1114	621	348	72	11	11	12	6	2	10	16
	
Average Count
	Lincoln's Sparrow	1.0	1.1666666666666667	1.0	1.0	1.0	1.0	0.0	0.0	0.0	0.0	0.0	1.0	1.0	1.0	1.0	1.1646586345381527	1.59423828125	1.9404100069492702	1.8660980810234542	1.7333333333333334	1.5786618444846292	1.4348659003831417	1.5337301587301588	1.5383435582822085	1.8105263157894738	1.7632241813602014	1.7135416666666667	2.146788990825688	2.257309941520468	2.4550898203592815	2.31055900621118	4.322368421052632	2.474418604651163	1.8494208494208495	1.9096385542168675	2.096876654314452	1.73760092272203	1.44524236983842	1.3848631239935587	1.2844827586206897	1.0277777777777777	1.0	1.0	1.0	1.0	1.0	1.0	1.0625
	# checklists reporting species - (Lincoln's Sparrow)	11	24	3	2	1	1	0.0	0.0	0.0	0.0	0.0	2	2	1	22	249	2048	5756	4690	1500	553	522	504	652	760	397	192	218	171	167	161	304	430	777	1162	1889	1734	1114	621	348	72	11	11	12	6	2	10	16
	
