

	Week starting on...	1/1	1/8	1/15	1/22	2/1	2/8	2/15	2/22	3/1	3/8	3/15	3/22	4/1	4/8	4/15	4/22	5/1	5/8	5/15	5/22	6/1	6/8	6/15	6/22	7/1	7/8	7/15	7/22	8/1	8/8	8/15	8/22	9/1	9/8	9/15	9/22	10/1	10/8	10/15	10/22	11/1	11/8	11/15	11/22	12/1	12/8	12/15	12/22
Frequency (%)
	Red-breasted Merganser	8.335875901273425	8.444300846968684	7.1439668565510095	6.605552064466049	6.144261238519792	4.621635347892331	3.732479186796024	6.255173229277522	7.222507348481313	7.643872308953164	6.906057439371555	6.812503962970008	7.333220739739908	7.728723217729776	8.209565928995525	8.53611044809869	8.992485187147743	9.161016113661011	6.039455188793563	3.1109558737920597	0.9880941220586856	0.4814198986891458	0.3619452027095339	0.2974304822245688	0.31757575757575757	0.3623885575011224	0.542460938992245	0.5266748533224178	0.5286628785154284	0.5108273181565797	0.5928160516346289	0.7298104773416654	0.9268349021193047	1.072409561101046	1.2400764906994262	1.5244392405353904	2.526554312420337	3.5855174277222375	5.7878840680722545	9.500042297605955	11.902950605879477	12.228690849380506	12.064282480760525	11.42094412433261	11.31358233270983	9.561904761904762	8.138930504173418	7.890687511540592
	Total # checklists submitted - (Red-breasted Merganser)	62273	43331	38620	54106	37238	53163	75553	42285	42866	50027	55502	78855	59210	57034	57433	79603	83036	91289	82524	85890	53335	51722	49455	56820	41250	31182	26177	36645	27806	27015	28508	43847	34634	34222	34514	43557	35305	37010	34434	47284	36806	33495	30926	37834	33146	28875	32707	48741
	
Abundance
	Red-breasted Merganser	1.3641706678656882	1.597562945697076	0.9289487312273433	0.9372158355820057	0.9006928406466512	0.5302183849669884	0.4838590128783768	0.7756414804304127	0.852423832407969	1.0772183021168569	1.038899499117149	1.3375943186861963	1.6419185948319541	3.2221481923063435	4.1100238538819145	5.42414230619449	4.791211040994267	2.700423928403203	1.2104721050845815	0.3764000465711957	0.07582263054279553	0.02851784540427671	0.016964917601860276	0.014114748328053503	0.011684848484848485	0.027355525623757294	0.03930931733964931	0.02767089643880475	0.019384305545565705	0.018730334999074588	0.027465974463308545	0.027869637603484845	0.03675578910896807	0.051224358599731165	0.07385408819609433	0.10629749523612737	0.3904829344285512	1.016022696568495	5.427716791543242	17.73587259961086	20.42460468401891	19.748708762501867	13.795414861281769	7.498969181159803	8.900199119049056	2.7432034632034634	3.573913841073776	1.8226749553763772
	Total # checklists submitted - (Red-breasted Merganser)	62273	43331	38620	54106	37238	53163	75553	42285	42866	50027	55502	78855	59210	57034	57433	79603	83036	91289	82524	85890	53335	51722	49455	56820	41250	31182	26177	36645	27806	27015	28508	43847	34634	34222	34514	43557	35305	37010	34434	47284	36806	33495	30926	37834	33146	28875	32707	48741
	
Birds Per Party Hour
	Red-breasted Merganser	35.108621885920535	36.27967798205304	32.5507975864733	23.931048692458372	25.444981895989734	23.947603234909565	21.849245386600934	27.719481958208284	24.629120117145415	22.756242028672197	29.202309126501667	31.69982486257855	39.08519128438294	49.31037347745193	46.86228633771558	48.70767513518236	32.134849717457875	16.102837351826665	16.1582403970224	11.20937614117328	7.307018722834282	4.4748729078020055	4.342114499572286	5.31018228845575	3.8801948410501605	9.47665148745271	5.209367214180907	9.892766984526341	2.5683632433668926	2.61185692703235	4.437416984470051	4.175394835353996	3.0558616429388574	3.6736772307085945	5.864794050993031	4.2302900022564955	12.273356611031081	36.99379823858644	61.25730328080481	142.273962515142	130.49582172161396	99.43286343591957	123.75100300102982	65.34653666752338	71.70626197859639	39.472120517442626	32.57226664780832	31.44191602525408
	# checklists reporting species - (Red-breasted Merganser)	4913	3511	2601	3344	2129	2319	2630	2479	2905	3583	3548	4945	4007	4068	4336	6251	6599	6966	4142	2516	536	259	193	176	132	121	148	208	159	139	161	333	314	358	442	658	860	1283	1911	4283	4185	3890	3520	4055	3542	2642	2548	3715
	
High Count
	Red-breasted Merganser	1500	3185	1000	5000	7500	800	3050	3000	1200	2000	4000	4000	25000	20000	30000	100000	40000	30000	3325	1000	370	518	145	60	46	280	190	50	65	42	200	91	170	80	200	700	1500	11000	15000	45000	54000	87000	50000	25000	55800	6505	13500	4000
	# checklists reporting species - (Red-breasted Merganser)	5554	3886	2919	3760	2424	2578	2988	2802	3268	4055	4063	5725	4673	4804	5159	7404	8223	9300	5534	3099	655	322	243	223	177	164	169	244	193	168	199	379	371	416	510	772	995	1481	2206	4908	4734	4385	3978	4613	4020	2922	2825	4102
	
Totals
	Red-breasted Merganser	91072	74550	37988	53695	36927	30021	38850	40657	38919	58429	70573	109958	131964	205855	286676	546917	486111	273019	113242	38876	5129	1830	1165	1065	642	1630	1213	1171	820	608	845	1444	1492	1935	2885	5453	17456	66777	274659	1086156	955706	886981	553782	330691	322375	89084	124895	105611
	# checklists reporting species - (Red-breasted Merganser)	5107	3637	2691	3471	2213	2429	2771	2613	3028	3747	3718	5295	4297	4414	4710	6683	7065	7484	4503	2778	611	292	225	202	167	146	163	229	180	160	190	371	357	396	486	720	951	1427	2111	4649	4432	4106	3723	4273	3706	2738	2662	3845
	
Average Count
	Red-breasted Merganser	17.832778539259838	20.497662908990925	14.11668524712003	15.469605301065975	16.686398553999098	12.359407163441746	14.020209310718153	15.559510141599693	12.853038309114927	15.59354149986656	18.98144163528779	20.766383380547687	30.710728415173378	46.63683733574989	60.865392781316345	81.837049229388	68.80552016985138	36.480358097274184	25.148123473240062	13.99424046076314	8.39443535188216	6.267123287671233	5.177777777777778	5.272277227722772	3.844311377245509	11.164383561643836	7.441717791411043	5.11353711790393	4.555555555555555	3.8	4.447368421052632	3.8921832884097034	4.179271708683474	4.886363636363637	5.936213991769547	7.573611111111111	18.355415352260778	46.795374912403645	130.1084793936523	233.6321789632179	215.63763537906138	216.02070141256698	148.74617244157938	77.39082611748186	86.98731786292498	32.53615777940102	46.91773102930128	27.46710013003901
	# checklists reporting species - (Red-breasted Merganser)	5107	3637	2691	3471	2213	2429	2771	2613	3028	3747	3718	5295	4297	4414	4710	6683	7065	7484	4503	2778	611	292	225	202	167	146	163	229	180	160	190	371	357	396	486	720	951	1427	2111	4649	4432	4106	3723	4273	3706	2738	2662	3845
	
