

	Week starting on...	1/1	1/8	1/15	1/22	2/1	2/8	2/15	2/22	3/1	3/8	3/15	3/22	4/1	4/8	4/15	4/22	5/1	5/8	5/15	5/22	6/1	6/8	6/15	6/22	7/1	7/8	7/15	7/22	8/1	8/8	8/15	8/22	9/1	9/8	9/15	9/22	10/1	10/8	10/15	10/22	11/1	11/8	11/15	11/22	12/1	12/8	12/15	12/22
Frequency (%)
	Cedar Waxwing	1.7487514653220497	1.8370219934919572	1.9031589849818749	1.931393930432854	2.12685965948762	1.6044993698624985	1.3990179079586516	1.9841551377557054	1.9339336537115663	2.1188558178583565	2.196317249828835	1.908566355969818	2.114507684512751	2.310902268822106	2.251318928142357	2.793864552843486	4.378823642757358	6.590060138680455	10.524211138577868	18.407265106531607	22.234930158432547	22.60353427941688	22.897583661914872	23.366772263287576	24.959999999999997	27.57360015393496	30.698704970011843	31.48587801882931	32.931741350787604	31.493614658523043	30.293251017258317	28.30980454763154	25.63665761968008	20.945590555782832	16.62803500028974	12.094496866175357	8.505877354482367	7.519589300189137	6.7956089911134345	7.395736401319686	7.365646905395859	5.257501119570085	4.565737567095648	3.4836390548184175	2.6006154588788992	2.3965367965367963	3.0543920261717674	2.5850926324859977
	Total # checklists submitted - (Cedar Waxwing)	62273	43331	38620	54106	37238	53163	75553	42285	42866	50027	55502	78855	59210	57034	57433	79603	83036	91289	82524	85890	53335	51722	49455	56820	41250	31182	26177	36645	27806	27015	28508	43847	34634	34222	34514	43557	35305	37010	34434	47284	36806	33495	30926	37834	33146	28875	32707	48741
	
Abundance
	Cedar Waxwing	0.3079986511007981	0.3239943689275576	0.2988865872604868	0.3283739326507227	0.3875879477952629	0.2679871339089216	0.2136778155731738	0.3002246659571952	0.2930994261186022	0.26635616766945847	0.253900760332961	0.23771479297444678	0.2407025840229691	0.28088508608899954	0.24485922727351872	0.27923570719696494	0.35489426272941854	0.5611519460175924	0.8415370074160244	1.4551752241238793	1.2573169588450361	0.9711728084760837	0.8102517440097058	0.7683386131643788	0.8539151515151515	1.005323584119043	1.1757267830538258	1.3239459680720427	1.7300222973458965	1.9605404404960207	2.3746316823347833	2.726800009122631	2.6290061788993473	2.173134241131436	1.6875181085936142	1.4474596505728126	0.9985837700042487	0.8836530667387192	1.074664575710054	1.7017807292107268	1.9820409715807206	1.1887445887445887	1.0145508633512255	0.6264471110641222	0.4789416520847161	0.4695757575757576	0.7711193322530345	0.5373710018259781
	Total # checklists submitted - (Cedar Waxwing)	62273	43331	38620	54106	37238	53163	75553	42285	42866	50027	55502	78855	59210	57034	57433	79603	83036	91289	82524	85890	53335	51722	49455	56820	41250	31182	26177	36645	27806	27015	28508	43847	34634	34222	34514	43557	35305	37010	34434	47284	36806	33495	30926	37834	33146	28875	32707	48741
	
Birds Per Party Hour
	Cedar Waxwing	48.33368896325883	51.101222133557485	39.136505293418615	43.208110997001995	39.51985440950105	43.90764319127599	34.61211843345158	33.32607330698751	30.701073120353207	39.00272767228349	21.468070748509003	24.270945622573723	17.94159095688099	16.524594075378786	18.064263008136802	11.785271520963821	8.721605180705643	6.752632963481196	5.299075856486416	8.673031069985296	9.910915541153967	9.629057038728531	9.127990143365388	8.483404033879806	7.444243423853289	6.445784735982436	5.3791935467966185	5.526172179013979	6.171937477025567	7.2082399663511545	7.75166036931297	8.451641367510902	7.551344760571217	8.501331377243238	8.129668494817011	10.778517006402621	9.559725071977146	9.458398959016803	13.113222926560326	18.139145521070645	19.20479240415922	17.501604018938142	26.25247803612719	37.53450909762302	69.2050842699393	39.32788591443342	37.08997725683804	38.44593192679915
	# checklists reporting species - (Cedar Waxwing)	1110	832	755	1079	825	887	1112	880	837	1089	1220	1517	1290	1329	1303	2231	3545	5373	8041	15445	11555	11447	11072	12822	9981	8299	7770	11292	8996	8319	8388	11903	8507	6786	5517	5134	2964	2733	2305	3439	2724	1782	1412	1330	855	684	999	1300
	
High Count
	Cedar Waxwing	500	240	200	360	300	220	500	300	200	400	300	400	100	300	250	200	200	1850	1500	2000	1000	355	70	125	95	110	100	200	500	1000	490	2800	800	760	510	1386	1230	696	1000	1985	1043	1350	1500	441	291	300	4554	1136
	# checklists reporting species - (Cedar Waxwing)	1320	956	858	1237	937	1012	1245	1001	986	1217	1384	1710	1426	1485	1466	2489	4025	6755	9541	17407	12887	12662	12318	14345	11202	9354	8742	12623	10061	9314	9398	13354	9541	7672	6136	5643	3213	2959	2486	3796	2947	1933	1560	1443	981	779	1148	1456
	
Totals
	Cedar Waxwing	24143	16926	13872	22833	17320	17674	20182	16281	15404	16130	16707	21021	16245	17740	15506	24927	31827	55046	75633	141673	73478	53233	42714	46148	37526	33311	32674	52104	51603	57893	72615	129314	100657	81900	63138	67661	39154	36015	41795	93521	83860	43437	35830	26866	20175	15902	31371	32038
	# checklists reporting species - (Cedar Waxwing)	1256	916	832	1199	897	973	1205	975	960	1183	1314	1652	1372	1415	1392	2362	3697	5698	8370	16149	12055	11898	11522	13349	10428	8709	8109	11781	9416	8695	8771	12504	8988	7219	5782	5347	3077	2833	2409	3637	2842	1866	1505	1403	932	759	1109	1411
	
Average Count
	Cedar Waxwing	19.22213375796178	18.478165938864628	16.673076923076923	19.043369474562134	19.308807134894092	18.16443987667009	16.748547717842325	16.698461538461537	16.045833333333334	13.634826711749788	12.714611872146119	12.724576271186441	11.840379008746355	12.537102473498233	11.139367816091953	10.553344623200678	8.608872058425751	9.66058266058266	9.036200716845878	8.772865192891201	6.095230194939859	4.4741132963523285	3.707168894289186	3.4570379803730615	3.5985807441503646	3.8248937880353657	4.029350104821803	4.422714540361599	5.4803525913339	6.658194364577343	8.278987572682704	10.341810620601407	11.199043168669338	11.345061642886826	10.919750951227948	12.654011595287077	12.724731881702958	12.712672079068126	17.349522623495226	25.713775089359363	29.507389162561577	23.278135048231512	23.80730897009967	19.14896650035638	21.646995708154506	20.95125164690382	28.287646528403968	22.705882352941178
	# checklists reporting species - (Cedar Waxwing)	1256	916	832	1199	897	973	1205	975	960	1183	1314	1652	1372	1415	1392	2362	3697	5698	8370	16149	12055	11898	11522	13349	10428	8709	8109	11781	9416	8695	8771	12504	8988	7219	5782	5347	3077	2833	2409	3637	2842	1866	1505	1403	932	759	1109	1411
	
