

	Week starting on...	1/1	1/8	1/15	1/22	2/1	2/8	2/15	2/22	3/1	3/8	3/15	3/22	4/1	4/8	4/15	4/22	5/1	5/8	5/15	5/22	6/1	6/8	6/15	6/22	7/1	7/8	7/15	7/22	8/1	8/8	8/15	8/22	9/1	9/8	9/15	9/22	10/1	10/8	10/15	10/22	11/1	11/8	11/15	11/22	12/1	12/8	12/15	12/22
Frequency (%)
	Wood Duck	0.60218714370594	0.6461886409268192	0.7301916105644743	0.6376372306213729	0.6901552177882807	0.48906194157590804	0.3533943059838789	0.9152181624689606	1.2130826295898849	2.9943830331620926	4.700731505170984	7.146027518863737	10.015200135112313	11.5510046638847	11.82421256072293	12.553546976872731	12.023700563610964	11.682678088269123	10.87683582957685	8.931191058330423	7.182900534358301	5.833107768454429	5.398847437063998	5.205913410770855	5.573333333333333	7.350394458341351	9.485426137448906	11.447673625324056	12.882111774437172	14.177308902461597	15.086993124736917	15.287248842566195	16.55021077553849	14.803342878849863	14.414440516891696	13.451339623941042	11.519614785441155	10.11888678735477	8.88656560376372	6.4334658658319945	3.8906699994566107	2.495894909688013	1.112332665071461	0.6845694348998256	0.6003741024558016	0.5956709956709957	0.6818112330693735	0.4698303276502329
	Total # checklists submitted - (Wood Duck)	62273	43331	38620	54106	37238	53163	75553	42285	42866	50027	55502	78855	59210	57034	57433	79603	83036	91289	82524	85890	53335	51722	49455	56820	41250	31182	26177	36645	27806	27015	28508	43847	34634	34222	34514	43557	35305	37010	34434	47284	36806	33495	30926	37834	33146	28875	32707	48741
	
Abundance
	Wood Duck	0.0118510429881329	0.011539082873693199	0.01276540652511652	0.010460947029904261	0.011413072667705032	0.008652634350958373	0.00594284806691991	0.01690906940995625	0.032916530583679375	0.11853599056509485	0.19963244567763325	0.3328387546763046	0.46948150650228004	0.49524844829400005	0.45480821130708826	0.4633368089142369	0.4042583939496122	0.38396740023442033	0.3931462362464253	0.4194318314122715	0.39101903065529203	0.364951084644832	0.33687190375088466	0.3445793734600493	0.43815757575757575	0.6358476043871464	0.8862360087099362	1.0217765042979943	1.1752859095159318	1.2872108088099203	1.38547074505402	1.3754646840148699	1.5891609401166484	1.3928759277657647	1.3190879063568408	1.148265491195445	0.9306047302081858	0.7904079978384221	0.6689318696637044	0.442559851112427	0.22594142259414227	0.12798925212718315	0.036344823126172154	0.015990907649204418	0.01155493875580764	0.014233766233766234	0.013575075671874522	0.008719558482591658
	Total # checklists submitted - (Wood Duck)	62273	43331	38620	54106	37238	53163	75553	42285	42866	50027	55502	78855	59210	57034	57433	79603	83036	91289	82524	85890	53335	51722	49455	56820	41250	31182	26177	36645	27806	27015	28508	43847	34634	34222	34514	43557	35305	37010	34434	47284	36806	33495	30926	37834	33146	28875	32707	48741
	
Birds Per Party Hour
	Wood Duck	4.257774724321871	4.792386868194214	4.746748027648453	3.99242124381125	3.780472989264021	4.17281718623905	3.6808683892539458	4.889302165024513	6.9563511855788605	9.86693204160343	10.453454972846675	9.605147631503911	8.374317958506925	7.073328241299028	6.256641324160643	4.873124294060811	3.7324841602416687	3.3485603056725255	3.588702792907409	5.866240135903626	8.520619891475306	11.145861904642972	9.354298559157028	10.660803825257098	11.767990456551143	12.472656948609869	13.129478232994996	11.676554006098701	11.716058614803698	11.759371134915048	12.337922904780084	11.156049097409758	11.549431992306639	12.52881752946975	10.421444381950566	10.713626425865955	10.093929143621853	9.55106668946387	10.811942388747319	8.813102622793725	7.800392045854523	5.320501475938827	4.650158951346169	2.5874625320581273	3.7603773683138386	4.0246933722084295	2.8045541360020048	3.1335495872192918
	# checklists reporting species - (Wood Duck)	392	288	284	369	265	265	278	411	554	1544	2726	5775	6067	6700	6857	10197	9918	10183	8705	7714	3851	3040	2709	2949	2301	2291	2429	4156	3554	3809	4218	6561	5538	4889	4836	5752	4039	3719	3036	3052	1478	849	350	266	217	186	227	235
	
High Count
	Wood Duck	29	24	13	11	6	6	8	17	65	90	210	610	320	200	75	74	50	97	120	230	100	130	92	139	150	120	214	149	100	350	140	250	250	250	250	200	100	127	100	150	150	90	64	28	7	31	177	15
	# checklists reporting species - (Wood Duck)	474	337	324	420	293	289	305	461	602	1657	2958	6324	6657	7336	7536	11022	10903	11748	9743	8411	4187	3325	2979	3230	2568	2489	2687	4577	3858	4116	4606	7198	6110	5483	5369	6308	4385	4026	3316	3285	1603	917	393	298	253	215	266	295
	
Totals
	Wood Duck	882	590	541	656	469	489	491	847	1632	6590	12765	29267	30442	30879	28354	39885	35716	37712	34749	38865	22397	20551	18250	20863	19291	20945	24303	39765	34280	36667	41666	63554	57845	50162	48261	53250	35639	31388	24348	22191	9293	4559	1239	689	453	481	693	515
	# checklists reporting species - (Wood Duck)	466	334	318	412	288	284	296	458	596	1641	2903	6176	6473	7111	7249	10608	10272	10642	8961	8003	4015	3174	2834	3070	2426	2364	2504	4309	3657	3889	4340	6779	5760	5127	5064	5971	4170	3857	3168	3168	1555	893	383	294	250	214	263	286
	
Average Count
	Wood Duck	1.8927038626609443	1.7664670658682635	1.70125786163522	1.5922330097087378	1.6284722222222223	1.721830985915493	1.6587837837837838	1.8493449781659388	2.738255033557047	4.015843997562462	4.397175335859456	4.7388277202072535	4.702919820794068	4.342427225425397	3.9114360601462272	3.759898190045249	3.47702492211838	3.543694794211614	3.8778038165383326	4.856303886042734	5.578331257783312	6.4747952110901075	6.439661256175017	6.795765472312704	7.951772464962902	8.859983079526227	9.705670926517572	9.228359248085402	9.373803664205633	9.428387760349704	9.600460829493088	9.375129075084821	10.042534722222221	9.783889213965281	9.53021327014218	8.918104170155752	8.54652278177458	8.137931034482758	7.6856060606060606	7.004734848484849	5.976205787781351	5.105263157894737	3.234986945169713	2.3435374149659864	1.812	2.2476635514018692	2.634980988593156	1.8006993006993006
	# checklists reporting species - (Wood Duck)	466	334	318	412	288	284	296	458	596	1641	2903	6176	6473	7111	7249	10608	10272	10642	8961	8003	4015	3174	2834	3070	2426	2364	2504	4309	3657	3889	4340	6779	5760	5127	5064	5971	4170	3857	3168	3168	1555	893	383	294	250	214	263	286
	
