

	Week starting on...	1/1	1/8	1/15	1/22	2/1	2/8	2/15	2/22	3/1	3/8	3/15	3/22	4/1	4/8	4/15	4/22	5/1	5/8	5/15	5/22	6/1	6/8	6/15	6/22	7/1	7/8	7/15	7/22	8/1	8/8	8/15	8/22	9/1	9/8	9/15	9/22	10/1	10/8	10/15	10/22	11/1	11/8	11/15	11/22	12/1	12/8	12/15	12/22
Frequency (%)
	Harlequin Duck	0.6391212885199042	0.5677228773857055	0.6266183324702227	0.4047610246553063	0.30076803265481494	0.1937437691627636	0.14426958558892433	0.2790587678845926	0.3942518546167125	0.3857916724968517	0.22521710929335878	0.19022256039566293	0.11822327309576085	0.1683206508398499	0.1567043337454077	0.1381857467683379	0.051784768052411	0.03067182245396488	0.023023605254229074	0.027942717429269997	0.007499765632323989	0.0019334132477475735	0.0	0.0017599436818021823	0.0048484848484848485	0.0	0.0	0.0	0.0	0.0	0.003507787287778869	0.006841973225078113	0.005774672287347693	0.017532581380398576	0.0057947499565393756	0.004591684459443947	0.00566491998300524	0.00810591731964334	0.05517802172271592	0.12054817697318332	0.4673151116665761	0.40603075085833706	0.46239410205005493	0.7400750647565681	0.8175948832438303	0.6095238095238096	0.40664078026110617	0.6216532282882994
	Total # checklists submitted - (Harlequin Duck)	62273	43331	38620	54106	37238	53163	75553	42285	42866	50027	55502	78855	59210	57034	57433	79603	83036	91289	82524	85890	53335	51722	49455	56820	41250	31182	26177	36645	27806	27015	28508	43847	34634	34222	34514	43557	35305	37010	34434	47284	36806	33495	30926	37834	33146	28875	32707	48741
	
Abundance
	Harlequin Duck	0.008912369726847912	0.007523482033647965	0.008052822371828068	0.005248955753520867	0.0036521832536656105	0.003611534337791321	0.0016147604992521806	0.003287217689487998	0.004245789203564596	0.004157754812401303	0.0026485532052898993	0.002181218692536935	0.0013342340820807297	0.0024371427569519935	0.001793394041752999	0.001758727686142482	9.152656679030782E-4	4.162604475895234E-4	3.0294217439775096E-4	3.9585516358132494E-4	9.374707040404987E-5	3.866826495495147E-5	0.0	1.7599436818021823E-5	4.848484848484849E-5	0.0	0.0	0.0	0.0	0.0	3.507787287778869E-5	6.841973225078113E-5	5.774672287347693E-5	1.7532581380398575E-4	1.158949991307875E-4	4.591684459443947E-5	1.6994759949015721E-4	1.0807889759524453E-4	6.389034094209212E-4	0.0014381186024870992	0.005298049231103624	0.00522466039707419	0.005011964043199897	0.009568113337209918	0.017347492910155072	0.00793073593073593	0.005717430519460666	0.009006790997312324
	Total # checklists submitted - (Harlequin Duck)	62273	43331	38620	54106	37238	53163	75553	42285	42866	50027	55502	78855	59210	57034	57433	79603	83036	91289	82524	85890	53335	51722	49455	56820	41250	31182	26177	36645	27806	27015	28508	43847	34634	34222	34514	43557	35305	37010	34434	47284	36806	33495	30926	37834	33146	28875	32707	48741
	
Birds Per Party Hour
	Harlequin Duck	3.2299693523619704	3.077079800172809	2.6242585117491553	2.9455399774416597	2.0814887659057812	6.672325720270073	2.4009732889836606	2.0452815846447967	1.5900798798105154	1.7189445658930558	1.7894655550539567	1.793923432157971	1.5201583038780053	2.804239143927044	1.7995500426395075	1.4935731787537379	1.5333418708800295	1.8981730619626862	2.332538425742309	1.194586656862556	1.3	24.096385542168676	0.0	0.0	0.4166666666666667	0.0	0.0	0.0	0.0	0.0	0.2	0.3824074074074074	1.0	0.17777777777777778	1.2022043972531595	0.20576784233600004	0.44607843137254904	0.14293378870734863	1.0663068233230981	1.5542755562936355	2.2167723204966845	1.8399141928117477	1.8278933995162474	2.066347729471841	4.597084410985414	2.4974454721811736	2.7973513715773763	3.1038409327996694
	# checklists reporting species - (Harlequin Duck)	434	281	257	242	127	119	125	131	194	204	136	169	78	104	97	130	52	29	17	22	5	2	0	1	2	1	0	1	0.0	0.0	1	3	1	6	2	3	4	6	23	67	197	154	170	322	328	190	145	333
	
High Count
	Harlequin Duck	5	4	5	5	4	5	5	5	4	4	4	4	4	4	6	6	6	5	9	4	4	2	1	1	1	1	1	1	0.0	0.0	1	1	1	1	3	1	5	2	3	3	6	6	3	4	8	5	6	5
	# checklists reporting species - (Harlequin Duck)	486	322	289	290	152	141	152	153	213	225	163	204	98	129	110	161	73	42	41	49	18	12	8	12	11	8	7	4	0.0	0.0	2	3	3	9	4	6	9	14	37	92	237	192	202	359	389	236	190	376
	
Totals
	Harlequin Duck	678	425	374	375	188	257	182	189	244	251	202	247	117	190	137	222	118	62	63	73	22	14	8	12	11	8	7	4	0.0	0.0	2	3	3	9	6	6	15	17	45	109	268	258	222	461	790	307	264	550
	# checklists reporting species - (Harlequin Duck)	482	317	286	289	148	139	147	152	211	225	157	203	94	129	109	155	72	39	39	48	18	12	8	12	11	8	7	4	0.0	0.0	2	3	3	9	4	6	9	14	37	91	235	192	200	354	380	234	189	372
	
Average Count
	Harlequin Duck	1.4066390041493777	1.3406940063091484	1.3076923076923077	1.2975778546712802	1.2702702702702702	1.8489208633093526	1.2380952380952381	1.243421052631579	1.1563981042654028	1.1155555555555556	1.286624203821656	1.2167487684729064	1.2446808510638299	1.4728682170542635	1.2568807339449541	1.4322580645161291	1.6388888888888888	1.5897435897435896	1.6153846153846154	1.5208333333333333	1.2222222222222223	1.1666666666666667	1.0	1.0	1.0	1.0	1.0	1.0	0.0	0.0	1.0	1.0	1.0	1.0	1.5	1.0	1.6666666666666667	1.2142857142857142	1.2162162162162162	1.1978021978021978	1.1404255319148937	1.34375	1.11	1.3022598870056497	2.0789473684210527	1.311965811965812	1.3968253968253967	1.478494623655914
	# checklists reporting species - (Harlequin Duck)	482	317	286	289	148	139	147	152	211	225	157	203	94	129	109	155	72	39	39	48	18	12	8	12	11	8	7	4	0.0	0.0	2	3	3	9	4	6	9	14	37	91	235	192	200	354	380	234	189	372
	
