

	Week starting on...	1/1	1/8	1/15	1/22	2/1	2/8	2/15	2/22	3/1	3/8	3/15	3/22	4/1	4/8	4/15	4/22	5/1	5/8	5/15	5/22	6/1	6/8	6/15	6/22	7/1	7/8	7/15	7/22	8/1	8/8	8/15	8/22	9/1	9/8	9/15	9/22	10/1	10/8	10/15	10/22	11/1	11/8	11/15	11/22	12/1	12/8	12/15	12/22
Frequency (%)
	Dark-eyed Junco	29.818701523934934	31.377074150146544	33.00621439668566	32.711714042804864	32.174123207476235	37.03327502210183	37.58950670390322	27.444720350005912	27.04707693743293	24.44679872868651	24.314439119311015	28.237905015534842	31.400101334234083	34.82484132271978	34.59335225393067	25.953795711216916	13.544727588034105	4.377307233072988	1.0518152295089913	0.7369891721969961	1.2937095715758882	1.6550017400719228	1.573147305631382	1.8268215417106652	2.021818181818182	1.40465653261497	0.8595331779806701	0.6931368535953063	0.6617276846723729	0.7847492133999631	0.7822365651746879	0.8392820489429152	1.0423283478662586	1.592542808719537	3.3609549747928376	9.153522969901507	18.524288344427134	26.233450418805727	32.75251205204159	38.129176888588105	37.16513611911101	36.7517539931333	34.88003621548212	33.22408415710736	31.53019972244011	33.57922077922078	37.7350414284404	34.32428550911963
	Total # checklists submitted - (Dark-eyed Junco)	62273	43331	38620	54106	37238	53163	75553	42285	42866	50027	55502	78855	59210	57034	57433	79603	83036	91289	82524	85890	53335	51722	49455	56820	41250	31182	26177	36645	27806	27015	28508	43847	34634	34222	34514	43557	35305	37010	34434	47284	36806	33495	30926	37834	33146	28875	32707	48741
	
Abundance
	Dark-eyed Junco	2.128530823952596	2.1102674759410123	2.18459347488348	2.326174546261043	2.1532842794994362	2.363034441246732	2.304197053723876	1.5852429939694928	1.4597116595903514	1.1710076558658324	0.9803610680696191	1.203056242470357	1.5896301300456004	2.1687414524669495	2.4293872860550554	1.5005967111792269	0.4947131364709283	0.10467854834646015	0.017752411419708205	0.012027011293514961	0.018636917596325114	0.023510305092610494	0.022505307855626325	0.025941569869764168	0.030933333333333334	0.024533384644987492	0.01806929747488253	0.013671715104379862	0.017226497878155795	0.018730334999074588	0.028342921285253262	0.020525919675234337	0.0324247848934573	0.05145812635146981	0.10740569044445732	0.4426154234680993	1.2004248689987254	2.1642529046203727	2.6511877795202414	2.9609804585060484	2.562272455577895	2.161815196297955	1.9741641337386018	1.876301739176402	1.7981053520786823	2.1662683982683983	3.7044363591891645	3.1130259945425824
	Total # checklists submitted - (Dark-eyed Junco)	62273	43331	38620	54106	37238	53163	75553	42285	42866	50027	55502	78855	59210	57034	57433	79603	83036	91289	82524	85890	53335	51722	49455	56820	41250	31182	26177	36645	27806	27015	28508	43847	34634	34222	34514	43557	35305	37010	34434	47284	36806	33495	30926	37834	33146	28875	32707	48741
	
Birds Per Party Hour
	Dark-eyed Junco	16.547772701912486	17.464488877458486	15.893912918434552	17.419223746699622	15.849759234638025	15.420471444753812	13.470893913094413	13.466267163334049	12.171876983169632	10.16300192642516	7.898492376413321	7.865509492533544	8.044033487079473	9.63749142876146	12.11165638821086	9.827999797270735	6.334473461611757	3.836554438945503	1.990212152035677	1.7314279714370004	7.668484815756925	8.262799005682858	11.118639920292418	12.06266047951914	11.619619694873897	10.152789201262177	4.919642191442548	2.2325471223617597	3.4955804786498437	1.4067561616904276	2.326251266247674	2.2098181446356504	2.037927885131131	2.7465015560336044	2.8074849918672253	4.492936109547757	7.236659622715056	8.9704407373451	11.330036354050586	11.194766400397938	10.429598771200638	10.23147433130587	10.864178697693388	11.077957376098531	11.40596823563041	12.768232699321103	13.429669529064217	14.13181644976267
	# checklists reporting species - (Dark-eyed Junco)	18484	13596	12696	17663	11944	19962	28735	11507	11584	12229	13373	22173	18360	19484	19336	20342	11251	3966	841	637	672	845	749	1011	785	396	215	245	189	198	220	365	365	561	1182	4050	6531	9592	11205	18000	13696	12311	10757	12571	10430	9675	12235	16634
	
High Count
	Dark-eyed Junco	539	300	200	250	250	250	140	134	150	80	110	260	1000	1200	670	2434	550	160	20	12	12	9	14	14	15	15	20	15	15	14	69	69	50	37	100	2000	4000	4000	810	4200	800	261	480	140	130	435	700	358
	# checklists reporting species - (Dark-eyed Junco)	20309	14689	13748	18989	12863	20866	29807	12400	12439	13089	14439	24001	20256	21709	21870	22616	12392	4487	1012	748	730	916	836	1112	898	479	269	300	220	247	277	460	442	659	1402	4623	7398	10891	12487	19890	14857	13306	11630	13530	11322	10447	13262	18033
	
Totals
	Dark-eyed Junco	141094	96895	89700	132821	85013	131389	181018	70479	66161	61729	57323	100657	101262	138963	157299	131872	46354	10942	1653	1162	1028	1289	1166	1566	1363	821	545	569	539	565	926	1243	1355	2124	4469	28860	53379	98500	103083	159810	101580	77533	65335	75412	63457	67046	139703	162308
	# checklists reporting species - (Dark-eyed Junco)	19521	14238	13284	18411	12446	20463	29359	12030	12110	12747	13968	23222	19420	20720	20651	21499	11773	4168	925	688	691	870	773	1041	820	421	230	265	197	220	241	412	411	624	1338	4405	7041	10329	11969	19080	14349	12877	11285	13171	10961	10164	12909	17537
	
Average Count
	Dark-eyed Junco	7.227805952563905	6.8053799690967836	6.752484191508581	7.214219759926131	6.830547967218384	6.420808288129796	6.165673217752648	5.85860349127182	5.463336085879439	4.842629638346278	4.103880297823597	4.3345534407027815	5.214315139031926	6.7067084942084945	7.617016125127113	6.133866691474022	3.937314193493587	2.625239923224568	1.787027027027027	1.688953488372093	1.487698986975398	1.4816091954022987	1.5084087968952133	1.5043227665706052	1.6621951219512194	1.9501187648456058	2.369565217391304	2.147169811320755	2.736040609137056	2.5681818181818183	3.8423236514522823	3.016990291262136	3.2968369829683697	3.4038461538461537	3.3400597907324365	6.551645856980704	7.58116744780571	9.536257140091006	8.612498955635392	8.375786163522013	7.079238971356889	6.021045274520463	5.789543642002658	5.7256092931440286	5.789344037952741	6.596418732782369	10.822139592532341	9.255174773336375
	# checklists reporting species - (Dark-eyed Junco)	19521	14238	13284	18411	12446	20463	29359	12030	12110	12747	13968	23222	19420	20720	20651	21499	11773	4168	925	688	691	870	773	1041	820	421	230	265	197	220	241	412	411	624	1338	4405	7041	10329	11969	19080	14349	12877	11285	13171	10961	10164	12909	17537
	
