

	Week starting on...	1/1	1/8	1/15	1/22	2/1	2/8	2/15	2/22	3/1	3/8	3/15	3/22	4/1	4/8	4/15	4/22	5/1	5/8	5/15	5/22	6/1	6/8	6/15	6/22	7/1	7/8	7/15	7/22	8/1	8/8	8/15	8/22	9/1	9/8	9/15	9/22	10/1	10/8	10/15	10/22	11/1	11/8	11/15	11/22	12/1	12/8	12/15	12/22
Frequency (%)
	American Coot	1.9767796637386992	1.8208672774687868	1.514759192128431	1.5266329057775478	1.2111284172082282	0.803190188665049	0.796791656188371	1.4804304126758898	1.5116875845658564	2.008915185799668	2.167489459839285	2.221799505421343	2.5772673534875867	2.451169477855314	2.6169623735483083	2.1443915430322975	1.970229779854521	1.8041604136314342	1.1693567931753186	0.6531610199091862	0.5193587700384363	0.38474923630176716	0.27499747244970174	0.2375923970432946	0.2787878787878788	0.3303187736514656	0.32471253390380866	0.49392823031791516	0.463928648493131	0.49231908199148616	0.47004349656236843	0.49718338768900955	0.7073973552000924	0.8035766466016013	0.8923914933070638	1.9262116307367356	2.353774252938677	3.4693326128073494	4.81210431550212	4.760595550291853	4.491115578981688	3.60949395432154	2.674125331436332	2.130358936406407	2.009292222289266	1.5064935064935066	1.6235056715687775	1.542848936213865
	Total # checklists submitted - (American Coot)	62273	43331	38620	54106	37238	53163	75553	42285	42866	50027	55502	78855	59210	57034	57433	79603	83036	91289	82524	85890	53335	51722	49455	56820	41250	31182	26177	36645	27806	27015	28508	43847	34634	34222	34514	43557	35305	37010	34434	47284	36806	33495	30926	37834	33146	28875	32707	48741
	
Abundance
	American Coot	0.6584233937661587	0.294869723754356	0.2041947177628172	0.2910028462647396	0.11499006391320694	0.05118221319338638	0.056821039535160746	0.31616412439399316	0.14029767181449168	0.31427029404121776	0.28489063457172714	0.2398452856508782	0.5564769464617463	0.3484763474418768	0.30221301342433793	0.17776968204715904	0.09368225829760586	0.05228450306170514	0.029506567786340945	0.015484922575387123	0.01499953126464798	0.010305092610494566	0.00827014457587706	0.0054030271031327	0.008072727272727273	0.020428452312231414	0.012262673339190892	0.017901487242461454	0.0219017478242106	0.05067555062002591	0.016556755998316262	0.032704632015873376	0.07443552578391176	0.0912863070539419	0.11618473662861448	0.414376564042519	0.7964877496105367	1.3434206971088896	2.0519835046756114	2.652250232636833	2.215970222246373	2.4602179429765636	1.9189031882558365	1.1379711370724745	2.039099740541845	0.886995670995671	1.4163328950989085	0.4453950472907819
	Total # checklists submitted - (American Coot)	62273	43331	38620	54106	37238	53163	75553	42285	42866	50027	55502	78855	59210	57034	57433	79603	83036	91289	82524	85890	53335	51722	49455	56820	41250	31182	26177	36645	27806	27015	28508	43847	34634	34222	34514	43557	35305	37010	34434	47284	36806	33495	30926	37834	33146	28875	32707	48741
	
Birds Per Party Hour
	American Coot	98.81632658264151	78.88764676068035	66.72032837468801	84.05137399896928	14.881092398644693	25.50069302809133	26.569388100822557	53.76169747160059	17.861009005033683	20.01895560470481	35.5757336043127	24.818333857363	36.10035500517455	26.928702652639352	18.564903686367398	11.969835779410264	5.458293433084876	3.071846404699534	2.3409535119024234	2.373517992448307	2.906009768603322	3.299884962075365	2.562337589337812	3.13448954045549	3.074090891952924	5.924401137335526	2.323793555508676	2.847698740182155	3.331399944323668	5.8744030198443715	2.804446133797484	5.227787701233532	4.204859583118881	5.229053092778411	4.172067296670011	15.137155040792578	35.45185409229658	31.974446322295734	36.17178063703011	61.241343271501485	37.59889041865454	69.42949835525765	88.27935818623861	97.86355647174398	214.97334140131346	78.16860379515325	79.02486496840166	39.01580872032273
	# checklists reporting species - (American Coot)	1164	765	578	802	426	427	598	627	651	997	1194	1675	1457	1330	1430	1644	1462	1415	806	532	281	200	148	124	115	109	84	168	120	132	114	207	220	254	304	843	831	1247	1626	2194	1563	1132	759	737	604	402	484	719
	
High Count
	American Coot	4200	2000	1500	1500	800	950	900	3000	1200	2500	870	1000	5000	2000	1000	1000	200	200	120	50	30	35	80	42	30	145	40	80	80	300	70	200	140	250	370	640	3600	3500	3000	6000	5000	5200	5500	5000	5000	8000	8200	5000
	# checklists reporting species - (American Coot)	1440	890	657	912	513	482	665	702	720	1127	1378	2015	1732	1589	1704	1920	1893	2010	1163	683	333	234	178	160	154	134	103	212	157	153	153	258	289	323	390	953	973	1443	1857	2555	1863	1360	946	921	777	503	596	864
	
Totals
	American Coot	42969	14191	8076	17469	5029	2816	4639	13626	6217	16504	17258	22635	35766	21580	19078	16341	8825	5503	2744	1550	911	594	492	369	411	739	424	787	694	1440	493	1799	2760	3351	4372	19563	30903	52151	78988	140977	95626	89269	78303	51057	73649	43047	48393	25095
	# checklists reporting species - (American Coot)	1326	848	621	875	483	463	635	681	692	1073	1309	1895	1626	1468	1576	1793	1605	1567	902	593	311	216	161	146	138	121	96	193	142	142	129	237	261	306	362	920	933	1383	1785	2442	1757	1291	881	865	740	477	563	823
	
Average Count
	American Coot	32.40497737556561	16.734669811320753	13.004830917874395	19.96457142857143	10.412008281573499	6.08207343412527	7.305511811023622	20.008810572687224	8.984104046242775	15.381174277726002	13.18411000763942	11.944591029023746	21.99630996309963	14.700272479564033	12.105329949238579	9.11377579475739	5.498442367601246	3.5118059987236756	3.0421286031042127	2.6138279932546373	2.9292604501607715	2.75	3.0559006211180124	2.5273972602739727	2.9782608695652173	6.107438016528926	4.416666666666667	4.077720207253886	4.887323943661972	10.140845070422536	3.8217054263565893	7.590717299578059	10.574712643678161	10.950980392156863	12.077348066298342	21.264130434782608	33.12218649517685	37.70860448300795	44.25098039215686	57.73013923013923	54.42572566875356	69.14717273431448	88.87968217934166	59.02543352601156	99.52567567567567	90.24528301886792	85.95559502664298	30.492102065613608
	# checklists reporting species - (American Coot)	1326	848	621	875	483	463	635	681	692	1073	1309	1895	1626	1468	1576	1793	1605	1567	902	593	311	216	161	146	138	121	96	193	142	142	129	237	261	306	362	920	933	1383	1785	2442	1757	1291	881	865	740	477	563	823
	
