

	Week starting on...	1/1	1/8	1/15	1/22	2/1	2/8	2/15	2/22	3/1	3/8	3/15	3/22	4/1	4/8	4/15	4/22	5/1	5/8	5/15	5/22	6/1	6/8	6/15	6/22	7/1	7/8	7/15	7/22	8/1	8/8	8/15	8/22	9/1	9/8	9/15	9/22	10/1	10/8	10/15	10/22	11/1	11/8	11/15	11/22	12/1	12/8	12/15	12/22
Frequency (%)
	Least Flycatcher	0.0	0.0	0.0	0.0	0.0	0.0	0.0	0.0	0.0	0.0	0.0	0.0	0.0	0.0	0.006964637055351453	0.23868447169076543	5.230261573293511	12.618168673115052	19.515534874703118	11.908254744440564	7.503515515140152	7.248366265805653	6.5332120109190175	5.721576909538895	5.260606060606061	3.79064845102944	2.666462925468923	2.2049392823031795	2.898654966553981	4.264297612437535	6.60516346288761	7.834059342714439	7.417566553098112	5.768219274151131	2.7785826041606305	1.0928209013476595	0.2407590992777227	0.048635503917860035	0.005808212812917465	0.004229760595550291	0.002716948323642884	0.0	0.0	0.0	0.0	0.0	0.0	0.0
	Total # checklists submitted - (Least Flycatcher)	62273	43331	38620	54106	37238	53163	75553	42285	42866	50027	55502	78855	59210	57034	57433	79603	83036	91289	82524	85890	53335	51722	49455	56820	41250	31182	26177	36645	27806	27015	28508	43847	34634	34222	34514	43557	35305	37010	34434	47284	36806	33495	30926	37834	33146	28875	32707	48741
	
Abundance
	Least Flycatcher	0.0	0.0	0.0	0.0	0.0	0.0	0.0	0.0	0.0	0.0	0.0	0.0	0.0	0.0	1.2188114846865043E-4	0.003203396856902378	0.09209258634808999	0.28322141769545073	0.4654524744316805	0.2430667132378624	0.1336645729820943	0.12745060129152005	0.11375998382367809	0.09197465681098205	0.0832	0.059072541851067924	0.041219391068495245	0.03132760267430754	0.040351003380565346	0.06748102905793078	0.11866844394555914	0.14518667183615755	0.12955477276664548	0.09175384255741921	0.03688358347337312	0.012328672773606998	0.002974082991077751	5.133747635774115E-4	5.808212812917465E-5	4.2297605955502916E-5	2.7169483236428842E-5	0.0	0.0	0.0	0.0	0.0	0.0	0.0
	Total # checklists submitted - (Least Flycatcher)	62273	43331	38620	54106	37238	53163	75553	42285	42866	50027	55502	78855	59210	57034	57433	79603	83036	91289	82524	85890	53335	51722	49455	56820	41250	31182	26177	36645	27806	27015	28508	43847	34634	34222	34514	43557	35305	37010	34434	47284	36806	33495	30926	37834	33146	28875	32707	48741
	
Birds Per Party Hour
	Least Flycatcher	0.0	0.0	0.0	0.0	0.0	0.0	0.0	0.0	0.0	0.0	0.0	0.0	0.0	0.0	0.35767433165077583	0.630335395695746	1.107512742233934	1.280962068989032	1.6509765375496073	2.4448653064319057	5.371378659835778	6.759622839420108	8.274768587832037	7.965769995516227	7.036234244283529	5.517081588626794	1.4884841125221648	0.9883927032197533	0.9583687176360777	1.0848049407708638	1.2479099207109743	1.2933455626044874	1.0807315355769278	1.0465710938718176	0.8619241769661002	0.7029398098899506	0.692026031323805	0.36882701055008876	2.728487886382623	0.6550059149064394	0.46146746654360865	0.0	0.0	0.0	0.0	0.0	0.0	0.0
	# checklists reporting species - (Least Flycatcher)	0.0	0.0	0.0	0.0	1	0.0	0.0	0.0	0.0	0.0	0.0	0.0	0.0	0.0	5	218	4183	10491	15404	9878	3921	3627	3146	3145	2113	1109	665	787	808	1141	1885	3436	2559	2019	980	519	98	22	3	3	1	0.0	0.0	0.0	0.0	0.0	0.0	0.0
	
High Count
	Least Flycatcher	0.0	0.0	0.0	0.0	1	0.0	0.0	0.0	0.0	0.0	0.0	0.0	0.0	0.0	3	14	25	600	200	1000	80	33	66	25	21	12	39	20	80	25	115	90	50	35	12	5	6	2	1	1	1	0.0	0.0	0.0	0.0	0.0	0.0	0.0
	# checklists reporting species - (Least Flycatcher)	0.0	0.0	0.0	0.0	1	0.0	0.0	0.0	0.0	0.0	0.0	0.0	0.0	0.0	10	277	5005	13021	17658	11363	4401	4044	3521	3573	2395	1325	791	883	900	1310	2106	3784	2797	2151	1070	574	116	28	6	4	3	0.0	0.0	0.0	0.0	0.0	0.0	0.0
	
Totals
	Least Flycatcher	0.0	0.0	0.0	0.0	1	0.0	0.0	0.0	0.0	0.0	0.0	0.0	0.0	0.0	13	384	8563	29077	41534	23900	7644	6912	6006	5621	3747	2066	1293	1305	1338	2121	4027	7233	4882	3454	1406	651	139	29	6	4	3	0.0	0.0	0.0	0.0	0.0	0.0	0.0
	# checklists reporting species - (Least Flycatcher)	0.0	0.0	0.0	0.0	1	0.0	0.0	0.0	0.0	0.0	0.0	0.0	0.0	0.0	10	266	4568	11255	16067	10439	4135	3801	3296	3296	2209	1210	714	828	864	1261	2027	3658	2708	2113	1047	567	115	27	6	4	3	0.0	0.0	0.0	0.0	0.0	0.0	0.0
	
Average Count
	Least Flycatcher	0.0	0.0	0.0	0.0	1.0	0.0	0.0	0.0	0.0	0.0	0.0	0.0	0.0	0.0	1.3	1.443609022556391	1.8745621716287215	2.5834740115504222	2.585050102694965	2.289491330587221	1.848609431680774	1.818468823993686	1.8222087378640777	1.7054004854368932	1.6962426437301947	1.7074380165289256	1.8109243697478992	1.576086956521739	1.5486111111111112	1.6819984139571769	1.986679822397632	1.9773100054674686	1.8028064992614476	1.6346426881211547	1.3428844317096467	1.1481481481481481	1.208695652173913	1.0740740740740742	1.0	1.0	1.0	0.0	0.0	0.0	0.0	0.0	0.0	0.0
	# checklists reporting species - (Least Flycatcher)	0.0	0.0	0.0	0.0	1	0.0	0.0	0.0	0.0	0.0	0.0	0.0	0.0	0.0	10	266	4568	11255	16067	10439	4135	3801	3296	3296	2209	1210	714	828	864	1261	2027	3658	2708	2113	1047	567	115	27	6	4	3	0.0	0.0	0.0	0.0	0.0	0.0	0.0
	
