

	Week starting on...	1/1	1/8	1/15	1/22	2/1	2/8	2/15	2/22	3/1	3/8	3/15	3/22	4/1	4/8	4/15	4/22	5/1	5/8	5/15	5/22	6/1	6/8	6/15	6/22	7/1	7/8	7/15	7/22	8/1	8/8	8/15	8/22	9/1	9/8	9/15	9/22	10/1	10/8	10/15	10/22	11/1	11/8	11/15	11/22	12/1	12/8	12/15	12/22
Frequency (%)
	Golden Eagle	0.14291908210620977	0.10385174586323878	0.10357327809425168	0.15894725169112484	0.1423277297384392	0.07712130617158551	0.08470874750175374	0.1087856213787395	0.12597396538048805	0.16790932896236033	0.2612518467802962	0.22319447086424452	0.12160108089849686	0.07714696496826455	0.06268173349816307	0.057786766830395846	0.014451563177417023	0.008763377843989966	0.008482380883137026	0.006985679357317499	0.0018749414080809974	0.0	0.0040440804772014964	0.0017599436818021823	0.03636363636363636	0.03527676223462254	0.011460442373075601	0.0	0.0	0.007403294466037386	0.003507787287778869	0.011403288708463521	0.005774672287347693	0.011688387586932383	0.052152749608854375	0.0436210023647175	0.1132983996601048	0.25398540934882463	0.5982459197304989	1.2837323407495136	1.1764386241373688	0.7463800567248843	0.33305309448360604	0.24052439604588466	0.19006818318952512	0.10043290043290044	0.1437001253554285	0.14771957899919985
	Total # checklists submitted - (Golden Eagle)	62273	43331	38620	54106	37238	53163	75553	42285	42866	50027	55502	78855	59210	57034	57433	79603	83036	91289	82524	85890	53335	51722	49455	56820	41250	31182	26177	36645	27806	27015	28508	43847	34634	34222	34514	43557	35305	37010	34434	47284	36806	33495	30926	37834	33146	28875	32707	48741
	
Abundance
	Golden Eagle	0.0018948822121946911	0.0013616117790957974	0.001320559295701709	0.0021069751968358407	0.0016381116064235457	9.216936591238267E-4	0.0011647452781491138	0.0012297505025422727	0.001632995847524845	0.0019189637595698323	0.00333321321754171	0.003145012998541627	0.0014524573551764905	8.591366553284006E-4	7.312868908119026E-4	7.663027775335101E-4	1.4451563177417023E-4	7.66795561349122E-5	8.482380883137027E-5	6.985679357317499E-5	1.8749414080809974E-5	0.0	4.0440804772014964E-5	1.7599436818021823E-5	4.8484848484848484E-4	4.4897697389519595E-4	1.1460442373075601E-4	0.0	0.0	7.403294466037386E-5	1.4031149151115475E-4	1.596460419184893E-4	5.774672287347693E-5	1.1688387586932383E-4	5.505012458712407E-4	4.591684459443947E-4	0.0013879053958362837	0.003080248581464469	0.009147935180345007	0.029185348109297012	0.027984567733521707	0.014629049111807733	0.006822738149130181	0.0032246127821536183	0.0022325469136547397	0.0010735930735930735	0.00162044822209313	0.0018670113456843314
	Total # checklists submitted - (Golden Eagle)	62273	43331	38620	54106	37238	53163	75553	42285	42866	50027	55502	78855	59210	57034	57433	79603	83036	91289	82524	85890	53335	51722	49455	56820	41250	31182	26177	36645	27806	27015	28508	43847	34634	34222	34514	43557	35305	37010	34434	47284	36806	33495	30926	37834	33146	28875	32707	48741
	
Birds Per Party Hour
	Golden Eagle	3.8170392501260837	5.008039467523977	2.4882087223648033	3.5084208846335763	3.454021226818284	2.422427860296537	4.291474282034794	4.712158686109168	4.148406718562937	4.105983816060259	2.0755318739998216	1.9009738929293254	2.6713524086320986	1.5816673217830974	2.114604025911947	2.444641462997581	1.806420534718266	0.8235881858704378	2.020652480081988	1.834841265368906	1.1990407673860912	0.0	0.21929824561403508	0.07142857142857142	3.3018793299366584	0.85	0.23941054169476286	0.0	0.0	0.0	0.0	8.041685453067675	0.0	0.5472222222222223	6.062417487455506	0.5154862146746735	1.431436616815442	0.7071181940497177	0.722034212697619	1.504693667965942	1.655131568474244	2.0593134546727034	2.4357883856888125	2.136593906611286	5.716539801810908	3.365720671479998	2.961042818593799	3.5492747168202343
	# checklists reporting species - (Golden Eagle)	104	51	42	106	52	53	81	50	63	98	169	208	82	53	43	55	24	9	9	6	2	0	2	1	5	4	4	1	1	0	1	5	2	5	24	25	52	119	280	812	605	363	183	150	77	47	66	88
	
High Count
	Golden Eagle	4	3	3	3	3	3	3	4	11	4	13	8	11	3	4	11	3	4	3	1	1	1	1	1	3	3	1	1	1	1	4	4	1	1	4	3	5	5	11	61	43	24	33	8	2	3	4	5
	# checklists reporting species - (Golden Eagle)	120	56	53	118	69	59	94	69	77	119	215	270	116	83	67	104	47	20	13	8	4	1	2	2	15	36	4	2	1	2	1	7	3	5	30	44	74	172	337	975	719	432	216	175	93	63	77	106
	
Totals
	Golden Eagle	152	71	64	151	79	69	119	75	109	138	276	365	164	92	79	135	50	23	16	8	3	0	2	2	20	38	4	2	1	2	4	12	3	5	36	50	85	212	510	2094	1664	834	393	253	105	67	86	129
	# checklists reporting species - (Golden Eagle)	118	56	53	118	69	59	94	68	77	118	214	269	115	80	67	103	45	19	13	8	3	0	2	2	15	33	4	2	1	2	1	7	3	5	30	44	73	169	332	964	711	427	214	175	93	63	77	106
	
Average Count
	Golden Eagle	1.2881355932203389	1.2678571428571428	1.2075471698113207	1.2796610169491525	1.144927536231884	1.1694915254237288	1.2659574468085106	1.1029411764705883	1.4155844155844155	1.1694915254237288	1.2897196261682242	1.3568773234200744	1.4260869565217391	1.15	1.1791044776119404	1.3106796116504855	1.1111111111111112	1.2105263157894737	1.2307692307692308	1.0	1.0	0.0	1.0	1.0	1.3333333333333333	1.1515151515151516	1.0	1.0	1.0	1.0	4.0	1.7142857142857142	1.0	1.0	1.2	1.1363636363636365	1.1643835616438356	1.2544378698224852	1.536144578313253	2.172199170124481	2.340365682137834	1.9531615925058547	1.8364485981308412	1.4457142857142857	1.1290322580645162	1.0634920634920635	1.1168831168831168	1.2169811320754718
	# checklists reporting species - (Golden Eagle)	118	56	53	118	69	59	94	68	77	118	214	269	115	80	67	103	45	19	13	8	3	0	2	2	15	33	4	2	1	2	1	7	3	5	30	44	73	169	332	964	711	427	214	175	93	63	77	106
	
