

	Week starting on...	1/1	1/8	1/15	1/22	2/1	2/8	2/15	2/22	3/1	3/8	3/15	3/22	4/1	4/8	4/15	4/22	5/1	5/8	5/15	5/22	6/1	6/8	6/15	6/22	7/1	7/8	7/15	7/22	8/1	8/8	8/15	8/22	9/1	9/8	9/15	9/22	10/1	10/8	10/15	10/22	11/1	11/8	11/15	11/22	12/1	12/8	12/15	12/22
Frequency (%)
	Chestnut-sided Warbler	0.0	0.0	0.0	0.0	0.0	0.0	0.0	0.0	0.0	0.0	0.0	0.0	0.0	0.0	0.0	0.036430787784379984	3.31904234308011	14.222962240795715	22.600697978769812	15.283502153917802	11.887128527233525	12.052898186458373	11.875442321302195	11.045406546990497	9.408484848484848	6.702584824578282	4.07227718989953	2.6579342338654657	3.1539955405308207	4.112530075883768	6.1000420934474535	8.39282048942915	9.597505341571866	9.09940973642686	5.09648258677638	1.8550405216153545	0.49568049851295853	0.09727100783572007	0.04356159609688099	0.016919042382201165	0.005433896647285768	0.005971040453799075	0.0	0.0	0.0	0.02077922077922078	0.0	0.0
	Total # checklists submitted - (Chestnut-sided Warbler)	62273	43331	38620	54106	37238	53163	75553	42285	42866	50027	55502	78855	59210	57034	57433	79603	83036	91289	82524	85890	53335	51722	49455	56820	41250	31182	26177	36645	27806	27015	28508	43847	34634	34222	34514	43557	35305	37010	34434	47284	36806	33495	30926	37834	33146	28875	32707	48741
	
Abundance
	Chestnut-sided Warbler	0.0	0.0	0.0	0.0	0.0	0.0	0.0	0.0	0.0	0.0	0.0	0.0	0.0	0.0	0.0	4.2711958092031706E-4	0.05705958861216821	0.35663661558347665	0.5683801076050603	0.34721154965653744	0.23054279553763946	0.22930281118286222	0.21197047821251644	0.18166138683562125	0.16072727272727272	0.10663203130010904	0.06700538640791534	0.04407149679355983	0.05462849744659426	0.07688321302979827	0.11119685702259015	0.16911077154651402	0.19784027256453196	0.17684530419028696	0.08729790809526569	0.02433592763505292	0.006203087381390738	9.997298027560118E-4	5.227391531625719E-4	1.6919042382201166E-4	5.4338966472857684E-5	5.971040453799075E-5	0.0	0.0	0.0	2.077922077922078E-4	0.0	0.0
	Total # checklists submitted - (Chestnut-sided Warbler)	62273	43331	38620	54106	37238	53163	75553	42285	42866	50027	55502	78855	59210	57034	57433	79603	83036	91289	82524	85890	53335	51722	49455	56820	41250	31182	26177	36645	27806	27015	28508	43847	34634	34222	34514	43557	35305	37010	34434	47284	36806	33495	30926	37834	33146	28875	32707	48741
	
Birds Per Party Hour
	Chestnut-sided Warbler	0.0	0.0	0.0	0.0	0.0	0.0	0.0	0.0	0.0	0.0	0.0	0.0	0.0	0.0	0.0	0.7326946107874968	1.1210600522835905	1.5196456819391468	1.9448367108572866	3.373083730565876	6.42569622347413	8.72417254046183	9.244354904099323	8.663794739062904	7.241493125592581	5.631850610883513	2.159033630180181	1.5310302432500564	1.5075321704131688	1.6402047250485798	1.6497095483316055	1.364116851457368	1.3699863425905676	1.3754210216399205	1.1615470862445831	0.9993341327203173	1.0809297052535487	0.9916330165324011	0.8624758709048007	0.6896462623634062	0.7334102913911917	1.6274897819533576	0.0	0.0	0.0	0.6690163394507164	0.0	0.0
	# checklists reporting species - (Chestnut-sided Warbler)	0.0	0.0	0.0	0.0	0.0	0.0	0.0	0.0	0.0	0.0	0.0	0.0	0.0	0.0	0.0	30	2683	12376	18809	13644	6377	6160	5854	6172	3824	2026	1039	973	901	1127	1737	3644	3256	3097	1728	816	186	35	13	10	2	2	0.0	0.0	0.0	7	0.0	0.0
	
High Count
	Chestnut-sided Warbler	0.0	0.0	0.0	0.0	0.0	0.0	0.0	0.0	0.0	0.0	0.0	0.0	0.0	0.0	0.0	3	32	250	280	200	39	40	37	30	24	24	20	15	14	16	25	165	180	50	70	12	10	2	2	1	1	1	0.0	0.0	0.0	1	0.0	0.0
	# checklists reporting species - (Chestnut-sided Warbler)	0.0	0.0	0.0	0.0	0.0	0.0	0.0	0.0	0.0	0.0	0.0	0.0	0.0	0.0	0.0	43	3362	15624	21828	15403	6942	6673	6310	6777	4201	2277	1175	1098	994	1266	1969	4115	3641	3429	1984	939	221	56	20	11	3	2	0.0	0.0	0.0	7	0.0	0.0
	
Totals
	Chestnut-sided Warbler	0.0	0.0	0.0	0.0	0.0	0.0	0.0	0.0	0.0	0.0	0.0	0.0	0.0	0.0	0.0	46	5586	37944	54784	34280	13162	12435	11117	10896	7133	3566	1903	1764	1707	2334	3567	8421	7588	6601	3482	1233	272	56	24	11	3	2	0.0	0.0	0.0	7	0.0	0.0
	# checklists reporting species - (Chestnut-sided Warbler)	0.0	0.0	0.0	0.0	0.0	0.0	0.0	0.0	0.0	0.0	0.0	0.0	0.0	0.0	0.0	40	2962	13339	19717	14307	6612	6380	6031	6423	3987	2132	1087	1011	944	1205	1882	3951	3509	3325	1905	902	219	54	20	11	3	2	0.0	0.0	0.0	7	0.0	0.0
	
Average Count
	Chestnut-sided Warbler	0.0	0.0	0.0	0.0	0.0	0.0	0.0	0.0	0.0	0.0	0.0	0.0	0.0	0.0	0.0	1.15	1.8858879135719109	2.8445910488042583	2.7785160014200945	2.3960299154260154	1.9906231094978826	1.9490595611285266	1.8433095672359476	1.6964035497431107	1.7890644594933534	1.672607879924953	1.750689972401104	1.7448071216617211	1.8082627118644068	1.9369294605809129	1.8953241232731137	2.131359149582384	2.1624394414363066	1.9852631578947368	1.8278215223097112	1.3669623059866962	1.2420091324200913	1.037037037037037	1.2	1.0	1.0	1.0	0.0	0.0	0.0	1.0	0.0	0.0
	# checklists reporting species - (Chestnut-sided Warbler)	0.0	0.0	0.0	0.0	0.0	0.0	0.0	0.0	0.0	0.0	0.0	0.0	0.0	0.0	0.0	40	2962	13339	19717	14307	6612	6380	6031	6423	3987	2132	1087	1011	944	1205	1882	3951	3509	3325	1905	902	219	54	20	11	3	2	0.0	0.0	0.0	7	0.0	0.0
	
