

	Week starting on...	1/1	1/8	1/15	1/22	2/1	2/8	2/15	2/22	3/1	3/8	3/15	3/22	4/1	4/8	4/15	4/22	5/1	5/8	5/15	5/22	6/1	6/8	6/15	6/22	7/1	7/8	7/15	7/22	8/1	8/8	8/15	8/22	9/1	9/8	9/15	9/22	10/1	10/8	10/15	10/22	11/1	11/8	11/15	11/22	12/1	12/8	12/15	12/22
Frequency (%)
	Hairy Woodpecker	16.589854351002842	16.96937527405322	17.980321077162092	18.38613092817802	18.44621085987432	20.250926396177793	20.308922213545458	16.14757006030507	15.998693603321982	14.28428648529794	13.444560556376347	12.898357745228584	12.91504813376119	13.278044675106077	13.25718663486149	13.159051794530358	12.914880292885014	12.832871430292805	13.33793805438418	11.319129118640122	9.62219930627168	9.255249216967634	8.601759175007583	8.166138683562126	8.829090909090908	8.860881277660189	9.347900828971998	9.733933688088415	10.767460260375458	10.882842865074958	12.031710397081522	12.39765548384154	13.336605647629495	12.953655543217813	13.933476270498929	13.664852951305187	14.020676957937969	14.53661172656039	14.198176221176745	15.117164368496743	15.706678258979515	15.978504254366324	15.734333570458514	16.101918908917902	15.742472696554637	17.92207792207792	21.368514385299783	21.000800147719577
	Total # checklists submitted - (Hairy Woodpecker)	62273	43331	38620	54106	37238	53163	75553	42285	42866	50027	55502	78855	59210	57034	57433	79603	83036	91289	82524	85890	53335	51722	49455	56820	41250	31182	26177	36645	27806	27015	28508	43847	34634	34222	34514	43557	35305	37010	34434	47284	36806	33495	30926	37834	33146	28875	32707	48741
	
Abundance
	Hairy Woodpecker	0.2551346490453327	0.2553368258290831	0.2726048679440704	0.2772335785310317	0.2829367850045652	0.313977766491733	0.31964316440114887	0.2387607898782074	0.24054028834040964	0.21154576528674515	0.19410111347338835	0.18457929110392493	0.18211450768451276	0.18488971490689765	0.18377936029808647	0.1758350815924023	0.16854135555662605	0.1643681056863368	0.17015656051572875	0.14699033647688906	0.13109590325302334	0.13158810564169987	0.12235365483773127	0.11626187961985217	0.12686060606060606	0.12298762106343403	0.12553004545975474	0.12975849365534178	0.1418758541322017	0.13847862298722932	0.15844675178897152	0.15916710379273383	0.175203557198129	0.16766991993454503	0.18125977864055165	0.17730789540142802	0.18524288344427134	0.18503107268305863	0.1883603415229134	0.20419169275019033	0.21069934249850567	0.21827138378862518	0.21599948263596974	0.22625151979700797	0.22406926929342907	0.2753246753246753	0.40135139266823616	0.369381013930777
	Total # checklists submitted - (Hairy Woodpecker)	62273	43331	38620	54106	37238	53163	75553	42285	42866	50027	55502	78855	59210	57034	57433	79603	83036	91289	82524	85890	53335	51722	49455	56820	41250	31182	26177	36645	27806	27015	28508	43847	34634	34222	34514	43557	35305	37010	34434	47284	36806	33495	30926	37834	33146	28875	32707	48741
	
Birds Per Party Hour
	Hairy Woodpecker	2.8132043844974457	2.7640868453154384	2.8575151754304082	2.6950199719499155	2.8476529266970356	2.8785417892848293	2.560324745669868	2.7294834408684543	2.627433393095743	2.5278827262383894	2.3727862664537356	2.3749063035698845	2.1527869913263444	2.0070149884846127	1.9744242568458368	1.7661224281808825	1.6177915872195079	1.5198373617815155	1.3742567208214473	1.770323137989606	2.6429966846664845	3.03576113053857	3.2584446173138057	3.5939065818158804	3.211118213363945	2.5235674761765687	1.650204616140814	1.7315747593993172	1.531466414957315	1.556897076995087	1.505300127418512	1.4629852842104327	1.3894024954577158	1.4091075150706676	1.49681323063497	1.5163941388440765	1.6101689957378957	1.585546118310357	1.774745780391093	1.8725127401752553	1.8618757761455247	2.094811236475794	2.3141704405870263	2.3918868777658693	2.432635849232762	2.44977602773792	2.2495804861129423	2.2950836391687837
	# checklists reporting species - (Hairy Woodpecker)	10362	7350	6956	9950	6844	10881	15485	6833	6892	7130	7474	10223	7697	7623	7652	10497	10798	11687	10999	9709	5144	4767	4240	4638	3634	2732	2449	3615	3010	2946	3437	5391	4613	4440	4820	6036	4986	5410	4933	7238	5807	5356	4854	6084	5221	5127	6862	10121
	
High Count
	Hairy Woodpecker	21	18	10	14	11	14	24	21	14	12	15	12	11	11	21	20	12	15	22	10	10	12	10	11	10	12	8	8	11	8	22	11	21	8	8	15	13	22	11	21	15	11	8	15	8	25	82	40
	# checklists reporting species - (Hairy Woodpecker)	11307	7908	7497	10659	7355	11419	16064	7317	7343	7621	8001	10924	8213	8200	8244	11228	11534	12611	11842	10596	5626	5170	4679	5145	4060	2987	2654	3898	3258	3230	3723	5861	4972	4767	5157	6447	5330	5834	5287	7747	6252	5792	5239	6543	5639	5543	7510	11003
	
Totals
	Hairy Woodpecker	17121	11787	11235	15944	11188	17556	25076	10702	10929	11161	11445	15483	11494	11295	11287	14898	14878	15962	14906	13550	7533	7209	6519	7202	5697	4088	3499	5100	4227	4049	4824	7441	6450	6105	6624	8277	6956	7359	6940	10366	8289	7817	7141	9115	7935	8492	14590	19147
	# checklists reporting species - (Hairy Woodpecker)	10952	7718	7321	10416	7186	11215	15866	7133	7210	7451	7826	10693	8047	7994	7994	10922	11175	12053	11340	10131	5422	4969	4495	4908	3878	2863	2541	3770	3155	3109	3596	5662	4820	4644	4997	6276	5207	5681	5172	7594	6131	5684	5152	6411	5530	5434	7377	10733
	
Average Count
	Hairy Woodpecker	1.5632761139517897	1.5272091215340762	1.5346264171561261	1.5307219662058371	1.5569162259949902	1.5654034774855106	1.5804865750661792	1.500350483667461	1.5158113730929266	1.4979197423164676	1.462432915921288	1.4479566071261574	1.4283583944327078	1.4129347010257693	1.4119339504628472	1.3640358908624794	1.331364653243848	1.3243175972786858	1.3144620811287477	1.3374790247754418	1.3893397270379935	1.4507949285570538	1.45027808676307	1.467400162999185	1.4690562145435793	1.4278728606356967	1.377016922471468	1.3527851458885942	1.3397781299524565	1.3023480218719845	1.3414905450500556	1.3141999293535853	1.338174273858921	1.3145994832041343	1.3255953572143286	1.3188336520076482	1.3358939888611485	1.2953705333568033	1.3418406805877803	1.365025019752436	1.3519817321807208	1.3752638986629135	1.3860636645962734	1.4217750740914055	1.4349005424954793	1.562753036437247	1.9777687406804934	1.783937389359918
	# checklists reporting species - (Hairy Woodpecker)	10952	7718	7321	10416	7186	11215	15866	7133	7210	7451	7826	10693	8047	7994	7994	10922	11175	12053	11340	10131	5422	4969	4495	4908	3878	2863	2541	3770	3155	3109	3596	5662	4820	4644	4997	6276	5207	5681	5172	7594	6131	5684	5152	6411	5530	5434	7377	10733
	
