

	Week starting on...	1/1	1/8	1/15	1/22	2/1	2/8	2/15	2/22	3/1	3/8	3/15	3/22	4/1	4/8	4/15	4/22	5/1	5/8	5/15	5/22	6/1	6/8	6/15	6/22	7/1	7/8	7/15	7/22	8/1	8/8	8/15	8/22	9/1	9/8	9/15	9/22	10/1	10/8	10/15	10/22	11/1	11/8	11/15	11/22	12/1	12/8	12/15	12/22
Frequency (%)
	American Woodcock	0.0016058323832158399	0.0	0.005178663904712584	0.0	0.005370857725978838	0.0	0.0	0.15844862244294666	0.1842952456492325	0.7735822655765887	1.6071492919174084	2.343541944074567	2.491133254517818	2.5896833467756073	2.3227064579597094	2.04389281810987	2.140035647189171	2.3934975736397592	2.25752508361204	1.7499126790080335	1.0818411924627356	0.7308302076485829	0.562127186331008	0.4769447377683914	0.5018181818181818	0.4842537361298185	0.5577415288230126	0.4775549188156638	0.5394519168524778	0.49231908199148616	0.5191525185912726	0.46525417930531165	0.4071143962580123	0.3418853369177722	0.4432983716752622	0.5372270817549418	0.49851295850446115	0.5971359092137261	0.7841087297438577	0.6852212164791472	0.4618812150192903	0.2328705776981639	0.07437107935070814	0.039646878469101865	0.02413564230978097	0.02077922077922078	0.04280429265906381	0.004103321638866663
	Total # checklists submitted - (American Woodcock)	62273	43331	38620	54106	37238	53163	75553	42285	42866	50027	55502	78855	59210	57034	57433	79603	83036	91289	82524	85890	53335	51722	49455	56820	41250	31182	26177	36645	27806	27015	28508	43847	34634	34222	34514	43557	35305	37010	34434	47284	36806	33495	30926	37834	33146	28875	32707	48741
	
Abundance
	American Woodcock	1.60583238321584E-5	0.0	5.178663904712584E-5	0.0	5.3708577259788386E-5	0.0	0.0	0.0025304481494619843	0.002939392525544721	0.01503188278329702	0.03403480955641238	0.05363008052755057	0.050768451275122445	0.05221446856261178	0.047272474013197986	0.03935781314774569	0.04542608025434751	0.044539867892079005	0.04298143570355291	0.029805565257887995	0.016630730289678448	0.010498433935269325	0.007906177332928926	0.006634987680394227	0.0061818181818181816	0.0063818869860817135	0.007678496389960652	0.006385591485878019	0.007588290297058189	0.00688506385341477	0.006805107338291006	0.005564804889730198	0.0054281919501068315	0.00397405177955701	0.0064901199513241	0.007599237780379732	0.00708114997875655	0.008322075114833828	0.010396700935122263	0.009178580492344133	0.006710862359397924	0.0027466786087475743	8.730518010735303E-4	4.757625416292224E-4	3.016955288722621E-4	2.077922077922078E-4	5.809154003730088E-4	4.103321638866663E-5
	Total # checklists submitted - (American Woodcock)	62273	43331	38620	54106	37238	53163	75553	42285	42866	50027	55502	78855	59210	57034	57433	79603	83036	91289	82524	85890	53335	51722	49455	56820	41250	31182	26177	36645	27806	27015	28508	43847	34634	34222	34514	43557	35305	37010	34434	47284	36806	33495	30926	37834	33146	28875	32707	48741
	
Birds Per Party Hour
	American Woodcock	0.29985007496251875	0.5	0.2719298245614035	1.0	6.190763052208835	0.0	0.0	10.687051765471299	7.232056975593654	6.58144693711414	6.549721430266839	6.693161474658827	5.945206675038672	6.7417868082171815	5.245048479869776	4.755818760973783	4.764629111924767	4.234003916288559	4.19791006759323	4.331131145981185	3.4645122422397616	1.7779164680150923	4.027016257634803	2.709011402944065	3.4656960493777795	2.736624252159016	3.275055893298932	1.7082359562055252	1.9147588713428065	1.2496218000947712	1.050038311291401	1.0747916974618859	1.2191632057193413	0.7178654751309549	1.5278938857684938	1.1023868717277077	1.4716526183272816	2.013718640745402	1.4857210284370646	1.210275226263888	1.1738735514493734	1.238900569568372	1.4411771313460096	1.6687907609087786	0.5214210707366973	0.2938714872222141	0.3358523932504321	0.06563622230359563
	# checklists reporting species - (American Woodcock)	5	1	2	1	2	0.0	0	85	91	444	1086	2203	1705	1684	1521	1866	1899	2146	1850	1564	631	415	288	296	231	154	170	201	165	164	169	213	157	125	179	265	200	250	313	371	195	88	38	20	10	8	14	3
	
High Count
	American Woodcock	1	1	1	1	1	0.0	1	17	7	16	41	42	35	21	28	29	37	30	30	40	10	30	8	8	20	9	12	12	6	5	5	5	8	6	7	6	8	10	8	12	30	7	3	3	2	1	5	1
	# checklists reporting species - (American Woodcock)	5	2	2	2	2	0.0	4	109	114	568	1287	2600	2078	2152	2033	2232	2354	2813	2384	1936	779	505	396	416	331	239	212	262	202	220	204	276	192	157	208	307	245	301	363	461	285	113	47	30	15	11	17	6
	
Totals
	American Woodcock	5	2	2	2	2	0.0	4	205	184	1019	2562	5577	4012	4038	3737	4076	4628	5028	4300	3205	1134	704	549	569	427	295	289	338	272	282	265	324	245	183	293	417	330	396	482	632	451	131	54	33	17	11	22	6
	# checklists reporting species - (American Woodcock)	5	2	2	2	2	0.0	4	109	110	558	1257	2523	2019	2079	1965	2132	2160	2393	2102	1781	731	474	361	390	308	221	199	242	190	204	194	263	185	150	203	303	237	285	359	452	279	113	46	30	15	11	17	6
	
Average Count
	American Woodcock	1.0	1.0	1.0	1.0	1.0	0.0	1.0	1.8807339449541285	1.6727272727272726	1.8261648745519714	2.0381861575178997	2.2104637336504163	1.9871223377909857	1.9422799422799424	1.9017811704834606	1.9118198874296435	2.1425925925925924	2.1011282908483078	2.0456707897240722	1.7995508141493544	1.551299589603283	1.4852320675105486	1.520775623268698	1.458974358974359	1.3863636363636365	1.334841628959276	1.4522613065326633	1.396694214876033	1.431578947368421	1.3823529411764706	1.365979381443299	1.231939163498099	1.3243243243243243	1.22	1.4433497536945812	1.3762376237623761	1.3924050632911393	1.3894736842105264	1.3426183844011141	1.3982300884955752	1.6164874551971327	1.1592920353982301	1.173913043478261	1.1	1.1333333333333333	1.0	1.2941176470588236	1.0
	# checklists reporting species - (American Woodcock)	5	2	2	2	2	0.0	4	109	110	558	1257	2523	2019	2079	1965	2132	2160	2393	2102	1781	731	474	361	390	308	221	199	242	190	204	194	263	185	150	203	303	237	285	359	452	279	113	46	30	15	11	17	6
	
