

	Week starting on...	1/1	1/8	1/15	1/22	2/1	2/8	2/15	2/22	3/1	3/8	3/15	3/22	4/1	4/8	4/15	4/22	5/1	5/8	5/15	5/22	6/1	6/8	6/15	6/22	7/1	7/8	7/15	7/22	8/1	8/8	8/15	8/22	9/1	9/8	9/15	9/22	10/1	10/8	10/15	10/22	11/1	11/8	11/15	11/22	12/1	12/8	12/15	12/22
Frequency (%)
	Solitary Sandpiper	0.0	0.0	0.0	0.0	0.0	0.0	0.0	0.0	0.0	0.0	0.0	0.001268150402637753	0.0033778078027360244	0.02630010169372655	0.09228144098340675	0.5188246674120321	2.612120044318127	3.3289881584856884	2.588337938054384	0.535568750727675	0.08999718758788788	0.06380263717566993	0.07279344858962694	0.12495600140795494	0.4242424242424243	1.5265217112436662	3.3235282881919246	4.4371674171101105	5.189527440120837	5.415509901906349	5.756278939245124	4.983237165598559	3.9787492059825604	2.7087838232715797	2.086109984354175	1.3407718621576326	0.6542982580371053	0.40259389354228586	0.14520532032293662	0.04229760595550292	0.005433896647285768	0.0029855202268995375	0.0	0.0	0.0	0.0	0.0	0.0
	Total # checklists submitted - (Solitary Sandpiper)	62273	43331	38620	54106	37238	53163	75553	42285	42866	50027	55502	78855	59210	57034	57433	79603	83036	91289	82524	85890	53335	51722	49455	56820	41250	31182	26177	36645	27806	27015	28508	43847	34634	34222	34514	43557	35305	37010	34434	47284	36806	33495	30926	37834	33146	28875	32707	48741
	
Abundance
	Solitary Sandpiper	0.0	0.0	0.0	0.0	0.0	0.0	0.0	0.0	0.0	0.0	0.0	1.2681504026377529E-5	3.377807802736024E-5	2.630010169372655E-4	0.0010446955583027179	0.007122847128877052	0.03883857603930825	0.04696075102148123	0.036001648005428724	0.006310397019443474	9.937189462829287E-4	7.733652990990294E-4	9.705793145283591E-4	0.0015135515663498769	0.005284848484848485	0.02620101340516965	0.07540971081483745	0.1089098103424751	0.12152053513630152	0.11204886174347585	0.12126420653851551	0.09608411065751363	0.07114396258012358	0.039915843609374085	0.02995885727530857	0.018757031016828525	0.008270783175187651	0.004890570116184815	0.0016843817157460648	4.8642246848828357E-4	5.4338966472857684E-5	2.9855202268995374E-5	0.0	0.0	0.0	0.0	0.0	0.0
	Total # checklists submitted - (Solitary Sandpiper)	62273	43331	38620	54106	37238	53163	75553	42285	42866	50027	55502	78855	59210	57034	57433	79603	83036	91289	82524	85890	53335	51722	49455	56820	41250	31182	26177	36645	27806	27015	28508	43847	34634	34222	34514	43557	35305	37010	34434	47284	36806	33495	30926	37834	33146	28875	32707	48741
	
Birds Per Party Hour
	Solitary Sandpiper	0.0	0.0	0.0	0.0	0.0	0.0	0.0	0.0	0.0	0.0	0.0	0.18181818181818182	1.1587301587301588	2.001077938602995	1.9928797146372892	2.871839534706988	2.380143994185921	2.0986438895830553	2.248013245428494	1.4740050842830363	1.6589002423187882	2.1881978233758477	6.164672722382664	4.9266649659529635	3.1050147973302527	3.342633331738852	3.304201865111883	3.280529960469926	3.122323351769565	2.4993708790860643	2.9240131239224403	2.5810883161671323	2.0962486350703253	2.1460672648324803	2.0112411260743217	1.9593935801952551	2.1000808242239395	1.566760867742339	1.3697240946001736	2.4210869102811583	1.1743605115907274	0.9372071227741331	0.0	0.0	0.0	0.0	0.0	0.0
	# checklists reporting species - (Solitary Sandpiper)	0.0	0.0	0.0	0.0	0.0	0.0	0.0	0.0	0.0	0.0	0.0	1	3	17	70	518	2451	3287	2364	526	63	39	45	93	207	529	974	1855	1601	1688	1842	2444	1565	1055	803	660	266	167	54	21	3	1	0.0	1	0.0	0.0	0.0	0.0
	
High Count
	Solitary Sandpiper	0.0	0.0	0.0	0.0	0.0	0.0	0.0	0.0	0.0	0.0	0.0	1	3	10	3	10	30	40	15	10	3	3	3	7	19	62	35	33	150	28	25	38	16	20	30	11	6	5	2	20	1	1	0.0	1	0.0	0.0	0.0	0.0
	# checklists reporting species - (Solitary Sandpiper)	0.0	0.0	0.0	0.0	0.0	0.0	0.0	0.0	0.0	0.0	0.0	2	3	24	89	585	2802	3942	2690	633	72	53	52	107	266	620	1101	2034	1752	1838	2031	2709	1718	1154	920	748	299	191	69	27	5	1	0.0	1	0.0	0.0	0.0	0.0
	
Totals
	Solitary Sandpiper	0.0	0.0	0.0	0.0	0.0	0.0	0.0	0.0	0.0	0.0	0.0	1	5	32	98	788	4218	5640	3694	735	80	63	64	148	394	1293	2637	5334	4175	3803	4263	5316	3054	1706	1352	1048	370	234	77	49	4	1	0.0	1	0.0	0.0	0.0	0.0
	# checklists reporting species - (Solitary Sandpiper)	0.0	0.0	0.0	0.0	0.0	0.0	0.0	0.0	0.0	0.0	0.0	1	3	23	89	578	2629	3602	2516	583	68	52	49	102	251	595	1061	1975	1698	1792	1974	2630	1670	1123	880	731	293	191	69	26	4	1	0.0	1	0.0	0.0	0.0	0.0
	
Average Count
	Solitary Sandpiper	0.0	0.0	0.0	0.0	0.0	0.0	0.0	0.0	0.0	0.0	0.0	1.0	1.6666666666666667	1.391304347826087	1.101123595505618	1.3633217993079585	1.604412324077596	1.5657967795669072	1.4682034976152623	1.260720411663808	1.1764705882352942	1.2115384615384615	1.3061224489795917	1.4509803921568627	1.5697211155378485	2.173109243697479	2.485391140433553	2.700759493670886	2.4587750294464077	2.1222098214285716	2.1595744680851063	2.0212927756653993	1.8287425149700598	1.5191451469278718	1.5363636363636364	1.4336525307797539	1.2627986348122866	1.225130890052356	1.1159420289855073	1.8846153846153846	1.0	1.0	0.0	1.0	0.0	0.0	0.0	0.0
	# checklists reporting species - (Solitary Sandpiper)	0.0	0.0	0.0	0.0	0.0	0.0	0.0	0.0	0.0	0.0	0.0	1	3	23	89	578	2629	3602	2516	583	68	52	49	102	251	595	1061	1975	1698	1792	1974	2630	1670	1123	880	731	293	191	69	26	4	1	0.0	1	0.0	0.0	0.0	0.0
	
