

	Week starting on...	1/1	1/8	1/15	1/22	2/1	2/8	2/15	2/22	3/1	3/8	3/15	3/22	4/1	4/8	4/15	4/22	5/1	5/8	5/15	5/22	6/1	6/8	6/15	6/22	7/1	7/8	7/15	7/22	8/1	8/8	8/15	8/22	9/1	9/8	9/15	9/22	10/1	10/8	10/15	10/22	11/1	11/8	11/15	11/22	12/1	12/8	12/15	12/22
Frequency (%)
	Sora	0.0032116647664316798	0.0	0.005178663904712584	0.0018482238568735445	0.002685428862989419	0.0	0.0	0.0	0.0	0.003997841165770484	0.0	0.013949654429015282	0.028711366323256205	0.1613072903881895	0.496230390193791	1.1067422082082334	1.9666168890601667	2.0539166821851484	2.0903010033444818	1.8477121900104785	1.2712102746789162	0.9995746490854955	0.8169042563947022	0.6810982048574445	0.7175757575757575	0.9620935154897056	1.0811017305267985	1.2934916086778552	1.4169603682658418	1.073477697575421	0.9716570787147468	0.8187561292676807	0.9701449442744123	0.7860440652212027	0.640319870197601	0.7346695135110316	0.48435065854694803	0.31613077546609025	0.15391763954231283	0.05710176803992894	0.016301689941857305	0.0	0.0	0.0	0.0	0.0034632034632034628	0.018344696853884488	0.006154982458299993
	Total # checklists submitted - (Sora)	62273	43331	38620	54106	37238	53163	75553	42285	42866	50027	55502	78855	59210	57034	57433	79603	83036	91289	82524	85890	53335	51722	49455	56820	41250	31182	26177	36645	27806	27015	28508	43847	34634	34222	34514	43557	35305	37010	34434	47284	36806	33495	30926	37834	33146	28875	32707	48741
	
Abundance
	Sora	3.21166476643168E-5	0.0	5.178663904712584E-5	1.8482238568735446E-5	2.6854288629894193E-5	0.0	0.0	0.0	0.0	1.998920582885242E-5	0.0	1.5217804831653035E-4	3.5466981928728255E-4	0.002016341129852369	0.006128880608709279	0.01597929726266598	0.030191724071487066	0.03016792822793546	0.03208763511220978	0.027488648271044358	0.019086903534264555	0.01446193109315185	0.0124355474673946	0.0117740232312566	0.010981818181818181	0.016772496953370533	0.018489513695228634	0.02486014463091827	0.024563043947349494	0.017249676105867112	0.01497825171881577	0.013090975437316122	0.0191430386325576	0.014084507042253521	0.01280639740395202	0.014463806047248434	0.008384081574847756	0.0042420967306133475	0.001858628100133589	8.671009220878099E-4	1.6301689941857305E-4	0.0	0.0	0.0	0.0	3.463203463203463E-5	1.834469685388449E-4	8.206643277733325E-5
	Total # checklists submitted - (Sora)	62273	43331	38620	54106	37238	53163	75553	42285	42866	50027	55502	78855	59210	57034	57433	79603	83036	91289	82524	85890	53335	51722	49455	56820	41250	31182	26177	36645	27806	27015	28508	43847	34634	34222	34514	43557	35305	37010	34434	47284	36806	33495	30926	37834	33146	28875	32707	48741
	
Birds Per Party Hour
	Sora	0.4626325316783036	0.0	0.6666666666666666	1.0	0.0	0.0	0.0	0.0	0.0	0.16	0.0	1.3209111479251021	1.849460131167515	2.2027116427220244	2.2354536212245275	2.1339674925719407	1.7581916513797393	2.216215741220595	2.2430751981296115	2.4233475270251557	2.5234050774791514	2.852115837161706	3.032715689051705	2.982539189795318	2.377229656877955	2.4835384087304786	1.9843377459007343	1.3402299435352079	1.1513629357408488	1.0283661610471704	1.0731435511638363	1.1611904380721965	1.6658445035774632	1.5054924106647352	1.4832116132876398	1.2825312202827548	1.1373072599674252	1.2830055636588913	0.7430961315090024	2.2168783931990714	1.1915167416291854	0.0	0.0	0.0	0.0	0.0	0.7055965617116696	0.1375886524822695
	# checklists reporting species - (Sora)	2	0.0	1	1	0	0	0.0	0.0	0.0	1	0.0	11	18	96	301	961	1670	1822	1703	1610	698	541	422	396	302	306	297	492	395	305	287	382	333	280	240	331	184	120	55	30	5	0	0.0	0.0	0.0	2	6	3
	
High Count
	Sora	1	0.0	1	1	1	1	0.0	0.0	0.0	1	0.0	2	2	4	6	12	25	20	12	14	21	10	9	24	20	11	11	11	12	10	12	100	75	82	30	50	19	250	10	7	1	1	0.0	0.0	0.0	1	1	2
	# checklists reporting species - (Sora)	2	0.0	2	2	3	1	0.0	0.0	0.0	2	0.0	12	23	112	347	1110	1967	2304	2058	1834	812	610	503	454	349	353	326	534	422	326	336	443	400	345	278	386	210	143	66	34	12	1	0.0	0.0	0.0	4	8	3
	
Totals
	Sora	2	0.0	2	2	3	1	0.0	0.0	0.0	1	0.0	13	26	138	423	1582	2975	3293	3027	2634	1168	862	717	752	536	594	550	1001	717	511	524	850	762	751	570	747	369	441	97	47	11	1	0.0	0.0	0.0	4	8	4
	# checklists reporting species - (Sora)	2	0.0	2	2	3	1	0.0	0.0	0.0	1	0.0	12	22	110	339	1079	1837	2053	1880	1721	780	592	471	436	334	343	317	523	413	319	320	422	376	333	265	375	206	138	66	33	11	1	0.0	0.0	0.0	4	8	3
	
Average Count
	Sora	1.0	0.0	1.0	1.0	1.0	1.0	0.0	0.0	0.0	1.0	0.0	1.0833333333333333	1.1818181818181819	1.2545454545454546	1.247787610619469	1.4661723818350325	1.6194882961350028	1.6039941548952752	1.6101063829787234	1.5305055200464845	1.4974358974358974	1.4560810810810811	1.5222929936305734	1.724770642201835	1.6047904191616766	1.7317784256559767	1.7350157728706626	1.9139579349904399	1.7360774818401936	1.6018808777429467	1.6375	2.014218009478673	2.026595744680851	2.255255255255255	2.150943396226415	1.992	1.7912621359223302	3.1956521739130435	1.4696969696969697	1.4242424242424243	1.0	1.0	0.0	0.0	0.0	1.0	1.0	1.3333333333333333
	# checklists reporting species - (Sora)	2	0.0	2	2	3	1	0.0	0.0	0.0	1	0.0	12	22	110	339	1079	1837	2053	1880	1721	780	592	471	436	334	343	317	523	413	319	320	422	376	333	265	375	206	138	66	33	11	1	0.0	0.0	0.0	4	8	3
	
