

	Week starting on...	1/1	1/8	1/15	1/22	2/1	2/8	2/15	2/22	3/1	3/8	3/15	3/22	4/1	4/8	4/15	4/22	5/1	5/8	5/15	5/22	6/1	6/8	6/15	6/22	7/1	7/8	7/15	7/22	8/1	8/8	8/15	8/22	9/1	9/8	9/15	9/22	10/1	10/8	10/15	10/22	11/1	11/8	11/15	11/22	12/1	12/8	12/15	12/22
Frequency (%)
	Red Crossbill	0.4737205530486728	0.31386305416445504	0.4246504401864319	0.43063615865153587	0.5478274880498415	0.34046235163553595	0.45001522110306674	0.7567695400260139	0.5202258199972005	0.43176684590321224	0.347735216748946	0.3119649990488872	0.23475764229015367	0.21916751411438792	0.17237476711994845	0.17461653455271786	0.11802109928223904	0.08215666728740594	0.11390625757355435	0.15601350564675748	0.14999531264647978	0.17980743204052432	0.20018198362147407	0.1407954945441746	0.2593939393939394	0.1988326598678725	0.2559498796653551	0.3492973120480284	0.3200748039991369	0.3812696650009254	0.3963799635190122	0.3877118160877597	0.24831090835595082	0.16655952311378644	0.1158949991307875	0.15382142939137222	0.14728791955813625	0.14050256687381787	0.2032874484521113	0.4250909398528044	0.6221811661142205	0.6000895656068069	0.3847894975101856	0.35946503145319025	0.2413564230978097	0.27012987012987016	0.33326199284556823	0.6380665148437661
	Total # checklists submitted - (Red Crossbill)	62273	43331	38620	54106	37238	53163	75553	42285	42866	50027	55502	78855	59210	57034	57433	79603	83036	91289	82524	85890	53335	51722	49455	56820	41250	31182	26177	36645	27806	27015	28508	43847	34634	34222	34514	43557	35305	37010	34434	47284	36806	33495	30926	37834	33146	28875	32707	48741
	
Abundance
	Red Crossbill	0.022015961973889164	0.01370843045394752	0.02312273433454169	0.021457878978301852	0.026532037166335464	0.013543253766717453	0.020078620306275066	0.03918647274447203	0.02547473522138758	0.024047014612109462	0.015801232388022054	0.01894616701540803	0.00974497551089343	0.011957779570081005	0.011056361325370431	0.007688152456565707	0.006057613565200636	0.005499019597103703	0.007512965925064224	0.009011526370939573	0.004856098246929784	0.005780905610765245	0.009240723890405419	0.0029743048222456883	0.009454545454545455	0.00744018985312039	0.01062000993238339	0.010287897393914586	0.008415449902898655	0.0130297982602258	0.014101304896871053	0.015440052911259607	0.009643702719870648	0.006019519607270177	0.005070406211971953	0.0053263539729549786	0.006429684180710948	0.00883544987841124	0.009612592205378405	0.029523728956941036	0.03472259957615606	0.03027317510076131	0.016458643212830627	0.01720674525559021	0.013274603270379532	0.010424242424242424	0.012566117344910876	0.05765166902607661
	Total # checklists submitted - (Red Crossbill)	62273	43331	38620	54106	37238	53163	75553	42285	42866	50027	55502	78855	59210	57034	57433	79603	83036	91289	82524	85890	53335	51722	49455	56820	41250	31182	26177	36645	27806	27015	28508	43847	34634	34222	34514	43557	35305	37010	34434	47284	36806	33495	30926	37834	33146	28875	32707	48741
	
Birds Per Party Hour
	Red Crossbill	25.201051240995536	9.769957835448272	9.071019801725233	6.223833256876186	11.414859243637856	10.060606309920113	12.788810611854093	15.416935297526129	11.815070986914707	11.689894395223332	7.672320110047228	8.711135673030007	9.622689212624177	11.08502191084701	5.423129655600826	6.778933170985836	7.49585569285386	8.044775323799593	12.900179577127473	5.320371015357937	5.892059047971505	13.443067696998572	16.579275564329347	8.797963011340684	8.675576126574375	4.683756140479839	4.427666123769908	3.0593720243239098	2.734897178781206	2.164083704467715	4.090235308736029	3.2000822306283494	4.536144887990942	2.872914488998917	5.2967789270478605	4.49384993960501	2.3126496348854926	6.600646050679186	3.0754128552352196	7.602976822223487	6.3784797053846	7.080415647804001	4.610865988592873	10.293751943762654	10.438730850545761	4.600735871581987	3.8617126086686455	9.531746895875376
	# checklists reporting species - (Red Crossbill)	321	155	183	245	227	198	364	359	245	239	221	270	154	142	126	149	117	88	109	153	84	104	112	91	121	79	87	153	108	118	120	178	90	58	46	76	67	59	86	218	240	220	132	163	87	80	117	332
	
High Count
	Red Crossbill	60	35	80	150	44	40	45	50	55	100	50	200	150	200	100	60	35	40	90	40	20	16	70	20	50	41	40	30	25	26	25	32	35	30	23	25	25	30	45	100	58	104	120	70	29	22	50	680
	# checklists reporting species - (Red Crossbill)	364	180	216	292	259	226	429	396	285	295	259	329	204	169	158	185	141	110	140	186	97	120	126	111	135	94	100	169	124	135	146	218	113	72	52	85	73	72	98	261	281	262	166	180	106	101	143	389
	
Totals
	Red Crossbill	1783	909	1147	1556	1267	1007	1875	1930	1367	1578	1131	2153	1187	1136	1120	944	794	686	889	1062	356	400	504	244	457	331	418	498	360	493	507	836	438	277	217	327	313	448	478	2029	1612	1456	853	977	591	422	598	3380
	# checklists reporting species - (Red Crossbill)	359	176	200	280	246	220	412	385	278	288	252	319	192	163	151	181	136	102	132	177	95	115	117	96	128	90	97	164	122	123	130	204	107	71	52	82	71	69	94	254	270	254	160	176	104	94	139	377
	
Average Count
	Red Crossbill	4.9665738161559885	5.1647727272727275	5.735	5.557142857142857	5.150406504065041	4.577272727272727	4.550970873786408	5.012987012987013	4.91726618705036	5.479166666666667	4.488095238095238	6.7492163009404385	6.182291666666667	6.969325153374233	7.417218543046357	5.2154696132596685	5.838235294117647	6.7254901960784315	6.734848484848484	6.0	3.7473684210526317	3.4782608695652173	4.3076923076923075	2.5416666666666665	3.5703125	3.6777777777777776	4.309278350515464	3.0365853658536586	2.9508196721311477	4.008130081300813	3.9	4.098039215686274	4.093457943925234	3.9014084507042255	4.173076923076923	3.9878048780487805	4.408450704225352	6.492753623188406	5.085106382978723	7.988188976377953	5.970370370370371	5.732283464566929	5.33125	5.551136363636363	5.6826923076923075	4.48936170212766	4.302158273381295	8.96551724137931
	# checklists reporting species - (Red Crossbill)	359	176	200	280	246	220	412	385	278	288	252	319	192	163	151	181	136	102	132	177	95	115	117	96	128	90	97	164	122	123	130	204	107	71	52	82	71	69	94	254	270	254	160	176	104	94	139	377
	
