

	Week starting on...	1/1	1/8	1/15	1/22	2/1	2/8	2/15	2/22	3/1	3/8	3/15	3/22	4/1	4/8	4/15	4/22	5/1	5/8	5/15	5/22	6/1	6/8	6/15	6/22	7/1	7/8	7/15	7/22	8/1	8/8	8/15	8/22	9/1	9/8	9/15	9/22	10/1	10/8	10/15	10/22	11/1	11/8	11/15	11/22	12/1	12/8	12/15	12/22
Frequency (%)
	Downy Woodpecker	28.7813338043775	30.140084466086638	30.820818228896947	31.417957342993386	31.153660239540255	34.337791321031546	34.18527391367649	27.59134444838595	27.567302757430127	25.708117616487097	24.73064033728514	24.05174053642762	25.36058098294207	26.538555949083005	27.613044765204677	29.573006042485833	32.79059684955923	32.484746245440306	27.59318501284475	16.915822563744324	11.664010499671885	11.051390124125131	11.731877464361542	12.898627243928193	15.086060606060606	17.202232056955935	19.92206899186309	20.938736526129077	22.88714665899446	22.387562465297055	23.709134278097377	24.428125071270554	27.0370156493619	26.655367891999298	26.244422553166828	25.807562504304705	26.766746919699756	26.917049446095646	26.18923157344485	27.463835546908044	28.044340596641852	28.729661143454248	28.985319795641207	29.663794470582015	28.99294032462439	31.42510822510822	36.05344421683432	34.837200713977964
	Total # checklists submitted - (Downy Woodpecker)	62273	43331	38620	54106	37238	53163	75553	42285	42866	50027	55502	78855	59210	57034	57433	79603	83036	91289	82524	85890	53335	51722	49455	56820	41250	31182	26177	36645	27806	27015	28508	43847	34634	34222	34514	43557	35305	37010	34434	47284	36806	33495	30926	37834	33146	28875	32707	48741
	
Abundance
	Downy Woodpecker	0.5096430234612112	0.5099582285199973	0.5188762299326773	0.5381103759287325	0.524625382673613	0.5861219269040499	0.5851786163355526	0.465105829490363	0.4692296925302104	0.43366582045695323	0.419120031710569	0.4007608902415827	0.44002702246242187	0.4679840095381702	0.4874375359114098	0.533924600831627	0.580615636591358	0.5391449134068727	0.41928408705346326	0.2330306205611829	0.15164526108559107	0.14651405591431113	0.16398746335052067	0.19359380499824005	0.23083636363636365	0.26175357578089925	0.2960232264965428	0.304625460499386	0.3321225634755089	0.32456042939107904	0.35165567559983163	0.378543571966155	0.43434197609285674	0.42119104669510843	0.4135133568986498	0.40512431985673947	0.4175046027474862	0.4079708186976493	0.41043735842481266	0.43183740800270703	0.4558767592240396	0.4554411106135244	0.45806117829657894	0.4754453666014696	0.478127074156761	0.5573679653679654	0.8732687192344146	0.7519131737141216
	Total # checklists submitted - (Downy Woodpecker)	62273	43331	38620	54106	37238	53163	75553	42285	42866	50027	55502	78855	59210	57034	57433	79603	83036	91289	82524	85890	53335	51722	49455	56820	41250	31182	26177	36645	27806	27015	28508	43847	34634	34222	34514	43557	35305	37010	34434	47284	36806	33495	30926	37834	33146	28875	32707	48741
	
Birds Per Party Hour
	Downy Woodpecker	3.2957658903968485	3.326811600487379	3.233867615985158	3.2626577996410067	3.1727791416688085	3.3798173584037214	2.9949896342174953	3.1284075534966584	3.027437497976951	2.797764355908958	2.7548648791839496	2.7496155641447872	2.4109108001718154	2.4191667586021204	2.372086694989146	2.151063542773145	1.9164727553671717	1.701536965263422	1.5190726342119805	1.6525370358955416	2.297005473949446	2.7156229427447927	3.0838999401667997	3.577152837168254	3.032466538006003	2.6030657709233815	2.021820899797933	1.9017026668850083	1.8457134157744344	1.9005651502946188	1.8067828001908608	1.7658370474338947	1.66069129297557	1.7643776483792004	1.7184746794495493	1.7906820917777637	1.9190108737958265	1.8369767349866677	1.9295538913508095	2.0983786442683097	2.2368302192934957	2.4094931224579828	2.6262951083789186	2.7306496448509736	2.837460088748963	2.839368060403071	2.7340346339775774	2.804604947975344
	# checklists reporting species - (Downy Woodpecker)	17889	13056	11853	17037	11551	18459	26077	11621	11811	12868	13696	19026	15079	15040	15769	23477	26875	28545	22065	14295	6179	5691	5785	7294	6191	5345	5213	7631	6374	6036	6703	10640	9266	9062	9042	11201	9505	10008	9046	13113	10409	9724	8977	11186	9581	9028	11681	16863
	
High Count
	Downy Woodpecker	74	20	36	15	23	40	21	25	15	20	16	18	25	21	26	21	25	22	25	25	31	16	21	15	24	12	14	10	11	14	15	19	21	16	19	25	75	295	100	60	17	25	22	25	20	142	242	58
	# checklists reporting species - (Downy Woodpecker)	19398	13992	12736	18140	12370	19257	26992	12436	12622	13681	14617	20316	16129	16203	16994	25090	29127	31912	24439	15623	6705	6160	6307	7908	6791	5828	5630	8307	6932	6570	7272	11530	10011	9775	9730	12027	10204	10751	9654	14029	11115	10371	9581	11981	10323	9682	12612	18218
	
Totals
	Downy Woodpecker	33793	23327	21172	30649	20575	32555	45800	20636	21161	22790	24483	33393	27565	28101	29482	44573	50730	51706	36395	21144	8563	8060	8634	11659	10166	8693	8207	11920	9875	9372	10587	17504	15746	15207	15051	18564	15625	16608	14941	21681	17768	16207	14963	18985	16731	17186	33321	39224
	# checklists reporting species - (Downy Woodpecker)	18799	13615	12403	17746	12074	18942	26638	12123	12345	13379	14264	19844	15712	15717	16418	24225	27661	29448	22760	14807	6401	5891	6019	7548	6468	5584	5401	8005	6667	6317	7015	11150	9692	9514	9434	11679	9918	10448	9436	13716	10878	10184	9396	11733	10086	9469	12378	17785
	
Average Count
	Downy Woodpecker	1.797595616788127	1.71333088505325	1.7070063694267517	1.7270934295052407	1.7040748716249794	1.7186675113504382	1.7193482994218785	1.7022189227089004	1.7141352774402592	1.7034158008819793	1.7164189568143577	1.6827756500705502	1.754391547861507	1.7879366291276961	1.7957120233889634	1.8399587203302374	1.8339900943566754	1.7558408041293128	1.5990773286467488	1.4279732558924834	1.337759725042962	1.368188762519097	1.4344575510882207	1.5446475887652358	1.5717377860235002	1.556769340974212	1.5195334197370858	1.4890693316677077	1.48117594120294	1.4836156403356024	1.5091945830363507	1.5698654708520179	1.62463887742468	1.5983813327727558	1.5953996184015264	1.5895196506550218	1.5754184311353094	1.5895865237366003	1.5834039847392962	1.580708661417323	1.6333884905313476	1.5914179104477613	1.5924861643252448	1.6180857410721896	1.6588340273646638	1.814975182173408	2.691953465826466	2.2054540342985662
	# checklists reporting species - (Downy Woodpecker)	18799	13615	12403	17746	12074	18942	26638	12123	12345	13379	14264	19844	15712	15717	16418	24225	27661	29448	22760	14807	6401	5891	6019	7548	6468	5584	5401	8005	6667	6317	7015	11150	9692	9514	9434	11679	9918	10448	9436	13716	10878	10184	9396	11733	10086	9469	12378	17785
	
