

	Week starting on...	1/1	1/8	1/15	1/22	2/1	2/8	2/15	2/22	3/1	3/8	3/15	3/22	4/1	4/8	4/15	4/22	5/1	5/8	5/15	5/22	6/1	6/8	6/15	6/22	7/1	7/8	7/15	7/22	8/1	8/8	8/15	8/22	9/1	9/8	9/15	9/22	10/1	10/8	10/15	10/22	11/1	11/8	11/15	11/22	12/1	12/8	12/15	12/22
Frequency (%)
	Common Loon	0.6391212885199042	0.38078973483187556	0.25893319523562924	0.19221528111484865	0.1101025833825662	0.08652634350958373	0.03441292867258745	0.10169090694099561	0.12597396538048805	0.14192336138485218	0.13513026557601526	0.8344429649356413	2.2766424590440804	4.805905249500298	7.664583079414274	8.876549878773412	8.729948456091334	7.380954989100549	7.168823614948379	6.843637210385377	5.18796287616012	5.140945825760798	5.687999191183905	5.367828229496656	6.872727272727273	6.689756911038419	7.300301791649158	7.362532405512348	8.390275480112205	7.803072367203405	7.271643047565596	6.6823271831596225	5.999884506554253	4.967564724446262	4.931332213015009	5.565121564846064	6.11811358164566	6.8305863280194545	7.771388743683569	9.948396920734288	9.289246318535021	7.798178832661591	5.781543038220268	4.308294126975736	3.1587521872925843	1.7177489177489176	1.268841532393677	0.7837344330235325
	Total # checklists submitted - (Common Loon)	62273	43331	38620	54106	37238	53163	75553	42285	42866	50027	55502	78855	59210	57034	57433	79603	83036	91289	82524	85890	53335	51722	49455	56820	41250	31182	26177	36645	27806	27015	28508	43847	34634	34222	34514	43557	35305	37010	34434	47284	36806	33495	30926	37834	33146	28875	32707	48741
	
Abundance
	Common Loon	0.009185361231994604	0.00512335279591978	0.003288451579492491	0.002236350866816989	0.0013695687201246039	0.0012790850779677595	4.5001522110306674E-4	0.0011824524062906468	0.001423039238557365	0.0017190717012813082	0.0016215631869121833	0.012605415002219263	0.03901368012160108	0.11638671669530455	0.3081677781066634	0.39968342901649434	0.3415626956982514	0.1738763706470659	0.140759051912171	0.17974152986377925	0.08619105652948346	0.07720119098256062	0.08963704377717116	0.08877155931010208	0.11483636363636364	0.12542492463600796	0.14974978034152117	0.15017055532814846	0.18197511328490254	0.17638349065334075	0.1653220148730181	0.15679521974137342	0.15262458855459954	0.1666179650517211	0.21037839717216203	0.38338269394127233	0.8657130718028608	1.5313699000270198	1.9171458442237324	1.7520937314947973	0.9660924849209368	0.5899089416330796	0.4761689193558818	0.1861288787862769	0.06739878115006336	0.02735930735930736	0.018252973369615066	0.010914835559385322
	Total # checklists submitted - (Common Loon)	62273	43331	38620	54106	37238	53163	75553	42285	42866	50027	55502	78855	59210	57034	57433	79603	83036	91289	82524	85890	53335	51722	49455	56820	41250	31182	26177	36645	27806	27015	28508	43847	34634	34222	34514	43557	35305	37010	34434	47284	36806	33495	30926	37834	33146	28875	32707	48741
	
Birds Per Party Hour
	Common Loon	2.72191523750931	2.6426472020177316	2.5881592263865283	2.117793652331919	1.6754307961397943	2.9627420517374	1.7900488118032762	7.075887231813861	3.2988369755604063	2.219400541952054	1.386805842375677	3.5335602771912846	3.1465514152087417	4.854340105115261	5.651592344966361	5.291611654308594	4.456167221297538	2.4725279007964107	1.9759583522865505	2.610457729774036	3.5737311275679837	4.5473942813716715	5.499229352547059	5.216686475603177	5.13719968221997	4.371588994990026	2.83981755973827	3.2696594769703475	2.5924822675065866	3.0924305108752974	3.134397673394539	2.7412681279347826	3.776032707417603	4.557103512565259	6.590195932848828	8.139205669013903	27.379864911236343	31.162555645574745	35.14492119206796	24.03244600714296	14.27758178011354	13.280665664016215	26.75238676384744	7.391762725473892	4.317526785230533	3.60968712773073	2.1441800881871185	2.417917696427454
	# checklists reporting species - (Common Loon)	408	179	105	109	42	44	27	47	58	69	73	659	1387	2764	4400	7192	7263	6446	5650	5811	2768	2693	2822	3062	2847	2063	1957	2825	2409	2082	2167	3008	2089	1711	1708	2439	2173	2524	2678	4707	3431	2667	1787	1648	1076	514	394	390
	
High Count
	Common Loon	30	7	5	4	7	13	5	4	3	10	3	25	174	90	566	600	643	543	139	410	56	26	27	123	75	44	41	60	45	100	68	200	174	350	570	1100	1776	1100	4000	4000	1982	2300	2000	475	150	30	10	9
	# checklists reporting species - (Common Loon)	490	203	118	123	52	57	38	58	70	84	96	795	1638	3237	5166	8193	8216	7776	6805	6903	3304	3177	3368	3695	3424	2626	2393	3384	2882	2584	2663	3677	2488	2013	1999	2788	2477	2924	3101	5362	3859	2989	2053	1869	1261	591	476	468
	
Totals
	Common Loon	699	267	150	145	73	95	49	64	77	99	113	1200	3062	8010	21517	38880	35582	18818	13251	17937	5541	4744	5361	6227	5740	4976	4974	6920	6286	6039	6225	9009	6322	6640	8310	21791	35568	65778	77740	94976	42864	23715	18037	7621	2622	940	690	665
	# checklists reporting species - (Common Loon)	476	202	118	123	52	55	38	56	68	81	94	781	1606	3145	4991	7921	7850	7041	6215	6420	3100	2951	3127	3437	3188	2423	2215	3163	2693	2384	2521	3447	2367	1903	1913	2690	2404	2838	3012	5216	3757	2931	1982	1817	1221	578	467	455
	
Average Count
	Common Loon	1.468487394957983	1.3217821782178218	1.271186440677966	1.1788617886178863	1.4038461538461537	1.7272727272727273	1.2894736842105263	1.1428571428571428	1.1323529411764706	1.2222222222222223	1.202127659574468	1.5364916773367479	1.9066002490660026	2.546899841017488	4.311160088158686	4.908471152632243	4.532738853503185	2.6726317284476635	2.1320997586484314	2.7939252336448597	1.7874193548387096	1.6075906472382244	1.7144227694275664	1.8117544370090195	1.8005018820577163	2.0536524969046637	2.2455981941309253	2.1877963958267466	2.3341997772001486	2.5331375838926173	2.4692582308607696	2.6135770234986944	2.670891423743135	3.48922753547031	4.343962362780973	8.100743494423792	14.795341098169716	23.177589852008456	25.810092961487385	18.208588957055216	11.409103007718924	8.091095189355169	9.100403632694249	4.194276279581728	2.1474201474201475	1.6262975778546713	1.4775160599571735	1.4615384615384615
	# checklists reporting species - (Common Loon)	476	202	118	123	52	55	38	56	68	81	94	781	1606	3145	4991	7921	7850	7041	6215	6420	3100	2951	3127	3437	3188	2423	2215	3163	2693	2384	2521	3447	2367	1903	1913	2690	2404	2838	3012	5216	3757	2931	1982	1817	1221	578	467	455
	
