

	Week starting on...	1/1	1/8	1/15	1/22	2/1	2/8	2/15	2/22	3/1	3/8	3/15	3/22	4/1	4/8	4/15	4/22	5/1	5/8	5/15	5/22	6/1	6/8	6/15	6/22	7/1	7/8	7/15	7/22	8/1	8/8	8/15	8/22	9/1	9/8	9/15	9/22	10/1	10/8	10/15	10/22	11/1	11/8	11/15	11/22	12/1	12/8	12/15	12/22
Frequency (%)
	Semipalmated Sandpiper	0.0	0.0	0.0	0.0	0.0	0.0	0.0	0.0	0.0	0.0	0.0	0.0	0.0	0.0	0.0	0.007537404369182065	0.1288597716653018	0.710929027593686	2.215113179196355	4.421935033181977	2.741164338614418	0.78883260508101	0.3397027600849257	0.14959521295318548	0.10666666666666667	0.5227374767494067	2.723765137334301	4.701869286396507	5.811695317557362	6.755506200259115	8.341518170338151	8.917371770018473	7.899751689091644	5.0961369879025185	3.3464680999014895	2.0157494776958926	1.2774394561676816	0.8024858146446906	0.6476157286402974	0.3003130022840707	0.08150844970928653	0.035826242722794444	0.00970057556748367	0.005286250462546915	0.0	0.0	0.0	0.0
	Total # checklists submitted - (Semipalmated Sandpiper)	62273	43331	38620	54106	37238	53163	75553	42285	42866	50027	55502	78855	59210	57034	57433	79603	83036	91289	82524	85890	53335	51722	49455	56820	41250	31182	26177	36645	27806	27015	28508	43847	34634	34222	34514	43557	35305	37010	34434	47284	36806	33495	30926	37834	33146	28875	32707	48741
	
Abundance
	Semipalmated Sandpiper	0.0	0.0	0.0	0.0	0.0	0.0	0.0	0.0	0.0	0.0	0.0	0.0	0.0	0.0	0.0	7.537404369182066E-4	0.004166867382821908	0.01865504058539364	0.12017110174009984	0.9013272790778903	0.6959782506796662	0.08247940914891148	0.015670811849155798	0.0029215065117916225	0.0024	0.03562952985696877	18.89834587615082	35.45708827943785	21.73149679925196	12.30098093651675	6.379717973902062	5.8893880995279035	2.765172951435006	1.119367658231547	0.22066407834501942	0.12863604013132218	0.03942784308171647	0.024209673061334775	0.018557239937271302	0.007105997800524491	0.0015214910612400153	4.179728317659352E-4	1.2934100756644895E-4	1.3215626156367287E-4	0.0	0.0	0.0	0.0
	Total # checklists submitted - (Semipalmated Sandpiper)	62273	43331	38620	54106	37238	53163	75553	42285	42866	50027	55502	78855	59210	57034	57433	79603	83036	91289	82524	85890	53335	51722	49455	56820	41250	31182	26177	36645	27806	27015	28508	43847	34634	34222	34514	43557	35305	37010	34434	47284	36806	33495	30926	37834	33146	28875	32707	48741
	
Birds Per Party Hour
	Semipalmated Sandpiper	0.0	0.0	0.0	0.0	0.0	0.0	0.0	0.0	0.0	0.0	0.0	0.0	1.0	0.0	1.0	6.422861036579388	4.238188624761103	4.33852011559747	8.050304959366576	25.519542967334512	23.297168282649	9.627501961063544	6.609186814137325	3.741611415945937	2.6639772155111023	4.5909033174219545	88.1912683827696	113.11583160362494	53.85343093922925	32.71642915997221	19.360314598249523	18.55158024231465	13.131979727434286	10.275038748647392	5.609077564537045	4.746529904423476	2.9621216505177066	3.227528782635755	3.329725261661655	2.512215901067451	2.443622527125533	0.5213335021266767	2.0	3.7777777777777777	0.0	0.0	0.0	0.0
	# checklists reporting species - (Semipalmated Sandpiper)	0.0	0.0	0.0	0.0	0.0	0.0	0.0	0.0	0.0	0.0	0.0	0.0	1	0.0	3	16	113	663	1914	4478	1897	566	211	113	50	206	812	2043	1832	2158	2779	4491	3021	1845	1207	972	495	332	247	171	47	21	2	3	0.0	0.0	0.0	0.0
	
High Count
	Semipalmated Sandpiper	0.0	0.0	0.0	0.0	0.0	0.0	0.0	0.0	0.0	0.0	0.0	0.0	1	0.0	2	55	70	130	450	2800	2500	500	70	22	20	300	54242	88130	63750	17350	7500	20989	1953	1986	250	397	60	110	50	110	12	3	2	10	0.0	0.0	0.0	0.0
	# checklists reporting species - (Semipalmated Sandpiper)	0.0	0.0	0.0	0.0	0.0	0.0	0.0	0.0	0.0	0.0	0.0	0.0	1	0.0	3	21	168	963	2449	5332	2222	688	250	130	82	268	986	2337	2107	2464	3224	5264	3624	2287	1513	1177	602	428	305	224	68	33	3	3	0.0	0.0	0.0	0.0
	
Totals
	Semipalmated Sandpiper	0.0	0.0	0.0	0.0	0.0	0.0	0.0	0.0	0.0	0.0	0.0	0.0	1	0.0	4	161	548	2617	13641	118392	63173	7188	1124	295	179	1907	498915	1351583	620633	349785	199627	290782	118183	48685	11223	7362	1946	1481	853	666	123	41	4	15	0.0	0.0	0.0	0.0
	# checklists reporting species - (Semipalmated Sandpiper)	0.0	0.0	0.0	0.0	0.0	0.0	0.0	0.0	0.0	0.0	0.0	0.0	1	0.0	3	20	143	787	2142	5025	2133	673	245	129	81	259	942	2243	2001	2337	3013	4946	3395	2128	1406	1109	569	413	301	222	67	33	3	3	0.0	0.0	0.0	0.0
	
Average Count
	Semipalmated Sandpiper	0.0	0.0	0.0	0.0	0.0	0.0	0.0	0.0	0.0	0.0	0.0	0.0	1.0	0.0	1.3333333333333333	8.05	3.832167832167832	3.3252858958068616	6.368347338935574	23.560597014925374	29.616971401781527	10.680534918276374	4.587755102040816	2.2868217054263567	2.2098765432098766	7.362934362934363	529.6337579617834	602.5782434239858	310.16141929035484	149.6726572528883	66.25522734815799	58.79134654266073	34.810898379970546	22.87828947368421	7.98221906116643	6.638412984670874	3.4200351493848857	3.585956416464891	2.833887043189369	3.0	1.835820895522388	1.2424242424242424	1.3333333333333333	5.0	0.0	0.0	0.0	0.0
	# checklists reporting species - (Semipalmated Sandpiper)	0.0	0.0	0.0	0.0	0.0	0.0	0.0	0.0	0.0	0.0	0.0	0.0	1	0.0	3	20	143	787	2142	5025	2133	673	245	129	81	259	942	2243	2001	2337	3013	4946	3395	2128	1406	1109	569	413	301	222	67	33	3	3	0.0	0.0	0.0	0.0
	
