

	Week starting on...	1/1	1/8	1/15	1/22	2/1	2/8	2/15	2/22	3/1	3/8	3/15	3/22	4/1	4/8	4/15	4/22	5/1	5/8	5/15	5/22	6/1	6/8	6/15	6/22	7/1	7/8	7/15	7/22	8/1	8/8	8/15	8/22	9/1	9/8	9/15	9/22	10/1	10/8	10/15	10/22	11/1	11/8	11/15	11/22	12/1	12/8	12/15	12/22
Frequency (%)
	American Avocet	0.0	0.0	0.0	0.0	0.0	0.0	0.0	0.0	0.0	0.0	0.0	0.0	0.0	0.03506680225830206	0.09576375951108247	0.19094757735261234	0.3143214991088203	0.20484395710326547	0.13814163152537445	0.0535568750727675	0.014999531264647979	0.011600479486485443	0.026286523101809726	0.10207673354452657	0.009696969696969697	0.016034891924828425	0.015280589830767466	0.04366216400600355	0.14745019060634396	0.13696094762169164	0.07366353304335625	0.029648550642005153	0.03176069758041231	0.023376775173864765	0.026076374804427187	0.045916844594439475	0.0141622999575131	0.01891380707916779	0.0029041064064587326	0.22840707215971576	0.040754224854643264	0.0238841618151963	0.006467050378322447	0.007929375693820373	0.015084776443613106	0.0	0.0	0.0
	Total # checklists submitted - (American Avocet)	62273	43331	38620	54106	37238	53163	75553	42285	42866	50027	55502	78855	59210	57034	57433	79603	83036	91289	82524	85890	53335	51722	49455	56820	41250	31182	26177	36645	27806	27015	28508	43847	34634	34222	34514	43557	35305	37010	34434	47284	36806	33495	30926	37834	33146	28875	32707	48741
	
Abundance
	American Avocet	0.0	0.0	0.0	0.0	0.0	0.0	0.0	0.0	0.0	0.0	0.0	0.0	0.0	4.558684293579269E-4	0.015182908780666167	0.03584035777546073	0.025507009008141047	0.0035491680268159363	0.0021569482817119867	7.567819303760624E-4	1.499953126464798E-4	1.1600479486485442E-4	3.0330603579011223E-4	0.0010207673354452656	9.696969696969698E-5	1.6034891924828425E-4	6.112235932306987E-4	4.639104925637877E-4	0.0014745019060634396	0.002591153063113085	8.769468219447172E-4	4.5613154833854083E-4	4.0422706011433853E-4	2.629887207059786E-4	2.607637480442719E-4	9.412953141860091E-4	1.41622999575131E-4	3.242366927857336E-4	2.9041064064587326E-5	0.0063023432873699345	5.977286312014345E-4	2.38841618151963E-4	6.467050378322448E-5	7.929375693820373E-5	1.5084776443613105E-4	0.0	0.0	0.0
	Total # checklists submitted - (American Avocet)	62273	43331	38620	54106	37238	53163	75553	42285	42866	50027	55502	78855	59210	57034	57433	79603	83036	91289	82524	85890	53335	51722	49455	56820	41250	31182	26177	36645	27806	27015	28508	43847	34634	34222	34514	43557	35305	37010	34434	47284	36806	33495	30926	37834	33146	28875	32707	48741
	
Birds Per Party Hour
	American Avocet	0.0	0.0	0.0	0.0	0.0	0.0	0.0	0.0	0.0	0.0	0.0	0.0	0.0	1.5458125847599593	28.8701344000748	35.30993181904774	16.16059708630732	2.6003773381921538	1.9425383400708367	2.1850951661764455	3.6814685964581844	4.377325847205365	3.7765441925903227	2.128710464333961	7.7863754227826085	1.0788366231202113	2.8101346824769777	1.4292727699805996	4.666095066217321	5.393255601034348	1.3241260020139625	1.581950451874942	1.0820684320684322	3.524662127710903	2.481144853150841	3.0281564377092502	5.484168941838338	1.7605297533853024	1.1272727272727272	3.568934753658991	4.542129538616758	1.5622644235110843	0.821376281112738	0.9333333333333333	1.2196237368473872	2.0	0.0	0.0
	# checklists reporting species - (American Avocet)	0.0	0.0	0.0	0.0	0.0	0.0	0.0	0.0	0.0	0.0	0.0	0.0	0.0	30	80	196	335	235	133	67	9	11	19	86	10	9	6	20	52	47	30	20	12	13	12	32	12	10	7	143	22	9	3	3	10	1	0	0.0
	
High Count
	American Avocet	0.0	0.0	0.0	0.0	0.0	0.0	0.0	0.0	0.0	0.0	0.0	0.0	0.0	2	36	47	36	15	7	22	3	1	2	2	2	2	4	2	2	6	10	8	3	2	8	11	2	5	2	14	8	2	2	2	2	1	1	0.0
	# checklists reporting species - (American Avocet)	0.0	0.0	0.0	0.0	0.0	0.0	0.0	0.0	0.0	0.0	0.0	0.0	0.0	34	84	215	377	286	179	121	19	30	23	94	11	11	14	31	56	49	40	50	30	54	55	67	24	21	28	163	41	32	19	15	29	8	1	0.0
	
Totals
	American Avocet	0.0	0.0	0.0	0.0	0.0	0.0	0.0	0.0	0.0	0.0	0.0	0.0	0.0	41	1315	3386	2823	564	298	178	21	29	26	95	12	12	26	33	58	83	59	73	32	63	93	89	23	26	29	388	76	37	25	24	40	8	1	0.0
	# checklists reporting species - (American Avocet)	0.0	0.0	0.0	0.0	0.0	0.0	0.0	0.0	0.0	0.0	0.0	0.0	0.0	34	83	215	368	278	174	120	19	29	23	94	11	11	14	31	56	49	40	49	29	54	52	66	22	21	27	163	41	32	19	15	28	8	1	0.0
	
Average Count
	American Avocet	0.0	0.0	0.0	0.0	0.0	0.0	0.0	0.0	0.0	0.0	0.0	0.0	0.0	1.2058823529411764	15.843373493975903	15.748837209302325	7.671195652173913	2.028776978417266	1.7126436781609196	1.4833333333333334	1.105263157894737	1.0	1.1304347826086956	1.0106382978723405	1.0909090909090908	1.0909090909090908	1.8571428571428572	1.064516129032258	1.0357142857142858	1.6938775510204083	1.475	1.489795918367347	1.103448275862069	1.1666666666666667	1.7884615384615385	1.3484848484848484	1.0454545454545454	1.2380952380952381	1.0740740740740742	2.3803680981595092	1.853658536585366	1.15625	1.3157894736842106	1.6	1.4285714285714286	1.0	1.0	0.0
	# checklists reporting species - (American Avocet)	0.0	0.0	0.0	0.0	0.0	0.0	0.0	0.0	0.0	0.0	0.0	0.0	0.0	34	83	215	368	278	174	120	19	29	23	94	11	11	14	31	56	49	40	49	29	54	52	66	22	21	27	163	41	32	19	15	28	8	1	0.0
	
