

	Week starting on...	1/1	1/8	1/15	1/22	2/1	2/8	2/15	2/22	3/1	3/8	3/15	3/22	4/1	4/8	4/15	4/22	5/1	5/8	5/15	5/22	6/1	6/8	6/15	6/22	7/1	7/8	7/15	7/22	8/1	8/8	8/15	8/22	9/1	9/8	9/15	9/22	10/1	10/8	10/15	10/22	11/1	11/8	11/15	11/22	12/1	12/8	12/15	12/22
Frequency (%)
	King Rail	0.0	0.0	0.0	0.0	0.0	0.0	0.0	0.0	0.0	0.0	0.0	0.0	0.0	0.0	0.0017411592638378632	0.007537404369182065	0.013247266245965604	0.051484844833441054	0.033929523532548106	0.01746419839329375	0.009374707040404986	0.003866826495495147	0.0040440804772014964	0.0017599436818021823	0.02181818181818182	0.0064139567699313706	0.0038201474576918665	0.035475508254877886	0.010789038337049557	0.04441976679622432	0.017538936438894343	0.03192920838369786	0.06352139516082463	0.043831453450996434	0.03187112476096656	0.0436210023647175	0.00283245999150262	0.0	0.0	0.0	0.0	0.0029855202268995375	0.0	0.0	0.0	0.0	0.0	0.0020516608194333314
	Total # checklists submitted - (King Rail)	62273	43331	38620	54106	37238	53163	75553	42285	42866	50027	55502	78855	59210	57034	57433	79603	83036	91289	82524	85890	53335	51722	49455	56820	41250	31182	26177	36645	27806	27015	28508	43847	34634	34222	34514	43557	35305	37010	34434	47284	36806	33495	30926	37834	33146	28875	32707	48741
	
Abundance
	King Rail	0.0	0.0	0.0	0.0	0.0	0.0	0.0	0.0	0.0	0.0	0.0	0.0	0.0	0.0	1.741159263837863E-5	7.537404369182066E-5	1.4451563177417023E-4	6.024822267743102E-4	3.7564829625321116E-4	1.7464198393293747E-4	1.1249648448485985E-4	5.800239743242721E-5	4.0440804772014964E-5	1.7599436818021823E-5	2.4242424242424242E-4	6.413956769931371E-5	0.0	3.5475508254877885E-4	1.0789038337049557E-4	4.812141402924301E-4	2.1046723726673216E-4	3.192920838369786E-4	0.0010394410117225848	6.72082286248612E-4	3.1871124760966563E-4	9.183368918887895E-4	2.83245999150262E-5	0.0	0.0	0.0	0.0	2.9855202268995374E-5	0.0	0.0	0.0	0.0	0.0	2.0516608194333313E-5
	Total # checklists submitted - (King Rail)	62273	43331	38620	54106	37238	53163	75553	42285	42866	50027	55502	78855	59210	57034	57433	79603	83036	91289	82524	85890	53335	51722	49455	56820	41250	31182	26177	36645	27806	27015	28508	43847	34634	34222	34514	43557	35305	37010	34434	47284	36806	33495	30926	37834	33146	28875	32707	48741
	
Birds Per Party Hour
	King Rail	0.0	0.0	0.0	0.0	0.0	0.0	0.0	0.0	0.0	0.0	0.0	0.0	0.0	0.0	0.4	0.5702356305196736	0.7296056613337446	0.6044920007037476	0.5179783572466308	0.4278661398771668	0.9932573021673726	1.4490407673860912	0.31534025374855823	12.048192771084338	0.39866354906721	1.375	0.0	1.685679521954998	1.7053393213572854	3.642693179011332	2.7034400774898	0.9591037404301739	0.969638604069853	0.965916999627122	0.6493998139222288	2.05290564840235	0.8561643835616438	0.0	0.0	0.0	0.0	0.26666666666666666	0.0	0.0	0.0	0.0	0.0	0.12244398187829068
	# checklists reporting species - (King Rail)	1	0.0	0.0	0.0	0.0	0.0	0.0	0.0	0.0	0.0	0.0	1	0.0	0.0	1	8	21	51	50	29	11	4	5	1	10	2	0	11	4	15	4	18	26	18	14	28	2	0.0	0.0	0.0	0.0	1	0.0	0.0	0.0	0.0	0	1
	
High Count
	King Rail	1	0.0	0.0	0.0	0.0	0.0	0.0	0.0	0.0	0.0	0.0	1	0.0	0.0	1	1	12	3	5	4	8	6	3	1	2	11	1	2	4	2	2	1	3	4	2	5	1	0.0	0.0	0.0	0.0	1	0.0	0.0	0.0	0.0	1	1
	# checklists reporting species - (King Rail)	1	0.0	0.0	0.0	0.0	0.0	0.0	0.0	0.0	0.0	0.0	1	0.0	0.0	3	9	26	89	73	46	17	5	7	1	13	3	1	15	7	17	8	20	26	19	14	29	3	0.0	0.0	0.0	0.0	1	0.0	0.0	0.0	0.0	1	3
	
Totals
	King Rail	1	0.0	0.0	0.0	0.0	0.0	0.0	0.0	0.0	0.0	0.0	1	0.0	0.0	3	8	37	100	81	51	27	10	11	1	14	13	0	15	9	18	11	19	41	27	15	50	3	0.0	0.0	0.0	0.0	1	0.0	0.0	0.0	0.0	1	2
	# checklists reporting species - (King Rail)	1	0.0	0.0	0.0	0.0	0.0	0.0	0.0	0.0	0.0	0.0	1	0.0	0.0	3	8	24	87	67	40	17	4	7	1	13	3	0	14	6	17	8	19	26	19	14	29	3	0.0	0.0	0.0	0.0	1	0.0	0.0	0.0	0.0	1	2
	
Average Count
	King Rail	1.0	0.0	0.0	0.0	0.0	0.0	0.0	0.0	0.0	0.0	0.0	1.0	0.0	0.0	1.0	1.0	1.5416666666666667	1.1494252873563218	1.208955223880597	1.275	1.588235294117647	2.5	1.5714285714285714	1.0	1.0769230769230769	4.333333333333333	0.0	1.0714285714285714	1.5	1.0588235294117647	1.375	1.0	1.5769230769230769	1.4210526315789473	1.0714285714285714	1.7241379310344827	1.0	0.0	0.0	0.0	0.0	1.0	0.0	0.0	0.0	0.0	1.0	1.0
	# checklists reporting species - (King Rail)	1	0.0	0.0	0.0	0.0	0.0	0.0	0.0	0.0	0.0	0.0	1	0.0	0.0	3	8	24	87	67	40	17	4	7	1	13	3	0	14	6	17	8	19	26	19	14	29	3	0.0	0.0	0.0	0.0	1	0.0	0.0	0.0	0.0	1	2
	
