

	Week starting on...	1/1	1/8	1/15	1/22	2/1	2/8	2/15	2/22	3/1	3/8	3/15	3/22	4/1	4/8	4/15	4/22	5/1	5/8	5/15	5/22	6/1	6/8	6/15	6/22	7/1	7/8	7/15	7/22	8/1	8/8	8/15	8/22	9/1	9/8	9/15	9/22	10/1	10/8	10/15	10/22	11/1	11/8	11/15	11/22	12/1	12/8	12/15	12/22
Frequency (%)
	Common Nighthawk	0.0	0.0	0.0	0.0	0.0	0.0	0.0	0.0	0.0	0.0	0.0	0.0	0.0	0.0	0.0034823185276757263	0.0025124681230606887	0.1613757888144901	0.926727207001939	1.4868401919441616	2.3506811037373385	1.509327833505203	1.142647229418816	0.9665352340511576	0.8623724040830694	0.8581818181818182	1.0134051696491566	1.210986744088322	1.143402919907218	1.3270517154570955	1.7323709050527485	3.4832327767644164	4.055009464729628	2.9248715135416066	2.17111799427269	1.1618473662861446	0.39947654797162335	0.16711513949865459	0.048635503917860035	0.02323285125166986	0.0021148802977751457	0.021735586589143072	0.0	0.0	0.0	0.0	0.0	0.0	0.0
	Total # checklists submitted - (Common Nighthawk)	62273	43331	38620	54106	37238	53163	75553	42285	42866	50027	55502	78855	59210	57034	57433	79603	83036	91289	82524	85890	53335	51722	49455	56820	41250	31182	26177	36645	27806	27015	28508	43847	34634	34222	34514	43557	35305	37010	34434	47284	36806	33495	30926	37834	33146	28875	32707	48741
	
Abundance
	Common Nighthawk	0.0	0.0	0.0	0.0	0.0	0.0	0.0	0.0	0.0	0.0	0.0	0.0	0.0	0.0	1.2188114846865043E-4	2.5124681230606886E-5	0.0017823594585480995	0.009442539626899189	0.01970335902282972	0.04469670508790313	0.027055404518608793	0.018734774370673987	0.01765241128298453	0.015276311158042942	0.015466666666666667	0.01664421781797191	0.021469228712228294	0.026770364306180926	0.045170107171114145	0.10353507310753285	0.26967868668443945	0.2782858576413438	0.13752382052318532	0.10601367541347671	0.04653184215101119	0.011869504327662603	0.003342302789973092	8.376114563631451E-4	2.323285125166986E-4	2.1148802977751458E-5	7.335760473835787E-4	0.0	0.0	0.0	0.0	0.0	0.0	0.0
	Total # checklists submitted - (Common Nighthawk)	62273	43331	38620	54106	37238	53163	75553	42285	42866	50027	55502	78855	59210	57034	57433	79603	83036	91289	82524	85890	53335	51722	49455	56820	41250	31182	26177	36645	27806	27015	28508	43847	34634	34222	34514	43557	35305	37010	34434	47284	36806	33495	30926	37834	33146	28875	32707	48741
	
Birds Per Party Hour
	Common Nighthawk	0.0	0.0	0.0	0.0	0.0	0.0	0.0	0.0	0.0	0.0	0.0	0.0	0.0	0.0	24.0	0.5	1.677154040897398	1.8423512988390744	2.7035195506509986	4.0553853508641335	4.51950941418041	4.8971929384181045	5.335660151088681	5.726777347371542	6.028618730575495	5.016221920344886	6.332619382648544	7.743261153767245	10.514578792545077	16.70113925788158	30.02391868969435	14.077092266288886	10.499150135842601	9.336354355951206	10.10147324634595	5.817861225812891	1.1662445297235242	2.8476750126240113	0.3316331417624521	0.0625	7.6475311718890415	0.0	0.0	0.0	0.0	0.0	0.0	0.0
	# checklists reporting species - (Common Nighthawk)	0.0	0.0	0.0	0.0	0.0	0.0	0.0	0.0	0.0	0.0	0.0	0.0	1	0.0	1	1	131	787	1210	2237	905	596	501	496	362	305	311	455	406	550	1208	2147	1140	892	490	217	70	23	12	2	9	0	0.0	0.0	0.0	0.0	0.0	0.0
	
High Count
	Common Nighthawk	0.0	0.0	0.0	0.0	0.0	0.0	0.0	0.0	0.0	0.0	0.0	0.0	1	0.0	6	1	7	10	40	221	25	10	22	45	22	16	25	65	55	300	500	1000	1000	282	157	107	18	9	7	1	20	1	0.0	0.0	0.0	0.0	0.0	0.0
	# checklists reporting species - (Common Nighthawk)	0.0	0.0	0.0	0.0	0.0	0.0	0.0	0.0	0.0	0.0	0.0	0.0	1	0.0	6	7	171	1162	1789	3022	1192	839	713	709	508	456	466	621	557	772	1683	2867	1522	1048	607	301	115	40	20	3	9	1	0.0	0.0	0.0	0.0	0.0	0.0
	
Totals
	Common Nighthawk	0.0	0.0	0.0	0.0	0.0	0.0	0.0	0.0	0.0	0.0	0.0	0.0	1	0.0	11	7	184	1138	2401	5875	1976	1281	1166	1133	854	724	824	1562	2084	5116	14440	25078	9825	5828	2839	1387	269	85	30	3	28	1	0.0	0.0	0.0	0.0	0.0	0.0
	# checklists reporting species - (Common Nighthawk)	0.0	0.0	0.0	0.0	0.0	0.0	0.0	0.0	0.0	0.0	0.0	0.0	1	0.0	6	7	157	929	1497	2750	1071	745	648	616	442	392	398	552	508	719	1595	2750	1460	1022	591	288	113	40	20	3	9	1	0.0	0.0	0.0	0.0	0.0	0.0
	
Average Count
	Common Nighthawk	0.0	0.0	0.0	0.0	0.0	0.0	0.0	0.0	0.0	0.0	0.0	0.0	1.0	0.0	1.8333333333333333	1.0	1.1719745222929936	1.22497308934338	1.603874415497662	2.1363636363636362	1.8450046685340804	1.719463087248322	1.7993827160493827	1.8392857142857142	1.9321266968325792	1.846938775510204	2.07035175879397	2.829710144927536	4.102362204724409	7.115438108484006	9.053291536050157	9.119272727272728	6.72945205479452	5.702544031311154	4.803722504230119	4.815972222222222	2.3805309734513274	2.125	1.5	1.0	3.111111111111111	1.0	0.0	0.0	0.0	0.0	0.0	0.0
	# checklists reporting species - (Common Nighthawk)	0.0	0.0	0.0	0.0	0.0	0.0	0.0	0.0	0.0	0.0	0.0	0.0	1	0.0	6	7	157	929	1497	2750	1071	745	648	616	442	392	398	552	508	719	1595	2750	1460	1022	591	288	113	40	20	3	9	1	0.0	0.0	0.0	0.0	0.0	0.0
	
