

	Week starting on...	1/1	1/8	1/15	1/22	2/1	2/8	2/15	2/22	3/1	3/8	3/15	3/22	4/1	4/8	4/15	4/22	5/1	5/8	5/15	5/22	6/1	6/8	6/15	6/22	7/1	7/8	7/15	7/22	8/1	8/8	8/15	8/22	9/1	9/8	9/15	9/22	10/1	10/8	10/15	10/22	11/1	11/8	11/15	11/22	12/1	12/8	12/15	12/22
Frequency (%)
	Common Goldeneye	16.85802835899989	17.227850730423945	15.253754531330916	15.379070713044765	15.089424781137547	11.278520775727479	9.26634283218403	14.090102873359347	15.487799188167777	16.44711855597977	14.99765774206335	12.96810601737366	10.971119743286607	8.935021215415366	7.318092385910539	5.011117671444543	2.7000337203140807	1.865504058539364	1.6601231156996754	1.6882058446850625	1.2149620324364863	0.9145044661846022	0.9422707511879486	0.8905315029919043	0.9890909090909091	0.9845423641844655	1.4134545593459908	1.4435802974484924	1.585988635546285	1.6953544327225616	1.6697067489827417	1.4527789814582526	1.3743720043887508	1.3938402197416866	1.2661528655038536	1.37291365337374	1.9968842940093472	2.5020264793299107	4.475227972352907	8.487014634971661	13.258707819377275	14.58426630840424	16.25169760072431	16.125707035999366	17.616001930851386	16.796536796536795	15.161891949735532	14.975072321043886
	Total # checklists submitted - (Common Goldeneye)	62273	43331	38620	54106	37238	53163	75553	42285	42866	50027	55502	78855	59210	57034	57433	79603	83036	91289	82524	85890	53335	51722	49455	56820	41250	31182	26177	36645	27806	27015	28508	43847	34634	34222	34514	43557	35305	37010	34434	47284	36806	33495	30926	37834	33146	28875	32707	48741
	
Abundance
	Common Goldeneye	5.1326578131774605	5.5101659320117236	4.633480062143967	4.757439101023916	4.384795101777754	2.9845569286910067	2.2910936693446984	3.6186827480193924	3.9714925582046376	3.72043096727767	3.1944794782170014	2.3067909454061253	1.6038844789731463	1.1239085457797104	0.7462086257029931	0.43974473323869706	0.18445011802109929	0.1374645357052876	0.10834423925161166	0.12436837815810921	0.09513452704602982	0.06401531263292216	0.08084116873925791	0.07666314677930307	0.06096969696969697	0.08110448335578219	0.21209458685105245	0.23626688497748669	0.2641156584909732	0.275439570608921	0.22961975585800476	0.24058658517116335	0.16625281515274007	0.18675121267021214	0.09909022425682332	0.11812108271919554	0.14997875655006374	0.1619292083220751	0.3811639658477087	1.2666229591405127	3.526490246155518	4.37414539483505	5.124975748561082	5.153962044721679	5.194744463887045	5.143688311688312	4.987066988718011	4.515664430356374
	Total # checklists submitted - (Common Goldeneye)	62273	43331	38620	54106	37238	53163	75553	42285	42866	50027	55502	78855	59210	57034	57433	79603	83036	91289	82524	85890	53335	51722	49455	56820	41250	31182	26177	36645	27806	27015	28508	43847	34634	34222	34514	43557	35305	37010	34434	47284	36806	33495	30926	37834	33146	28875	32707	48741
	
Birds Per Party Hour
	Common Goldeneye	67.22178572597637	76.13511148354856	78.39418976978925	66.40115180980314	73.81152861334566	62.25973164510201	53.89791222467373	58.74351809491704	62.08698976255773	51.39635670400648	44.96409614793633	38.243976205313146	30.572510220820288	29.071860069329002	21.56501455649192	18.711850948362642	12.241941561004907	12.278370550464677	11.05476198876045	12.181217856543055	17.607579202556177	14.622709671558404	14.121768868767623	18.168422099231506	14.739958367298426	18.760072490164994	14.57811901997126	14.453883331849722	10.0945230250803	15.173488413293152	19.391543762590413	27.992138632755875	10.04948547202102	14.661805464923301	12.533677789848191	11.342154677804587	14.244751384780557	10.128513378973622	15.228525767850783	24.92865694451281	45.26260297154336	49.694398447164296	65.18080596680949	62.320228882797394	73.33502070380455	64.87909206353943	44.40787049386673	45.90447482029299
	# checklists reporting species - (Common Goldeneye)	9963	7150	5578	7866	5242	5714	6663	5664	6291	7776	7821	9668	6212	4828	4000	3954	2202	1654	1308	1386	609	458	462	508	407	305	376	544	456	468	482	626	461	456	427	600	693	924	1559	3987	4807	4721	4799	5812	5490	4583	4708	6997
	
High Count
	Common Goldeneye	7000	9756	3000	6000	30000	2000	3000	3000	5000	4959	2000	1500	2800	1018	1000	340	264	262	220	200	200	93	500	285	72	130	420	200	249	200	300	403	273	500	195	200	165	123	240	700	3000	2500	2500	5000	4000	7000	6000	7000
	# checklists reporting species - (Common Goldeneye)	11353	8022	6324	8908	6004	6421	7494	6423	7102	8745	8874	11077	7121	5579	4613	4433	2501	1900	1536	1644	757	575	571	598	497	379	427	604	498	518	541	710	543	525	507	691	779	1039	1769	4461	5390	5334	5459	6628	6324	5171	5339	7948
	
Totals
	Common Goldeneye	356734	285698	191517	279019	244028	168990	188901	167233	184183	206427	192770	200378	105929	72478	49361	38156	16719	13194	9395	11416	5492	3595	4615	4771	2842	2824	5781	8918	7524	7594	7230	10734	5943	6603	3923	5500	5709	6585	15046	66465	150663	166189	178325	217741	192588	164128	175504	256330
	# checklists reporting species - (Common Goldeneye)	10494	7497	5854	8266	5521	6034	7007	6025	6667	8188	8244	10312	6612	5187	4290	4172	2328	1755	1392	1492	685	524	523	558	445	351	406	580	481	500	520	688	504	499	471	653	746	1001	1696	4255	5094	4996	5097	6158	5803	4843	5071	7468
	
Average Count
	Common Goldeneye	33.99409186201639	38.10830999066293	32.71557909121968	33.75502056617469	44.1999637746785	28.006297646668877	26.95889824461253	27.756514522821575	27.62606869656517	25.210918417195895	23.383066472586123	19.431536074476337	16.02071990320629	13.973009446693657	11.506060606060606	9.145733461169703	7.181701030927835	7.517948717948718	6.749281609195402	7.651474530831099	8.017518248175183	6.8606870229007635	8.824091778202677	8.550179211469533	6.3865168539325845	8.045584045584045	14.238916256157635	15.375862068965517	15.642411642411643	15.188	13.903846153846153	15.601744186046512	11.791666666666666	13.23246492985972	8.329087048832271	8.422664624808576	7.652815013404826	6.578421578421579	8.871462264150944	15.620446533490012	29.57656065959953	33.26441152922338	34.98626643123406	35.35904514452744	33.18766155436843	33.88973776584761	34.609347268783274	34.32378146759507
	# checklists reporting species - (Common Goldeneye)	10494	7497	5854	8266	5521	6034	7007	6025	6667	8188	8244	10312	6612	5187	4290	4172	2328	1755	1392	1492	685	524	523	558	445	351	406	580	481	500	520	688	504	499	471	653	746	1001	1696	4255	5094	4996	5097	6158	5803	4843	5071	7468
	
