

	Week starting on...	1/1	1/8	1/15	1/22	2/1	2/8	2/15	2/22	3/1	3/8	3/15	3/22	4/1	4/8	4/15	4/22	5/1	5/8	5/15	5/22	6/1	6/8	6/15	6/22	7/1	7/8	7/15	7/22	8/1	8/8	8/15	8/22	9/1	9/8	9/15	9/22	10/1	10/8	10/15	10/22	11/1	11/8	11/15	11/22	12/1	12/8	12/15	12/22
Frequency (%)
	Ring-billed Gull	16.54810270903923	14.262306431884793	12.105126877265665	10.728939489150926	9.796444492185403	6.273159904444821	6.502719944939314	13.986047061605769	18.00261279335604	28.040857936714175	32.8708875355843	36.02688478853592	37.75713561898328	37.06210330679946	35.8870335869622	34.84667663279022	31.5369237439183	30.703589698649342	30.634724443798167	29.41320293398533	23.688009749695322	20.304705927845017	19.49044585987261	19.255543822597676	20.833939393939392	26.768648579308575	32.18092218359629	35.148042024832854	36.90210745882184	37.27188598926522	38.61021467658201	39.822564827696304	41.67003522550095	41.470399158436095	40.28799907284001	40.376977294120344	39.86404192040787	41.09700081059173	41.758146018470114	41.47068775907284	41.623648318208986	39.17301089714883	36.04733880876932	32.28577470000529	29.59331442708019	24.581818181818182	20.760081939645946	18.11206171395745
	Total # checklists submitted - (Ring-billed Gull)	62273	43331	38620	54106	37238	53163	75553	42285	42866	50027	55502	78855	59210	57034	57433	79603	83036	91289	82524	85890	53335	51722	49455	56820	41250	31182	26177	36645	27806	27015	28508	43847	34634	34222	34514	43557	35305	37010	34434	47284	36806	33495	30926	37834	33146	28875	32707	48741
	
Abundance
	Ring-billed Gull	5.924863102789331	4.984883801435462	3.959425168306577	3.5664621298931727	3.6608840431816962	2.4078212290502794	2.9522719150794807	7.906491663710535	10.44676433537069	14.589841485597777	14.51906237613059	14.844474034620506	13.66199966221922	12.936914822737315	14.687827555586509	13.311872668115523	11.347066332674984	11.026016277974346	11.972723086617226	14.709023169169868	8.453792068997844	4.897799775724064	5.88488524921646	4.976258359732489	6.418157575757576	7.91876723750882	10.845666042709249	12.20974212034384	11.618211896712939	12.066814732555988	16.359863897853234	17.2568020617146	17.789686435294797	18.819823505347436	17.699600162253	20.194825171614205	22.320407874238775	21.866225344501487	23.009147935180344	19.434036883512395	19.145655599630494	17.34775339602926	16.92294509474229	13.695855579637364	12.368521088517468	8.970320346320346	7.987617329623628	7.341539976611067
	Total # checklists submitted - (Ring-billed Gull)	62273	43331	38620	54106	37238	53163	75553	42285	42866	50027	55502	78855	59210	57034	57433	79603	83036	91289	82524	85890	53335	51722	49455	56820	41250	31182	26177	36645	27806	27015	28508	43847	34634	34222	34514	43557	35305	37010	34434	47284	36806	33495	30926	37834	33146	28875	32707	48741
	
Birds Per Party Hour
	Ring-billed Gull	80.42274657845697	84.63505066348225	69.86093185358892	76.44050283938027	78.99802765387219	85.61596202491398	92.5652645003581	106.8190390728014	119.31774526105974	96.80310834293947	85.7580989800188	86.47564372900936	77.39780820877634	64.72253594296306	60.41241726204833	55.008427621174704	50.978011649418065	37.10060111158977	54.2196094119962	61.05328409545547	57.6887718335067	50.0729010521589	53.05839368097314	49.69614317544599	68.42672177937361	52.8747615991814	54.179052089933556	68.3936819211409	59.19357094879705	74.69069616467836	65.41754305630573	69.4395900930913	74.50633349368086	84.28487159525048	74.88703716464077	105.84595697939183	107.28433641241364	93.4641371035129	115.93588998417067	98.53325047947175	94.19094557294711	94.6474780524934	105.79593251622826	97.81757553341468	101.26588723230944	88.66239326206943	55.446834108492496	73.17346929218859
	# checklists reporting species - (Ring-billed Gull)	9451	5592	4098	4986	3123	2950	4399	5456	7182	13174	17116	26740	20676	19337	18736	25325	23225	24056	21782	22591	11819	9826	9141	10466	8166	7861	7958	12311	9762	9566	10241	16138	13288	12983	12797	16157	13151	14237	13408	18190	14207	12196	10280	11141	8729	6468	6288	8211
	
High Count
	Ring-billed Gull	27000	14000	7500	5700	7000	10000	10000	10000	50000	18000	40000	50000	50000	24000	80000	50000	15000	75224	12000	80000	12000	5000	10000	15000	10000	6000	15000	40000	8000	12000	6100	58000	8137	50000	15000	10000	10000	25000	10000	15000	15000	10000	10000	10000	8000	6500	6000	34000
	# checklists reporting species - (Ring-billed Gull)	11314	6674	5114	6248	3987	3579	5305	6471	8417	15197	19700	30717	24133	22783	22222	29756	28125	30323	27240	27471	13933	11548	10679	12291	9750	9282	9452	14528	11537	11353	12263	19276	15849	15449	15185	19184	15379	16556	15546	21273	16493	14100	12063	13205	10800	7690	7347	9621
	
Totals
	Ring-billed Gull	438271	237963	159876	211915	144447	155899	275055	357130	483370	826530	901117	1355395	850235	833604	883708	1187138	998647	1090768	1024930	1331844	494707	283791	329699	340149	299532	277724	329441	563103	358031	369950	494904	873046	665700	739562	673000	987186	842440	870701	838858	992035	746189	624950	562968	552772	442754	275275	283051	419828
	# checklists reporting species - (Ring-billed Gull)	10016	5892	4413	5382	3379	3172	4717	5862	7679	13893	17978	28123	21807	20481	19748	26395	24183	25079	22617	23536	12370	10352	9653	11086	8665	8355	8468	13099	10348	10146	10868	17066	14013	13661	13442	16938	13796	14905	14054	19106	14831	12725	10824	11772	9348	6911	6754	8770
	
Average Count
	Ring-billed Gull	43.75708865814696	40.38747454175153	36.22841604350782	39.374767744332964	42.7484462858834	49.1484867591425	58.31142675429298	60.922893210508356	62.94699830707123	59.49255020513928	50.12331738791857	48.19524943996017	38.989086073279225	40.701332942727404	44.74924042941057	44.97586664140936	41.29541413389571	43.49328123130906	45.3167970995269	56.587525492862	39.99248181083266	27.4141228748068	34.15508132186885	30.682753021829335	34.56803231390652	33.240454817474564	38.90422768068021	42.98824337735705	34.59905295709316	36.46264537748866	45.537725432462274	51.157037384272826	47.505887390280456	54.13673962374643	50.066954322273475	58.282323769040026	61.06407654392578	58.41670580342167	59.688202646933256	51.92269444153669	50.31279077607714	49.11198428290766	52.011086474501106	46.95650696568128	47.36350021394951	39.83142815800897	41.90864672786497	47.8709236031927
	# checklists reporting species - (Ring-billed Gull)	10016	5892	4413	5382	3379	3172	4717	5862	7679	13893	17978	28123	21807	20481	19748	26395	24183	25079	22617	23536	12370	10352	9653	11086	8665	8355	8468	13099	10348	10146	10868	17066	14013	13661	13442	16938	13796	14905	14054	19106	14831	12725	10824	11772	9348	6911	6754	8770
	
