

	Week starting on...	1/1	1/8	1/15	1/22	2/1	2/8	2/15	2/22	3/1	3/8	3/15	3/22	4/1	4/8	4/15	4/22	5/1	5/8	5/15	5/22	6/1	6/8	6/15	6/22	7/1	7/8	7/15	7/22	8/1	8/8	8/15	8/22	9/1	9/8	9/15	9/22	10/1	10/8	10/15	10/22	11/1	11/8	11/15	11/22	12/1	12/8	12/15	12/22
Frequency (%)
	Brant	0.008029161916079199	0.00230781657473864	0.01294665976178146	0.003696447713747089	0.002685428862989419	0.0	0.0	0.0023649048125812936	0.0046657024214995565	0.003997841165770484	0.0018017368743468703	0.001268150402637753	0.0	0.005260020338745309	0.0017411592638378632	0.016331042799894474	0.037333204874993975	0.17307671241880182	0.6046725800979109	0.7067178949819537	0.2306177931939627	0.06960287691891265	0.04650692548781721	0.008799718409010912	0.09696969696969697	0.02886280546469117	0.04966191694999427	0.03001773775412744	0.05754153779759764	0.06292800296131779	0.014031149151115476	0.02736789290031245	0.0866200843102154	0.11980597276605692	0.03766587471750594	0.12627132263470853	0.20110465939668604	0.5322885706565793	1.0774234767961899	1.2054817697318332	1.2117589523447265	0.7284669353634871	0.2910172670245101	0.23259502035206428	0.20816991492186085	0.04502164502164502	0.021402146329531906	0.014361625736033319
	Total # checklists submitted - (Brant)	62273	43331	38620	54106	37238	53163	75553	42285	42866	50027	55502	78855	59210	57034	57433	79603	83036	91289	82524	85890	53335	51722	49455	56820	41250	31182	26177	36645	27806	27015	28508	43847	34634	34222	34514	43557	35305	37010	34434	47284	36806	33495	30926	37834	33146	28875	32707	48741
	
Abundance
	Brant	1.9269988598590078E-4	2.30781657473864E-5	2.0714655618850336E-4	1.1089343141241267E-4	2.6854288629894193E-5	0.0	0.0	2.3649048125812936E-5	4.6657024214995566E-5	3.997841165770484E-5	1.8017368743468703E-5	1.2681504026377529E-5	0.0	5.26002033874531E-5	2.2635070429892222E-4	0.003228521538132985	0.021990461968302906	0.20145910241102433	0.6884057971014492	0.811514728140645	0.3675447642261179	0.020880863075673793	9.503589121423517E-4	4.2238648363252375E-4	0.0012121212121212121	2.886280546469117E-4	4.966191694999427E-4	5.184881975712921E-4	5.754153779759764E-4	7.033129742735517E-4	4.56012347411253E-4	3.6490523867083267E-4	0.034965640699890284	0.09493892817485827	0.0017673987367445095	0.006589067199302064	0.08834442713496672	0.24728451769791948	1.6458442237323576	2.1829794433635055	0.6344074335706135	0.06350201522615316	0.01545625040419065	0.008590157001638737	0.0021118687021058347	4.502164502164502E-4	2.1402146329531905E-4	1.641328655546665E-4
	Total # checklists submitted - (Brant)	62273	43331	38620	54106	37238	53163	75553	42285	42866	50027	55502	78855	59210	57034	57433	79603	83036	91289	82524	85890	53335	51722	49455	56820	41250	31182	26177	36645	27806	27015	28508	43847	34634	34222	34514	43557	35305	37010	34434	47284	36806	33495	30926	37834	33146	28875	32707	48741
	
Birds Per Party Hour
	Brant	3.7974129873685603	0.0	1.3020878020878022	2.5	0.0	0.0	0.0	3.5015015015015014	0.8576329331046312	1.0905125408942202	1.5360983102918586	0.7142857142857143	0.0	1.42006073685463	0.0	2.2722755768974254	55.977438308453365	69.18173406979606	204.4609816144662	255.39156281718317	53.78920119505476	4.065824193766831	3.2625936601926293	1.0289400278940029	1.799348568841397	2.2446632147594765	2.220849316722743	1.5361162667408617	1.6016092462597449	2.2388237949834107	1.106712219307639	1.1468383064819132	3.386988186253696	6.05363333514266	1.437582723927446	5.352898062434339	155.34745736271097	229.44663575777926	95.86605384359338	66.93638381398956	30.00731731886315	3.803655149275406	3.9164214807423194	3.6217413354359684	5.434145014625467	3.882346419383749	0.6718575718575719	1.358650504577541
	# checklists reporting species - (Brant)	10	1	6	2	0	0	0	2	2	1	3	7	1	3	1	9	23	144	472	593	87	30	22	5	43	13	15	9	16	16	4	13	29	42	14	70	74	209	395	622	514	280	94	77	77	13	7	12
	
High Count
	Brant	6	1	4	5	1	1	1	1	1	2	2	31	5	6	13	150	500	2000	3000	11500	2700	400	40	26	6	1	1	6	1	3	10	10	300	500	200	125	850	1000	28900	24100	4681	1000	200	80	20	2	1	2
	# checklists reporting species - (Brant)	17	3	9	7	2	1	2	5	3	3	7	9	4	5	4	24	49	251	745	878	164	56	33	8	49	14	17	15	17	20	5	16	35	48	18	84	109	254	499	805	658	354	153	140	109	26	13	19
	
Totals
	Brant	33	3	12	15	2	1	1	5	3	4	8	65	6	10	37	451	2479	33579	96908	117602	20744	1453	115	53	59	14	17	23	17	22	14	29	1534	3405	265	384	5080	12590	63284	110376	27526	4393	699	694	142	28	13	24
	# checklists reporting species - (Brant)	17	3	9	7	2	1	1	5	3	3	7	9	2	5	4	24	49	240	682	839	156	54	31	8	49	14	17	14	17	20	5	16	34	48	17	82	101	244	490	779	639	346	144	139	108	26	13	18
	
Average Count
	Brant	1.9411764705882353	1.0	1.3333333333333333	2.142857142857143	1.0	1.0	1.0	1.0	1.0	1.3333333333333333	1.1428571428571428	7.222222222222222	3.0	2.0	9.25	18.791666666666668	50.59183673469388	139.9125	142.09384164222874	140.16924910607867	132.97435897435898	26.90740740740741	3.7096774193548385	6.625	1.2040816326530612	1.0	1.0	1.6428571428571428	1.0	1.1	2.8	1.8125	45.11764705882353	70.9375	15.588235294117647	4.682926829268292	50.2970297029703	51.59836065573771	129.15102040816328	141.68934531450577	43.076682316118934	12.696531791907514	4.854166666666667	4.9928057553956835	1.3148148148148149	1.0769230769230769	1.0	1.3333333333333333
	# checklists reporting species - (Brant)	17	3	9	7	2	1	1	5	3	3	7	9	2	5	4	24	49	240	682	839	156	54	31	8	49	14	17	14	17	20	5	16	34	48	17	82	101	244	490	779	639	346	144	139	108	26	13	18
	
