

	Week starting on...	1/1	1/8	1/15	1/22	2/1	2/8	2/15	2/22	3/1	3/8	3/15	3/22	4/1	4/8	4/15	4/22	5/1	5/8	5/15	5/22	6/1	6/8	6/15	6/22	7/1	7/8	7/15	7/22	8/1	8/8	8/15	8/22	9/1	9/8	9/15	9/22	10/1	10/8	10/15	10/22	11/1	11/8	11/15	11/22	12/1	12/8	12/15	12/22
Frequency (%)
	Whimbrel	0.0	0.0	0.0	0.0	0.0	0.0	0.0	0.0	0.0	0.0	0.0	0.0	0.0	0.0	0.0017411592638378632	0.0	0.00843007852015993	0.10077884520588459	0.8639910813823858	1.9361974618698337	0.21561826192931471	0.20300839101349524	0.16176321908805985	0.1196761703625484	0.12606060606060607	0.20845359502276953	0.6112235932306987	0.6522035748396781	0.6005898007624254	0.5330372015546919	0.5086291567279361	0.508586676397473	0.4273257492637293	0.2688329144994448	0.19122674856579938	0.0941295314186009	0.0424868998725393	0.01891380707916779	0.008712319219376197	0.004229760595550291	0.0	0.0	0.0	0.0	0.0	0.0	0.0	0.0
	Total # checklists submitted - (Whimbrel)	62273	43331	38620	54106	37238	53163	75553	42285	42866	50027	55502	78855	59210	57034	57433	79603	83036	91289	82524	85890	53335	51722	49455	56820	41250	31182	26177	36645	27806	27015	28508	43847	34634	34222	34514	43557	35305	37010	34434	47284	36806	33495	30926	37834	33146	28875	32707	48741
	
Abundance
	Whimbrel	0.0	0.0	0.0	0.0	0.0	0.0	0.0	0.0	0.0	0.0	0.0	0.0	0.0	0.0	1.741159263837863E-5	0.0	0.003083000144515632	0.00262901335319699	0.24258397557074304	1.1388287344277563	0.010705915440142495	0.010363095007926995	0.008472348599737134	0.005667018655403027	0.006569696969696969	0.009236097748701174	0.11605607976467891	0.12088961659162233	0.08419046249011004	0.054525263742365354	0.02381787568401852	0.03313795698679499	0.02572616504013397	0.004383145345099644	0.002115083734136872	0.0015841311385081617	4.24868998725393E-4	2.4317751958930018E-4	1.7424638438752395E-4	4.4412486253278066E-4	0.0	0.0	0.0	0.0	0.0	0.0	0.0	0.0
	Total # checklists submitted - (Whimbrel)	62273	43331	38620	54106	37238	53163	75553	42285	42866	50027	55502	78855	59210	57034	57433	79603	83036	91289	82524	85890	53335	51722	49455	56820	41250	31182	26177	36645	27806	27015	28508	43847	34634	34222	34514	43557	35305	37010	34434	47284	36806	33495	30926	37834	33146	28875	32707	48741
	
Birds Per Party Hour
	Whimbrel	0.0	0.0	0.0	0.0	0.0	0.0	0.0	0.0	0.0	0.0	0.0	0.0	0.0	2.3333333333333335	4.0	2.5	3.5650793650793653	7.921066691590804	29.605907833608384	39.52660197299486	4.592606624793464	6.742561361670602	6.389012982146988	5.818722183456582	6.981182949874854	7.575419531981483	2.489344186570078	2.6694220109984634	1.6607135129036694	1.2456510688782632	1.2519686159122074	2.0525192808250807	1.639513935793731	1.0364937346416239	1.3485197406782568	1.159636966913884	2.916757905596027	0.6171493747049845	4.0	0.0	0.0	0.0	0.0	0.0	0.0	0.0	0.0	0.0
	# checklists reporting species - (Whimbrel)	0.0	0.0	0.0	0.0	0.0	0.0	0.0	0.0	0.0	0.0	0.0	0	0.0	3	1	2	15	118	872	2282	174	115	96	78	53	46	163	263	177	174	188	339	224	142	105	60	15	7	2	1	0.0	0.0	0.0	0.0	0.0	0.0	0.0	0.0
	
High Count
	Whimbrel	0.0	0.0	0.0	0.0	0.0	0.0	0.0	0.0	0.0	0.0	0.0	1	0.0	3	1	3	250	48	1000	3950	60	60	20	20	90	32	140	200	95	308	45	192	225	20	8	19	7	3	4	20	0.0	0.0	0.0	0.0	0.0	0.0	0.0	0.0
	# checklists reporting species - (Whimbrel)	0.0	0.0	0.0	0.0	0.0	0.0	0.0	0.0	0.0	0.0	0.0	2	0.0	3	1	3	21	139	1099	2784	202	131	98	86	61	78	181	287	196	188	224	424	291	202	145	77	26	10	5	3	0.0	0.0	0.0	0.0	0.0	0.0	0.0	0.0
	
Totals
	Whimbrel	0.0	0.0	0.0	0.0	0.0	0.0	0.0	0.0	0.0	0.0	0.0	2	0.0	7	1	6	273	444	30159	147694	927	666	498	417	293	314	3081	4537	2395	1522	849	1868	1374	337	210	107	36	12	7	41	0.0	0.0	0.0	0.0	0.0	0.0	0.0	0.0
	# checklists reporting species - (Whimbrel)	0.0	0.0	0.0	0.0	0.0	0.0	0.0	0.0	0.0	0.0	0.0	2	0.0	3	1	3	19	129	1042	2679	193	128	97	84	60	69	178	285	194	187	220	413	286	192	141	77	26	10	4	3	0.0	0.0	0.0	0.0	0.0	0.0	0.0	0.0
	
Average Count
	Whimbrel	0.0	0.0	0.0	0.0	0.0	0.0	0.0	0.0	0.0	0.0	0.0	1.0	0.0	2.3333333333333335	1.0	2.0	14.368421052631579	3.441860465116279	28.94337811900192	55.13027248973498	4.803108808290156	5.203125	5.134020618556701	4.964285714285714	4.883333333333334	4.550724637681159	17.308988764044944	15.919298245614035	12.345360824742269	8.13903743315508	3.859090909090909	4.523002421307506	4.804195804195804	1.7552083333333333	1.4893617021276595	1.3896103896103895	1.3846153846153846	1.2	1.75	13.666666666666666	0.0	0.0	0.0	0.0	0.0	0.0	0.0	0.0
	# checklists reporting species - (Whimbrel)	0.0	0.0	0.0	0.0	0.0	0.0	0.0	0.0	0.0	0.0	0.0	2	0.0	3	1	3	19	129	1042	2679	193	128	97	84	60	69	178	285	194	187	220	413	286	192	141	77	26	10	4	3	0.0	0.0	0.0	0.0	0.0	0.0	0.0	0.0
	
