

	Week starting on...	1/1	1/8	1/15	1/22	2/1	2/8	2/15	2/22	3/1	3/8	3/15	3/22	4/1	4/8	4/15	4/22	5/1	5/8	5/15	5/22	6/1	6/8	6/15	6/22	7/1	7/8	7/15	7/22	8/1	8/8	8/15	8/22	9/1	9/8	9/15	9/22	10/1	10/8	10/15	10/22	11/1	11/8	11/15	11/22	12/1	12/8	12/15	12/22
Frequency (%)
	Brown-headed Cowbird	1.6218907070479984	1.6247028686160025	1.7063697566027964	1.7077588437511553	1.61931360438262	1.5349020935613114	1.4559315976863922	1.6554333688069054	1.7403070032193348	2.976392747916125	4.909732982595222	8.421786823917317	13.960479648707988	19.812743275940665	22.67685825222433	26.04550079770863	29.00549159400742	29.32554853268192	27.35083127332655	22.136453603446267	17.054467047904755	15.708982637949035	14.146193509250834	13.504047870468144	11.658181818181818	10.320056442819576	8.377583374718265	6.006276436075863	4.668057253830109	4.453081621321488	4.069033253823489	2.9466098022669738	1.9633885776982156	1.3237098942200924	1.382047864634641	1.7081066189131484	1.8156068545531794	2.3480140502566873	2.0909566126502876	1.7722696895355723	1.5785469760365156	1.2151067323481117	1.0735303628015263	1.0413913411217424	1.1464430097145961	1.3575757575757577	2.32977650044333	1.7090334625879648
	Total # checklists submitted - (Brown-headed Cowbird)	62273	43331	38620	54106	37238	53163	75553	42285	42866	50027	55502	78855	59210	57034	57433	79603	83036	91289	82524	85890	53335	51722	49455	56820	41250	31182	26177	36645	27806	27015	28508	43847	34634	34222	34514	43557	35305	37010	34434	47284	36806	33495	30926	37834	33146	28875	32707	48741
	
Abundance
	Brown-headed Cowbird	0.9214587381369133	3.231266298954559	0.7849818746763335	0.7497689720178908	0.43968526773725763	0.3135263246995091	0.23874631053697404	0.35733711718103345	0.30180096113469884	0.39640594079197233	0.35079816943533565	0.668289899182043	0.7889714575240668	1.1981098993582775	1.1730538192328452	1.2770372975892867	1.315019991329062	1.1655292532506654	0.9291115311909263	0.6615554779368961	0.465022968032249	0.3976644367967209	0.3535739561217268	0.32287926786342835	0.31313939393939394	0.3179719068693477	0.28448638117431335	0.21678264428980762	0.15205351363015177	0.1723116786970202	0.18875403395538096	0.14671471252309165	0.31402667898596753	0.22500146104844837	0.1754650286840123	0.3494501457859816	0.39119104942642685	0.5710888948932721	0.5979845501539176	1.8583664664579984	0.7555289898386133	0.73551276309897	1.0774105930285196	1.7079610931965956	0.9750196102093767	0.6972467532467532	2.4681872382058887	1.7560164953529882
	Total # checklists submitted - (Brown-headed Cowbird)	62273	43331	38620	54106	37238	53163	75553	42285	42866	50027	55502	78855	59210	57034	57433	79603	83036	91289	82524	85890	53335	51722	49455	56820	41250	31182	26177	36645	27806	27015	28508	43847	34634	34222	34514	43557	35305	37010	34434	47284	36806	33495	30926	37834	33146	28875	32707	48741
	
Birds Per Party Hour
	Brown-headed Cowbird	128.4217318903373	200.22814698689922	146.12329338523745	125.55495244833646	112.29532011789397	66.316894157723	35.57653210605589	73.78836266368066	36.179350116640215	35.97285797552583	12.824154774016842	12.003267529654918	7.303227699607654	7.558686666050945	6.463275646212616	5.453776051502943	4.4674276215901445	3.6089044441460056	2.998881012002528	3.9404643253756326	5.750270365302456	6.807461940425914	7.066770056692223	7.580433751417939	6.748761623228868	6.033840032849401	4.488876978725666	4.7974614717191315	5.2651635902740646	5.569778496510834	6.135567608203273	7.14982694353664	29.027762937842052	17.110596938161887	28.98787810865858	96.52286343178659	32.64570197078743	81.50881385982242	26.052859335279248	75.91923752016817	123.91633386161656	66.69371067488666	416.41964700332414	62.16625013049314	77.54913522051861	121.59250859641371	65.31481794768456	432.4528042592819
	# checklists reporting species - (Brown-headed Cowbird)	961	700	652	920	619	827	1120	699	764	1473	2655	6465	8013	10820	12279	19614	22208	23779	20095	17568	8573	7769	6706	7336	4561	3033	2087	2037	1214	1099	1067	1169	635	425	453	685	594	801	664	785	554	394	328	389	382	382	726	812
	
High Count
	Brown-headed Cowbird	5000	85000	3000	4000	1600	1200	1000	2395	2500	1700	5000	2000	1530	2500	650	1450	350	400	250	300	150	73	100	600	130	360	300	250	800	500	500	5000	5000	1500	2500	2300	3000	2621	1220	32500	5450	5500	10000	50000	8000	10000	10000	10000
	# checklists reporting species - (Brown-headed Cowbird)	1208	821	746	1038	718	910	1210	828	867	1667	3015	7310	9069	12202	14105	22202	25750	28810	24094	20337	9679	8600	7492	8146	5148	3461	2369	2379	1418	1303	1255	1401	765	524	546	824	724	942	778	917	637	461	376	449	464	468	877	971
	
Totals
	Brown-headed Cowbird	66881	143660	34079	44677	21302	19138	23180	16765	14488	22101	29077	57136	53015	78522	75289	110169	115411	112544	79878	59811	25933	21405	18541	19887	13708	10764	8468	8425	5806	4974	6144	16259	14348	10514	10426	17420	17320	24585	22612	112247	34575	36889	44871	69238	40614	26877	92687	96866
	# checklists reporting species - (Brown-headed Cowbird)	1131	790	725	1004	696	890	1181	800	836	1602	2845	6921	8500	11397	12983	20421	22968	24693	20810	18266	8938	8063	7000	7597	4765	3198	2200	2177	1299	1192	1151	1289	696	467	492	756	649	873	708	842	581	424	357	427	448	449	850	935
	
Average Count
	Brown-headed Cowbird	59.13439434129089	181.84810126582278	47.00551724137931	44.49900398406375	30.60632183908046	21.503370786516854	19.62743437764606	20.95625	17.330143540669855	13.795880149812733	10.220386643233743	8.255454414102008	6.237058823529412	6.889707817846801	5.799044904875607	5.394887615689731	5.024860675722745	4.557728911027417	3.8384430562229697	3.274444322785503	2.9014320877153725	2.6547190871883912	2.6487142857142856	2.6177438462551006	2.876810073452256	3.3658536585365852	3.849090909090909	3.8700045934772622	4.469591993841417	4.172818791946309	5.337966985230235	12.61365399534523	20.614942528735632	22.51391862955032	21.191056910569106	23.04232804232804	26.687211093990754	28.16151202749141	31.937853107344633	133.30997624703087	59.50946643717728	87.00235849056604	125.6890756302521	162.14988290398125	90.65625	59.85968819599109	109.04352941176471	103.6
	# checklists reporting species - (Brown-headed Cowbird)	1131	790	725	1004	696	890	1181	800	836	1602	2845	6921	8500	11397	12983	20421	22968	24693	20810	18266	8938	8063	7000	7597	4765	3198	2200	2177	1299	1192	1151	1289	696	467	492	756	649	873	708	842	581	424	357	427	448	449	850	935
	
