

	Week starting on...	1/1	1/8	1/15	1/22	2/1	2/8	2/15	2/22	3/1	3/8	3/15	3/22	4/1	4/8	4/15	4/22	5/1	5/8	5/15	5/22	6/1	6/8	6/15	6/22	7/1	7/8	7/15	7/22	8/1	8/8	8/15	8/22	9/1	9/8	9/15	9/22	10/1	10/8	10/15	10/22	11/1	11/8	11/15	11/22	12/1	12/8	12/15	12/22
Frequency (%)
	Willow Flycatcher	0.0	0.0	0.0	0.0	0.0	0.0	0.0	0.0	0.0	0.0	0.0	0.0	0.0	0.0	0.0	0.0	0.06623633122982803	0.7930856948810918	3.6001648005428724	7.127721504249622	5.592950220305616	4.514519933490584	3.942978465271459	2.722632875747976	2.004848484848485	2.366750048104676	3.2127440119188604	3.5912129894937914	2.2297345896569087	1.243753470294281	1.1786165286937	0.878053230551691	0.5312698504359878	0.32727485243410676	0.05505012458712407	0.006887526689165921	0.0	0.0	0.0	0.0	0.0	0.0	0.0	0.0	0.0	0.0	0.0	0.0
	Total # checklists submitted - (Willow Flycatcher)	62273	43331	38620	54106	37238	53163	75553	42285	42866	50027	55502	78855	59210	57034	57433	79603	83036	91289	82524	85890	53335	51722	49455	56820	41250	31182	26177	36645	27806	27015	28508	43847	34634	34222	34514	43557	35305	37010	34434	47284	36806	33495	30926	37834	33146	28875	32707	48741
	
Abundance
	Willow Flycatcher	0.0	0.0	0.0	0.0	0.0	0.0	0.0	0.0	0.0	0.0	0.0	0.0	0.0	0.0	0.0	0.0	7.466640974998796E-4	0.009464448071509163	0.05606853763753575	0.14163464896961228	0.10531545889190963	0.0800046401917946	0.06601961379031443	0.0401619148187258	0.030715151515151515	0.03816304278109166	0.05909768117049318	0.07103288306726702	0.04229303028123427	0.018286137331112343	0.019152518591272625	0.014048851688827057	0.006438759600392678	0.004032493717491672	6.084487454366344E-4	4.591684459443947E-5	0.0	0.0	0.0	0.0	0.0	0.0	0.0	0.0	0.0	0.0	0.0	0.0
	Total # checklists submitted - (Willow Flycatcher)	62273	43331	38620	54106	37238	53163	75553	42285	42866	50027	55502	78855	59210	57034	57433	79603	83036	91289	82524	85890	53335	51722	49455	56820	41250	31182	26177	36645	27806	27015	28508	43847	34634	34222	34514	43557	35305	37010	34434	47284	36806	33495	30926	37834	33146	28875	32707	48741
	
Birds Per Party Hour
	Willow Flycatcher	0.0	0.0	0.0	0.0	0.0	0.0	0.0	0.0	0.0	0.0	0.0	0.0	0.0	0.0	0.0	0.0	0.7873886288834733	0.7268858458282911	1.4733515750340047	2.3671954144758884	3.2444439301270855	3.8454352734957697	4.072812358362269	4.54250959892652	3.135654196088617	2.3946676185014484	2.3185258480081066	2.3079083806558747	1.7805805685245282	1.4031241863011252	1.2173096318683176	1.0828844248393652	0.7858433171425752	0.7152645581949586	0.6181171695740367	2.142857142857143	0.0	0.0	0.0	0.0	0.0	0.0	0.0	0.0	0.0	0.0	0.0	0.0
	# checklists reporting species - (Willow Flycatcher)	0.0	0.0	0.0	0.0	0.0	0.0	0.0	0.0	0.0	0.0	0.0	0.0	0.0	0.0	0.0	0.0	60	695	2938	6175	3023	2322	1966	1541	824	744	839	1337	642	352	338	391	190	114	22	2	0.0	0.0	0.0	0.0	0.0	0.0	0.0	0.0	0.0	0.0	0.0	0.0
	
High Count
	Willow Flycatcher	0.0	0.0	0.0	0.0	0.0	0.0	0.0	0.0	0.0	0.0	0.0	0.0	0.0	0.0	0.0	0.0	2	15	31	27	29	23	20	20	20	12	20	17	18	9	11	18	4	3	2	2	0.0	0.0	0.0	0.0	0.0	0.0	0.0	0.0	0.0	0.0	0.0	0.0
	# checklists reporting species - (Willow Flycatcher)	0.0	0.0	0.0	0.0	0.0	0.0	0.0	0.0	0.0	0.0	0.0	0.0	0.0	0.0	0.0	0.0	77	922	3425	6913	3483	2715	2309	1878	1039	852	896	1440	683	374	361	426	205	127	25	8	0.0	0.0	0.0	0.0	0.0	0.0	0.0	0.0	0.0	0.0	0.0	0.0
	
Totals
	Willow Flycatcher	0.0	0.0	0.0	0.0	0.0	0.0	0.0	0.0	0.0	0.0	0.0	0.0	0.0	0.0	0.0	0.0	84	1035	5217	13297	6249	4583	3650	2607	1479	1326	1628	2829	1270	556	576	676	245	155	27	9	0.0	0.0	0.0	0.0	0.0	0.0	0.0	0.0	0.0	0.0	0.0	0.0
	# checklists reporting species - (Willow Flycatcher)	0.0	0.0	0.0	0.0	0.0	0.0	0.0	0.0	0.0	0.0	0.0	0.0	0.0	0.0	0.0	0.0	72	778	3165	6538	3350	2609	2216	1811	1002	829	862	1381	655	365	353	420	204	125	25	7	0.0	0.0	0.0	0.0	0.0	0.0	0.0	0.0	0.0	0.0	0.0	0.0
	
Average Count
	Willow Flycatcher	0.0	0.0	0.0	0.0	0.0	0.0	0.0	0.0	0.0	0.0	0.0	0.0	0.0	0.0	0.0	0.0	1.1666666666666667	1.3303341902313626	1.6483412322274882	2.03380238605078	1.8653731343283582	1.7566117286316596	1.6471119133574008	1.4395361678630592	1.4760479041916168	1.5995174909529555	1.888631090487239	2.048515568428675	1.9389312977099236	1.5232876712328767	1.631728045325779	1.6095238095238096	1.2009803921568627	1.24	1.08	1.2857142857142858	0.0	0.0	0.0	0.0	0.0	0.0	0.0	0.0	0.0	0.0	0.0	0.0
	# checklists reporting species - (Willow Flycatcher)	0.0	0.0	0.0	0.0	0.0	0.0	0.0	0.0	0.0	0.0	0.0	0.0	0.0	0.0	0.0	0.0	72	778	3165	6538	3350	2609	2216	1811	1002	829	862	1381	655	365	353	420	204	125	25	7	0.0	0.0	0.0	0.0	0.0	0.0	0.0	0.0	0.0	0.0	0.0	0.0
	
