

	Week starting on...	1/1	1/8	1/15	1/22	2/1	2/8	2/15	2/22	3/1	3/8	3/15	3/22	4/1	4/8	4/15	4/22	5/1	5/8	5/15	5/22	6/1	6/8	6/15	6/22	7/1	7/8	7/15	7/22	8/1	8/8	8/15	8/22	9/1	9/8	9/15	9/22	10/1	10/8	10/15	10/22	11/1	11/8	11/15	11/22	12/1	12/8	12/15	12/22
Frequency (%)
	Gray Catbird	0.12043742874118799	0.15923934365696613	0.14500258933195237	0.12383099841052748	0.09667543906761909	0.07712130617158551	0.045001522110306676	0.08750147806550786	0.06298698269024403	0.04197733224059008	0.050448632481712365	0.057066768118698874	0.07262286775882452	0.11922712767822702	0.1741159263837863	1.0514679095008983	13.495351413844597	27.78319403213969	35.652658620522516	28.49691465828385	19.788131620886848	16.658288542593095	16.311798604792234	17.006335797254486	17.616969696969697	18.66461420050029	19.066355961340108	18.651930686314643	19.887794001294683	19.74828798815473	20.899396660586504	21.070996875498892	22.809955535023388	22.082286248612004	22.138842208958685	17.893794338453063	11.780201104659396	5.206700891650906	1.9167102282627635	0.7994247525590051	0.36950497201543225	0.2657113001940588	0.23604733880876932	0.16387376433895437	0.16894949616846677	0.2043290043290043	0.23542360962485095	0.19285611702673314
	Total # checklists submitted - (Gray Catbird)	62273	43331	38620	54106	37238	53163	75553	42285	42866	50027	55502	78855	59210	57034	57433	79603	83036	91289	82524	85890	53335	51722	49455	56820	41250	31182	26177	36645	27806	27015	28508	43847	34634	34222	34514	43557	35305	37010	34434	47284	36806	33495	30926	37834	33146	28875	32707	48741
	
Abundance
	Gray Catbird	0.0011883159635797216	0.0016154716023170479	0.0014500258933195236	0.0012198277455365393	0.0010473172565658737	7.712130617158551E-4	4.6325096290021574E-4	8.986638287808915E-4	6.53198339009938E-4	4.197733224059008E-4	5.225036935605924E-4	5.706676811869887E-4	7.262286775882453E-4	0.0011922712767822702	0.001845628819668135	0.0171475949398892	0.2994845609133388	0.808728324332614	1.0777834326983666	0.6932122482244731	0.3811755882628668	0.30250183674258535	0.3062177737336973	0.3151003167898627	0.3384	0.3585401834391636	0.3638690453451503	0.3553554373038614	0.40300654534992447	0.4124375347029428	0.460326925775221	0.4728487695851484	0.5158514754287694	0.49900648705511075	0.4969867300225995	0.37243152650549854	0.2023509417929472	0.06927857335855174	0.02236161932973224	0.008819050841722359	0.0036950497201543226	0.0025974025974025974	0.0022958028843044686	0.0016387376433895438	0.0017498340674591203	0.002147186147186147	0.0027211300333261994	0.0019285611702673313
	Total # checklists submitted - (Gray Catbird)	62273	43331	38620	54106	37238	53163	75553	42285	42866	50027	55502	78855	59210	57034	57433	79603	83036	91289	82524	85890	53335	51722	49455	56820	41250	31182	26177	36645	27806	27015	28508	43847	34634	34222	34514	43557	35305	37010	34434	47284	36806	33495	30926	37834	33146	28875	32707	48741
	
Birds Per Party Hour
	Gray Catbird	4.74652385419656	1.5111291789344852	2.512110271753716	2.18416462478736	2.7312539625007917	1.6039409476985704	1.0952142197154404	0.8832205399412844	1.7712324012968428	0.7765775079569093	0.618882143322973	2.048451951100268	2.5797745125662117	1.0873295846722058	1.0582104491884328	1.382519556168103	1.6667356837790817	2.082194495056327	2.4444521489495417	2.646981900925686	2.9899718245297073	3.3056138519416614	3.540129677410403	3.925590222013097	3.3606215715363232	2.9698056465712526	2.442772487147058	2.0857149514357163	2.073490474729373	2.061267131231413	2.028110755376702	2.0143461637944653	1.869100010370243	1.9306589029630281	1.9065078190459064	1.887217630173202	1.4536669938207385	1.055392677445786	0.8248552609696166	0.9119243997774561	1.514983331141298	1.019136559765607	1.1966858730616	1.178749155679043	1.3452119657109856	1.5398594239140335	1.7931341526612194	1.6107457681533937
	# checklists reporting species - (Gray Catbird)	84	80	65	72	42	44	37	38	30	22	30	45	50	76	102	867	11002	23580	28055	23819	10447	8578	8083	9568	7207	5728	4915	6750	5535	5342	5915	9125	7804	7509	7655	7812	4243	1938	669	402	143	89	74	63	65	67	83	101
	
High Count
	Gray Catbird	1	2	2	1	2	1	2	2	2	1	2	1	2	1	6	30	75	120	250	60	80	46	40	35	75	70	35	35	38	90	30	30	29	45	25	25	42	55	8	5	3	3	3	3	2	2	3	2
	# checklists reporting species - (Gray Catbird)	105	83	74	83	47	46	39	41	34	24	32	46	53	82	116	995	12361	27725	31821	26434	11542	9435	9029	11139	8380	6505	5375	7321	5951	5720	6333	9816	8388	8052	8175	8333	4504	2094	736	449	200	120	91	78	78	76	94	117
	
Totals
	Gray Catbird	104	84	74	82	50	46	40	42	35	24	33	46	53	82	125	1561	26524	78071	93532	62453	21470	16548	16230	19627	15139	11925	9938	13588	11789	11826	13714	21604	18600	17829	18008	17100	7683	2854	852	492	201	121	89	79	80	79	106	117
	# checklists reporting species - (Gray Catbird)	104	83	73	82	47	46	39	41	34	24	32	46	52	82	113	947	11432	24565	28923	24711	10971	8994	8656	10612	7922	6137	5071	6984	5696	5497	6088	9443	8106	7806	7946	8102	4383	2041	724	445	190	114	84	74	77	76	93	116
	
Average Count
	Gray Catbird	1.0	1.0120481927710843	1.0136986301369864	1.0	1.0638297872340425	1.0	1.0256410256410255	1.024390243902439	1.0294117647058822	1.0	1.03125	1.0	1.0192307692307692	1.0	1.1061946902654867	1.648363252375924	2.320153953813856	3.1781396295542437	3.233827749541887	2.527336004208652	1.9569774860997173	1.8398932621747832	1.875	1.8495099886920467	1.911007321383489	1.9431318233664656	1.959771248274502	1.945589919816724	2.069698033707865	2.1513552847007458	2.252628120893561	2.287832256698083	2.29459659511473	2.284012298232129	2.2662975081802164	2.1105899777832633	1.7529089664613278	1.3983341499265065	1.1767955801104972	1.1056179775280899	1.0578947368421052	1.0614035087719298	1.0595238095238095	1.0675675675675675	1.0389610389610389	1.0394736842105263	1.1397849462365592	1.0086206896551724
	# checklists reporting species - (Gray Catbird)	104	83	73	82	47	46	39	41	34	24	32	46	52	82	113	947	11432	24565	28923	24711	10971	8994	8656	10612	7922	6137	5071	6984	5696	5497	6088	9443	8106	7806	7946	8102	4383	2041	724	445	190	114	84	74	77	76	93	116
	
