

	Week starting on...	1/1	1/8	1/15	1/22	2/1	2/8	2/15	2/22	3/1	3/8	3/15	3/22	4/1	4/8	4/15	4/22	5/1	5/8	5/15	5/22	6/1	6/8	6/15	6/22	7/1	7/8	7/15	7/22	8/1	8/8	8/15	8/22	9/1	9/8	9/15	9/22	10/1	10/8	10/15	10/22	11/1	11/8	11/15	11/22	12/1	12/8	12/15	12/22
Frequency (%)
	Horned Lark	1.7615981243877765	1.3731508619694905	1.7969963749352669	2.4008427900787344	3.2359417799022503	3.088614261798619	3.4664407766733287	6.78254700248315	6.94956375682359	7.475962979990805	5.372779359302368	4.0149641747511255	3.2511400101334234	3.0402917557947893	2.634373966186687	2.469756164968657	2.3110458114552723	2.5304253524521028	2.1157481459938925	2.2528815927348935	2.4149245336083247	3.1069950891303506	2.75604084521282	2.7455121436114043	2.0363636363636366	1.3469309216855878	1.0581808457806472	0.9196343293764498	0.8703157591886643	0.699611327040533	0.7190963939946682	0.8985791502269254	1.0250043310042156	1.1133189176553095	1.495045488787159	2.6264435108019377	3.033564650899306	3.204539313699	3.2438868560144045	3.5255054563911683	3.3309786447861764	2.528735632183908	2.027420293604087	1.4008563725749326	0.9382730947927351	1.0943722943722942	2.0729507444889474	1.7049301409490982
	Total # checklists submitted - (Horned Lark)	62273	43331	38620	54106	37238	53163	75553	42285	42866	50027	55502	78855	59210	57034	57433	79603	83036	91289	82524	85890	53335	51722	49455	56820	41250	31182	26177	36645	27806	27015	28508	43847	34634	34222	34514	43557	35305	37010	34434	47284	36806	33495	30926	37834	33146	28875	32707	48741
	
Abundance
	Horned Lark	0.31259133171679543	0.19870300708499689	0.2919471776281719	0.3816212619672495	0.523094688221709	0.4918082124786035	0.47157624449062246	0.7041267588979544	0.8821676853450287	0.557638875007496	0.2772512702244964	0.17367319764124026	0.11082587400776896	0.09951958480906126	0.1255027597374332	0.07348969259952515	0.06225010838672383	0.06276769380757813	0.052505937666618194	0.056700430783560365	0.04929220961844942	0.07016356676075944	0.0610858356081286	0.0608060542062654	0.0521939393939394	0.03838753126803925	0.03354089467853459	0.030208759721653704	0.03524419190102856	0.03916342772533778	0.056720920443384316	0.08611763632631651	0.1693422648264711	0.44816200105195486	0.2642116242684128	1.1496200381109811	0.4935278289194165	0.42612807349365034	0.3884823139919847	0.7678284409102445	0.7127913927077107	0.529332736229288	0.4420228933583393	0.30771263942485594	0.10803716888915706	0.19196536796536798	0.5130094475188798	0.32502410701462836
	Total # checklists submitted - (Horned Lark)	62273	43331	38620	54106	37238	53163	75553	42285	42866	50027	55502	78855	59210	57034	57433	79603	83036	91289	82524	85890	53335	51722	49455	56820	41250	31182	26177	36645	27806	27015	28508	43847	34634	34222	34514	43557	35305	37010	34434	47284	36806	33495	30926	37834	33146	28875	32707	48741
	
Birds Per Party Hour
	Horned Lark	59.02726012392763	49.09552586715344	51.150924846965744	54.056809078745225	52.00580075902335	55.67717399812298	41.11096105284728	31.09306963081199	31.861222635819754	29.59104517774841	12.814946604890862	11.319996549084227	9.189517111305456	7.309438824600493	8.662483514230285	7.255253668002483	6.141797817089064	5.399542637940259	5.966718697781504	8.08406556736042	11.657259059924792	13.712907082148634	14.429387550207581	14.089621583112152	15.704401592030955	14.882212608971983	8.981167427825255	6.588001683972446	12.733734025090653	9.766103662967176	14.589469194625812	20.3386291858045	19.275867852669908	17.557746333902948	10.291474001255638	11.016278568038068	24.387915653545683	16.61481122514851	17.528023927410985	16.70691796221002	17.572501828887635	24.66711651152261	32.75005628783923	23.941069569143558	28.36606640676652	31.695088307217908	24.696888481782025	33.413887544596705
	# checklists reporting species - (Horned Lark)	1112	611	734	1449	1303	1737	2766	3019	3144	3727	2978	3085	1859	1662	1431	1883	1749	1958	1529	1883	1270	1621	1363	1563	843	407	265	331	225	192	202	381	341	371	499	1126	1039	1177	1152	1639	1237	866	626	574	329	331	719	855
	
High Count
	Horned Lark	9500	250	500	500	400	900	1000	1000	1500	800	318	200	250	220	1319	140	200	150	3000	235	30	59	40	36	35	30	55	70	75	120	160	300	900	2000	1200	5000	2000	1500	662	1500	3850	1200	2000	1615	300	500	850	550
	# checklists reporting species - (Horned Lark)	1353	768	870	1677	1514	1992	3107	3491	3554	4238	3354	3562	2186	1912	1712	2205	2245	2823	2059	2191	1418	1735	1496	1681	920	475	323	392	265	214	229	441	390	430	606	1316	1214	1372	1284	1865	1369	948	707	630	381	397	806	1006
	
Totals
	Horned Lark	34318	11604	14386	27508	25881	32282	43238	38161	45803	33811	17135	15976	7969	6198	7793	6732	6234	6567	7958	5493	2862	3847	3243	3637	2306	1369	1009	1395	1097	1200	1675	4659	7237	15693	10027	52588	18527	17473	15566	38715	31266	19085	18463	15323	4830	7828	21144	22248
	# checklists reporting species - (Horned Lark)	1290	731	832	1614	1454	1913	2991	3343	3410	4077	3198	3363	2034	1782	1569	2035	1911	2219	1655	1999	1339	1677	1424	1623	891	439	294	366	245	201	216	414	374	406	565	1251	1148	1307	1241	1790	1318	921	681	613	366	377	791	973
	
Average Count
	Horned Lark	26.6031007751938	15.874145006839946	17.290865384615383	17.043370508054522	17.799862448418157	16.875065342394144	14.456034770979606	11.415195931797786	13.431964809384164	8.293107677213637	5.358036272670419	4.750520368718406	3.9178957718780727	3.478114478114478	4.966857871255577	3.308108108108108	3.2621664050235477	2.9594411897251014	4.808459214501511	2.7478739369684844	2.1374159820761762	2.2939773404889685	2.2773876404494384	2.2409118915588415	2.5881032547699214	3.1184510250569475	3.431972789115646	3.8114754098360657	4.477551020408163	5.970149253731344	7.75462962962963	11.253623188405797	19.350267379679146	38.652709359605915	17.746902654867256	42.036770583533176	16.13850174216028	13.368783473603672	12.543110394842868	21.62849162011173	23.722306525037936	20.722041259500543	27.111600587371512	24.99673735725938	13.19672131147541	20.76392572944297	26.7307206068268	22.865364850976363
	# checklists reporting species - (Horned Lark)	1290	731	832	1614	1454	1913	2991	3343	3410	4077	3198	3363	2034	1782	1569	2035	1911	2219	1655	1999	1339	1677	1424	1623	891	439	294	366	245	201	216	414	374	406	565	1251	1148	1307	1241	1790	1318	921	681	613	366	377	791	973
	
