

	Week starting on...	1/1	1/8	1/15	1/22	2/1	2/8	2/15	2/22	3/1	3/8	3/15	3/22	4/1	4/8	4/15	4/22	5/1	5/8	5/15	5/22	6/1	6/8	6/15	6/22	7/1	7/8	7/15	7/22	8/1	8/8	8/15	8/22	9/1	9/8	9/15	9/22	10/1	10/8	10/15	10/22	11/1	11/8	11/15	11/22	12/1	12/8	12/15	12/22
Frequency (%)
	Barrow's Goldeneye	0.5202896921619321	0.40617571715400064	0.35214914552045573	0.3308320703803645	0.3195660346957409	0.1749336944867671	0.1257395470729157	0.20574671869457253	0.22628656744272851	0.297839166849901	0.22882058304205255	0.14583729630334158	0.10977875358892078	0.040326822597047375	0.013929274110702905	0.013818574676833787	0.0012042969314514187	0.0	0.0012117686975910038	0.0011642798928862498	0.0	0.0	0.0	0.0	0.0	0.0	0.0	0.0	0.0	0.0	0.0	0.002280657741692704	0.0028873361436738466	0.0	0.0	0.0	0.0	0.0	0.014520532032293663	0.09305473310210642	0.3314676954844319	0.438871473354232	0.4300588501584427	0.4361156631601205	0.30471248416098473	0.3670995670995671	0.41887057816369583	0.3549373217619663
	Total # checklists submitted - (Barrow's Goldeneye)	62273	43331	38620	54106	37238	53163	75553	42285	42866	50027	55502	78855	59210	57034	57433	79603	83036	91289	82524	85890	53335	51722	49455	56820	41250	31182	26177	36645	27806	27015	28508	43847	34634	34222	34514	43557	35305	37010	34434	47284	36806	33495	30926	37834	33146	28875	32707	48741
	
Abundance
	Barrow's Goldeneye	0.005668588312751915	0.004477164154992961	0.00416882444329363	0.0037518944294532954	0.0038133089854449757	0.00186219739292365	0.0014029886304977963	0.0025067991013361713	0.0024261652591797693	0.003198272932616387	0.002594501099059493	0.0016232325153763237	0.0011991217699712886	4.208016270996248E-4	1.7411592638378633E-4	1.2562340615303444E-4	1.2042969314514187E-5	0.0	1.2117686975910038E-5	1.1642798928862499E-5	0.0	0.0	0.0	0.0	0.0	0.0	0.0	0.0	0.0	0.0	0.0	2.280657741692704E-5	2.8873361436738465E-5	0.0	0.0	0.0	0.0	0.0	1.4520532032293664E-4	9.728449369765671E-4	0.0033690159213171766	0.00483654276757725	0.004817952531850223	0.004704762911666755	0.0032281421589332045	0.004363636363636364	0.004616748708227597	0.003877638948728996
	Total # checklists submitted - (Barrow's Goldeneye)	62273	43331	38620	54106	37238	53163	75553	42285	42866	50027	55502	78855	59210	57034	57433	79603	83036	91289	82524	85890	53335	51722	49455	56820	41250	31182	26177	36645	27806	27015	28508	43847	34634	34222	34514	43557	35305	37010	34434	47284	36806	33495	30926	37834	33146	28875	32707	48741
	
Birds Per Party Hour
	Barrow's Goldeneye	2.5792465680884584	2.4215655292557563	2.5414308610830902	3.414974403753955	2.686057725845973	2.3928740386789467	2.8669385484689527	3.8258596889976966	2.315763679919134	2.8205380387905628	2.13479457673328	2.7668083891870494	1.5368992951049727	1.77887815052844	1.50205208273688	1.0840298569253752	1.0	0.0	0.5452562704471101	0.18185124568103292	0.0	0.0	0.0	0.0	0.0	0.0	0.0	0.0	0.0	0.0	0.0	0.0	0.0	0.0	0.0	0.0	0.0	0.0	0.75	4.359631599038569	2.35509153019056	1.3190441717709234	3.0911704594013507	1.5870341922578435	1.8985908882846525	1.5693246680913502	1.6925657058462005	1.6350406314293304
	# checklists reporting species - (Barrow's Goldeneye)	350	195	143	191	136	99	102	94	102	161	143	119	73	20	8	12	1	0	2	3	0.0	0.0	0.0	0	0.0	0.0	0.0	0.0	0.0	0.0	0.0	0	0	0.0	0.0	0.0	0.0	0.0	4	54	144	167	149	170	123	116	149	193
	
High Count
	Barrow's Goldeneye	3	3	3	3	4	2	3	4	3	3	4	3	3	2	2	1	1	1	1	1	0.0	0.0	0.0	1	0.0	0.0	0.0	0.0	0.0	0.0	0.0	1	1	0.0	0.0	0.0	0.0	0.0	1	3	3	4	5	2	2	3	3	3
	# checklists reporting species - (Barrow's Goldeneye)	381	220	171	210	155	117	120	109	119	174	152	139	84	28	10	16	10	4	3	3	0.0	0.0	0.0	1	0.0	0.0	0.0	0.0	0.0	0.0	0.0	1	2	0.0	0.0	0.0	0.0	0.0	7	59	157	191	164	193	139	130	162	214
	
Totals
	Barrow's Goldeneye	415	238	196	238	184	123	128	130	127	185	171	148	89	29	12	15	10	4	3	3	0.0	0.0	0.0	1	0.0	0.0	0.0	0.0	0.0	0.0	0.0	1	2	0.0	0.0	0.0	0.0	0.0	7	63	161	206	180	206	145	154	178	230
	# checklists reporting species - (Barrow's Goldeneye)	379	215	166	210	154	115	116	108	117	170	151	135	82	28	10	15	10	4	3	3	0.0	0.0	0.0	1	0.0	0.0	0.0	0.0	0.0	0.0	0.0	1	2	0.0	0.0	0.0	0.0	0.0	7	59	156	189	163	190	137	129	159	209
	
Average Count
	Barrow's Goldeneye	1.0949868073878628	1.1069767441860465	1.180722891566265	1.1333333333333333	1.1948051948051948	1.0695652173913044	1.103448275862069	1.2037037037037037	1.0854700854700854	1.088235294117647	1.1324503311258278	1.0962962962962963	1.0853658536585367	1.0357142857142858	1.2	1.0	1.0	1.0	1.0	1.0	0.0	0.0	0.0	1.0	0.0	0.0	0.0	0.0	0.0	0.0	0.0	1.0	1.0	0.0	0.0	0.0	0.0	0.0	1.0	1.0677966101694916	1.0320512820512822	1.08994708994709	1.1042944785276074	1.0842105263157895	1.0583941605839415	1.193798449612403	1.119496855345912	1.1004784688995215
	# checklists reporting species - (Barrow's Goldeneye)	379	215	166	210	154	115	116	108	117	170	151	135	82	28	10	15	10	4	3	3	0.0	0.0	0.0	1	0.0	0.0	0.0	0.0	0.0	0.0	0.0	1	2	0.0	0.0	0.0	0.0	0.0	7	59	156	189	163	190	137	129	159	209
	
