

	Week starting on...	1/1	1/8	1/15	1/22	2/1	2/8	2/15	2/22	3/1	3/8	3/15	3/22	4/1	4/8	4/15	4/22	5/1	5/8	5/15	5/22	6/1	6/8	6/15	6/22	7/1	7/8	7/15	7/22	8/1	8/8	8/15	8/22	9/1	9/8	9/15	9/22	10/1	10/8	10/15	10/22	11/1	11/8	11/15	11/22	12/1	12/8	12/15	12/22
Frequency (%)
	Orange-crowned Warbler	0.281020667062772	0.15462371050748885	0.0699119627136199	0.05359849184933279	0.05102314839679897	0.028215112013994695	0.017206464336293727	0.0070947144377438804	0.006998553632249335	0.0	0.0018017368743468703	0.001268150402637753	0.0033778078027360244	0.005260020338745309	0.013929274110702905	0.15954172581435375	1.03569536104822	1.8950804587628303	1.7570646115069557	0.3877052043311212	0.052498359426267925	0.11987162136034957	0.11525629360024264	0.08271735304470257	0.24727272727272728	0.20845359502276953	0.057302211865378004	0.06276436075863011	0.05754153779759764	0.08883953359244864	0.08067910761891399	0.12087486030971331	0.2742969336490154	0.4763017941674946	0.7127542446543431	2.3188006520191933	3.8549780484350658	3.05863280194542	2.172271592031132	0.8692158023855849	0.24995924577514536	0.19704433497536944	0.10993985643148159	0.16916001480150128	0.31979726060459784	0.3116883116883117	0.29657259913779926	0.22363102931823314
	Total # checklists submitted - (Orange-crowned Warbler)	62273	43331	38620	54106	37238	53163	75553	42285	42866	50027	55502	78855	59210	57034	57433	79603	83036	91289	82524	85890	53335	51722	49455	56820	41250	31182	26177	36645	27806	27015	28508	43847	34634	34222	34514	43557	35305	37010	34434	47284	36806	33495	30926	37834	33146	28875	32707	48741
	
Abundance
	Orange-crowned Warbler	0.003548889566907006	0.0017077842653065935	7.509062661833247E-4	5.359849184933279E-4	5.102314839679897E-4	2.8215112013994694E-4	1.7206464336293726E-4	7.094714437743881E-5	6.998553632249335E-5	0.0	1.8017368743468703E-5	1.2681504026377529E-5	3.377807802736024E-5	5.26002033874531E-5	1.3929274110702905E-4	0.001645666620604751	0.01116383255455465	0.019925730372772184	0.01918229848286559	0.004843404354406799	8.812224617980688E-4	8.313676965314566E-4	0.0013345465574764938	9.503695881731784E-4	0.0028606060606060604	0.0025335129241228914	6.87626542384536E-4	6.003547550825488E-4	6.113788390994749E-4	0.001147510642235795	9.821804405780834E-4	0.0012543617579309873	0.0030605763122942774	0.005990298638302846	0.009010836182418729	0.031636705925568796	0.056167681631496956	0.04382599297487166	0.03246790962420863	0.01114541916927502	0.0027441178068793133	0.0020898641588296763	0.0012610748237728772	0.0018237564095786858	0.003891872322452181	0.0037402597402597403	0.003882960834072217	0.0026056092406803308
	Total # checklists submitted - (Orange-crowned Warbler)	62273	43331	38620	54106	37238	53163	75553	42285	42866	50027	55502	78855	59210	57034	57433	79603	83036	91289	82524	85890	53335	51722	49455	56820	41250	31182	26177	36645	27806	27015	28508	43847	34634	34222	34514	43557	35305	37010	34434	47284	36806	33495	30926	37834	33146	28875	32707	48741
	
Birds Per Party Hour
	Orange-crowned Warbler	1.5999274544921265	1.7076691949131937	0.9942689770287371	1.6305980583801076	1.254920307368951	0.8523591074461531	1.1014017487025958	0.5619047619047619	0.7145276231458397	0.0	0.8	1.3333333333333333	0.9284490145672665	0.5846722068328717	0.1955114981240803	0.5689035224593979	0.754607803816585	0.6013112525120476	0.7981237640439912	1.1619232175336935	2.7482767166570685	6.88049383071708	11.692130461011434	11.317903613601866	10.982678065542531	12.675381776519535	5.004211716598432	0.30322758142449474	0.46846685969156404	0.6022871630191081	0.6384913572383376	0.517554489370733	0.6652177612189545	1.580190084711484	0.9922130379326456	1.0792208534944001	1.2841887479764864	1.1775516629455036	1.1242240754578805	1.2243553310838586	0.9955110951340235	0.7434027122921161	0.8314894684260862	1.0383455378159285	1.1537036096472078	1.1151184325493977	1.3711116461146426	1.2870886626739881
	# checklists reporting species - (Orange-crowned Warbler)	187	76	29	32	19	16	15	3	4	0.0	1	1	2	5	12	147	852	1635	1465	334	29	37	49	51	100	59	15	22	14	23	21	48	87	160	265	1060	1438	1186	776	469	101	71	37	71	114	95	99	116
	
High Count
	Orange-crowned Warbler	3	2	2	1	1	1	1	1	1	0.0	1	1	1	1	2	17	7	12	12	15	11	4	3	4	3	2	4	2	2	4	4	4	5	12	17	25	32	31	28	10	3	2	2	3	3	3	4	3
	# checklists reporting species - (Orange-crowned Warbler)	197	77	31	34	19	16	15	3	4	0.0	1	1	2	5	18	176	1041	2183	1782	418	32	67	59	54	110	66	17	25	16	25	26	66	112	191	305	1215	1624	1368	879	541	134	77	42	75	118	100	108	121
	
Totals
	Orange-crowned Warbler	248	84	33	34	19	16	15	3	4	0.0	1	1	2	5	19	208	1117	2257	1989	508	51	48	67	64	123	80	20	24	17	31	30	67	126	234	375	1686	2377	2066	1323	706	147	81	48	80	144	120	139	140
	# checklists reporting species - (Orange-crowned Warbler)	197	77	31	34	19	16	15	3	4	0.0	1	1	2	5	18	169	956	1877	1634	386	32	37	54	51	103	61	17	23	14	24	23	60	106	187	297	1198	1596	1343	877	536	134	77	42	75	118	99	106	120
	
Average Count
	Orange-crowned Warbler	1.2588832487309645	1.0909090909090908	1.064516129032258	1.0	1.0	1.0	1.0	1.0	1.0	0.0	1.0	1.0	1.0	1.0	1.0555555555555556	1.2307692307692308	1.1684100418410042	1.2024507192328184	1.2172582619339045	1.3160621761658031	1.59375	1.2972972972972974	1.2407407407407407	1.2549019607843137	1.1941747572815533	1.3114754098360655	1.1764705882352942	1.0434782608695652	1.2142857142857142	1.2916666666666667	1.3043478260869565	1.1166666666666667	1.1886792452830188	1.2513368983957218	1.2626262626262625	1.4073455759599331	1.4893483709273183	1.5383469843633657	1.5085518814139112	1.3171641791044777	1.0970149253731343	1.051948051948052	1.1428571428571428	1.0666666666666667	1.2203389830508475	1.2121212121212122	1.3113207547169812	1.1666666666666667
	# checklists reporting species - (Orange-crowned Warbler)	197	77	31	34	19	16	15	3	4	0.0	1	1	2	5	18	169	956	1877	1634	386	32	37	54	51	103	61	17	23	14	24	23	60	106	187	297	1198	1596	1343	877	536	134	77	42	75	118	99	106	120
	
