

	Week starting on...	1/1	1/8	1/15	1/22	2/1	2/8	2/15	2/22	3/1	3/8	3/15	3/22	4/1	4/8	4/15	4/22	5/1	5/8	5/15	5/22	6/1	6/8	6/15	6/22	7/1	7/8	7/15	7/22	8/1	8/8	8/15	8/22	9/1	9/8	9/15	9/22	10/1	10/8	10/15	10/22	11/1	11/8	11/15	11/22	12/1	12/8	12/15	12/22
Frequency (%)
	Belted Kingfisher	1.7455398005556182	1.7239389813297639	1.4914552045572242	1.6153476509074778	1.3695687201246038	1.030792092244606	0.8073802496260903	1.1304245004138582	1.0847758129986471	1.1873588262338337	1.5350798169435336	2.8812377147929746	6.13409896976862	10.311393204053722	12.309995995333693	13.633908269788828	12.875138494147118	10.137037321035393	10.172798216276476	8.77983467225521	7.083528639730008	6.678009357720119	6.779900920028309	6.4941921858500535	7.796363636363636	9.685074722596369	11.62088856629866	13.824532678400873	15.680069049845358	16.350175828243568	17.64767784481549	18.25894587999179	19.968816769648324	18.62252352288002	18.05354348959842	15.733406800284685	11.760373884718877	9.340718724669008	6.789800778300517	4.991117502749344	4.105308917024398	3.510971786833856	2.894005044299295	2.7382777395993023	2.4829542026187172	2.3722943722943723	2.8006237196930317	2.3183767259596646
	Total # checklists submitted - (Belted Kingfisher)	62273	43331	38620	54106	37238	53163	75553	42285	42866	50027	55502	78855	59210	57034	57433	79603	83036	91289	82524	85890	53335	51722	49455	56820	41250	31182	26177	36645	27806	27015	28508	43847	34634	34222	34514	43557	35305	37010	34434	47284	36806	33495	30926	37834	33146	28875	32707	48741
	
Abundance
	Belted Kingfisher	0.018499189054646478	0.018208672774687868	0.01623511134127395	0.017262410823198907	0.014420752994253182	0.010947463461429942	0.00864293939353831	0.012037365496038784	0.011430970932673914	0.0128130809362944	0.01655796187524774	0.03271828038805402	0.07517311264989023	0.13376231721429324	0.15950760016018664	0.176651633732397	0.1609542848884821	0.11862327334070917	0.11642673646454364	0.10090813831645128	0.08148495359520015	0.07671783767062372	0.08007279344858963	0.07837029215065118	0.09995151515151515	0.1312616252966455	0.15643503839248196	0.19096738982125802	0.21556498597425017	0.22787340366463077	0.24463308544969833	0.24496544803521336	0.2723912917941907	0.2502483782362223	0.24424871066813467	0.20212594990472255	0.14360572156918283	0.1109429883815185	0.07733635360399604	0.05517722696895356	0.04512851165570831	0.03881176294969398	0.03133285908297226	0.029312258814822648	0.025915645930127316	0.02566233766233766	0.03271470938942734	0.025235428079029974
	Total # checklists submitted - (Belted Kingfisher)	62273	43331	38620	54106	37238	53163	75553	42285	42866	50027	55502	78855	59210	57034	57433	79603	83036	91289	82524	85890	53335	51722	49455	56820	41250	31182	26177	36645	27806	27015	28508	43847	34634	34222	34514	43557	35305	37010	34434	47284	36806	33495	30926	37834	33146	28875	32707	48741
	
Birds Per Party Hour
	Belted Kingfisher	2.681751463661525	2.381724811779607	2.4940309272445034	2.83428793039716	2.029679400223938	2.099127811736641	1.8955732654394657	2.3203312123925257	2.1896490619880464	1.9964296727213608	1.9687891263453323	2.2487405167866124	2.127238110288773	2.1574596900185607	2.0573103759662152	1.8053424129602778	1.535519018726421	1.303083088718391	1.2889274748090163	1.5104623030668656	1.8843434926660518	2.2574661919659444	2.538062212069027	2.4307622123028847	2.0780372217092546	2.108886413781606	1.8903545714902223	1.8594847177527407	2.023054410410093	1.7193229501487943	1.7903196106865769	1.6067654680064323	1.5498410135906149	1.5197918731535252	1.487954170485725	1.5245325541320751	1.4079696696534534	1.3487003773885484	1.3311220273161672	1.394186674206169	1.5161139820747878	1.5652197748119725	1.7798295983023469	1.7485968475854439	2.355154206568242	1.8790892974670963	1.4266683489013006	1.7134873604687286
	# checklists reporting species - (Belted Kingfisher)	1161	800	609	941	547	597	635	509	495	619	891	2383	3755	6030	7133	10992	10746	9115	8210	7399	3786	3454	3422	3734	3319	3047	3113	5169	4437	4495	5119	8077	6880	6331	6295	6955	4205	3529	2381	2451	1568	1231	941	1077	863	749	931	1166
	
High Count
	Belted Kingfisher	5	3	4	3	3	2	3	3	4	4	5	12	7	22	10	15	14	10	11	8	10	8	9	17	20	31	12	35	12	12	15	10	15	11	11	18	10	8	11	6	5	6	3	5	5	10	20	7
	# checklists reporting species - (Belted Kingfisher)	1369	877	685	1037	593	635	680	553	529	665	973	2578	4100	6592	7925	11934	11799	10280	9200	8366	4238	3886	3888	4290	3790	3454	3474	5705	4872	4950	5590	8885	7546	6938	6845	7480	4511	3767	2518	2588	1651	1298	1000	1152	980	805	1047	1310
	
Totals
	Belted Kingfisher	1446	925	741	1095	621	668	721	583	554	718	1051	2925	4939	8505	10184	15402	14554	11813	10367	9417	4776	4358	4475	5071	4779	4579	4569	7734	6639	6873	7694	11815	10184	9243	9183	9558	5472	4445	2844	2856	1803	1432	1068	1237	1025	886	1398	1446
	# checklists reporting species - (Belted Kingfisher)	1331	862	675	1022	584	625	672	547	523	654	954	2532	4002	6418	7656	11543	11262	9558	8590	7824	4016	3664	3671	3994	3569	3259	3290	5447	4665	4757	5388	8541	7271	6700	6620	7249	4394	3680	2475	2553	1625	1285	983	1143	963	795	1034	1288
	
Average Count
	Belted Kingfisher	1.0864012021036815	1.0730858468677493	1.0977777777777777	1.0714285714285714	1.0633561643835616	1.0688	1.0729166666666667	1.0658135283363803	1.0592734225621414	1.0978593272171253	1.10167714884696	1.15521327014218	1.2341329335332334	1.325179183546276	1.3301985370950888	1.3343151693667157	1.292310424436157	1.235928018413894	1.2068684516880093	1.2036042944785277	1.1892430278884463	1.189410480349345	1.2190138926722964	1.2696544817225839	1.339030540767722	1.405032218471924	1.3887537993920973	1.4198641454011383	1.4231511254019293	1.444818162707589	1.4279881217520416	1.3833274792178902	1.4006326502544355	1.3795522388059702	1.3871601208459214	1.3185266933370121	1.245334547109695	1.2078804347826086	1.1490909090909092	1.1186839012925969	1.1095384615384616	1.1143968871595331	1.08646998982706	1.0822397200349956	1.0643821391484942	1.1144654088050314	1.3520309477756287	1.1226708074534162
	# checklists reporting species - (Belted Kingfisher)	1331	862	675	1022	584	625	672	547	523	654	954	2532	4002	6418	7656	11543	11262	9558	8590	7824	4016	3664	3671	3994	3569	3259	3290	5447	4665	4757	5388	8541	7271	6700	6620	7249	4394	3680	2475	2553	1625	1285	983	1143	963	795	1034	1288
	
