

	Week starting on...	1/1	1/8	1/15	1/22	2/1	2/8	2/15	2/22	3/1	3/8	3/15	3/22	4/1	4/8	4/15	4/22	5/1	5/8	5/15	5/22	6/1	6/8	6/15	6/22	7/1	7/8	7/15	7/22	8/1	8/8	8/15	8/22	9/1	9/8	9/15	9/22	10/1	10/8	10/15	10/22	11/1	11/8	11/15	11/22	12/1	12/8	12/15	12/22
Frequency (%)
	Mourning Warbler	0.0	0.0	0.0	0.0	0.0	0.0	0.0	0.0	0.0	0.0	0.0	0.0	0.0	0.0	0.0	0.0012562340615303444	0.10236523917337059	1.2268728981585952	2.9639862343075953	4.9714751426242865	5.060466860410613	5.351687869765284	4.953998584571833	3.938753959873284	3.9345454545454546	2.334680264255019	1.1880658593421707	0.5730659025787965	0.5430482629648278	0.7255228576716639	0.9821804405780834	1.2931329395397633	0.9528209274123693	0.6925369645257436	0.26945587297908097	0.12627132263470853	0.0566491998300524	0.013509862199405566	0.014520532032293663	0.0021148802977751457	0.0	0.0	0.0	0.0	0.0	0.0	0.0	0.0
	Total # checklists submitted - (Mourning Warbler)	62273	43331	38620	54106	37238	53163	75553	42285	42866	50027	55502	78855	59210	57034	57433	79603	83036	91289	82524	85890	53335	51722	49455	56820	41250	31182	26177	36645	27806	27015	28508	43847	34634	34222	34514	43557	35305	37010	34434	47284	36806	33495	30926	37834	33146	28875	32707	48741
	
Abundance
	Mourning Warbler	0.0	0.0	0.0	0.0	0.0	0.0	0.0	0.0	0.0	0.0	0.0	0.0	0.0	0.0	0.0	1.2562340615303443E-5	0.0011802109928223904	0.012608309873040563	0.03704376908535699	0.07157992781464664	0.08140995593887691	0.08499284637098334	0.07168132645839652	0.054100668778599086	0.05779393939393939	0.0336732730421397	0.015433395729075143	0.007367990176013099	0.006976911457958714	0.010660744031093837	0.012838501473270661	0.01648915547243825	0.011260610960328002	0.007860440652212027	0.0031001912267485656	0.0011938379594554262	5.948165982155502E-4	1.3509862199405565E-4	1.4520532032293664E-4	2.1148802977751458E-5	0.0	0.0	0.0	0.0	0.0	0.0	0.0	0.0
	Total # checklists submitted - (Mourning Warbler)	62273	43331	38620	54106	37238	53163	75553	42285	42866	50027	55502	78855	59210	57034	57433	79603	83036	91289	82524	85890	53335	51722	49455	56820	41250	31182	26177	36645	27806	27015	28508	43847	34634	34222	34514	43557	35305	37010	34434	47284	36806	33495	30926	37834	33146	28875	32707	48741
	
Birds Per Party Hour
	Mourning Warbler	0.0	0.0	0.0	0.0	0.0	0.0	0.0	0.0	0.0	0.0	0.0	0.0	0.0	0.0	0.0	0.0	0.7564312489431254	0.5680416426555485	0.9402231956232626	1.9379899069737538	4.819439729123502	8.123024858794448	9.419580683697637	7.7193303550584575	8.210374691521409	7.284947404750096	2.3550484123025663	1.5322967984151503	0.9805929060483715	0.9748504016034273	0.9082859818077618	0.7811834615559337	0.8239773318368777	0.858599575322441	0.6675579945038355	0.7945336638392783	0.585486407196909	1.9950778584586581	1.864927536231884	0.0	0.0	0.0	0.0	0.0	0.0	0.0	0.0	0.0
	# checklists reporting species - (Mourning Warbler)	0.0	0.0	0.0	0.0	0.0	0.0	0.0	0.0	0.0	0.0	0.0	0.0	0.0	0.0	0.0	0	77	1041	2452	4559	2825	2742	2449	2221	1598	703	309	213	161	213	305	583	334	247	89	58	23	7	3	0	0.0	0.0	0.0	0.0	0.0	0.0	0.0	0.0
	
High Count
	Mourning Warbler	0.0	0.0	0.0	0.0	0.0	0.0	0.0	0.0	0.0	0.0	0.0	0.0	0.0	0.0	0.0	1	10	12	15	20	41	40	34	15	36	17	10	6	5	10	8	8	8	7	6	3	2	2	1	1	0.0	0.0	0.0	0.0	0.0	0.0	0.0	0.0
	# checklists reporting species - (Mourning Warbler)	0.0	0.0	0.0	0.0	0.0	0.0	0.0	0.0	0.0	0.0	0.0	0.0	0.0	0.0	0.0	1	101	1471	3192	5470	3405	3297	2882	2741	2037	868	361	256	189	253	373	728	411	295	137	84	35	15	7	4	0.0	0.0	0.0	0.0	0.0	0.0	0.0	0.0
	
Totals
	Mourning Warbler	0.0	0.0	0.0	0.0	0.0	0.0	0.0	0.0	0.0	0.0	0.0	0.0	0.0	0.0	0.0	1	108	1469	3842	7642	5240	4947	3995	3614	2849	1204	463	319	237	374	510	946	482	335	156	87	38	16	7	4	0.0	0.0	0.0	0.0	0.0	0.0	0.0	0.0
	# checklists reporting species - (Mourning Warbler)	0.0	0.0	0.0	0.0	0.0	0.0	0.0	0.0	0.0	0.0	0.0	0.0	0.0	0.0	0.0	1	87	1228	2818	5113	3232	3129	2741	2570	1926	799	327	232	177	234	357	704	389	287	135	80	35	15	7	4	0.0	0.0	0.0	0.0	0.0	0.0	0.0	0.0
	
Average Count
	Mourning Warbler	0.0	0.0	0.0	0.0	0.0	0.0	0.0	0.0	0.0	0.0	0.0	0.0	0.0	0.0	0.0	1.0	1.2413793103448276	1.1962540716612378	1.3633782824698368	1.4946215529043614	1.6212871287128714	1.5810162991371044	1.4574972637723458	1.406225680933852	1.4792315680166148	1.506883604505632	1.415902140672783	1.375	1.3389830508474576	1.5982905982905984	1.4285714285714286	1.34375	1.2390745501285347	1.1672473867595818	1.1555555555555554	1.0875	1.0857142857142856	1.0666666666666667	1.0	1.0	0.0	0.0	0.0	0.0	0.0	0.0	0.0	0.0
	# checklists reporting species - (Mourning Warbler)	0.0	0.0	0.0	0.0	0.0	0.0	0.0	0.0	0.0	0.0	0.0	0.0	0.0	0.0	0.0	1	87	1228	2818	5113	3232	3129	2741	2570	1926	799	327	232	177	234	357	704	389	287	135	80	35	15	7	4	0.0	0.0	0.0	0.0	0.0	0.0	0.0	0.0
	
