

	Week starting on...	1/1	1/8	1/15	1/22	2/1	2/8	2/15	2/22	3/1	3/8	3/15	3/22	4/1	4/8	4/15	4/22	5/1	5/8	5/15	5/22	6/1	6/8	6/15	6/22	7/1	7/8	7/15	7/22	8/1	8/8	8/15	8/22	9/1	9/8	9/15	9/22	10/1	10/8	10/15	10/22	11/1	11/8	11/15	11/22	12/1	12/8	12/15	12/22
Frequency (%)
	Red-necked Phalarope	0.0	0.0	0.0	0.0	0.0	0.0	0.0	0.0	0.0	0.0	0.0	0.0	0.0	0.0	0.0	0.0012562340615303444	0.00843007852015993	0.0262901335319699	0.07876496534341525	0.153684945860985	0.13687072278991283	0.030934611963961176	0.03437468405621272	0.04751847940865892	0.03151515151515152	0.03206978384965685	0.07258280169614546	0.2292263610315186	0.34524922678558584	0.82176568573015	0.9506103549880734	0.871211257326613	1.1260610960328001	1.1629945648997722	0.35927449730544125	0.23876759189108526	0.17561251947316245	0.03512564171845447	0.04936980890979845	0.027493443871076894	0.010867793294571536	0.026869682042095836	0.0032335251891612237	0.0	0.009050865866167863	0.0	0.0	0.0
	Total # checklists submitted - (Red-necked Phalarope)	62273	43331	38620	54106	37238	53163	75553	42285	42866	50027	55502	78855	59210	57034	57433	79603	83036	91289	82524	85890	53335	51722	49455	56820	41250	31182	26177	36645	27806	27015	28508	43847	34634	34222	34514	43557	35305	37010	34434	47284	36806	33495	30926	37834	33146	28875	32707	48741
	
Abundance
	Red-necked Phalarope	0.0	0.0	0.0	0.0	0.0	0.0	0.0	0.0	0.0	0.0	0.0	0.0	0.0	0.0	0.0	1.2562340615303443E-5	8.43007852015993E-5	2.62901335319699E-4	0.0011148272017837235	0.0024333449761322623	0.0018936908221618073	4.253509145044662E-4	5.257304620361945E-4	0.0012319605772615277	0.0025454545454545456	6.41395676993137E-4	0.0016044619322305841	0.0024832855778414518	0.0048191037905488026	0.014991671293725709	0.02385295355689631	0.02196273405250074	0.024686724028411388	0.020220910525393022	0.004693747464796894	0.0044309755033634084	0.002152669593541991	5.403944879762226E-4	5.517802172271592E-4	3.172320446662719E-4	1.0867793294571537E-4	2.6869682042095835E-4	3.233525189161224E-5	0.0	9.050865866167863E-5	0.0	0.0	0.0
	Total # checklists submitted - (Red-necked Phalarope)	62273	43331	38620	54106	37238	53163	75553	42285	42866	50027	55502	78855	59210	57034	57433	79603	83036	91289	82524	85890	53335	51722	49455	56820	41250	31182	26177	36645	27806	27015	28508	43847	34634	34222	34514	43557	35305	37010	34434	47284	36806	33495	30926	37834	33146	28875	32707	48741
	
Birds Per Party Hour
	Red-necked Phalarope	0.0	0.0	0.0	0.0	0.0	0.0	0.0	0.0	0.0	0.0	0.0	0.0	0.0	0.0	0.0	11.904761904761905	1.2857142857142858	1.4834065879467087	1.3072692057545807	1.9230003007197491	2.851840435918641	4.860414960054073	0.1278099302510619	21.916800758962342	86.64649385477378	0.49194487927559605	0.7088094170216214	0.9828559752212812	0.7861300591102609	2.7113800111006254	4.2598390995601445	4.380271007649657	2.729552126673972	2.5435758415745244	1.2957323032222645	3.4209592896297067	1.8251845231022812	2.4503180106218068	0.6950760689777356	1.2460915907071648	0.7833333333333333	0.7943509970659086	0.0	0.0	1.4330834582708645	0.0	0.0	0.0
	# checklists reporting species - (Red-necked Phalarope)	0.0	0.0	0.0	0.0	0.0	0.0	0.0	0.0	0.0	0.0	0.0	0.0	0.0	0	0	1	9	29	92	146	86	16	18	28	13	12	22	93	106	275	340	505	482	469	160	131	83	16	17	17	5	15	0	0.0	3	0.0	0.0	0.0
	
High Count
	Red-necked Phalarope	0.0	0.0	0.0	0.0	0.0	0.0	0.0	0.0	0.0	0.0	0.0	0.0	0.0	1	1	1	2	5	7	10	6	6	4	7	44	5	18	4	8	13	27	40	34	14	6	11	9	7	3	4	1	1	1	0.0	1	0.0	0.0	0.0
	# checklists reporting species - (Red-necked Phalarope)	0.0	0.0	0.0	0.0	0.0	0.0	0.0	0.0	0.0	0.0	0.0	0.0	0.0	1	1	1	15	40	120	189	104	22	22	30	16	18	26	102	112	304	390	618	536	525	202	169	93	24	27	31	7	17	1	0.0	3	0.0	0.0	0.0
	
Totals
	Red-necked Phalarope	0.0	0.0	0.0	0.0	0.0	0.0	0.0	0.0	0.0	0.0	0.0	0.0	0.0	1	1	1	15	46	162	292	140	33	31	73	107	28	58	112	153	526	966	1671	1214	968	272	302	138	33	29	36	7	17	1	0.0	3	0.0	0.0	0.0
	# checklists reporting species - (Red-necked Phalarope)	0.0	0.0	0.0	0.0	0.0	0.0	0.0	0.0	0.0	0.0	0.0	0.0	0.0	1	1	1	12	40	113	178	99	21	20	29	15	18	26	102	112	302	385	609	529	522	200	168	90	24	27	31	7	17	1	0.0	3	0.0	0.0	0.0
	
Average Count
	Red-necked Phalarope	0.0	0.0	0.0	0.0	0.0	0.0	0.0	0.0	0.0	0.0	0.0	0.0	0.0	1.0	1.0	1.0	1.25	1.15	1.4336283185840708	1.6404494382022472	1.4141414141414141	1.5714285714285714	1.55	2.5172413793103448	7.133333333333334	1.5555555555555556	2.230769230769231	1.0980392156862746	1.3660714285714286	1.7417218543046358	2.5090909090909093	2.7438423645320196	2.294896030245747	1.8544061302681993	1.36	1.7976190476190477	1.5333333333333334	1.375	1.0740740740740742	1.1612903225806452	1.0	1.0	1.0	0.0	1.0	0.0	0.0	0.0
	# checklists reporting species - (Red-necked Phalarope)	0.0	0.0	0.0	0.0	0.0	0.0	0.0	0.0	0.0	0.0	0.0	0.0	0.0	1	1	1	12	40	113	178	99	21	20	29	15	18	26	102	112	302	385	609	529	522	200	168	90	24	27	31	7	17	1	0.0	3	0.0	0.0	0.0
	
