

	Week starting on...	1/1	1/8	1/15	1/22	2/1	2/8	2/15	2/22	3/1	3/8	3/15	3/22	4/1	4/8	4/15	4/22	5/1	5/8	5/15	5/22	6/1	6/8	6/15	6/22	7/1	7/8	7/15	7/22	8/1	8/8	8/15	8/22	9/1	9/8	9/15	9/22	10/1	10/8	10/15	10/22	11/1	11/8	11/15	11/22	12/1	12/8	12/15	12/22
Frequency (%)
	Purple Finch	1.5769274003179548	1.6547044840876046	2.296737441740031	2.526522012346135	2.9351737472474353	2.4058085510599474	3.0733392452980026	3.412557644554807	3.170344795408949	3.082335538809043	2.7206226802637743	3.3707437702111473	3.3085627427799356	4.2781498755128515	6.2385736423310645	7.21957715161489	8.166337492172069	7.080809297943892	6.296350152682856	5.50471533356619	5.058591919002532	5.338153977031051	5.166312809624912	5.207673354452657	5.580606060606061	5.4518632544416645	5.588875730603201	5.334970664483558	5.941163777601957	5.7301499167129375	5.559842851129507	4.996921112048715	4.700583241901022	4.961720530652797	5.267427710494292	5.576600775994674	6.458008780625973	6.800864631180762	6.659115990009874	6.363674816005414	4.404173232625116	3.218390804597701	2.2764017331695015	1.8951207908230694	1.4752911361853618	1.5411255411255411	2.0729507444889474	2.4065981411952975
	Total # checklists submitted - (Purple Finch)	62273	43331	38620	54106	37238	53163	75553	42285	42866	50027	55502	78855	59210	57034	57433	79603	83036	91289	82524	85890	53335	51722	49455	56820	41250	31182	26177	36645	27806	27015	28508	43847	34634	34222	34514	43557	35305	37010	34434	47284	36806	33495	30926	37834	33146	28875	32707	48741
	
Abundance
	Purple Finch	0.07727265428034621	0.06851907410399022	0.10194199896426721	0.11629024507448342	0.15578172834201623	0.1388371611835299	0.15878919434039682	0.18328012297505025	0.15534456212382775	0.12251384252503648	0.11239234622175777	0.12351784921691712	0.1078196250633339	0.12238313988147421	0.17725001305869448	0.21133625617124982	0.24721807408834723	0.2117889340446275	0.1796447094178663	0.1283152869949936	0.09834067685384831	0.0991260972120181	0.09230613689212415	0.0958113340373108	0.11357575757575758	0.13129369508049515	0.12877717079879283	0.13805430481648245	0.15467884629216716	0.1515824541921155	0.14841448014592395	0.13551668301138048	0.12103713114280765	0.12562094559055578	0.14643333140175002	0.15460201574947768	0.20504177878487467	0.2827343961091597	0.3303130626706163	0.5062388968784367	0.16956474487855241	0.1310046275563517	0.06864773976589278	0.06044827403922398	0.03638448078199481	0.04678787878787879	0.09762436175742197	0.1320448903387292
	Total # checklists submitted - (Purple Finch)	62273	43331	38620	54106	37238	53163	75553	42285	42866	50027	55502	78855	59210	57034	57433	79603	83036	91289	82524	85890	53335	51722	49455	56820	41250	31182	26177	36645	27806	27015	28508	43847	34634	34222	34514	43557	35305	37010	34434	47284	36806	33495	30926	37834	33146	28875	32707	48741
	
Birds Per Party Hour
	Purple Finch	10.074869134258762	8.401079409569881	9.769431136432251	11.013259935270922	9.801240055446002	11.586291321893496	9.38633234560874	11.138747463089278	7.65524312761714	7.933502305534439	8.07588233187697	8.388580239670851	6.399237366005801	4.748169941575036	4.630302984232041	5.227680366562756	4.689136805726728	5.25155752529169	4.572906918210409	3.8104557937725185	4.227899451340196	4.288236456077712	5.080232991447225	5.472988801592282	4.745074946155686	4.872815683377832	3.8075397719151667	3.542081673447761	3.2045640056384155	3.1375108372813094	3.602195313624262	3.5120499818765314	2.733823728667877	2.5498043418697685	2.689758111030313	3.1209592315981833	3.1500939715250866	3.6765969004141783	3.8710581237886967	3.8302816480400668	2.9104487589077856	2.938279186984016	4.166020611555775	4.477011563457428	5.2680349049368065	4.569688849394403	5.767722423270782	5.332405049737552
	# checklists reporting species - (Purple Finch)	985	723	889	1378	1091	1280	2353	1444	1381	1577	1540	2679	1944	2408	3606	5822	6901	6468	5142	4632	2647	2694	2471	2800	2235	1630	1436	1927	1648	1512	1550	2130	1587	1678	1789	2430	2292	2509	2312	3058	1621	1079	701	726	498	447	655	1158
	
High Count
	Purple Finch	80	200	100	120	300	252	104	110	122	72	200	200	100	110	130	200	160	120	250	55	80	60	20	30	30	50	40	30	66	35	225	40	68	30	77	275	200	1654	1674	4245	400	760	250	163	30	50	115	170
	# checklists reporting species - (Purple Finch)	1181	844	1038	1569	1236	1425	2505	1608	1529	1757	1717	2998	2241	2840	4181	6609	7697	7264	5830	5309	3012	3054	2852	3313	2600	1909	1671	2209	1871	1728	1779	2434	1802	1890	2003	2699	2530	2832	2619	3433	1837	1221	802	797	569	535	799	1355
	
Totals
	Purple Finch	5660	3756	4641	7278	6980	8318	12976	8592	7498	7078	7121	11423	7181	7994	11861	20197	23580	22220	16581	12545	5776	5642	4977	5942	5124	4444	3734	5563	4833	4477	4807	6476	4529	4706	5419	8056	8403	11912	13380	26490	7437	6627	2779	2512	1471	1703	4475	7354
	# checklists reporting species - (Purple Finch)	1144	825	1018	1534	1212	1398	2465	1576	1501	1708	1686	2921	2178	2728	4009	6332	7366	6848	5458	4927	2828	2881	2659	3031	2417	1783	1548	2091	1787	1639	1694	2319	1713	1801	1916	2625	2451	2753	2544	3340	1785	1192	788	790	557	521	788	1318
	
Average Count
	Purple Finch	4.9475524475524475	4.552727272727273	4.55893909626719	4.744458930899609	5.759075907590759	5.949928469241774	5.264097363083164	5.451776649746193	4.995336442371753	4.144028103044496	4.223606168446026	3.9106470386853815	3.297061524334252	2.9303519061583576	2.9585931653779	3.189671509791535	3.2011946782514253	3.244742990654206	3.037925980212532	2.546174142480211	2.0424328147100423	1.9583477959042	1.871756299360662	1.9604091059056417	2.1199834505585438	2.4924284913067862	2.4121447028423773	2.6604495456719275	2.7045327364297704	2.7315436241610738	2.8376623376623376	2.792583009918068	2.643899591360187	2.6129927817878955	2.828288100208768	3.068952380952381	3.4283965728274173	4.326916091536505	5.259433962264151	7.931137724550898	4.166386554621849	5.559563758389261	3.5266497461928936	3.179746835443038	2.6409335727109515	3.2687140115163147	5.678934010152284	5.579666160849772
	# checklists reporting species - (Purple Finch)	1144	825	1018	1534	1212	1398	2465	1576	1501	1708	1686	2921	2178	2728	4009	6332	7366	6848	5458	4927	2828	2881	2659	3031	2417	1783	1548	2091	1787	1639	1694	2319	1713	1801	1916	2625	2451	2753	2544	3340	1785	1192	788	790	557	521	788	1318
	
