

	Week starting on...	1/1	1/8	1/15	1/22	2/1	2/8	2/15	2/22	3/1	3/8	3/15	3/22	4/1	4/8	4/15	4/22	5/1	5/8	5/15	5/22	6/1	6/8	6/15	6/22	7/1	7/8	7/15	7/22	8/1	8/8	8/15	8/22	9/1	9/8	9/15	9/22	10/1	10/8	10/15	10/22	11/1	11/8	11/15	11/22	12/1	12/8	12/15	12/22
Frequency (%)
	Sedge Wren	0.0016058323832158399	0.0	0.0	0.0	0.0	0.0	0.0	0.0	0.0	0.0	0.0	0.0	0.0	0.003506680225830207	0.0017411592638378632	0.057786766830395846	0.3046871236572089	0.3614893360645861	0.4653191798749455	0.8243101641634649	0.9937189462829286	0.7791655388422721	0.6147002325346275	0.5596620908130939	0.6084848484848484	0.570842152523892	0.5348206440768614	0.3520261972984036	0.34524922678558584	0.1147510642235795	0.0456012347411253	0.04333249709216138	0.028873361436738465	0.04967564724446263	0.03476849973923625	0.04132516013499552	0.05948165982155502	0.013509862199405566	0.02323285125166986	0.0021148802977751457	0.002716948323642884	0.0	0.0	0.0	0.0	0.0	0.0	0.0
	Total # checklists submitted - (Sedge Wren)	62273	43331	38620	54106	37238	53163	75553	42285	42866	50027	55502	78855	59210	57034	57433	79603	83036	91289	82524	85890	53335	51722	49455	56820	41250	31182	26177	36645	27806	27015	28508	43847	34634	34222	34514	43557	35305	37010	34434	47284	36806	33495	30926	37834	33146	28875	32707	48741
	
Abundance
	Sedge Wren	1.60583238321584E-5	0.0	0.0	0.0	0.0	0.0	0.0	0.0	0.0	0.0	0.0	0.0	0.0	3.506680225830207E-5	1.741159263837863E-5	6.281170307651722E-4	0.003179343899031745	0.003976382696710447	0.007064611506955552	0.014937711025730585	0.020305615449517204	0.01604732995630486	0.015549489434839754	0.013973952833509327	0.013672727272727272	0.015040728625489065	0.011689651220537113	0.005676081320780462	0.008199669136157663	0.002258004812141403	4.209344745334643E-4	5.701644354231761E-4	2.598602529306462E-4	0.0011396177897259074	3.476849973923625E-4	4.8212686824161444E-4	7.364395977906812E-4	1.3509862199405565E-4	2.323285125166986E-4	2.1148802977751458E-5	2.7169483236428842E-5	0.0	0.0	0.0	0.0	0.0	0.0	0.0
	Total # checklists submitted - (Sedge Wren)	62273	43331	38620	54106	37238	53163	75553	42285	42866	50027	55502	78855	59210	57034	57433	79603	83036	91289	82524	85890	53335	51722	49455	56820	41250	31182	26177	36645	27806	27015	28508	43847	34634	34222	34514	43557	35305	37010	34434	47284	36806	33495	30926	37834	33146	28875	32707	48741
	
Birds Per Party Hour
	Sedge Wren	0.17391304347826086	0.0	0.0	0.0	0.0	0.0	0.0	0.0	0.0	0.0	0.0	0.0	0.0	3.309867945725731	1.0	0.992856690207327	0.782148996041324	1.4292592160448019	1.7549214179946102	3.099105730946064	2.9596689049497216	2.8311379895993287	3.999320149005892	4.777212554176977	6.99908163624544	5.809655905004944	5.368562984309144	3.0160321997960016	2.49498484627283	2.641157831317866	7.186898331821263	1.334068957630193	0.592502717787509	0.6258095480767546	2.4474343128151417	0.8173574315230849	0.5056885467272679	0.4196704898321423	0.5584733893557423	0.3333333333333333	0.6666666666666666	0.0	0.0	0.0	0.0	0.0	0.0	0.0
	# checklists reporting species - (Sedge Wren)	1	0.0	0.0	0.0	0.0	0.0	0.0	0.0	0.0	0.0	0.0	0.0	0.0	2	1	50	264	362	400	721	540	417	319	331	263	168	134	153	96	37	9	17	6	11	9	19	20	6	7	2	2	0.0	0.0	0	0.0	0.0	0.0	0.0
	
High Count
	Sedge Wren	1	0.0	0.0	0.0	0.0	0.0	0.0	0.0	0.0	0.0	0.0	0.0	0.0	1	1	2	2	8	15	26	40	31	40	70	25	50	50	10	25	7	2	5	2	18	3	3	11	1	1	1	1	0.0	0.0	1	0.0	0.0	0.0	0.0
	# checklists reporting species - (Sedge Wren)	1	0.0	0.0	0.0	0.0	0.0	0.0	0.0	0.0	0.0	0.0	0.0	0.0	3	1	54	317	462	526	907	645	491	381	402	319	216	174	171	118	47	20	26	17	25	26	31	28	15	9	2	2	0.0	0.0	1	0.0	0.0	0.0	0.0
	
Totals
	Sedge Wren	1	0.0	0.0	0.0	0.0	0.0	0.0	0.0	0.0	0.0	0.0	0.0	0.0	3	1	59	328	504	784	1586	1267	1013	928	912	675	548	356	265	280	86	20	38	17	50	28	36	43	15	9	2	2	0.0	0.0	1	0.0	0.0	0.0	0.0
	# checklists reporting species - (Sedge Wren)	1	0.0	0.0	0.0	0.0	0.0	0.0	0.0	0.0	0.0	0.0	0.0	0.0	3	1	54	297	421	467	834	588	464	354	366	298	198	156	165	112	46	19	26	15	24	21	30	27	15	9	2	2	0.0	0.0	1	0.0	0.0	0.0	0.0
	
Average Count
	Sedge Wren	1.0	0.0	0.0	0.0	0.0	0.0	0.0	0.0	0.0	0.0	0.0	0.0	0.0	1.0	1.0	1.0925925925925926	1.1043771043771045	1.1971496437054632	1.6788008565310493	1.9016786570743405	2.1547619047619047	2.1831896551724137	2.621468926553672	2.4918032786885247	2.2651006711409396	2.7676767676767677	2.282051282051282	1.606060606060606	2.5	1.8695652173913044	1.0526315789473684	1.4615384615384615	1.1333333333333333	2.0833333333333335	1.3333333333333333	1.2	1.5925925925925926	1.0	1.0	1.0	1.0	0.0	0.0	1.0	0.0	0.0	0.0	0.0
	# checklists reporting species - (Sedge Wren)	1	0.0	0.0	0.0	0.0	0.0	0.0	0.0	0.0	0.0	0.0	0.0	0.0	3	1	54	297	421	467	834	588	464	354	366	298	198	156	165	112	46	19	26	15	24	21	30	27	15	9	2	2	0.0	0.0	1	0.0	0.0	0.0	0.0
	
