

	Week starting on...	1/1	1/8	1/15	1/22	2/1	2/8	2/15	2/22	3/1	3/8	3/15	3/22	4/1	4/8	4/15	4/22	5/1	5/8	5/15	5/22	6/1	6/8	6/15	6/22	7/1	7/8	7/15	7/22	8/1	8/8	8/15	8/22	9/1	9/8	9/15	9/22	10/1	10/8	10/15	10/22	11/1	11/8	11/15	11/22	12/1	12/8	12/15	12/22
Frequency (%)
	House Wren	0.0064233295328633595	0.00923126629895456	0.0	0.0	0.002685428862989419	0.0	0.0	0.0	0.0	0.0	0.0	0.001268150402637753	0.00844451950684006	0.0543535435003682	0.6686051573137395	4.550079770862907	17.101016426610144	23.489138888584606	25.427754350249625	20.578647106764468	18.638792537733195	17.472255519894823	16.471539783641695	16.939457937346006	16.44848484848485	17.57744852799692	18.936470947778584	15.311775139855369	12.069337553046106	9.60207292245049	9.55170478462186	8.246858393960817	7.654328116879366	7.273099175968675	6.747986324390102	5.470992033427463	3.9824387480526835	1.6184814914887868	0.5953418133240401	0.14592674054648508	0.04618812150192903	0.014927601134497684	0.01616762594580612	0.0026431252312734575	0.009050865866167863	0.01038961038961039	0.04280429265906381	0.008206643277733325
	Total # checklists submitted - (House Wren)	62273	43331	38620	54106	37238	53163	75553	42285	42866	50027	55502	78855	59210	57034	57433	79603	83036	91289	82524	85890	53335	51722	49455	56820	41250	31182	26177	36645	27806	27015	28508	43847	34634	34222	34514	43557	35305	37010	34434	47284	36806	33495	30926	37834	33146	28875	32707	48741
	
Abundance
	House Wren	6.42332953286336E-5	9.23126629895456E-5	0.0	0.0	2.6854288629894193E-5	0.0	0.0	0.0	0.0	0.0	0.0	1.2681504026377529E-5	8.444519506840061E-5	5.961356383911351E-4	0.009698257099576899	0.08365262615730563	0.37059829471554506	0.538892966293858	0.5654112742959624	0.41543835137967167	0.36370113433955187	0.33828931595839296	0.3218481447780811	0.3261527631115804	0.32996363636363635	0.3521582964530819	0.3824731634641097	0.29398280802292265	0.23728691649284328	0.19507680918008513	0.1998035639118844	0.16719501904349215	0.13639775942715252	0.11650400327274853	0.10288578547835661	0.0817779002226967	0.06089788981730633	0.022588489597406107	0.007841087297438577	0.0016073090263091108	4.6188121501929033E-4	1.4927601134497685E-4	1.6167625945806118E-4	2.6431252312734577E-5	9.050865866167863E-5	1.038961038961039E-4	4.891919161035864E-4	8.206643277733325E-5
	Total # checklists submitted - (House Wren)	62273	43331	38620	54106	37238	53163	75553	42285	42866	50027	55502	78855	59210	57034	57433	79603	83036	91289	82524	85890	53335	51722	49455	56820	41250	31182	26177	36645	27806	27015	28508	43847	34634	34222	34514	43557	35305	37010	34434	47284	36806	33495	30926	37834	33146	28875	32707	48741
	
Birds Per Party Hour
	House Wren	1.554713816684819	2.61946480622446	0.0	0.0	4.0	0.0	0.0	0.0	0.0	0.0	0.0	0.2857142857142857	1.2191170841183225	0.6480471110826364	1.28981729298317	1.7815409645187352	2.0553288528978526	2.0147104177326938	2.1829245870951954	2.8555436548479594	3.9727881462988868	4.672811436061427	4.9782453612207025	5.316246807682757	4.488536282148695	3.9158713098793267	3.3421472221279367	2.911337236967386	2.521811144102156	2.410853656290898	2.1596448399038763	1.9068292498126462	1.4251710149416172	1.2919757219045038	1.3030269493097342	1.1940525578664278	1.2619274388058113	0.8551125874483653	0.6708206146886007	1.250856333878029	0.3519980324178274	0.48501126420916524	0.3867061605597161	0.0	0.42391449298554434	0.21233211233211233	0.49127252562702683	2.05391665503576
	# checklists reporting species - (House Wren)	4	5	0	0.0	1	0	0.0	0.0	0	0	0.0	2	4	32	413	3757	13916	20106	19993	17225	9911	9004	8210	9632	6871	5494	4973	5665	3404	2609	2736	3549	2586	2414	2315	2418	1468	624	223	78	20	9	5	1	3	5	15	3
	
High Count
	House Wren	1	1	1	0.0	1	1	0.0	0.0	1	1	0.0	1	1	3	16	40	50	50	50	45	40	58	40	34	43	36	31	36	20	24	15	15	20	12	18	90	30	51	17	3	2	2	1	1	1	1	2	1
	# checklists reporting species - (House Wren)	4	5	2	0.0	1	2	0.0	0.0	1	1	0.0	2	8	41	482	4181	15591	23587	22664	19114	10726	9728	8830	10380	7455	5978	5389	6138	3659	2840	2928	3884	2833	2649	2523	2586	1564	710	256	102	29	13	6	3	3	7	19	7
	
Totals
	House Wren	4	5	2	0.0	1	2	0.0	0.0	0	1	0.0	2	8	44	680	7458	32863	52367	48899	37446	20375	18292	16841	19558	14535	11649	10582	11474	7095	5651	6092	7803	5000	4195	3831	3813	2422	1073	355	112	30	15	6	3	3	7	21	7
	# checklists reporting species - (House Wren)	4	5	2	0.0	1	2	0.0	0.0	0	1	0.0	2	8	39	471	4028	14461	20969	20652	17869	10264	9288	8458	9920	7096	5695	5157	5866	3524	2721	2841	3749	2757	2588	2465	2529	1531	690	254	101	28	13	6	3	3	7	19	7
	
Average Count
	House Wren	1.0	1.0	1.0	0.0	1.0	1.0	0.0	0.0	0.0	1.0	0.0	1.0	1.0	1.1282051282051282	1.443736730360934	1.8515392254220457	2.2725261046953875	2.497353235728933	2.367760991671509	2.0955845318708377	1.9850935307872175	1.9694229112833763	1.9911326554741073	1.9715725806451614	2.048337091319053	2.045478489903424	2.0519681985650573	1.956017729287419	2.0133371169125995	2.0768099963248807	2.144315381907779	2.0813550280074686	1.8135654697134567	1.6209428129829984	1.554158215010142	1.5077105575326215	1.581972566949706	1.555072463768116	1.3976377952755905	1.108910891089109	1.0714285714285714	1.1538461538461537	1.0	1.0	1.0	1.0	1.105263157894737	1.0
	# checklists reporting species - (House Wren)	4	5	2	0.0	1	2	0.0	0.0	0	1	0.0	2	8	39	471	4028	14461	20969	20652	17869	10264	9288	8458	9920	7096	5695	5157	5866	3524	2721	2841	3749	2757	2588	2465	2529	1531	690	254	101	28	13	6	3	3	7	19	7
	
