

	Week starting on...	1/1	1/8	1/15	1/22	2/1	2/8	2/15	2/22	3/1	3/8	3/15	3/22	4/1	4/8	4/15	4/22	5/1	5/8	5/15	5/22	6/1	6/8	6/15	6/22	7/1	7/8	7/15	7/22	8/1	8/8	8/15	8/22	9/1	9/8	9/15	9/22	10/1	10/8	10/15	10/22	11/1	11/8	11/15	11/22	12/1	12/8	12/15	12/22
Frequency (%)
	Nelson's Sparrow	0.0064233295328633595	0.00461563314947728	0.0	0.0	0.0	0.0	0.0	0.0	0.0	0.0	0.0	0.0	0.0	0.0	0.0	0.0	0.0	0.010954222304987458	0.023023605254229074	0.016299918500407497	0.02812412112121496	0.05026874444143692	0.030330603579011222	0.038718760999648015	0.11393939393939394	0.10262330831890193	0.5806624135691637	0.7204257060990585	0.7732144141552183	0.5367388487877105	0.22099059913006877	0.15052341095171848	0.1183807818906277	0.04967564724446263	0.0724343744567422	0.5762563996602154	0.7874238776377284	0.5647122399351526	0.36882151362025906	0.15015650114203535	0.013584741618214421	0.0029855202268995375	0.02586820151328979	0.007929375693820373	0.0030169552887226213	0.024242424242424242	0.021402146329531906	0.010258304097166656
	Total # checklists submitted - (Nelson's Sparrow)	62273	43331	38620	54106	37238	53163	75553	42285	42866	50027	55502	78855	59210	57034	57433	79603	83036	91289	82524	85890	53335	51722	49455	56820	41250	31182	26177	36645	27806	27015	28508	43847	34634	34222	34514	43557	35305	37010	34434	47284	36806	33495	30926	37834	33146	28875	32707	48741
	
Abundance
	Nelson's Sparrow	6.42332953286336E-5	4.61563314947728E-5	0.0	0.0	0.0	0.0	0.0	0.0	0.0	0.0	0.0	0.0	0.0	0.0	0.0	0.0	0.0	1.0954222304987458E-4	2.3023605254229073E-4	1.7464198393293747E-4	3.1874003937376957E-4	6.960287691891265E-4	4.650692548781721E-4	5.98380851812742E-4	0.005503030303030303	0.005131165415945096	0.061962791763762085	0.05599672533769955	0.06286413004387542	0.023912641125300758	0.0058930826434685	0.0034437931899559833	0.002685222613616677	8.474081000525977E-4	0.001593556238048328	0.011364419037123768	0.01909078034272766	0.012077816806268576	0.007666840913051054	0.0018399458590643769	1.3584741618214422E-4	2.9855202268995374E-5	2.586820151328979E-4	7.929375693820373E-5	3.016955288722621E-5	2.4242424242424242E-4	2.1402146329531905E-4	1.0258304097166656E-4
	Total # checklists submitted - (Nelson's Sparrow)	62273	43331	38620	54106	37238	53163	75553	42285	42866	50027	55502	78855	59210	57034	57433	79603	83036	91289	82524	85890	53335	51722	49455	56820	41250	31182	26177	36645	27806	27015	28508	43847	34634	34222	34514	43557	35305	37010	34434	47284	36806	33495	30926	37834	33146	28875	32707	48741
	
Birds Per Party Hour
	Nelson's Sparrow	0.8242196289335296	0.8108463434675431	0.0	0.0	0.0	0.0	0.0	0.0	0.0	0.0	0.0	0.0	0.0	0.0	0.0	0.0	0.0	0.10561410040576708	0.4568613150015665	0.445354954423071	0.7052895780248067	7.187052706131454	3.154989642793216	8.470221545962218	12.984416729811448	3.2313123784926865	2.656186217935016	1.506771584420175	1.15061569665011	0.635041113215675	0.3921341797565954	0.296244886412602	0.26214396169824566	0.8399292149292149	0.8316526228274261	1.4426886579830847	1.9500119066680022	1.7349536918840731	1.5565808928879286	0.8982598662474188	0.31761904761904763	0.29994001199760045	0.4729832903784286	0.3148148148148148	1.3333333333333333	0.6968004769656219	0.6268234327390437	0.6399897213355951
	# checklists reporting species - (Nelson's Sparrow)	4	2	0.0	0.0	0.0	0.0	0.0	0.0	0.0	0.0	0.0	0.0	0	0.0	0.0	0.0	0	12	31	26	18	32	14	21	43	30	151	261	210	145	64	65	38	14	33	288	338	246	142	79	5	2	9	3	1	7	7	5
	
High Count
	Nelson's Sparrow	1	1	0.0	0.0	0.0	0.0	0.0	0.0	0.0	0.0	0.0	0.0	1	0.0	0.0	0.0	1	1	1	2	3	7	4	5	51	21	154	44	51	22	10	15	9	4	14	13	29	16	12	4	2	1	1	1	1	1	1	1
	# checklists reporting species - (Nelson's Sparrow)	4	2	0.0	0.0	0.0	0.0	0.0	0.0	0.0	0.0	0.0	0.0	1	0.0	0.0	0.0	1	13	43	37	20	35	16	23	49	38	161	273	215	146	64	68	46	19	41	346	445	337	182	96	8	5	9	3	2	7	7	6
	
Totals
	Nelson's Sparrow	4	2	0.0	0.0	0.0	0.0	0.0	0.0	0.0	0.0	0.0	0.0	1	0.0	0.0	0.0	1	13	42	36	22	45	24	34	228	165	1639	2075	1748	646	171	153	103	31	71	674	991	741	349	117	9	4	9	3	2	7	7	6
	# checklists reporting species - (Nelson's Sparrow)	4	2	0.0	0.0	0.0	0.0	0.0	0.0	0.0	0.0	0.0	0.0	1	0.0	0.0	0.0	1	13	42	35	20	35	15	22	45	35	156	268	215	145	64	68	46	19	40	343	432	330	179	96	8	4	9	3	2	7	7	6
	
Average Count
	Nelson's Sparrow	1.0	1.0	0.0	0.0	0.0	0.0	0.0	0.0	0.0	0.0	0.0	0.0	1.0	0.0	0.0	0.0	1.0	1.0	1.0	1.0285714285714285	1.1	1.2857142857142858	1.6	1.5454545454545454	5.066666666666666	4.714285714285714	10.506410256410257	7.742537313432836	8.130232558139534	4.455172413793103	2.671875	2.25	2.239130434782609	1.631578947368421	1.775	1.9650145772594751	2.2939814814814814	2.2454545454545456	1.9497206703910615	1.21875	1.125	1.0	1.0	1.0	1.0	1.0	1.0	1.0
	# checklists reporting species - (Nelson's Sparrow)	4	2	0.0	0.0	0.0	0.0	0.0	0.0	0.0	0.0	0.0	0.0	1	0.0	0.0	0.0	1	13	42	35	20	35	15	22	45	35	156	268	215	145	64	68	46	19	40	343	432	330	179	96	8	4	9	3	2	7	7	6
	
