

	Week starting on...	1/1	1/8	1/15	1/22	2/1	2/8	2/15	2/22	3/1	3/8	3/15	3/22	4/1	4/8	4/15	4/22	5/1	5/8	5/15	5/22	6/1	6/8	6/15	6/22	7/1	7/8	7/15	7/22	8/1	8/8	8/15	8/22	9/1	9/8	9/15	9/22	10/1	10/8	10/15	10/22	11/1	11/8	11/15	11/22	12/1	12/8	12/15	12/22
Frequency (%)
	Sandhill Crane	0.5684646636584073	0.4569476817982507	0.4816157431382704	0.40660924851217983	0.3544766099146034	0.2576980230611515	0.22103688801238863	0.5368333924559537	0.8491578407129193	1.7930317628480619	2.5332420453316997	2.8799695643903367	4.022969093058605	4.288669916190343	4.022077899465464	4.1732095524038035	3.751384941471169	3.4056677146206007	3.515340991711502	3.255326580509955	2.5761694947032905	2.1460887049998068	1.9815994338287333	1.566349876803942	1.7793939393939393	1.9241870309794111	2.4334339305497195	2.8025651521353527	3.4021434222829603	3.5091615769017213	2.869370001403115	2.8736287545328074	2.8700121268118033	2.5568347846414587	2.4164107318769195	2.479509608099731	2.073360713779918	1.983247770872737	1.8441075681012953	1.7574655274511464	1.4590012497962288	1.4300641886848784	1.2222725215029424	1.2634138605487129	0.9805104688348519	0.6303030303030304	0.9111199437429296	0.5067602224000328
	Total # checklists submitted - (Sandhill Crane)	62273	43331	38620	54106	37238	53163	75553	42285	42866	50027	55502	78855	59210	57034	57433	79603	83036	91289	82524	85890	53335	51722	49455	56820	41250	31182	26177	36645	27806	27015	28508	43847	34634	34222	34514	43557	35305	37010	34434	47284	36806	33495	30926	37834	33146	28875	32707	48741
	
Abundance
	Sandhill Crane	0.8933887880783004	0.5982322125037502	0.5688762299326774	0.8766125753151222	0.4155164079703529	0.3372834490152926	0.17010575357695923	0.24010878562137875	0.27317687677879904	0.4027625082455474	0.27301718856978124	0.15867097837803565	0.24500928897145752	0.259231335694498	0.30757578395695856	0.2735449668982325	0.1094224191916759	0.10041735586982002	0.09926809170665503	0.09480731167772732	0.08617230711540265	0.06078651250918371	0.06227883934890304	0.04860964449137627	0.05561212121212121	0.07408120069270734	0.16724605569774995	0.199890844589985	0.23696324534273178	0.2894317971497316	0.23519713764557318	0.3333865486806395	0.480019633885777	0.7070890070714745	0.9256243843078171	1.406341116238492	1.0415805126752584	1.397108889489327	0.7492304118022884	0.8933254377802217	1.0978916481008532	1.3266756232273473	1.566125590118347	1.3874028651477508	1.2108851746817113	1.1231515151515152	1.87773259546886	0.9828070823331487
	Total # checklists submitted - (Sandhill Crane)	62273	43331	38620	54106	37238	53163	75553	42285	42866	50027	55502	78855	59210	57034	57433	79603	83036	91289	82524	85890	53335	51722	49455	56820	41250	31182	26177	36645	27806	27015	28508	43847	34634	34222	34514	43557	35305	37010	34434	47284	36806	33495	30926	37834	33146	28875	32707	48741
	
Birds Per Party Hour
	Sandhill Crane	445.4933503191296	621.5025258114749	563.2946358775021	815.7714637137722	381.7930481596409	440.81418654089515	281.5233140156766	159.2400718514686	151.547990859317	79.94686787664628	37.29477909443128	18.562476550041975	17.679827507387632	19.329300328962425	20.04717731329278	15.72183513888517	6.208725903989412	5.720856886018636	4.431664673122211	6.105670972981127	8.247401270880141	7.218040905767933	9.2443608147072	10.602228323229896	8.636951465698223	9.9692309186467	9.48043530988792	14.678567013206205	10.190797998332721	17.416529292038742	16.645826380907817	36.65505910180912	72.70079409619716	87.22629857167225	144.51309329418098	170.44601934951385	142.17625980981364	280.36395134522706	125.43241938137524	192.94333744880367	212.8647528827639	308.44475555685756	490.7950763059652	327.39515819453095	343.4347657158741	838.1510800618505	476.9028990456021	611.4571863232907
	# checklists reporting species - (Sandhill Crane)	390	226	198	256	153	159	196	266	431	1000	1585	2561	2597	2586	2467	3492	3217	3176	2915	2923	1450	1206	1047	1048	766	654	706	1160	1032	974	908	1390	1103	1019	934	1224	816	869	762	997	647	590	468	636	412	226	345	292
	
High Count
	Sandhill Crane	4500	2000	1700	3500	1500	1800	1000	1047	1200	1600	800	450	510	650	710	8000	100	190	155	140	310	110	124	116	75	103	162	350	200	236	1218	1327	1200	1300	2410	2000	1549	2470	3000	2000	1550	2500	2000	2000	2500	3300	4820	3200
	# checklists reporting species - (Sandhill Crane)	441	248	220	275	160	169	207	288	456	1068	1687	2804	2880	2921	2841	3917	3644	3705	3336	3286	1645	1341	1164	1153	914	799	836	1342	1178	1208	1048	1602	1249	1138	1097	1375	907	956	847	1080	739	637	508	713	455	261	385	314
	
Totals
	Sandhill Crane	64639	29893	23449	52497	17522	19123	14968	11760	12680	20944	17952	14954	16417	17135	21665	32182	10650	10630	9586	9992	5337	3742	3659	3466	2870	2937	5140	9118	7569	9193	10598	20124	26665	31550	49378	73589	44535	59154	31412	55098	51158	54503	58819	67983	50795	35709	69821	52611
	# checklists reporting species - (Sandhill Crane)	423	243	212	267	159	164	202	282	451	1048	1656	2747	2803	2816	2731	3779	3449	3381	3110	3110	1569	1293	1105	1115	880	772	808	1303	1150	1180	1023	1552	1211	1116	1059	1332	884	935	827	1060	724	621	499	698	445	253	375	307
	
Average Count
	Sandhill Crane	152.81087470449174	123.01646090534979	110.60849056603773	196.61797752808988	110.20125786163523	116.60365853658537	74.0990099009901	41.702127659574465	28.11529933481153	19.984732824427482	10.840579710144928	5.443756825627958	5.85693899393507	6.084872159090909	7.932991578176492	8.516009526329716	3.0878515511742535	3.1440402247855666	3.082315112540193	3.212861736334405	3.401529636711281	2.8940448569218873	3.31131221719457	3.1085201793721975	3.2613636363636362	3.8044041450777204	6.361386138613861	6.997697620874904	6.581739130434783	7.790677966101695	10.359726295210166	12.966494845360824	22.018992568125515	28.270609318996417	46.627006610009445	55.246996996997	50.3789592760181	63.26631016042781	37.983071342200724	51.97924528301887	70.66022099447514	87.76650563607086	117.87374749498998	97.39684813753581	114.14606741573034	141.14229249011856	186.18933333333334	171.371335504886
	# checklists reporting species - (Sandhill Crane)	423	243	212	267	159	164	202	282	451	1048	1656	2747	2803	2816	2731	3779	3449	3381	3110	3110	1569	1293	1105	1115	880	772	808	1303	1150	1180	1023	1552	1211	1116	1059	1332	884	935	827	1060	724	621	499	698	445	253	375	307
	
