

	Week starting on...	1/1	1/8	1/15	1/22	2/1	2/8	2/15	2/22	3/1	3/8	3/15	3/22	4/1	4/8	4/15	4/22	5/1	5/8	5/15	5/22	6/1	6/8	6/15	6/22	7/1	7/8	7/15	7/22	8/1	8/8	8/15	8/22	9/1	9/8	9/15	9/22	10/1	10/8	10/15	10/22	11/1	11/8	11/15	11/22	12/1	12/8	12/15	12/22
Frequency (%)
	Ring-necked Duck	1.172257639747563	0.9554360619417968	0.6861729673744174	0.8908438990130484	0.6955260755142596	0.590636344826289	0.5175175042685267	1.780773323873714	2.3421826155927774	6.154676474703661	9.495153327808007	11.081098218248684	12.209086302989359	11.473857698916436	10.608883394564101	8.54113538434481	4.930391637362108	2.3595394844942983	1.606805293005671	1.4739783443939922	1.1474641417455704	0.9512393178918062	0.6874936811242544	0.617740232312566	0.6084848484848484	0.6093258931434803	0.6494250678076173	0.6412880338381771	0.7588290297058189	0.8254673329631685	0.8594078855058229	1.0240153260200242	1.1376104406074954	1.2126702121442348	1.5761719881787102	2.704502146612485	3.792663928622008	4.22318292353418	4.99506301910902	5.024955587513746	4.985600173884692	3.7468278847589196	2.5803531009506564	1.807897658191045	1.6020032583117116	1.1913419913419914	1.1587733512703702	0.9191440471061324
	Total # checklists submitted - (Ring-necked Duck)	62273	43331	38620	54106	37238	53163	75553	42285	42866	50027	55502	78855	59210	57034	57433	79603	83036	91289	82524	85890	53335	51722	49455	56820	41250	31182	26177	36645	27806	27015	28508	43847	34634	34222	34514	43557	35305	37010	34434	47284	36806	33495	30926	37834	33146	28875	32707	48741
	
Abundance
	Ring-necked Duck	0.12414690154641658	0.07445016270106852	0.0453909891248058	0.07581414260895279	0.05301036575541114	0.033575983296653684	0.0290789247283364	0.23826415986756533	0.30044790743246397	1.2258180582485458	2.638769774062196	3.4728552406315387	3.194409728086472	2.8369744363011535	2.0226002472446156	1.221323316960416	0.458825087913676	0.14721379355672645	0.06210314575153895	0.04815461636977529	0.04297365707321646	0.04027299795058196	0.03140228490546962	0.026451953537486802	0.03784242424242424	0.04964402539926881	0.059021278221339346	0.04467185154864238	0.053981155146371286	0.06955395150842125	0.03865581591132314	0.05416562136520173	0.0633481549922042	0.0852375664777044	0.15810975256417686	0.34380237390086554	1.2706415521880754	1.182383139691975	2.146715455654295	3.2120167498519585	4.2228984404716625	3.3449171518137035	2.272101144667917	1.1436538563197125	0.2798527725819103	0.1277229437229437	0.1480722781056043	0.07269034283252293
	Total # checklists submitted - (Ring-necked Duck)	62273	43331	38620	54106	37238	53163	75553	42285	42866	50027	55502	78855	59210	57034	57433	79603	83036	91289	82524	85890	53335	51722	49455	56820	41250	31182	26177	36645	27806	27015	28508	43847	34634	34222	34514	43557	35305	37010	34434	47284	36806	33495	30926	37834	33146	28875	32707	48741
	
Birds Per Party Hour
	Ring-necked Duck	22.279927027709242	18.365623275852478	15.897968440473234	19.98183091193758	16.391784240444622	16.78448407543609	13.143552180906282	31.309649099637884	32.39767255544478	45.42742958596678	63.414348207026954	78.20126993937718	63.41866612847563	57.76065718780212	43.22849668967408	32.165226952844144	18.521005249045025	11.989114524600838	5.936770845458555	6.5912750685104555	7.320347788006859	7.562237740171582	8.2925687335202	6.835385409024823	10.961114361762451	18.589252240059654	17.741103088634034	10.652310862514879	15.323173375755742	14.607298623179362	10.99976807861562	16.640752343772906	10.525652095028764	9.751774676582695	15.267732676308867	21.97398411477661	34.81893293391427	36.94332116381388	63.78049614569924	102.29677698912279	124.49419408100401	139.675186388236	93.52728486235036	46.91815801202845	25.499651682212363	23.261210246206403	28.81518189280885	17.329497782059086
	# checklists reporting species - (Ring-necked Duck)	734	409	265	479	270	323	405	754	1020	3067	5194	8547	7036	6298	5877	6715	4025	2166	1318	1282	626	495	339	350	251	179	168	231	218	220	258	464	401	411	553	1142	1313	1527	1660	2317	1787	1205	774	658	551	354	382	447
	
High Count
	Ring-necked Duck	275	212	100	114	78	100	100	1973	450	1128	2400	2500	2500	3500	5000	1855	422	420	70	68	80	130	86	62	138	150	250	75	83	150	54	75	160	175	200	600	3700	1800	3500	4500	8000	4240	6760	2725	1200	225	510	201
	# checklists reporting species - (Ring-necked Duck)	856	474	311	567	306	357	438	847	1137	3367	5787	9663	8008	7223	6761	7566	4512	2432	1498	1458	715	558	396	415	302	211	188	258	238	245	278	507	447	466	625	1305	1486	1733	1902	2629	2026	1364	887	758	644	399	420	539
	
Totals
	Ring-necked Duck	8711	3933	1976	4886	2184	2102	2399	10540	13836	66373	158225	302957	214118	179879	130181	106412	41344	14932	5509	4541	2726	2376	1722	1684	1681	1756	1608	1708	1579	1974	1307	2709	2456	3152	6720	16438	48499	46292	77701	158701	170900	115872	76784	44864	10087	4180	5215	4891
	# checklists reporting species - (Ring-necked Duck)	818	454	288	531	289	344	426	807	1101	3250	5487	9163	7535	6758	6295	7084	4237	2281	1402	1382	669	536	373	388	274	199	182	249	234	234	265	493	434	446	602	1242	1409	1645	1781	2461	1894	1270	825	709	613	383	409	498
	
Average Count
	Ring-necked Duck	10.64914425427873	8.662995594713657	6.861111111111111	9.2015065913371	7.557093425605537	6.1104651162790695	5.631455399061033	13.060718711276332	12.56675749318801	20.422461538461537	28.836340441042463	33.063079777365495	28.416456536164567	26.617194436223734	20.680063542494043	15.0214568040655	9.757847533632287	6.546251644015783	3.929386590584879	3.2858176555716354	4.074738415545591	4.432835820895522	4.616621983914209	4.34020618556701	6.135036496350365	8.824120603015075	8.835164835164836	6.859437751004016	6.747863247863248	8.435897435897436	4.932075471698113	5.494929006085193	5.658986175115207	7.067264573991031	11.162790697674419	13.235104669887278	34.4208658623137	28.141033434650456	43.627737226277375	64.48638764729785	90.23231256599789	91.23779527559056	93.07151515151516	63.277856135401976	16.455138662316475	10.913838120104439	12.750611246943766	9.82128514056225
	# checklists reporting species - (Ring-necked Duck)	818	454	288	531	289	344	426	807	1101	3250	5487	9163	7535	6758	6295	7084	4237	2281	1402	1382	669	536	373	388	274	199	182	249	234	234	265	493	434	446	602	1242	1409	1645	1781	2461	1894	1270	825	709	613	383	409	498
	
