

	Week starting on...	1/1	1/8	1/15	1/22	2/1	2/8	2/15	2/22	3/1	3/8	3/15	3/22	4/1	4/8	4/15	4/22	5/1	5/8	5/15	5/22	6/1	6/8	6/15	6/22	7/1	7/8	7/15	7/22	8/1	8/8	8/15	8/22	9/1	9/8	9/15	9/22	10/1	10/8	10/15	10/22	11/1	11/8	11/15	11/22	12/1	12/8	12/15	12/22
Frequency (%)
	Hoary Redpoll	0.6391212885199042	0.7546560199395351	0.9166235111341274	1.0608804938454146	1.3668832912616145	1.2621560107593628	1.1515095363519647	1.3219817902329432	1.3880464703961182	1.1034041617526535	0.8251954884508667	0.7177731278929681	0.5303158250295559	0.35066802258302066	0.16715128932843487	0.06658040526110824	0.0192687509032227	0.006572533382992475	0.0012117686975910038	0.0	0.0018749414080809974	0.0	0.0040440804772014964	0.0035198873636043647	0.014545454545454545	0.0	0.0	0.0	0.0	0.0	0.0	0.002280657741692704	0.0	0.0	0.0	0.0022958422297219734	0.00283245999150262	0.013509862199405566	0.008712319219376197	0.09939937399543186	0.21735586589143074	0.2328705776981639	0.3136519433486387	0.2246656446582439	0.33789899233693355	0.33246753246753247	0.5625707035191244	0.5703617078024661
	Total # checklists submitted - (Hoary Redpoll)	62273	43331	38620	54106	37238	53163	75553	42285	42866	50027	55502	78855	59210	57034	57433	79603	83036	91289	82524	85890	53335	51722	49455	56820	41250	31182	26177	36645	27806	27015	28508	43847	34634	34222	34514	43557	35305	37010	34434	47284	36806	33495	30926	37834	33146	28875	32707	48741
	
Abundance
	Hoary Redpoll	0.011497759863825414	0.012554522166578201	0.013852925945106162	0.016578567996155695	0.019120253504484666	0.020202020202020204	0.020846293330509708	0.02036183043632494	0.02083236131199552	0.01793031762848062	0.012395949695506468	0.010741233910341767	0.007448066205032934	0.005067152926324648	0.0020023331534135425	8.919261836865445E-4	2.1677344766125536E-4	6.572533382992475E-5	2.4235373951820075E-5	0.0	1.8749414080809974E-5	0.0	8.088160954402993E-5	7.039774727208729E-5	2.4242424242424242E-4	0.0	0.0	0.0	0.0	0.0	0.0	1.1403288708463521E-4	0.0	0.0	0.0	0.0	2.83245999150262E-5	2.701972439881113E-4	8.712319219376198E-5	0.0020937314947973946	0.01054175949573439	0.0056724884311091205	0.0072107611718295285	0.003568219062219168	0.004646111144632837	0.004467532467532467	0.00846913504754334	0.007714244681069325
	Total # checklists submitted - (Hoary Redpoll)	62273	43331	38620	54106	37238	53163	75553	42285	42866	50027	55502	78855	59210	57034	57433	79603	83036	91289	82524	85890	53335	51722	49455	56820	41250	31182	26177	36645	27806	27015	28508	43847	34634	34222	34514	43557	35305	37010	34434	47284	36806	33495	30926	37834	33146	28875	32707	48741
	
Birds Per Party Hour
	Hoary Redpoll	3.3150087487105155	2.4293480039548037	2.582235470850448	2.5240549553361933	2.1660187172766157	2.587506657783623	2.1555577852052474	3.223776493376728	2.3526719436385006	2.5331315753768244	2.2794203987654282	2.312769262950855	1.6388543306753969	1.4211176726542767	1.6274276301994255	1.7127433525841338	0.8091434674819453	0.9994766597486373	0.9090909090909091	0.0	0.08333333333333333	0.0	24.096385542168676	24.096385542168676	17.21170395869191	0.0	0.0	0.0	0.0	0.0	0.0	0.0	0.0	0.0	0.0	0.0	0.0	0.1792717086834734	0.7404914987855408	2.719696958408859	2.806950953072161	1.6861990922239416	2.388857489221793	2.296374535962368	5.928713327595135	2.4610925918341433	2.7760882375211895	2.6764286555030186
	# checklists reporting species - (Hoary Redpoll)	401	316	361	558	476	632	824	513	576	544	454	562	309	190	89	39	14	6	1	1	1	0.0	2	2	7	0.0	0.0	0.0	0.0	0.0	0.0	0	0.0	0.0	0.0	0	1	7	4	49	81	83	109	86	108	87	163	270
	
High Count
	Hoary Redpoll	150	75	15	34	13	20	40	17	12	17	14	16	9	15	9	8	6	1	2	1	1	0.0	2	2	2	0.0	0.0	0.0	0.0	0.0	0.0	5	0.0	0.0	0.0	1	1	7	2	20	90	21	27	15	13	14	9	8
	# checklists reporting species - (Hoary Redpoll)	491	392	430	670	584	754	957	640	682	645	531	653	364	238	121	60	18	6	1	1	1	0.0	2	2	8	0.0	0.0	0.0	0.0	0.0	0.0	1	0.0	0.0	0.0	1	1	8	4	51	91	100	118	109	133	115	222	330
	
Totals
	Hoary Redpoll	832	619	638	1051	802	1176	1715	958	1007	1028	799	981	496	327	163	86	28	6	2	1	1	0.0	4	4	11	0.0	0.0	0.0	0.0	0.0	0.0	5	0.0	0.0	0.0	0	1	18	5	106	401	277	252	160	180	150	324	433
	# checklists reporting species - (Hoary Redpoll)	474	379	418	656	568	737	935	617	669	623	517	632	348	226	109	53	17	6	1	1	1	0.0	2	2	7	0.0	0.0	0.0	0.0	0.0	0.0	1	0.0	0.0	0.0	0	1	7	4	51	89	95	115	106	130	113	217	320
	
Average Count
	Hoary Redpoll	1.7552742616033756	1.633245382585752	1.5263157894736843	1.6021341463414633	1.4119718309859155	1.5956580732700136	1.8342245989304813	1.5526742301458671	1.5052316890881914	1.6500802568218298	1.5454545454545454	1.5522151898734178	1.4252873563218391	1.4469026548672566	1.4954128440366972	1.6226415094339623	1.6470588235294117	1.0	2.0	1.0	1.0	0.0	2.0	2.0	1.5714285714285714	0.0	0.0	0.0	0.0	0.0	0.0	5.0	0.0	0.0	0.0	0.0	1.0	2.5714285714285716	1.25	2.0784313725490198	4.50561797752809	2.9157894736842107	2.1913043478260867	1.509433962264151	1.3846153846153846	1.3274336283185841	1.4930875576036866	1.353125
	# checklists reporting species - (Hoary Redpoll)	474	379	418	656	568	737	935	617	669	623	517	632	348	226	109	53	17	6	1	1	1	0.0	2	2	7	0.0	0.0	0.0	0.0	0.0	0.0	1	0.0	0.0	0.0	0	1	7	4	51	89	95	115	106	130	113	217	320
	
