

	Week starting on...	1/1	1/8	1/15	1/22	2/1	2/8	2/15	2/22	3/1	3/8	3/15	3/22	4/1	4/8	4/15	4/22	5/1	5/8	5/15	5/22	6/1	6/8	6/15	6/22	7/1	7/8	7/15	7/22	8/1	8/8	8/15	8/22	9/1	9/8	9/15	9/22	10/1	10/8	10/15	10/22	11/1	11/8	11/15	11/22	12/1	12/8	12/15	12/22
Frequency (%)
	Merlin	0.9329886146484031	0.8885093812743763	0.8493008803728638	0.7965844823124978	0.8056286588968259	0.6263754867106823	0.5214882268076714	0.8608253517795909	0.9121448234031634	1.321286505287145	1.4774242369644337	1.837549933422104	2.3948657321398414	2.9438580495844584	3.0888165340483695	3.3013831137017444	2.860205212197119	2.3485852621893106	2.3920314090446415	1.9047619047619049	1.411830880284991	1.2953868759908742	1.2880396319886764	1.4748328053502286	1.9054545454545455	2.414854723879161	3.2853268136150056	3.760403875017056	4.477450909875567	4.430871737923376	4.689911603760348	5.699363696490068	7.573482704856499	8.520834550873706	7.895346815784898	7.02757306517896	5.993485342019544	5.09592002161578	4.434570482662484	3.144827002791642	2.2713687985654514	1.782355575459024	1.3289788527452628	1.1682613522228684	0.8869848548844506	1.0147186147186147	1.363622466138747	1.095586877577399
	Total # checklists submitted - (Merlin)	62273	43331	38620	54106	37238	53163	75553	42285	42866	50027	55502	78855	59210	57034	57433	79603	83036	91289	82524	85890	53335	51722	49455	56820	41250	31182	26177	36645	27806	27015	28508	43847	34634	34222	34514	43557	35305	37010	34434	47284	36806	33495	30926	37834	33146	28875	32707	48741
	
Abundance
	Merlin	0.00953864435630209	0.008977406475733309	0.008726048679440703	0.008039773777399919	0.00819055803211773	0.006376615315162801	0.005307532460656758	0.00893934019155729	0.009518032939859096	0.014432206608431447	0.01655796187524774	0.0204299029864942	0.027326465124134437	0.034558333625556686	0.03604199676144377	0.03818951547052247	0.03232332964015608	0.025567154859840725	0.02599243856332703	0.02064268250087321	0.015430767788506609	0.014345926298286996	0.014558689717925387	0.01707145371348117	0.02281212121212121	0.03088320184721955	0.04465752378041792	0.0528857961522718	0.06034668776523053	0.05526559318896909	0.05840465834151817	0.07083722945697539	0.09461800542819195	0.11480918707264333	0.10743466419424001	0.09465757513143697	0.07837416796487749	0.06298297757362875	0.05802404600104548	0.037983250148041624	0.024398195946313102	0.019256605463502014	0.014065834572851323	0.01184120103610509	0.009141374524829542	0.010528138528138529	0.01415599107224753	0.011243101290494656
	Total # checklists submitted - (Merlin)	62273	43331	38620	54106	37238	53163	75553	42285	42866	50027	55502	78855	59210	57034	57433	79603	83036	91289	82524	85890	53335	51722	49455	56820	41250	31182	26177	36645	27806	27015	28508	43847	34634	34222	34514	43557	35305	37010	34434	47284	36806	33495	30926	37834	33146	28875	32707	48741
	
Birds Per Party Hour
	Merlin	4.0028297566132744	4.028135524776014	3.372758676502751	3.0048709072975273	3.318795447182443	3.011714689538984	2.42836736697566	3.6262981413436397	2.8340111796005543	3.4459116557606735	3.388491267853047	2.9313683231708865	2.637460266720173	2.501606137648498	2.5956291302442978	1.9911257183688724	1.7048579299103421	1.5757095595238937	1.420368027046107	1.6533721146495084	2.4211288578952654	3.083068098566004	2.673482674898762	3.2470058079259774	2.830244476544452	3.7379502867346153	2.935707844726501	2.804405472540742	2.2364132834973818	1.7366340657064119	1.7521552946501093	1.424577494890074	1.274457420218233	1.3301773423133405	1.248557544964457	1.2581166314973262	1.4317468171972882	1.3699155650258352	1.191056339885076	1.4770974850428036	1.3975719378315212	1.9763412543655996	2.468145437450139	2.3850225437667296	2.5984858302185447	3.230420263917976	2.756620649521047	2.11950309944984
	# checklists reporting species - (Merlin)	727	498	405	561	378	426	476	476	467	786	987	1727	1657	1881	1965	2894	2528	2277	2077	1753	805	730	710	931	878	839	999	1602	1392	1288	1445	2585	2761	3066	2907	3334	2296	2048	1696	1668	947	670	465	537	381	355	536	658
	
High Count
	Merlin	4	2	4	2	3	2	3	3	15	15	6	10	15	13	6	12	13	7	5	5	4	4	5	7	7	7	6	6	7	7	13	9	9	16	19	24	36	15	16	11	10	3	2	3	3	4	4	3
	# checklists reporting species - (Merlin)	881	586	490	654	478	496	562	566	560	905	1116	1978	1894	2166	2305	3266	2865	2581	2341	2007	919	851	847	1094	1051	1026	1163	1853	1589	1463	1635	2997	3225	3553	3375	3761	2602	2302	1888	1862	1099	768	547	614	460	420	612	760
	
Totals
	Merlin	899	586	500	659	485	500	569	590	615	1019	1236	2207	2273	2574	2679	3774	3249	2795	2544	2171	993	937	952	1263	1278	1304	1575	2659	2123	1805	1985	3657	3986	4848	4596	5117	3364	2887	2475	2251	1199	826	568	621	471	436	630	778
	# checklists reporting species - (Merlin)	871	580	488	647	473	490	555	560	558	898	1108	1946	1869	2132	2243	3196	2761	2464	2237	1911	877	815	808	1054	1009	984	1113	1788	1528	1420	1578	2897	3154	3446	3283	3672	2548	2261	1864	1844	1083	755	539	610	458	417	605	752
	
Average Count
	Merlin	1.032146957520092	1.0103448275862068	1.0245901639344261	1.01854714064915	1.025369978858351	1.0204081632653061	1.0252252252252252	1.0535714285714286	1.1021505376344085	1.1347438752783965	1.1155234657039712	1.134121274409044	1.2161583734617443	1.2073170731707317	1.1943825234061525	1.1808510638297873	1.176747555233611	1.1343344155844155	1.1372373714796602	1.1360544217687074	1.1322690992018245	1.1496932515337424	1.1782178217821782	1.198292220113852	1.2666005946481664	1.3252032520325203	1.4150943396226414	1.4871364653243848	1.3893979057591623	1.2711267605633803	1.2579214195183777	1.2623403520883674	1.2637920101458466	1.4068485200232153	1.3999390801096558	1.3935185185185186	1.3202511773940346	1.2768686421937196	1.3277896995708154	1.220715835140998	1.1071098799630656	1.0940397350993378	1.0538033395176252	1.018032786885246	1.0283842794759825	1.0455635491606714	1.0413223140495869	1.0345744680851063
	# checklists reporting species - (Merlin)	871	580	488	647	473	490	555	560	558	898	1108	1946	1869	2132	2243	3196	2761	2464	2237	1911	877	815	808	1054	1009	984	1113	1788	1528	1420	1578	2897	3154	3446	3283	3672	2548	2261	1864	1844	1083	755	539	610	458	417	605	752
	
