

	Week starting on...	1/1	1/8	1/15	1/22	2/1	2/8	2/15	2/22	3/1	3/8	3/15	3/22	4/1	4/8	4/15	4/22	5/1	5/8	5/15	5/22	6/1	6/8	6/15	6/22	7/1	7/8	7/15	7/22	8/1	8/8	8/15	8/22	9/1	9/8	9/15	9/22	10/1	10/8	10/15	10/22	11/1	11/8	11/15	11/22	12/1	12/8	12/15	12/22
Frequency (%)
	Lesser Yellowlegs	0.0	0.0	0.0	0.0	0.0	0.0	0.0	0.009459619250325174	0.0	0.001998920582885242	0.014413894994774962	0.045653414494959105	0.16382367843269718	0.48392187116456853	0.9837549840683928	2.7574337650591056	4.943638903608074	5.455202707883753	3.9721777907033107	0.9977878682035162	0.15749507827880377	0.0657360504234175	0.1091901728844404	0.2921506511791622	1.1854545454545455	3.11397601180168	6.2344806509531265	7.747305225815254	9.465582967704812	11.19007958541551	12.266732145362704	11.92555933131115	10.844834555638966	8.06206533808661	6.67555194993336	5.592671671602727	4.404475286786575	3.3882734396109155	2.7879421502003834	1.6453768716690635	0.4265608868119329	0.14330497089117777	0.0679040289723857	0.04229000370037532	0.05430519519700718	0.0069264069264069255	0.003057449475647415	0.0
	Total # checklists submitted - (Lesser Yellowlegs)	62273	43331	38620	54106	37238	53163	75553	42285	42866	50027	55502	78855	59210	57034	57433	79603	83036	91289	82524	85890	53335	51722	49455	56820	41250	31182	26177	36645	27806	27015	28508	43847	34634	34222	34514	43557	35305	37010	34434	47284	36806	33495	30926	37834	33146	28875	32707	48741
	
Abundance
	Lesser Yellowlegs	0.0	0.0	0.0	0.0	0.0	0.0	0.0	1.6554333688069056E-4	0.0	3.997841165770484E-5	1.6215631869121832E-4	7.862532496354067E-4	0.003496031075831785	0.012834449626538557	0.034544599794543204	0.1518033239953268	0.4079796714677971	0.4022938141506644	0.16952644079298143	0.01811619513331005	0.002156182619293147	8.700359614864081E-4	0.0015367505813365686	0.005191833861316438	0.051078787878787876	0.27749983965108077	1.878328303472514	2.3431300313821803	2.2059987053153995	2.0737368128817324	1.7179037463168234	1.2967819919264716	0.9919732055205867	0.6482087546023027	0.4859767051051747	0.3485088504717956	0.23129868290610395	0.17225074304242097	0.1228437009932044	0.052110650537179594	0.008585556702711515	0.0021495745633676668	7.437107935070814E-4	4.4933128931648784E-4	5.430519519700718E-4	1.038961038961039E-4	3.057449475647415E-5	0.0
	Total # checklists submitted - (Lesser Yellowlegs)	62273	43331	38620	54106	37238	53163	75553	42285	42866	50027	55502	78855	59210	57034	57433	79603	83036	91289	82524	85890	53335	51722	49455	56820	41250	31182	26177	36645	27806	27015	28508	43847	34634	34222	34514	43557	35305	37010	34434	47284	36806	33495	30926	37834	33146	28875	32707	48741
	
Birds Per Party Hour
	Lesser Yellowlegs	0.0	0.0	0.0	0.0	0.0	0.0	0.0	5.226358630656967	0.0	24.096385542168676	1.124143908582144	2.1894336994391494	6.089242574011529	6.224014146296731	7.035388364571512	11.305017624272	18.377511729136323	14.891017455852197	6.947658887743911	2.9688033802328686	2.2173825530123046	5.016855689223833	9.097210826782714	4.254247594072621	8.664146224871141	13.756804552020599	18.936414129996763	16.95589433085777	15.60037580984271	15.781449418538205	13.599263015260984	11.969699369295462	11.16940978783666	11.222228601402104	10.395496109721867	9.834821984503243	7.868341032132264	7.557326056164439	6.044491789802132	5.259960321955034	3.0551064715650376	3.2045507313419073	4.970683287104678	3.3762084092498106	5.01264444483464	6.678714859437751	0.0	0.0
	# checklists reporting species - (Lesser Yellowlegs)	0.0	0.0	0.0	0.0	0.0	0.0	0.0	4	1	1	16	55	124	319	670	2518	4538	5207	3505	1049	122	44	61	238	573	1103	1839	3193	2902	3498	4044	5925	4117	3009	2510	2654	1691	1328	1045	883	189	59	34	22	26	4	2	0
	
High Count
	Lesser Yellowlegs	0.0	0.0	0.0	0.0	0.0	0.0	0.0	3	3	2	4	18	12	28	58	225	460	425	110	180	24	8	45	130	150	300	737	1734	800	691	1500	435	905	500	200	184	156	89	121	41	15	7	4	6	4	2	2	1
	# checklists reporting species - (Lesser Yellowlegs)	0.0	0.0	0.0	0.0	0.0	0.0	0.0	4	4	2	18	72	155	373	784	2822	5235	6134	4049	1278	147	56	76	304	712	1305	2084	3631	3273	3884	4548	6702	4714	3400	2847	2961	1859	1484	1170	996	248	91	47	28	34	4	2	2
	
Totals
	Lesser Yellowlegs	0.0	0.0	0.0	0.0	0.0	0.0	0.0	7	6	3	23	136	337	951	2763	15664	45191	45239	17383	2723	237	80	152	1402	4410	15165	57522	101848	71196	68237	63655	73252	45214	28111	20934	19971	10296	7721	5629	3276	582	129	57	40	43	6	3	2
	# checklists reporting species - (Lesser Yellowlegs)	0.0	0.0	0.0	0.0	0.0	0.0	0.0	4	4	2	18	72	152	358	749	2698	4856	5507	3698	1177	139	55	72	294	684	1244	1989	3429	3088	3682	4288	6376	4462	3257	2696	2816	1773	1424	1129	974	244	89	47	28	34	4	2	2
	
Average Count
	Lesser Yellowlegs	0.0	0.0	0.0	0.0	0.0	0.0	0.0	1.75	1.5	1.5	1.2777777777777777	1.8888888888888888	2.2171052631578947	2.6564245810055866	3.6889185580774364	5.805782060785767	9.306219110378912	8.214817504993645	4.700648999459167	2.3135089209855564	1.7050359712230216	1.4545454545454546	2.111111111111111	4.7687074829931975	6.447368421052632	12.190514469453376	28.920060331825038	29.701953922426362	23.055699481865286	18.532590983161324	14.84491604477612	11.48870765370138	10.1331241595697	8.630948725821307	7.764836795252226	7.091974431818182	5.807106598984771	5.422050561797753	4.985828166519044	3.3634496919917862	2.3852459016393444	1.449438202247191	1.2127659574468086	1.4285714285714286	1.2647058823529411	1.5	1.5	1.0
	# checklists reporting species - (Lesser Yellowlegs)	0.0	0.0	0.0	0.0	0.0	0.0	0.0	4	4	2	18	72	152	358	749	2698	4856	5507	3698	1177	139	55	72	294	684	1244	1989	3429	3088	3682	4288	6376	4462	3257	2696	2816	1773	1424	1129	974	244	89	47	28	34	4	2	2
	
