

	Week starting on...	1/1	1/8	1/15	1/22	2/1	2/8	2/15	2/22	3/1	3/8	3/15	3/22	4/1	4/8	4/15	4/22	5/1	5/8	5/15	5/22	6/1	6/8	6/15	6/22	7/1	7/8	7/15	7/22	8/1	8/8	8/15	8/22	9/1	9/8	9/15	9/22	10/1	10/8	10/15	10/22	11/1	11/8	11/15	11/22	12/1	12/8	12/15	12/22
Frequency (%)
	Blackburnian Warbler	0.0	0.0	0.0	0.0	0.0	0.0	0.0	0.0	0.0	0.0	0.0	0.0	0.0	0.0	0.00522347779151359	0.16582289612200546	4.178910352136423	12.17452266976306	16.772090543357084	7.920596111305158	4.177369457204462	4.4410502300761765	3.991507430997877	3.785638859556494	3.624242424242424	2.171124366621769	1.2682889559536998	1.1133851821530905	1.4457311371646406	2.7281140107347768	5.430054721481689	7.293543457933269	7.700525495178148	6.9078370638770386	4.233064843252014	1.7172899878320362	0.4503611386489166	0.08646311807619562	0.02323285125166986	0.008459521191100583	0.016301689941857305	0.01194208090759815	0.0	0.0	0.0	0.0	0.0	0.0
	Total # checklists submitted - (Blackburnian Warbler)	62273	43331	38620	54106	37238	53163	75553	42285	42866	50027	55502	78855	59210	57034	57433	79603	83036	91289	82524	85890	53335	51722	49455	56820	41250	31182	26177	36645	27806	27015	28508	43847	34634	34222	34514	43557	35305	37010	34434	47284	36806	33495	30926	37834	33146	28875	32707	48741
	
Abundance
	Blackburnian Warbler	0.0	0.0	0.0	0.0	0.0	0.0	0.0	0.0	0.0	0.0	0.0	0.0	0.0	0.0	5.2234777915135894E-5	0.00189691343291082	0.06772965942482778	0.2678745522461633	0.3807619601570452	0.14811968797298872	0.07430392800224993	0.08431615173427168	0.06328985946820341	0.05466385075677578	0.05476363636363636	0.03328843563594382	0.018451312220651717	0.017437576749897668	0.024383226641732002	0.053747917823431426	0.10414620457415462	0.14477615344265285	0.18865854362764914	0.1210040324937175	0.061887929535840526	0.021948251716142068	0.005834867582495397	8.646311807619562E-4	2.6136957658128593E-4	1.057440148887573E-4	1.6301689941857305E-4	1.194208090759815E-4	0.0	0.0	0.0	0.0	0.0	0.0
	Total # checklists submitted - (Blackburnian Warbler)	62273	43331	38620	54106	37238	53163	75553	42285	42866	50027	55502	78855	59210	57034	57433	79603	83036	91289	82524	85890	53335	51722	49455	56820	41250	31182	26177	36645	27806	27015	28508	43847	34634	34222	34514	43557	35305	37010	34434	47284	36806	33495	30926	37834	33146	28875	32707	48741
	
Birds Per Party Hour
	Blackburnian Warbler	0.0	0.0	0.0	0.0	0.0	0.0	0.0	0.0	0.0	0.0	0.0	0.0	0.0	0.0	0.13026232787137473	0.5628411521574876	1.1756842363614024	1.3324149376805943	1.5278443491324254	2.5463172506403207	5.351241942529769	7.257370575467871	7.771988326146682	7.400224619278708	6.556499963012531	3.9715580309467464	1.5772115377316571	1.3055408769215697	1.426603101497081	1.8486943057579945	1.7382456273790325	1.5107397114099972	1.4166200148429298	1.4225045641399876	1.1212370718720954	1.002447438852199	0.6896322397491103	0.9261153505550861	0.7515054207422902	0.47508738354398417	0.1660045744552787	0.24787904092704616	0.0	0.0	0.0	0.0	0.0	0.0
	# checklists reporting species - (Blackburnian Warbler)	0.0	0.0	0.0	0.0	0.0	0.0	0.0	0.0	0.0	0.0	0.0	0.0	0.0	0.0	3	147	3410	10575	13827	7173	2257	2253	1972	2097	1490	656	339	404	422	746	1577	3189	2624	2339	1423	763	167	34	9	6	7	5	1	0.0	0.0	0.0	0.0	0.0
	
High Count
	Blackburnian Warbler	0.0	0.0	0.0	0.0	0.0	0.0	0.0	0.0	0.0	0.0	0.0	0.0	0.0	0.0	1	4	43	252	90	75	65	21	20	20	25	15	10	15	25	20	30	195	1200	50	35	10	11	2	2	2	1	1	1	0.0	0.0	0.0	0.0	0.0
	# checklists reporting species - (Blackburnian Warbler)	0.0	0.0	0.0	0.0	0.0	0.0	0.0	0.0	0.0	0.0	0.0	0.0	0.0	0.0	4	180	4147	13277	16188	8347	2570	2480	2178	2382	1689	760	398	470	471	874	1778	3600	2920	2567	1626	872	197	46	13	9	12	6	1	0.0	0.0	0.0	0.0	0.0
	
Totals
	Blackburnian Warbler	0.0	0.0	0.0	0.0	0.0	0.0	0.0	0.0	0.0	0.0	0.0	0.0	0.0	0.0	4	204	6435	27984	35687	15461	4417	4554	3335	3330	2482	1122	559	719	776	1659	3406	7259	6920	4468	2400	1126	256	47	14	10	12	6	1	0.0	0.0	0.0	0.0	0.0
	# checklists reporting species - (Blackburnian Warbler)	0.0	0.0	0.0	0.0	0.0	0.0	0.0	0.0	0.0	0.0	0.0	0.0	0.0	0.0	4	178	3739	11398	14523	7659	2411	2356	2059	2200	1578	705	363	433	443	829	1715	3456	2828	2500	1556	841	193	44	13	9	12	6	1	0.0	0.0	0.0	0.0	0.0
	
Average Count
	Blackburnian Warbler	0.0	0.0	0.0	0.0	0.0	0.0	0.0	0.0	0.0	0.0	0.0	0.0	0.0	0.0	1.0	1.146067415730337	1.7210484086654185	2.4551675732584664	2.4572746677683672	2.0186708447578012	1.8320199087515554	1.932937181663837	1.619718309859155	1.5136363636363637	1.5728770595690749	1.5914893617021277	1.5399449035812671	1.6605080831408776	1.7516930022573363	2.0012062726176114	1.98600583090379	2.1004050925925926	2.446958981612447	1.7872	1.5424164524421593	1.3388822829964329	1.3264248704663213	1.0681818181818181	1.0769230769230769	1.1111111111111112	1.0	1.0	1.0	0.0	0.0	0.0	0.0	0.0
	# checklists reporting species - (Blackburnian Warbler)	0.0	0.0	0.0	0.0	0.0	0.0	0.0	0.0	0.0	0.0	0.0	0.0	0.0	0.0	4	178	3739	11398	14523	7659	2411	2356	2059	2200	1578	705	363	433	443	829	1715	3456	2828	2500	1556	841	193	44	13	9	12	6	1	0.0	0.0	0.0	0.0	0.0
	
