

	Week starting on...	1/1	1/8	1/15	1/22	2/1	2/8	2/15	2/22	3/1	3/8	3/15	3/22	4/1	4/8	4/15	4/22	5/1	5/8	5/15	5/22	6/1	6/8	6/15	6/22	7/1	7/8	7/15	7/22	8/1	8/8	8/15	8/22	9/1	9/8	9/15	9/22	10/1	10/8	10/15	10/22	11/1	11/8	11/15	11/22	12/1	12/8	12/15	12/22
Frequency (%)
	Green-winged Teal	0.711383745764617	0.7246544044679328	0.4660797514241326	0.4287879347946623	0.2658574574359525	0.1824577243571657	0.20647757203552472	0.6219699657088802	0.683525404749685	1.8370080156715374	2.9692623689236424	4.5590006974827215	5.708495186623881	6.113896973734965	5.818954259746139	6.367850457897315	4.460715834096055	2.805376332307288	1.6104405990984443	1.2061939690301549	0.9093465829192838	0.7288967944008353	0.6450308361136387	0.783174938401971	0.8387878787878787	1.3661727919953819	2.070519922068992	2.5542365943512073	3.2151334244407686	4.260595965204516	5.170478462186053	6.643556001550848	7.842004966218168	7.819531295657764	7.70122269224083	8.393599191863535	8.486050134541848	8.778708457173737	9.914619271650112	8.715421707131377	7.1673096777699286	5.069413345275414	2.9392743969475523	1.8290426600412326	1.4360707174319678	0.8658008658008658	0.6328920414590149	0.5498450996081328
	Total # checklists submitted - (Green-winged Teal)	62273	43331	38620	54106	37238	53163	75553	42285	42866	50027	55502	78855	59210	57034	57433	79603	83036	91289	82524	85890	53335	51722	49455	56820	41250	31182	26177	36645	27806	27015	28508	43847	34634	34222	34514	43557	35305	37010	34434	47284	36806	33495	30926	37834	33146	28875	32707	48741
	
Abundance
	Green-winged Teal	0.02529186003564948	0.019501050056541507	0.009761781460383222	0.00957379957860496	0.0062301949621354534	0.003611534337791321	0.006286977353645785	0.03320326356864136	0.03084029300611207	0.11853599056509485	0.2270008287989622	0.510747574662355	0.6319371727748692	0.7568117263386752	0.6555638744275939	0.780460535406957	0.3512813719350643	0.10726374481043718	0.038388832339683	0.025742228431714986	0.019518140058123183	0.019237461815088355	0.026306743504195734	0.03776839141147483	0.04586666666666667	0.08168173946507601	0.23711655269893417	0.2496930004093328	0.23581241458677984	0.3678697020173977	0.570225901501333	0.8180263187903392	1.0196338857769822	0.938548302261703	0.9945239612910702	1.228826595036389	1.3455034697634896	1.4726560389084031	1.9588778532845443	1.6842060739362152	1.1946421779057763	0.709986565158979	0.34705425855267413	0.1305703864249088	0.08236287938212755	0.04495238095238095	0.01865044180144923	0.01709033462587965
	Total # checklists submitted - (Green-winged Teal)	62273	43331	38620	54106	37238	53163	75553	42285	42866	50027	55502	78855	59210	57034	57433	79603	83036	91289	82524	85890	53335	51722	49455	56820	41250	31182	26177	36645	27806	27015	28508	43847	34634	34222	34514	43557	35305	37010	34434	47284	36806	33495	30926	37834	33146	28875	32707	48741
	
Birds Per Party Hour
	Green-winged Teal	6.809914491966058	4.29732439627977	6.577820669396712	6.1380928273539705	4.209835315723569	4.1203834070352965	6.248118979325435	13.190943931272226	10.12549910475792	13.641939022512792	20.759139728958214	23.020085907831277	25.973173821795072	25.994712396337754	26.07625336362297	26.164737065252286	15.759975266541641	5.697557470764447	2.9121499919424343	2.9834142842051823	4.306120619269293	3.888474123976953	5.244844499132152	5.841397075479066	7.362190223689354	6.317844444689875	5.203052642569906	5.541560116797708	5.683124099226852	6.647034634161087	8.80760481621286	10.071960567270963	12.232836620622887	14.783746418747949	15.209112814059274	16.66111180235801	19.5527864071594	19.235212022928003	24.777401849563606	27.17475005081432	25.540048831240437	20.744327649235164	18.84340972765155	11.960355391019585	14.446989251075122	8.780151396157683	4.316935279505574	3.700848271965707
	# checklists reporting species - (Green-winged Teal)	474	332	188	247	115	105	170	274	318	911	1644	3562	3343	3389	3254	4982	3577	2446	1270	1041	488	391	346	477	337	427	530	898	857	1110	1402	2798	2537	2457	2487	3406	2851	3104	3307	4011	2605	1643	898	675	491	249	205	276
	
High Count
	Green-winged Teal	320	225	30	30	20	20	50	100	120	140	340	1140	840	1200	850	500	390	155	80	78	25	110	75	80	200	370	450	413	247	450	450	1094	559	417	500	1000	1100	1200	600	1300	1500	1000	730	450	650	300	475	112
	# checklists reporting species - (Green-winged Teal)	571	371	213	270	134	120	191	311	350	1003	1819	3995	3738	3904	3773	5632	4117	2937	1534	1240	560	460	429	552	425	491	606	1025	980	1255	1618	3218	2975	2888	2928	3954	3220	3537	3717	4506	2935	1860	1025	781	605	292	238	331
	
Totals
	Green-winged Teal	2184	1090	450	654	301	233	635	1615	2055	6665	14554	47046	42130	50641	44855	68098	32018	10703	3457	2569	1181	1286	1587	2537	2218	2902	6456	9501	7025	10435	17256	38829	37727	34778	38622	61717	53009	62877	74563	90553	55233	26382	14803	7610	6288	1943	1223	1659
	# checklists reporting species - (Green-winged Teal)	557	370	210	267	133	119	191	297	341	983	1743	3828	3577	3672	3524	5248	3759	2577	1349	1130	522	438	402	526	386	466	566	967	912	1164	1496	2995	2728	2661	2654	3609	2998	3293	3514	4252	2779	1745	967	747	587	281	235	322
	
Average Count
	Green-winged Teal	3.921005385996409	2.945945945945946	2.142857142857143	2.449438202247191	2.263157894736842	1.9579831932773109	3.324607329842932	5.437710437710438	6.026392961876833	6.780264496439471	8.349971313826735	12.289968652037617	11.778026279004752	13.791122004357298	12.728433598183882	12.975990853658537	8.517690875232775	4.153279006596818	2.562638991845812	2.2734513274336283	2.2624521072796937	2.9360730593607305	3.9477611940298507	4.82319391634981	5.746113989637306	6.227467811158799	11.406360424028268	9.825232678386763	7.702850877192983	8.964776632302405	11.53475935828877	12.964607679465777	13.829545454545455	13.069522735813603	14.552373775433308	17.100858963701857	17.68145430286858	19.094139082903126	21.21883892999431	21.29656632173095	19.875134940626126	15.118624641833811	15.308169596690796	10.187416331994646	10.712095400340715	6.914590747330961	5.2042553191489365	5.1521739130434785
	# checklists reporting species - (Green-winged Teal)	557	370	210	267	133	119	191	297	341	983	1743	3828	3577	3672	3524	5248	3759	2577	1349	1130	522	438	402	526	386	466	566	967	912	1164	1496	2995	2728	2661	2654	3609	2998	3293	3514	4252	2779	1745	967	747	587	281	235	322
	
