

	Week starting on...	1/1	1/8	1/15	1/22	2/1	2/8	2/15	2/22	3/1	3/8	3/15	3/22	4/1	4/8	4/15	4/22	5/1	5/8	5/15	5/22	6/1	6/8	6/15	6/22	7/1	7/8	7/15	7/22	8/1	8/8	8/15	8/22	9/1	9/8	9/15	9/22	10/1	10/8	10/15	10/22	11/1	11/8	11/15	11/22	12/1	12/8	12/15	12/22
Frequency (%)
	Great Crested Flycatcher	0.0	0.0	0.0	0.0	0.0	0.0	0.0	0.0	0.0	0.0	0.0	0.0	0.0	0.0	0.00522347779151359	0.23994070575229579	4.9460474974709765	11.328856707818028	21.02782220929669	24.11689370124578	21.74557045092341	18.6825722129848	15.953897482559903	13.627243928194297	12.048484848484849	10.490026297222757	10.726974061198764	10.047755491881565	9.25339854707617	7.732741069776051	8.636172302511575	8.655096129723812	6.791014609920887	4.13476710887733	1.1734368661992236	0.21351332736414355	0.0708114997875655	0.03782761415833558	0.017424638438752395	0.0	0.002716948323642884	0.0	0.0	0.0	0.0	0.0	0.0	0.0
	Total # checklists submitted - (Great Crested Flycatcher)	62273	43331	38620	54106	37238	53163	75553	42285	42866	50027	55502	78855	59210	57034	57433	79603	83036	91289	82524	85890	53335	51722	49455	56820	41250	31182	26177	36645	27806	27015	28508	43847	34634	34222	34514	43557	35305	37010	34434	47284	36806	33495	30926	37834	33146	28875	32707	48741
	
Abundance
	Great Crested Flycatcher	0.0	0.0	0.0	0.0	0.0	0.0	0.0	0.0	0.0	0.0	0.0	0.0	0.0	0.0	5.2234777915135894E-5	0.0026506538698290267	0.06457440146442507	0.16497058791311112	0.36007706848916676	0.4488648271044359	0.3773132089622199	0.3014384594563242	0.245940754221009	0.19913762759591694	0.1798060606060606	0.15486498620999295	0.1644955495282118	0.16277800518488197	0.13989786377040928	0.11197482879881547	0.12364950189420514	0.12149063789997035	0.08904544667090143	0.050055519841037927	0.012864344903517413	0.0024795096080997316	7.364395977906812E-4	4.8635503917860036E-4	1.7424638438752395E-4	0.0	2.7169483236428842E-5	0.0	0.0	0.0	0.0	0.0	0.0	0.0
	Total # checklists submitted - (Great Crested Flycatcher)	62273	43331	38620	54106	37238	53163	75553	42285	42866	50027	55502	78855	59210	57034	57433	79603	83036	91289	82524	85890	53335	51722	49455	56820	41250	31182	26177	36645	27806	27015	28508	43847	34634	34222	34514	43557	35305	37010	34434	47284	36806	33495	30926	37834	33146	28875	32707	48741
	
Birds Per Party Hour
	Great Crested Flycatcher	0.0	0.0	0.0	0.0	0.0	0.0	0.0	0.0	0.0	0.0	0.0	0.0	0.0	0.0	0.3585860400259193	0.7834079268056486	1.0869607968906185	1.2376693215489936	1.6230295296064	2.776692302258755	4.116348273526024	4.548529242137457	4.327631392436702	4.532767817031404	3.2362903027341354	2.630056755883326	1.7694595569318146	2.02646771930239	1.6654134803846585	1.4584010213851581	1.5515530126207766	1.158508972476734	0.9115036360364149	0.9527737319005525	0.8544669554591217	0.8951434736679238	0.6314671448090367	1.2564099539571707	0.5415417291354323	0.125	0.0	0.0	0.0	0.0	0.0	0.0	0.0	0.0
	# checklists reporting species - (Great Crested Flycatcher)	0.0	0.0	0.0	0.0	0.0	0.0	0.0	0.0	0.0	0.0	0.0	0.0	0.0	0	4	199	4006	9494	16715	20273	11514	9583	7851	7661	4922	3183	2782	3651	2545	2098	2425	3713	2291	1394	400	98	25	16	6	1	1	0.0	0.0	0.0	0.0	0.0	0.0	0.0
	
High Count
	Great Crested Flycatcher	0.0	0.0	0.0	0.0	0.0	0.0	0.0	0.0	0.0	0.0	0.0	0.0	0.0	1	1	6	22	23	32	30	28	28	20	18	18	15	15	18	14	12	30	35	15	28	3	12	2	3	1	1	1	0.0	0.0	0.0	0.0	0.0	0.0	0.0
	# checklists reporting species - (Great Crested Flycatcher)	0.0	0.0	0.0	0.0	0.0	0.0	0.0	0.0	0.0	0.0	0.0	0.0	0.0	1	7	266	4728	11696	18999	22568	12620	10449	8704	8572	5530	3564	3057	3978	2794	2287	2680	4148	2563	1547	480	134	36	23	8	2	1	0.0	0.0	0.0	0.0	0.0	0.0	0.0
	
Totals
	Great Crested Flycatcher	0.0	0.0	0.0	0.0	0.0	0.0	0.0	0.0	0.0	0.0	0.0	0.0	0.0	1	7	289	5971	16383	31568	40944	21401	16438	13054	12205	8015	5131	4606	6297	4156	3229	3760	5780	3316	1879	527	149	37	27	8	2	1	0.0	0.0	0.0	0.0	0.0	0.0	0.0
	# checklists reporting species - (Great Crested Flycatcher)	0.0	0.0	0.0	0.0	0.0	0.0	0.0	0.0	0.0	0.0	0.0	0.0	0.0	1	7	255	4342	10203	17400	21251	12068	10017	8308	8123	5226	3352	2889	3790	2677	2192	2577	3986	2474	1507	466	130	36	22	8	2	1	0.0	0.0	0.0	0.0	0.0	0.0	0.0
	
Average Count
	Great Crested Flycatcher	0.0	0.0	0.0	0.0	0.0	0.0	0.0	0.0	0.0	0.0	0.0	0.0	0.0	1.0	1.0	1.1333333333333333	1.3751727314601565	1.6057042046456924	1.8142528735632184	1.9266858030210343	1.7733675836924097	1.6410102825197166	1.5712566201251805	1.5025236981410808	1.5336777650210487	1.530727923627685	1.5943232952578748	1.6614775725593667	1.5524841240194247	1.4730839416058394	1.4590609235545207	1.450075263421977	1.3403395311236863	1.2468480424684805	1.1309012875536482	1.146153846153846	1.0277777777777777	1.2272727272727273	1.0	1.0	1.0	0.0	0.0	0.0	0.0	0.0	0.0	0.0
	# checklists reporting species - (Great Crested Flycatcher)	0.0	0.0	0.0	0.0	0.0	0.0	0.0	0.0	0.0	0.0	0.0	0.0	0.0	1	7	255	4342	10203	17400	21251	12068	10017	8308	8123	5226	3352	2889	3790	2677	2192	2577	3986	2474	1507	466	130	36	22	8	2	1	0.0	0.0	0.0	0.0	0.0	0.0	0.0
	
