

	Week starting on...	1/1	1/8	1/15	1/22	2/1	2/8	2/15	2/22	3/1	3/8	3/15	3/22	4/1	4/8	4/15	4/22	5/1	5/8	5/15	5/22	6/1	6/8	6/15	6/22	7/1	7/8	7/15	7/22	8/1	8/8	8/15	8/22	9/1	9/8	9/15	9/22	10/1	10/8	10/15	10/22	11/1	11/8	11/15	11/22	12/1	12/8	12/15	12/22
Frequency (%)
	Caspian Tern	0.0	0.0	0.0	0.0	0.0	0.0	0.0	0.0	0.0	0.0	0.0018017368743468703	0.010145203221102024	0.21280189157236953	1.7761335343829996	4.392944822662929	6.990942552416366	8.450551567994605	8.2101896175881	7.634142794823324	6.606124112236582	3.9673760194993903	2.9639225087970305	2.903649782630674	2.8423090461105245	3.9975757575757576	5.891219293181964	7.991748481491386	10.03411106562969	11.497518521182478	12.707754950953174	13.048968710537393	12.721508883161903	10.902581278512443	7.644205481853779	4.690850089818625	2.4542553435727896	1.1414813765755558	0.6133477438530127	0.29621885345879073	0.09305473310210642	0.027169483236428843	0.0029855202268995375	0.0	0.0	0.0	0.0	0.0	0.0
	Total # checklists submitted - (Caspian Tern)	62273	43331	38620	54106	37238	53163	75553	42285	42866	50027	55502	78855	59210	57034	57433	79603	83036	91289	82524	85890	53335	51722	49455	56820	41250	31182	26177	36645	27806	27015	28508	43847	34634	34222	34514	43557	35305	37010	34434	47284	36806	33495	30926	37834	33146	28875	32707	48741
	
Abundance
	Caspian Tern	0.0	0.0	0.0	0.0	0.0	0.0	0.0	0.0	0.0	0.0	0.0	1.6485955234290788E-4	0.003918257051173788	0.07176421082161517	0.21588633712325667	0.3389696368227328	0.42220241822823834	0.3996538465751624	0.4812175851873394	0.5511351728955641	0.3837255085778569	0.23817717799002358	0.26953796380547973	0.22254487856388597	0.27166060606060605	0.45744339683150537	0.6963746800626505	0.9240278346295538	0.8724016399338272	1.1001295576531556	1.1560263785604041	1.02686614819714	0.7022001501414795	0.35617439074279705	0.2105232659210755	0.07663521362811948	0.02937261011188217	0.014941907592542556	0.007260266016146832	0.0012477793756873361	3.260337988371461E-4	2.9855202268995374E-5	0.0	0.0	0.0	0.0	0.0	0.0
	Total # checklists submitted - (Caspian Tern)	62273	43331	38620	54106	37238	53163	75553	42285	42866	50027	55502	78855	59210	57034	57433	79603	83036	91289	82524	85890	53335	51722	49455	56820	41250	31182	26177	36645	27806	27015	28508	43847	34634	34222	34514	43557	35305	37010	34434	47284	36806	33495	30926	37834	33146	28875	32707	48741
	
Birds Per Party Hour
	Caspian Tern	0.0	0.0	0.0	0.0	0.0	0.0	0.0	0.0	0.0	0.0	0.0	1.9126776907455758	2.7774668555870066	8.705776612243229	9.044036306716912	8.946089708159795	8.591931709896993	7.914551375674914	10.183144901846118	14.20700920504964	15.902990289271568	14.541282808180165	17.756249370276613	13.192956882000892	10.732560579783367	19.57118752568816	12.96460940207485	15.640570814551996	9.26877481864635	12.507032094233834	10.10083735397141	9.0550715079875	6.760591370103438	4.869713819840756	4.424159474947221	4.105846089973263	3.1164629686790914	2.0340276064861667	3.3548684858561537	1.301944333981649	1.5483089710940101	3.1545741324921135	0.0	0.0	0.0	0.0	0.0	0.0
	# checklists reporting species - (Caspian Tern)	0.0	0.0	0.0	0.0	0.0	0.0	0.0	0.0	0.0	0.0	0	7	117	1013	2455	5531	6829	6944	5834	5387	2042	1512	1442	1644	1690	1819	2091	3682	3188	3402	3596	5330	3557	2433	1491	1070	410	237	114	49	11	1	0.0	0.0	1	0.0	0.0	0
	
High Count
	Caspian Tern	0.0	0.0	0.0	0.0	0.0	0.0	0.0	0.0	0.0	0.0	1	4	14	250	245	225	400	250	600	500	932	350	385	484	712	450	415	427	243	320	500	450	300	130	1000	100	130	30	25	3	2	1	0.0	0.0	1	0.0	0.0	1
	# checklists reporting species - (Caspian Tern)	0.0	0.0	0.0	0.0	0.0	0.0	0.0	0.0	0.0	0.0	2	23	202	1283	2987	6333	7811	8437	7051	6425	2402	1807	1719	1953	1973	2153	2443	4247	3682	3920	4208	6194	4178	2902	1838	1275	483	270	131	52	12	1	0.0	0.0	1	0.0	0.0	1
	
Totals
	Caspian Tern	0.0	0.0	0.0	0.0	0.0	0.0	0.0	0.0	0.0	0.0	0	33	378	5760	14994	30896	38709	39552	43559	52211	22992	13720	15368	14757	12482	15980	20426	38686	27235	33953	36392	50349	26873	13790	9468	4138	1405	662	349	72	14	1	0.0	0.0	1	0.0	0.0	1
	# checklists reporting species - (Caspian Tern)	0.0	0.0	0.0	0.0	0.0	0.0	0.0	0.0	0.0	0.0	0	23	193	1224	2844	6016	7210	7360	6211	5779	2210	1635	1564	1793	1836	1989	2275	3995	3446	3656	3904	5814	3918	2719	1719	1211	463	259	131	52	12	1	0.0	0.0	1	0.0	0.0	1
	
Average Count
	Caspian Tern	0.0	0.0	0.0	0.0	0.0	0.0	0.0	0.0	0.0	0.0	0.0	1.434782608695652	1.9585492227979275	4.705882352941177	5.272151898734177	5.13563829787234	5.3687933425797505	5.373913043478261	7.013202382869103	9.034608063678837	10.403619909502263	8.391437308868502	9.826086956521738	8.230340211935303	6.798474945533769	8.034188034188034	8.978461538461538	9.68360450563204	7.903366221706326	9.286925601750546	9.32172131147541	8.659958720330238	6.858856559469117	5.071717543214417	5.507853403141361	3.4170107349298102	3.0345572354211665	2.555984555984556	2.66412213740458	1.3846153846153846	1.1666666666666667	1.0	0.0	0.0	1.0	0.0	0.0	1.0
	# checklists reporting species - (Caspian Tern)	0.0	0.0	0.0	0.0	0.0	0.0	0.0	0.0	0.0	0.0	0	23	193	1224	2844	6016	7210	7360	6211	5779	2210	1635	1564	1793	1836	1989	2275	3995	3446	3656	3904	5814	3918	2719	1719	1211	463	259	131	52	12	1	0.0	0.0	1	0.0	0.0	1
	
