

	Week starting on...	1/1	1/8	1/15	1/22	2/1	2/8	2/15	2/22	3/1	3/8	3/15	3/22	4/1	4/8	4/15	4/22	5/1	5/8	5/15	5/22	6/1	6/8	6/15	6/22	7/1	7/8	7/15	7/22	8/1	8/8	8/15	8/22	9/1	9/8	9/15	9/22	10/1	10/8	10/15	10/22	11/1	11/8	11/15	11/22	12/1	12/8	12/15	12/22
Frequency (%)
	Cackling Goose	0.5058372007129895	0.4130991668782166	0.37027446918694973	0.24211732525043433	0.21214888017616415	0.186219739292365	0.1230923987134859	0.5037247250798156	0.8025008164979237	1.3232854258700302	1.556700659435696	1.1514805655950795	0.8191183921634858	0.4488550689062665	0.26813852663103094	0.2839088979058578	0.09754805144756491	0.039435200297954845	0.0036353060927730115	0.0023285597857724996	0.0018749414080809974	0.0019334132477475735	0.0	0.0	0.0	0.0	0.0	0.0	0.0035963461123498523	0.003701647233018693	0.003507787287778869	0.011403288708463521	0.05774672287347693	0.07305242241832739	0.18832937358752969	0.6520191932410405	0.8270783175187651	1.097000810591732	1.161642562583493	1.2245156924118095	1.1655708308427972	1.3584117032392893	1.1770031688546854	0.8933763281704288	0.8869848548844506	0.7203463203463203	0.6604090867398416	0.45752036273363283
	Total # checklists submitted - (Cackling Goose)	62273	43331	38620	54106	37238	53163	75553	42285	42866	50027	55502	78855	59210	57034	57433	79603	83036	91289	82524	85890	53335	51722	49455	56820	41250	31182	26177	36645	27806	27015	28508	43847	34634	34222	34514	43557	35305	37010	34434	47284	36806	33495	30926	37834	33146	28875	32707	48741
	
Abundance
	Cackling Goose	0.017407223034059706	0.011169832221735017	0.010849300880372864	0.008779063320149336	0.004323540469412965	0.0051727705358990276	0.0033089354492872552	0.01764218990185645	0.028250828162179817	0.054830391588542186	0.06434002378292675	0.04632553420835711	0.02504644485728762	0.010274573061682505	0.00827050650322985	0.008781076090097107	0.005154390866612072	8.325208951790468E-4	3.6353060927730115E-5	8.149959250203749E-5	1.8749414080809974E-5	0.0013533892734233016	0.0	0.0	0.0	0.0	0.0	0.0	2.1578076674099114E-4	1.4806588932074773E-4	3.507787287778869E-5	2.2806577416927042E-4	0.0013859213489634463	0.001899362982876512	0.007272411195456916	0.02679247882085543	0.027021668318934995	0.05487706025398541	0.04736597548934193	0.06103544539379071	0.0532250176601641	0.07953425884460368	0.06321541744810193	0.039144684675159906	0.044168225426899174	0.03123809523809524	0.021769040266609595	0.016392769947272318
	Total # checklists submitted - (Cackling Goose)	62273	43331	38620	54106	37238	53163	75553	42285	42866	50027	55502	78855	59210	57034	57433	79603	83036	91289	82524	85890	53335	51722	49455	56820	41250	31182	26177	36645	27806	27015	28508	43847	34634	34222	34514	43557	35305	37010	34434	47284	36806	33495	30926	37834	33146	28875	32707	48741
	
Birds Per Party Hour
	Cackling Goose	10.574429736627565	7.125470608255438	7.436882556760569	21.04790187678803	6.993914691635226	9.498958856830056	6.685693295976143	13.42501536192359	10.524663917695088	12.19105574337772	12.304215411352297	12.41338369043666	9.157776542113496	7.501187047474781	8.696875535327177	7.516371364125229	8.912629767549708	1.8382631348226077	0.8931940426154356	0.9423609508423725	0.027777777777777776	0.0	0.0	0.0	0.0	0.0	0.0	0.0	0.8571428571428571	0.5	5.9880239520958085	0.2442837551580159	2.4989738935224555	1.8202973639013171	7.488200487057747	7.88702983390331	8.771588538466512	11.890417563583394	16.22252325024349	11.474641129483048	10.9471258713281	17.04072861998653	15.083991594574512	13.91154377824253	13.632753184592497	10.74023098226397	9.368231870397773	11.189990385706281
	# checklists reporting species - (Cackling Goose)	343	198	149	145	90	116	104	229	374	715	893	946	511	269	160	232	89	51	4	2	3	0	0.0	1	0	0.0	0.0	3	1	1	1	5	20	28	72	312	304	429	425	619	448	492	380	367	332	225	234	236
	
High Count
	Cackling Goose	80	23	20	41	8	22	11	31	39	41	60	100	70	45	45	40	150	28	1	6	60	70	0.0	5	1	0.0	0.0	5	6	4	1	4	12	16	69	127	57	65	38	60	45	211	137	75	100	64	45	53
	# checklists reporting species - (Cackling Goose)	360	223	165	154	96	120	112	234	388	733	935	1006	548	299	181	252	95	65	5	2	3	1	0.0	1	1	0.0	0.0	6	2	1	1	6	20	29	80	341	345	468	455	666	497	515	418	404	347	238	244	250
	
Totals
	Cackling Goose	1174	600	484	539	204	327	283	798	1324	2971	3781	3980	1638	721	530	761	464	173	4	7	65	70	0.0	5	1	0.0	0.0	11	7	4	1	11	48	71	319	1387	1165	2205	1820	3211	2167	2978	2296	1703	1597	1007	770	908
	# checklists reporting species - (Cackling Goose)	357	221	165	151	94	119	110	233	386	731	918	980	537	286	175	243	93	60	4	2	3	1	0.0	1	1	0.0	0.0	6	2	1	1	6	20	29	77	332	337	453	443	647	483	509	404	390	344	235	242	248
	
Average Count
	Cackling Goose	3.288515406162465	2.7149321266968327	2.933333333333333	3.5695364238410594	2.1702127659574466	2.7478991596638656	2.5727272727272728	3.424892703862661	3.430051813471503	4.064295485636115	4.118736383442266	4.061224489795919	3.0502793296089385	2.520979020979021	3.0285714285714285	3.1316872427983538	4.989247311827957	2.8833333333333333	1.0	3.5	21.666666666666668	70.0	0.0	5.0	1.0	0.0	0.0	1.8333333333333333	3.5	4.0	1.0	1.8333333333333333	2.4	2.4482758620689653	4.142857142857143	4.177710843373494	3.456973293768546	4.867549668874172	4.108352144469526	4.9629057187017	4.486542443064182	5.850687622789784	5.683168316831683	4.366666666666666	4.642441860465116	4.285106382978723	3.1818181818181817	3.661290322580645
	# checklists reporting species - (Cackling Goose)	357	221	165	151	94	119	110	233	386	731	918	980	537	286	175	243	93	60	4	2	3	1	0.0	1	1	0.0	0.0	6	2	1	1	6	20	29	77	332	337	453	443	647	483	509	404	390	344	235	242	248
	
