

	Week starting on...	1/1	1/8	1/15	1/22	2/1	2/8	2/15	2/22	3/1	3/8	3/15	3/22	4/1	4/8	4/15	4/22	5/1	5/8	5/15	5/22	6/1	6/8	6/15	6/22	7/1	7/8	7/15	7/22	8/1	8/8	8/15	8/22	9/1	9/8	9/15	9/22	10/1	10/8	10/15	10/22	11/1	11/8	11/15	11/22	12/1	12/8	12/15	12/22
Frequency (%)
	Western Sandpiper	0.0	0.0	0.0	0.0	0.0	0.0	0.0	0.0	0.0	0.0	0.0	0.0	0.0	0.0	0.0017411592638378632	0.0025124681230606887	0.031311720217736885	0.0010954222304987457	0.010905918278319035	0.018628478286179997	0.007499765632323989	0.0	0.0	0.0	0.0	0.0064139567699313706	0.015280589830767466	0.038204393505253106	0.02877076889879882	0.014806588932074772	0.09471025677002946	0.22806577416927043	0.29162095051105846	0.09058500379872596	0.046357999652315005	0.048212686824161445	0.033989519898031444	0.013509862199405566	0.03194517047104606	0.016919042382201165	0.0	0.0029855202268995375	0.02586820151328979	0.02378812708146112	0.02715259759850359	0.01038961038961039	0.0	0.0
	Total # checklists submitted - (Western Sandpiper)	62273	43331	38620	54106	37238	53163	75553	42285	42866	50027	55502	78855	59210	57034	57433	79603	83036	91289	82524	85890	53335	51722	49455	56820	41250	31182	26177	36645	27806	27015	28508	43847	34634	34222	34514	43557	35305	37010	34434	47284	36806	33495	30926	37834	33146	28875	32707	48741
	
Abundance
	Western Sandpiper	0.0	0.0	0.0	0.0	0.0	0.0	0.0	0.0	0.0	0.0	0.0	0.0	0.0	0.0	1.741159263837863E-5	2.5124681230606886E-5	3.612890794354256E-4	1.0954222304987458E-5	9.69414958072803E-5	1.9792758179066247E-4	7.49976563232399E-5	0.0	0.0	0.0	0.0	1.2827913539862742E-4	1.5280589830767466E-4	3.8204393505253105E-4	6.83305761346472E-4	2.5911530631130854E-4	9.821804405780834E-4	0.0023718840513604123	0.0032626898423514464	8.766290690199287E-4	4.6357999652315E-4	5.510021351332737E-4	3.3989519898031443E-4	1.3509862199405565E-4	3.194517047104606E-4	1.6919042382201166E-4	0.0	2.9855202268995374E-5	2.586820151328979E-4	2.378812708146112E-4	2.715259759850359E-4	1.038961038961039E-4	0.0	0.0
	Total # checklists submitted - (Western Sandpiper)	62273	43331	38620	54106	37238	53163	75553	42285	42866	50027	55502	78855	59210	57034	57433	79603	83036	91289	82524	85890	53335	51722	49455	56820	41250	31182	26177	36645	27806	27015	28508	43847	34634	34222	34514	43557	35305	37010	34434	47284	36806	33495	30926	37834	33146	28875	32707	48741
	
Birds Per Party Hour
	Western Sandpiper	0.0	0.0	0.0	0.0	0.0	0.0	0.0	0.0	0.0	0.0	0.0	0.0	0.0	0.0	0.16666666666666666	0.0	0.8551030760655053	0.6666666666666666	0.8829727310554694	0.9641236856918023	1.2598500749625188	0.285726532361766	0.0	0.0	0.0	1.791104447776112	0.5778096528658747	0.9725204489622669	0.773722459548049	0.35	0.8065300544764249	1.327740836842008	0.9604666937735643	0.3388535269267306	0.567094340500394	1.194081358491195	1.9284142495003826	0.7001572131068534	0.4940319142058913	0.46893881367767826	0.0	0.7726281352235551	1.0610910217585212	0.9527460305966594	1.0676252552457448	1.1763292900293398	0.0	0.0
	# checklists reporting species - (Western Sandpiper)	0.0	0.0	0.0	0.0	0.0	0.0	0.0	0.0	0.0	0.0	0.0	0.0	0.0	0.0	3	1	32	4	7	26	5	5	1	0.0	0	4	10	17	15	10	40	116	110	24	16	26	13	13	13	16	4	4	13	13	12	3	0.0	0.0
	
High Count
	Western Sandpiper	0.0	0.0	0.0	0.0	0.0	0.0	0.0	0.0	0.0	0.0	0.0	0.0	0.0	0.0	1	2	5	9	1	3	2	1	1	0.0	1	3	1	1	8	2	6	7	5	10	5	3	2	3	2	1	1	2	1	1	1	1	0.0	0.0
	# checklists reporting species - (Western Sandpiper)	0.0	0.0	0.0	0.0	0.0	0.0	0.0	0.0	0.0	0.0	0.0	0.0	0.0	0.0	3	4	37	7	12	40	10	5	1	0.0	1	5	13	29	26	20	60	167	204	59	35	52	20	21	16	18	5	4	14	14	14	3	0.0	0.0
	
Totals
	Western Sandpiper	0.0	0.0	0.0	0.0	0.0	0.0	0.0	0.0	0.0	0.0	0.0	0.0	0.0	0.0	3	5	40	15	11	43	13	5	1	0.0	1	7	13	29	39	24	74	182	238	70	39	61	21	23	17	18	5	5	14	14	14	3	0.0	0.0
	# checklists reporting species - (Western Sandpiper)	0.0	0.0	0.0	0.0	0.0	0.0	0.0	0.0	0.0	0.0	0.0	0.0	0.0	0.0	3	4	36	7	11	38	10	5	1	0.0	1	5	13	29	26	20	60	166	202	57	35	51	20	21	16	18	5	4	14	14	14	3	0.0	0.0
	
Average Count
	Western Sandpiper	0.0	0.0	0.0	0.0	0.0	0.0	0.0	0.0	0.0	0.0	0.0	0.0	0.0	0.0	1.0	1.25	1.1111111111111112	2.142857142857143	1.0	1.131578947368421	1.3	1.0	1.0	0.0	1.0	1.4	1.0	1.0	1.5	1.2	1.2333333333333334	1.0963855421686748	1.1782178217821782	1.2280701754385965	1.1142857142857143	1.196078431372549	1.05	1.0952380952380953	1.0625	1.0	1.0	1.25	1.0	1.0	1.0	1.0	0.0	0.0
	# checklists reporting species - (Western Sandpiper)	0.0	0.0	0.0	0.0	0.0	0.0	0.0	0.0	0.0	0.0	0.0	0.0	0.0	0.0	3	4	36	7	11	38	10	5	1	0.0	1	5	13	29	26	20	60	166	202	57	35	51	20	21	16	18	5	4	14	14	14	3	0.0	0.0
	
