

	Week starting on...	1/1	1/8	1/15	1/22	2/1	2/8	2/15	2/22	3/1	3/8	3/15	3/22	4/1	4/8	4/15	4/22	5/1	5/8	5/15	5/22	6/1	6/8	6/15	6/22	7/1	7/8	7/15	7/22	8/1	8/8	8/15	8/22	9/1	9/8	9/15	9/22	10/1	10/8	10/15	10/22	11/1	11/8	11/15	11/22	12/1	12/8	12/15	12/22
Frequency (%)
	Song Sparrow	3.5697653878888125	3.22401975490988	3.151216986017608	3.8831183232913173	3.461517804393362	2.823392208867069	2.4830251611451564	3.4054629301170625	4.609713992441562	9.770723809143062	21.21364995856005	35.874706740219395	47.437932781624724	52.14433495809517	52.10244981108422	53.09724507870306	51.254877402572376	47.461358980819156	51.42140468227425	52.52066596809873	49.202212430861536	48.609875874869495	47.414821554948944	47.99894403379092	47.403636363636366	51.31165415945097	54.52496466363602	53.4916086778551	49.546860389843914	42.0988339811216	37.806931387680656	32.21885191689283	29.629843506381015	27.897259073110863	28.982441907631685	33.09686158367197	36.42260303073219	34.23128884085382	28.936516233954812	18.697656712630064	11.185676248437755	7.177190625466487	5.050766345469832	4.094200983242586	3.9612622940928017	4.1004329004329	6.035405264927997	5.2481483761104615
	Total # checklists submitted - (Song Sparrow)	62273	43331	38620	54106	37238	53163	75553	42285	42866	50027	55502	78855	59210	57034	57433	79603	83036	91289	82524	85890	53335	51722	49455	56820	41250	31182	26177	36645	27806	27015	28508	43847	34634	34222	34514	43557	35305	37010	34434	47284	36806	33495	30926	37834	33146	28875	32707	48741
	
Abundance
	Song Sparrow	0.07382011465643216	0.052895155893009624	0.05062143966856551	0.06365282963072487	0.053681722971158495	0.046611365047119234	0.041851415562585204	0.055669859288163655	0.07768394531796761	0.22423891098806645	0.6751828762927462	1.435241899689303	2.2113832122952206	2.4695620156397937	2.2506224644368222	2.119656294360765	1.9051857025868297	1.6023507761066502	1.7095269255004604	1.6853882873442776	1.5681634948907848	1.5117164842813502	1.437771711657062	1.4142731432594158	1.4955151515151515	1.7332114681547046	1.9490392329143904	1.9571837904216127	1.7793282025462132	1.4352026651860077	1.2087133436228428	1.0031929208383699	0.9211179765548305	0.8723043656127637	1.0155878773830909	1.2094037697729412	1.5132983996601048	1.3601999459605512	1.0376662600917697	0.5935834531765503	0.26702168124762266	0.15515748619196895	0.09758779020888572	0.07228947507532907	0.08595305617570748	0.08748051948051948	0.27067600207906567	0.16152725631398618
	Total # checklists submitted - (Song Sparrow)	62273	43331	38620	54106	37238	53163	75553	42285	42866	50027	55502	78855	59210	57034	57433	79603	83036	91289	82524	85890	53335	51722	49455	56820	41250	31182	26177	36645	27806	27015	28508	43847	34634	34222	34514	43557	35305	37010	34434	47284	36806	33495	30926	37834	33146	28875	32707	48741
	
Birds Per Party Hour
	Song Sparrow	2.548335006482344	2.8122919674423112	2.913083480092326	2.944506296670816	2.7238119873758193	3.0551669584116494	3.1843512408632324	2.614867357712339	2.89385169687371	3.5973274016618078	5.110017404974723	6.977062558229288	7.823961751694262	7.591125722081788	6.786068273971613	5.779109784991014	4.8892321676669255	4.253839623703025	4.129091914553108	5.359434123794585	7.445933620105978	8.637118441230651	9.006031404669846	9.627857308759383	8.159062141900844	7.146153685650497	5.857120147918018	5.478858869368111	4.981305166675525	4.426542563227096	3.895349397145319	3.3545687343185557	2.899615659253516	3.07794718616409	3.444529729795224	4.173122630789589	4.794409775925034	4.349649227922926	3.879099265594921	3.1775575382126813	2.3586789253883524	2.115936369224078	2.2860505277732517	2.3261616983181663	2.2953534140983747	2.162924936569469	2.153913105651792	1.7772025514340783
	# checklists reporting species - (Song Sparrow)	2205	1412	1233	2120	1287	1510	1881	1450	1968	4937	11696	28214	27678	29027	28908	41227	41094	41246	40361	43547	25641	24671	23047	26780	19302	15604	13861	19151	13465	11063	10404	13634	9925	9202	9757	14157	12737	12449	9854	8779	4097	2401	1566	1562	1309	1173	1971	2524
	
High Count
	Song Sparrow	88	22	60	16	30	30	20	26	25	180	135	510	525	500	210	200	345	300	150	100	118	138	68	54	70	92	75	103	110	100	50	150	150	150	200	200	200	500	300	350	45	100	45	50	103	65	139	217
	# checklists reporting species - (Song Sparrow)	2489	1548	1355	2270	1394	1625	2014	1579	2130	5284	12631	30264	30058	31713	31985	44884	45221	46183	45097	47967	27879	26581	24886	28956	20973	17108	15300	21055	14760	12143	11462	14949	10848	10038	10609	15272	13717	13457	10598	9383	4354	2552	1658	1663	1446	1293	2186	2773
	
Totals
	Song Sparrow	5032	2504	2215	3723	2189	2722	3383	2559	3574	12279	39331	119734	136690	148204	134970	175838	165085	152602	145801	150085	86500	80792	73746	83516	64335	55983	52904	74676	51659	40529	35904	45772	33234	31014	36478	54975	56102	53484	38445	29278	10289	5652	3202	2967	3132	2851	10397	8492
	# checklists reporting species - (Song Sparrow)	2408	1525	1326	2237	1371	1601	1983	1542	2083	5150	12175	29211	28822	30172	30199	42480	42276	42447	41457	44791	26392	25323	23703	27541	19882	16170	14341	19823	13932	11453	10828	14206	10363	9611	10172	14696	13201	12945	10234	9109	4224	2491	1622	1638	1424	1267	2156	2722
	
Average Count
	Song Sparrow	2.089700996677741	1.641967213114754	1.6704374057315234	1.6642825212337953	1.5966447848285923	1.7001873828856964	1.7060010085728694	1.6595330739299612	1.71579452712434	2.3842718446601943	3.23047227926078	4.098935332580193	4.742557768371383	4.911971364178709	4.469353289844035	4.139312617702449	3.9049342416501087	3.595118618512498	3.516921147212775	3.3507847558661337	3.2775083358593515	3.190459266279667	3.11125174028604	3.0324243854616753	3.2358414646413842	3.462152133580705	3.6890035562373615	3.767139181758563	3.7079385587137526	3.538723478564568	3.315847801994828	3.2220188652681965	3.20698639390138	3.226927478930392	3.5861187573731814	3.7408138268916713	4.24982955836679	4.131633835457706	3.756595661520422	3.2141837742891646	2.435842803030303	2.268968285828984	1.9741060419235512	1.8113553113553114	2.199438202247191	2.250197316495659	4.822356215213358	3.1197648787656136
	# checklists reporting species - (Song Sparrow)	2408	1525	1326	2237	1371	1601	1983	1542	2083	5150	12175	29211	28822	30172	30199	42480	42276	42447	41457	44791	26392	25323	23703	27541	19882	16170	14341	19823	13932	11453	10828	14206	10363	9611	10172	14696	13201	12945	10234	9109	4224	2491	1622	1638	1424	1267	2156	2722
	
