

	Week starting on...	1/1	1/8	1/15	1/22	2/1	2/8	2/15	2/22	3/1	3/8	3/15	3/22	4/1	4/8	4/15	4/22	5/1	5/8	5/15	5/22	6/1	6/8	6/15	6/22	7/1	7/8	7/15	7/22	8/1	8/8	8/15	8/22	9/1	9/8	9/15	9/22	10/1	10/8	10/15	10/22	11/1	11/8	11/15	11/22	12/1	12/8	12/15	12/22
Frequency (%)
	Black-necked Stilt	0.0016058323832158399	0.0	0.0	0.0	0.0	0.0	0.0	0.0	0.0	0.0	0.0	0.0	0.0016889039013680122	0.07188694462951924	0.04178782233210872	0.02135597904601585	0.11561250541933618	0.00766795561349122	0.058164897484368185	0.024449877750611245	0.005624824224242993	0.003866826495495147	0.0	0.0	0.0	0.0	0.0	0.0	0.0	0.0	0.0	0.0	0.0	0.0672082286248612	0.03187112476096656	0.0	0.0	0.0	0.0	0.0	0.0	0.008956560680698611	0.0	0.0	0.0	0.0	0.0	0.006154982458299993
	Total # checklists submitted - (Black-necked Stilt)	62273	43331	38620	54106	37238	53163	75553	42285	42866	50027	55502	78855	59210	57034	57433	79603	83036	91289	82524	85890	53335	51722	49455	56820	41250	31182	26177	36645	27806	27015	28508	43847	34634	34222	34514	43557	35305	37010	34434	47284	36806	33495	30926	37834	33146	28875	32707	48741
	
Abundance
	Black-necked Stilt	1.60583238321584E-5	0.0	0.0	0.0	0.0	0.0	0.0	0.0	0.0	0.0	0.0	0.0	1.688903901368012E-5	7.539362485534944E-4	0.0016889244859227273	2.1355979046015853E-4	0.0013367695939110746	1.4240488996483693E-4	0.0013450632543260143	3.9585516358132494E-4	7.49976563232399E-5	5.800239743242721E-5	0.0	0.0	0.0	0.0	0.0	0.0	0.0	0.0	0.0	0.0	0.0	0.002074688796680498	9.56133742828997E-4	0.0	0.0	0.0	0.0	0.0	0.0	8.956560680698612E-5	0.0	0.0	0.0	0.0	0.0	6.154982458299993E-5
	Total # checklists submitted - (Black-necked Stilt)	62273	43331	38620	54106	37238	53163	75553	42285	42866	50027	55502	78855	59210	57034	57433	79603	83036	91289	82524	85890	53335	51722	49455	56820	41250	31182	26177	36645	27806	27015	28508	43847	34634	34222	34514	43557	35305	37010	34434	47284	36806	33495	30926	37834	33146	28875	32707	48741
	
Birds Per Party Hour
	Black-necked Stilt	2.997008985032937	0.0	0.0	0.0	0.0	0.0	0.0	0.0	0.0	0.0	0.0	0.0	1.4992503748125936	1.5096492905224532	5.446415248357319	2.735339575818514	2.3875237994306664	2.952809952809953	4.875563700079713	1.1751735134137364	1.6666666666666667	1.3990407673860912	0.0	0.0	0.0	0.0	0.0	0.0	0.0	0.0	0.0	0.0	0.0	13.827884197639785	17.368595438668205	0.0	0.0	0.0	0.0	0.0	0.0	1.1432861432861432	0.0	0.0	1.5015015015015014	0.0	0.0	0.6428571428571429
	# checklists reporting species - (Black-necked Stilt)	3	0.0	0.0	0.0	0.0	0.0	0.0	0.0	0.0	0.0	0.0	0.0	1	52	27	20	133	7	65	37	5	2	0	0	0.0	0.0	0.0	0.0	0.0	0.0	0.0	0.0	0	26	12	0.0	0.0	0	0.0	0.0	0.0	7	0	0	2	0	0.0	7
	
High Count
	Black-necked Stilt	1	0.0	0.0	0.0	0.0	0.0	0.0	0.0	0.0	0.0	0.0	0.0	1	2	7	1	3	2	3	2	2	2	1	1	0.0	0.0	0.0	0.0	0.0	0.0	0.0	0.0	1	4	4	0.0	0.0	1	0.0	0.0	0.0	1	1	1	1	1	0.0	1
	# checklists reporting species - (Black-necked Stilt)	6	0.0	0.0	0.0	0.0	0.0	0.0	0.0	0.0	0.0	0.0	0.0	1	60	32	20	140	13	74	69	25	12	10	2	0.0	0.0	0.0	0.0	0.0	0.0	0.0	0.0	1	26	12	0.0	0.0	2	0.0	0.0	0.0	13	8	9	9	3	0.0	14
	
Totals
	Black-necked Stilt	6	0.0	0.0	0.0	0.0	0.0	0.0	0.0	0.0	0.0	0.0	0.0	1	67	105	20	167	20	165	95	31	13	10	2	0.0	0.0	0.0	0.0	0.0	0.0	0.0	0.0	1	81	35	0.0	0.0	2	0.0	0.0	0.0	13	8	9	9	3	0.0	14
	# checklists reporting species - (Black-necked Stilt)	6	0.0	0.0	0.0	0.0	0.0	0.0	0.0	0.0	0.0	0.0	0.0	1	58	30	20	138	12	74	68	24	12	10	2	0.0	0.0	0.0	0.0	0.0	0.0	0.0	0.0	1	26	12	0.0	0.0	2	0.0	0.0	0.0	13	8	9	9	3	0.0	14
	
Average Count
	Black-necked Stilt	1.0	0.0	0.0	0.0	0.0	0.0	0.0	0.0	0.0	0.0	0.0	0.0	1.0	1.1551724137931034	3.5	1.0	1.210144927536232	1.6666666666666667	2.22972972972973	1.3970588235294117	1.2916666666666667	1.0833333333333333	1.0	1.0	0.0	0.0	0.0	0.0	0.0	0.0	0.0	0.0	1.0	3.1153846153846154	2.9166666666666665	0.0	0.0	1.0	0.0	0.0	0.0	1.0	1.0	1.0	1.0	1.0	0.0	1.0
	# checklists reporting species - (Black-necked Stilt)	6	0.0	0.0	0.0	0.0	0.0	0.0	0.0	0.0	0.0	0.0	0.0	1	58	30	20	138	12	74	68	24	12	10	2	0.0	0.0	0.0	0.0	0.0	0.0	0.0	0.0	1	26	12	0.0	0.0	2	0.0	0.0	0.0	13	8	9	9	3	0.0	14
	
