

	Week starting on...	1/1	1/8	1/15	1/22	2/1	2/8	2/15	2/22	3/1	3/8	3/15	3/22	4/1	4/8	4/15	4/22	5/1	5/8	5/15	5/22	6/1	6/8	6/15	6/22	7/1	7/8	7/15	7/22	8/1	8/8	8/15	8/22	9/1	9/8	9/15	9/22	10/1	10/8	10/15	10/22	11/1	11/8	11/15	11/22	12/1	12/8	12/15	12/22
Frequency (%)
	Eared Grebe	0.016058323832158397	0.04384851492003416	0.10357327809425168	0.007392895427494178	0.002685428862989419	0.011286044805597879	0.0013235741797149021	0.0023649048125812936	0.0046657024214995565	0.001998920582885242	0.007206947497387481	0.00887705281846427	0.011822327309576084	0.02630010169372655	0.02785854822140581	0.12813587427609513	0.1806445397177128	0.1697904457273056	0.06664727836750521	0.032599837000814993	0.043123652385862944	0.011600479486485443	0.01011020119300374	0.007039774727208729	0.014545454545454545	0.0	0.011460442373075601	0.010915541001500887	0.017981730561749263	0.07033129742735517	0.06314017118001965	0.04333249709216138	0.034648033724086154	0.08766290690199287	0.052152749608854375	0.022958422297219738	0.0424868998725393	0.03782761415833558	0.005808212812917465	0.05287200744437865	0.14399826115307288	0.07165248544558889	0.0679040289723857	0.04229000370037532	0.07844083750678815	0.0	0.01222979790258966	0.014361625736033319
	Total # checklists submitted - (Eared Grebe)	62273	43331	38620	54106	37238	53163	75553	42285	42866	50027	55502	78855	59210	57034	57433	79603	83036	91289	82524	85890	53335	51722	49455	56820	41250	31182	26177	36645	27806	27015	28508	43847	34634	34222	34514	43557	35305	37010	34434	47284	36806	33495	30926	37834	33146	28875	32707	48741
	
Abundance
	Eared Grebe	1.60583238321584E-4	4.3848514920034155E-4	0.0010357327809425167	7.392895427494178E-5	2.6854288629894193E-5	1.1286044805597878E-4	1.3235741797149022E-5	2.3649048125812936E-5	4.6657024214995566E-5	1.998920582885242E-5	7.206947497387481E-5	8.87705281846427E-5	1.1822327309576085E-4	2.8053441806641654E-4	2.9599707485243674E-4	0.0014069821489139857	0.0018184883664916422	0.0016869502349680684	7.149435315786923E-4	3.143555710792875E-4	4.312365238586294E-4	1.1600479486485442E-4	1.0110201193003741E-4	1.0559662090813094E-4	1.4545454545454546E-4	0.0	1.1460442373075601E-4	1.0915541001500886E-4	1.7981730561749263E-4	7.033129742735517E-4	6.664795846779852E-4	4.333249709216138E-4	4.0422706011433853E-4	9.350710069545907E-4	5.794749956539375E-4	2.0662580067497762E-4	4.24868998725393E-4	4.0529586598216696E-4	5.808212812917465E-5	6.344640893325438E-4	0.0014671520947671574	7.165248544558889E-4	7.760460453986937E-4	4.757625416292224E-4	7.844083750678815E-4	0.0	1.222979790258966E-4	1.436162573603332E-4
	Total # checklists submitted - (Eared Grebe)	62273	43331	38620	54106	37238	53163	75553	42285	42866	50027	55502	78855	59210	57034	57433	79603	83036	91289	82524	85890	53335	51722	49455	56820	41250	31182	26177	36645	27806	27015	28508	43847	34634	34222	34514	43557	35305	37010	34434	47284	36806	33495	30926	37834	33146	28875	32707	48741
	
Birds Per Party Hour
	Eared Grebe	0.7947936331506459	0.921843490126934	0.847671298593883	0.5527275080263753	3.53356890459364	1.6086740093770826	0.5	2.298205391019762	0.6784490145672665	1.0	0.7596757212044641	1.6245761358344775	1.5484575328617984	0.830743958298456	0.9281002032446128	1.2233996659685686	0.977174877315346	1.295674544708425	1.1481627980493392	1.2855246375636062	2.4850305368545302	0.9810209798204996	1.2838238983137316	2.380949046202881	0.5808365670968324	0.0	1.0	0.6666666666666666	1.3207493967220734	0.7975136105028933	0.9376595747329931	0.6278525229857955	0.7216392026310062	1.832450170621235	0.8169302727810608	0.8658966996530448	1.4928505730952337	1.0691761186437445	0.3111111111111111	0.8666170430323957	2.7722304437115692	1.0438363174228755	0.9390572291037113	1.4061717866561805	1.4906286319032294	0.0	2.159686284409117	0.2616281773994744
	# checklists reporting species - (Eared Grebe)	12	18	47	4	1	7	2	5	2	2	5	9	14	21	25	131	168	178	69	38	35	7	7	4	14	0	4	3	6	28	29	21	17	43	20	12	20	25	4	31	81	28	34	18	29	7	4	6
	
High Count
	Eared Grebe	1	1	1	1	1	1	1	1	1	1	1	1	1	2	2	4	8	4	2	8	8	2	2	3	3	2	2	2	2	2	2	2	2	14	2	1	1	5	1	5	2	2	2	2	1	2	1	1
	# checklists reporting species - (Eared Grebe)	20	22	47	6	1	7	2	6	2	4	6	14	22	28	41	164	206	205	88	84	70	20	14	14	24	9	14	22	14	41	43	34	29	60	38	20	27	36	8	42	92	35	38	21	35	10	4	13
	
Totals
	Eared Grebe	18	22	47	5	1	7	2	6	2	4	6	14	22	29	43	177	223	215	99	117	157	29	21	25	33	16	20	32	21	48	50	35	32	87	41	19	27	49	7	47	93	33	43	23	35	11	4	12
	# checklists reporting species - (Eared Grebe)	18	22	47	5	1	7	2	6	2	4	6	14	22	27	41	161	202	200	88	81	70	19	14	14	23	9	13	22	14	41	43	33	29	59	38	19	27	35	7	39	92	32	38	21	35	10	4	12
	
Average Count
	Eared Grebe	1.0	1.0	1.0	1.0	1.0	1.0	1.0	1.0	1.0	1.0	1.0	1.0	1.0	1.0740740740740742	1.048780487804878	1.0993788819875776	1.103960396039604	1.075	1.125	1.4444444444444444	2.242857142857143	1.5263157894736843	1.5	1.7857142857142858	1.434782608695652	1.7777777777777777	1.5384615384615385	1.4545454545454546	1.5	1.170731707317073	1.1627906976744187	1.0606060606060606	1.103448275862069	1.4745762711864407	1.0789473684210527	1.0	1.0	1.4	1.0	1.205128205128205	1.0108695652173914	1.03125	1.131578947368421	1.0952380952380953	1.0	1.1	1.0	1.0
	# checklists reporting species - (Eared Grebe)	18	22	47	5	1	7	2	6	2	4	6	14	22	27	41	161	202	200	88	81	70	19	14	14	23	9	13	22	14	41	43	33	29	59	38	19	27	35	7	39	92	32	38	21	35	10	4	12
	
