

	Week starting on...	1/1	1/8	1/15	1/22	2/1	2/8	2/15	2/22	3/1	3/8	3/15	3/22	4/1	4/8	4/15	4/22	5/1	5/8	5/15	5/22	6/1	6/8	6/15	6/22	7/1	7/8	7/15	7/22	8/1	8/8	8/15	8/22	9/1	9/8	9/15	9/22	10/1	10/8	10/15	10/22	11/1	11/8	11/15	11/22	12/1	12/8	12/15	12/22
Frequency (%)
	Great Blue Heron	1.5191174345221845	1.4169993768895248	1.160020714655619	0.9388977192917607	0.8673935227455823	0.5379681357334989	0.4208965891493389	0.5108194395175595	0.695189660803434	1.0114538149399324	2.4791899391012935	5.838564453744214	8.527275798007093	10.037872146438966	10.937962495429456	12.18295792872128	13.762705332626812	15.861713897621838	15.894770006301199	15.349866107812318	13.98331302146808	12.810796179575423	12.168638155899302	11.52411122844069	12.693333333333335	15.996408184208837	19.6813997020285	21.88565970800928	23.045385887937854	23.2870627429206	24.754454889855477	24.578648482222274	25.67130565340417	23.511191631114485	23.089181201831142	21.28934499621186	18.858518623424445	17.587138611186166	15.272695591566476	12.11614922595381	9.933163071238384	8.165397820570234	5.610166203194723	4.194639742030978	3.4031255656791166	2.566233766233766	2.9718408903292874	1.9490777784616646
	Total # checklists submitted - (Great Blue Heron)	62273	43331	38620	54106	37238	53163	75553	42285	42866	50027	55502	78855	59210	57034	57433	79603	83036	91289	82524	85890	53335	51722	49455	56820	41250	31182	26177	36645	27806	27015	28508	43847	34634	34222	34514	43557	35305	37010	34434	47284	36806	33495	30926	37834	33146	28875	32707	48741
	
Abundance
	Great Blue Heron	0.024938576911341995	0.027439939073642425	0.02571206628689798	0.025949062950504566	0.01965733927708255	0.008727874649662359	0.006935528701706087	0.00910488352843798	0.010147902766761537	0.01577148339896456	0.04153003495369536	0.1045716822015091	0.16341834149636886	0.1877301258898201	0.20524785402120732	0.2210971948293406	0.2366804759381473	0.2669105806833244	0.26078474140855995	0.26465246245197344	0.24424861723071153	0.22968949383241175	0.21963401071681327	0.19883843717001057	0.2153939393939394	0.30581745879032773	0.415211827176529	0.5300586710328831	0.5484068186722291	0.5820840273921896	0.5641223516205978	0.5436403858872899	0.585003176069758	0.5033311904622757	0.5097062061772034	0.4307000022958422	0.375131001274607	0.3365306673871927	0.28861009467386883	0.20854834616360715	0.16915720263000597	0.13279593969249143	0.0885339196792343	0.06755828091134958	0.04993061002835938	0.036571428571428574	0.04763506283058672	0.029831148314560636
	Total # checklists submitted - (Great Blue Heron)	62273	43331	38620	54106	37238	53163	75553	42285	42866	50027	55502	78855	59210	57034	57433	79603	83036	91289	82524	85890	53335	51722	49455	56820	41250	31182	26177	36645	27806	27015	28508	43847	34634	34222	34514	43557	35305	37010	34434	47284	36806	33495	30926	37834	33146	28875	32707	48741
	
Birds Per Party Hour
	Great Blue Heron	3.751197084719711	4.788223470088963	4.928292381769569	5.767431079871654	5.797345932970675	3.439167208828051	4.2635962557098175	9.841017220560179	3.3007853566980763	5.36964080654553	5.948511166595714	5.994055281379665	4.865915527359062	4.500120897725814	3.5665814935935236	2.9786098822396605	2.2242189405699024	1.9870917371810883	2.102340354180873	2.969580665685626	3.1920320626389707	3.1571333095042426	4.657047059942231	3.497714452632443	2.9159299322355583	3.2194636408732222	3.2311067107363014	3.3928574867084853	3.4781418942641253	3.3957426497170142	2.9934103603671622	2.9353720772033034	2.884213348051977	2.9397912561698134	2.896095309219456	2.7366491583348447	2.700974034677401	2.551062035642563	2.598107760572275	2.4900701022832474	2.4018967158039977	2.568245045793005	2.328111918428274	2.8356361133820447	2.966807732404683	2.538930172247617	1.9899120356300535	2.534445795044587
	# checklists reporting species - (Great Blue Heron)	1014	652	494	547	352	325	348	247	328	556	1504	4978	5280	5863	6385	9868	11275	13671	12466	13139	7532	6702	6057	6624	5339	5059	5279	8236	6531	6471	7176	10877	8921	8033	8029	9378	6748	6581	5389	5892	3762	2812	1800	1667	1180	809	1004	1016
	
High Count
	Great Blue Heron	60	49	69	64	49	35	45	50	13	26	89	84	85	136	180	123	250	100	96	110	120	100	500	100	120	100	317	218	287	347	149	350	225	125	110	90	53	42	83	72	51	62	49	30	20	30	20	26
	# checklists reporting species - (Great Blue Heron)	1194	749	553	626	398	361	389	281	371	640	1729	5836	6028	6603	7168	10843	12764	16314	14608	14743	8302	7409	6778	7447	6027	5670	5832	9125	7161	7062	7867	11952	9788	8837	8781	10133	7240	7094	5777	6370	4057	3046	2012	1867	1383	937	1173	1196
	
Totals
	Great Blue Heron	1950	1336	1146	1545	895	555	640	501	524	994	2852	10397	11696	12361	13470	19824	21963	27082	23737	25442	14865	13385	12428	13107	10655	10952	12413	21963	17091	17437	17820	26011	21904	18638	19107	20728	14190	13340	10881	10871	6958	4946	3287	3004	2187	1398	1919	1845
	# checklists reporting species - (Great Blue Heron)	1157	733	546	611	391	354	383	277	361	623	1700	5679	5863	6387	6877	10400	11838	14429	13129	13835	7918	7075	6428	7044	5684	5398	5563	8770	6884	6799	7547	11446	9402	8476	8442	9770	7035	6874	5633	6203	3953	2983	1952	1821	1350	912	1143	1165
	
Average Count
	Great Blue Heron	1.6853932584269662	1.8226466575716234	2.098901098901099	2.5286415711947625	2.289002557544757	1.5677966101694916	1.671018276762402	1.8086642599277978	1.451523545706371	1.595505617977528	1.6776470588235295	1.8307800669131888	1.9948831656148729	1.9353374041020823	1.9587029227860986	1.906153846153846	1.8552965027876331	1.8769145470926607	1.807982329194912	1.8389591615468015	1.8773680222278353	1.8918727915194347	1.9334163036714374	1.860732538330494	1.8745601688951443	2.028899592441645	2.231349991012044	2.504332953249715	2.482713538640325	2.564641859096926	2.3612031270703593	2.272496942163201	2.3297170814720274	2.1989145823501652	2.263326226012793	2.121596724667349	2.0170575692963753	1.9406459121326738	1.931652760518374	1.7525390939867806	1.760182140146724	1.6580623533355683	1.6839139344262295	1.6496430532674355	1.62	1.5328947368421053	1.678915135608049	1.5836909871244635
	# checklists reporting species - (Great Blue Heron)	1157	733	546	611	391	354	383	277	361	623	1700	5679	5863	6387	6877	10400	11838	14429	13129	13835	7918	7075	6428	7044	5684	5398	5563	8770	6884	6799	7547	11446	9402	8476	8442	9770	7035	6874	5633	6203	3953	2983	1952	1821	1350	912	1143	1165
	
