

	Week starting on...	1/1	1/8	1/15	1/22	2/1	2/8	2/15	2/22	3/1	3/8	3/15	3/22	4/1	4/8	4/15	4/22	5/1	5/8	5/15	5/22	6/1	6/8	6/15	6/22	7/1	7/8	7/15	7/22	8/1	8/8	8/15	8/22	9/1	9/8	9/15	9/22	10/1	10/8	10/15	10/22	11/1	11/8	11/15	11/22	12/1	12/8	12/15	12/22
Frequency (%)
	Northern Shoveler	0.7932811973086249	0.5861854099836145	0.4091144484722941	0.35855542823346764	0.31419517696976207	0.20126779903316214	0.3507471576244491	0.7425801111505261	0.7301824289646807	1.7890339216822915	2.7476487333789774	3.4214697863166568	4.1867927714913025	4.267629834835361	4.469555830271795	4.63550368704697	3.5020954766607257	3.2490223356592796	2.6901265086520283	1.975782978227966	1.1680884972344614	0.6960287691891265	0.505510059650187	0.376627947905667	0.32727272727272727	0.4425630171252646	0.5348206440768614	0.6112702960840497	0.8775084514133641	1.1067925226725892	1.8836817735372526	2.5771432481127556	3.3233239013685973	3.395476594003857	3.8390218462073364	4.1899120692426015	4.206203087381391	4.693326128073494	5.146076552244875	4.78385923356738	4.396022387654186	3.5975518734139422	2.719394684084589	1.8766189142041552	1.8644783684305797	1.1601731601731602	0.7979943131439753	0.6031882809133994
	Total # checklists submitted - (Northern Shoveler)	62273	43331	38620	54106	37238	53163	75553	42285	42866	50027	55502	78855	59210	57034	57433	79603	83036	91289	82524	85890	53335	51722	49455	56820	41250	31182	26177	36645	27806	27015	28508	43847	34634	34222	34514	43557	35305	37010	34434	47284	36806	33495	30926	37834	33146	28875	32707	48741
	
Abundance
	Northern Shoveler	0.12284617731601176	0.11340610648265675	0.07276022786121181	0.07239492847373674	0.07854879424244052	0.02159396572804394	0.05108996333699522	0.07444720350005912	0.10278542434563523	0.17920323025566195	0.2480270981225902	0.36511318242343543	0.43767944603952036	0.41676894483992005	0.34253826197482284	0.3980503247365049	0.24122067536971917	0.1272332920724293	0.08957394212592701	0.06655023867737804	0.04151120277491328	0.027802482502610106	0.017531088868668488	0.015135515663498769	0.011418181818181819	0.01683663652106985	0.01784008862742102	0.018638286260062763	0.030389124649356253	0.03335184156949843	0.06871755296758804	0.10372431409218419	0.15603164520413468	0.217287125241073	0.26273396302949525	0.2921229653098239	0.32748902421753295	0.3846527965414753	0.47377591914967765	0.48202351746891126	0.49750040754224856	0.4436483057172712	0.33732134773329886	0.2613522228683195	0.21734145899957763	0.1341991341991342	0.09184578224844835	0.09763853839683223
	Total # checklists submitted - (Northern Shoveler)	62273	43331	38620	54106	37238	53163	75553	42285	42866	50027	55502	78855	59210	57034	57433	79603	83036	91289	82524	85890	53335	51722	49455	56820	41250	31182	26177	36645	27806	27015	28508	43847	34634	34222	34514	43557	35305	37010	34434	47284	36806	33495	30926	37834	33146	28875	32707	48741
	
Birds Per Party Hour
	Northern Shoveler	42.643589828489624	46.56313106572756	46.895613447682415	62.6690063819291	58.722105889452706	32.3624835936901	28.19315308236406	26.404638765017015	24.551857672851536	19.858558481655415	15.866203758978829	18.903965239615466	16.410993947829983	16.307917988508034	12.357875395154098	13.994801899309598	10.103817492026339	5.615522999708593	4.532673567979115	5.4746764056245345	5.462869589098172	6.051724267241612	4.628791764219496	5.9950600252528465	4.739479680060841	8.570807260559231	3.618319334209848	3.5863337181807426	4.173894025103281	3.4263055994246026	4.391505896527031	6.802507948938258	6.383568095217161	9.537036352943149	9.473250297861753	9.95020962714198	11.710475731091812	11.196803145754286	12.905660881226453	18.043996136642694	17.400295940799474	17.987642012449196	16.83827556072623	28.901170324375613	27.46618769405615	26.313715173320414	13.369705143464824	24.252499372916184
	# checklists reporting species - (Northern Shoveler)	491	251	148	187	113	107	258	315	323	912	1536	2703	2460	2350	2473	3637	2789	2798	2125	1681	629	353	238	216	136	135	143	213	230	303	515	1135	1138	1111	1288	1790	1450	1693	1706	2234	1598	1189	842	706	635	339	257	308
	
High Count
	Northern Shoveler	225	170	215	280	190	80	175	200	250	200	380	340	550	490	210	250	170	80	72	120	40	60	30	36	25	55	25	24	102	23	120	80	180	200	135	145	225	225	425	400	327	300	700	400	210	194	135	215
	# checklists reporting species - (Northern Shoveler)	600	299	192	229	140	132	292	358	361	990	1685	3029	2769	2716	2876	4139	3302	3416	2521	1991	724	418	295	254	168	157	161	253	275	342	596	1282	1300	1282	1469	2012	1629	1888	1909	2482	1798	1337	952	815	756	395	301	372
	
Totals
	Northern Shoveler	8582	5657	3129	4189	3268	1256	4118	3791	4631	9734	15421	31996	28117	26026	21839	34090	21438	12750	8116	6414	2491	1601	957	996	544	587	525	749	910	1008	2137	5625	6729	8452	10290	14065	13342	15772	17847	25772	21347	16584	12700	11879	9778	4598	3302	6079
	# checklists reporting species - (Northern Shoveler)	550	285	170	208	124	117	268	336	339	958	1600	2884	2609	2535	2681	3829	2931	2972	2249	1831	679	387	269	238	154	149	154	234	258	327	559	1230	1214	1201	1355	1869	1520	1782	1787	2325	1690	1252	899	757	713	378	286	356
	
Average Count
	Northern Shoveler	15.603636363636364	19.849122807017544	18.405882352941177	20.139423076923077	26.35483870967742	10.735042735042734	15.365671641791044	11.282738095238095	13.660766961651918	10.160751565762004	9.638125	11.094313453536754	10.77692602529705	10.266666666666667	8.145841104065648	8.90310786106033	7.314227226202661	4.290040376850605	3.608714984437528	3.503003823047515	3.6686303387334314	4.136950904392765	3.557620817843866	4.184873949579832	3.5324675324675323	3.9395973154362416	3.409090909090909	3.200854700854701	3.5271317829457365	3.0825688073394497	3.822898032200358	4.573170731707317	5.542833607907743	7.037468776019983	7.594095940959409	7.5254146602461205	8.777631578947368	8.850729517396184	9.987129266927813	11.084731182795698	12.631360946745563	13.246006389776358	14.126807563959956	15.69220607661823	13.713884992987378	12.164021164021165	11.545454545454545	17.075842696629213
	# checklists reporting species - (Northern Shoveler)	550	285	170	208	124	117	268	336	339	958	1600	2884	2609	2535	2681	3829	2931	2972	2249	1831	679	387	269	238	154	149	154	234	258	327	559	1230	1214	1201	1355	1869	1520	1782	1787	2325	1690	1252	899	757	713	378	286	356
	
