

	Week starting on...	1/1	1/8	1/15	1/22	2/1	2/8	2/15	2/22	3/1	3/8	3/15	3/22	4/1	4/8	4/15	4/22	5/1	5/8	5/15	5/22	6/1	6/8	6/15	6/22	7/1	7/8	7/15	7/22	8/1	8/8	8/15	8/22	9/1	9/8	9/15	9/22	10/1	10/8	10/15	10/22	11/1	11/8	11/15	11/22	12/1	12/8	12/15	12/22
Frequency (%)
	Black-billed Cuckoo	0.0	0.0	0.0	0.0	0.0	0.0	0.0	0.0	0.0	0.0	0.0	0.0	0.0	0.0	0.0	0.0012562340615303444	0.08911797292740498	0.7602230279661295	2.5265377344772433	4.329956921643963	4.137995687634762	3.8842272147248753	3.492063492063492	3.3122140091517074	2.860606060606061	2.325059329100122	2.1889444932574396	1.9920862327739117	2.042724591814716	1.6472330186933184	1.3259435947804126	1.1745387369717426	0.8662008431021541	0.5931856700368184	0.3360954974792838	0.15152558716165027	0.0849737997450786	0.0405295865982167	0.017424638438752395	0.016919042382201165	0.0	0.0	0.0	0.0	0.0	0.0	0.0	0.0
	Total # checklists submitted - (Black-billed Cuckoo)	62273	43331	38620	54106	37238	53163	75553	42285	42866	50027	55502	78855	59210	57034	57433	79603	83036	91289	82524	85890	53335	51722	49455	56820	41250	31182	26177	36645	27806	27015	28508	43847	34634	34222	34514	43557	35305	37010	34434	47284	36806	33495	30926	37834	33146	28875	32707	48741
	
Abundance
	Black-billed Cuckoo	0.0	0.0	0.0	0.0	0.0	0.0	0.0	0.0	0.0	0.0	0.0	0.0	0.0	0.0	0.0	1.2562340615303443E-5	8.911797292740498E-4	0.007963719615725881	0.029785274586786873	0.05427872860635697	0.05133589575325771	0.0473299563048606	0.042381963401071684	0.04067229848644843	0.0336969696969697	0.025848245782823423	0.024334339305497193	0.021585482330468003	0.023592030497015033	0.019507680918008512	0.01473270660867125	0.012657650466394508	0.009557082635560432	0.006545497048682135	0.0035637712232717157	0.0016300479831026012	8.780625973658122E-4	4.0529586598216696E-4	1.7424638438752395E-4	1.6919042382201166E-4	0.0	0.0	0.0	0.0	0.0	0.0	0.0	0.0
	Total # checklists submitted - (Black-billed Cuckoo)	62273	43331	38620	54106	37238	53163	75553	42285	42866	50027	55502	78855	59210	57034	57433	79603	83036	91289	82524	85890	53335	51722	49455	56820	41250	31182	26177	36645	27806	27015	28508	43847	34634	34222	34514	43557	35305	37010	34434	47284	36806	33495	30926	37834	33146	28875	32707	48741
	
Birds Per Party Hour
	Black-billed Cuckoo	0.0	0.0	0.0	0.0	0.0	0.0	0.0	0.0	0.0	0.0	0.0	0.0	0.0	0.0	0.0	1.4992503748125936	0.3071903362834929	0.7756393531860047	0.9730645202339152	1.499338432907141	2.4314805519452647	3.3874435907608715	3.350775349994577	4.251755058038073	3.377340844238567	2.3380504874325916	1.459131983957799	1.33181213744635	1.3631994080286443	1.2527685781815472	1.2792674710154444	0.8202730398845349	0.8953678941689186	1.1842473965033722	0.5909053529575304	0.5938787561682508	2.5627994349306693	0.4820985260818755	0.10092493586998237	1.4297204855210788	0.0	0.0	0.0	0.0	0.0	0.0	0.0	0.0
	# checklists reporting species - (Black-billed Cuckoo)	0.0	0.0	0.0	0.0	0.0	0.0	0.0	0.0	0.0	0.0	0.0	0.0	0.0	0.0	0.0	1	69	627	2056	3917	2339	2122	1841	1958	1246	762	610	795	586	475	384	497	298	209	131	74	38	20	11	5	1	0.0	0.0	0.0	0.0	0.0	0.0	0.0
	
High Count
	Black-billed Cuckoo	0.0	0.0	0.0	0.0	0.0	0.0	0.0	0.0	0.0	0.0	0.0	0.0	0.0	0.0	0.0	1	2	7	35	20	16	8	10	18	19	5	4	7	5	9	8	5	4	8	5	2	2	2	1	1	1	0.0	0.0	0.0	0.0	0.0	0.0	0.0
	# checklists reporting species - (Black-billed Cuckoo)	0.0	0.0	0.0	0.0	0.0	0.0	0.0	0.0	0.0	0.0	0.0	0.0	0.0	0.0	0.0	3	105	931	2595	4433	2618	2359	2094	2251	1440	919	729	937	692	554	482	609	378	246	151	96	48	27	16	9	1	0.0	0.0	0.0	0.0	0.0	0.0	0.0
	
Totals
	Black-billed Cuckoo	0.0	0.0	0.0	0.0	0.0	0.0	0.0	0.0	0.0	0.0	0.0	0.0	0.0	0.0	0.0	3	96	920	2981	5432	3169	2837	2482	2689	1665	1006	801	1036	784	639	535	659	404	271	163	101	49	27	16	9	1	0.0	0.0	0.0	0.0	0.0	0.0	0.0
	# checklists reporting species - (Black-billed Cuckoo)	0.0	0.0	0.0	0.0	0.0	0.0	0.0	0.0	0.0	0.0	0.0	0.0	0.0	0.0	0.0	3	92	751	2305	4192	2525	2280	2007	2142	1373	874	681	893	660	538	456	579	354	239	147	95	48	26	16	9	1	0.0	0.0	0.0	0.0	0.0	0.0	0.0
	
Average Count
	Black-billed Cuckoo	0.0	0.0	0.0	0.0	0.0	0.0	0.0	0.0	0.0	0.0	0.0	0.0	0.0	0.0	0.0	1.0	1.0434782608695652	1.2250332889480693	1.2932754880694144	1.2958015267175573	1.255049504950495	1.244298245614035	1.236671649227703	1.2553688141923436	1.2126729788783686	1.1510297482837528	1.1762114537444934	1.16013437849944	1.187878787878788	1.187732342007435	1.1732456140350878	1.1381692573402418	1.1412429378531073	1.1338912133891212	1.1088435374149659	1.063157894736842	1.0208333333333333	1.0384615384615385	1.0	1.0	1.0	0.0	0.0	0.0	0.0	0.0	0.0	0.0
	# checklists reporting species - (Black-billed Cuckoo)	0.0	0.0	0.0	0.0	0.0	0.0	0.0	0.0	0.0	0.0	0.0	0.0	0.0	0.0	0.0	3	92	751	2305	4192	2525	2280	2007	2142	1373	874	681	893	660	538	456	579	354	239	147	95	48	26	16	9	1	0.0	0.0	0.0	0.0	0.0	0.0	0.0
	
