

	Week starting on...	1/1	1/8	1/15	1/22	2/1	2/8	2/15	2/22	3/1	3/8	3/15	3/22	4/1	4/8	4/15	4/22	5/1	5/8	5/15	5/22	6/1	6/8	6/15	6/22	7/1	7/8	7/15	7/22	8/1	8/8	8/15	8/22	9/1	9/8	9/15	9/22	10/1	10/8	10/15	10/22	11/1	11/8	11/15	11/22	12/1	12/8	12/15	12/22
Frequency (%)
	Bobolink	0.0064233295328633595	0.00692344972421592	0.0	0.0	0.0	0.0	0.0	0.0	0.0	0.0	0.0	0.0	0.0	0.0	0.01741159263837863	0.11306106553773099	2.3664434703020376	5.505592130486696	8.43754544132616	9.665851670741645	9.90719040029999	9.991879664359459	8.797897078151856	7.537838789158748	4.509090909090909	3.1652876659611313	2.3952324559728004	2.03301951152954	2.488671509746098	2.661484360540441	3.641083204714466	3.7265947499258787	2.535081134145637	0.9584477821284554	0.37955612215332907	0.27090938310719287	0.06514657980456026	0.010807889759524453	0.0029041064064587326	0.008459521191100583	0.0	0.017913121361397222	0.0	0.0	0.0	0.0	0.0	0.004103321638866663
	Total # checklists submitted - (Bobolink)	62273	43331	38620	54106	37238	53163	75553	42285	42866	50027	55502	78855	59210	57034	57433	79603	83036	91289	82524	85890	53335	51722	49455	56820	41250	31182	26177	36645	27806	27015	28508	43847	34634	34222	34514	43557	35305	37010	34434	47284	36806	33495	30926	37834	33146	28875	32707	48741
	
Abundance
	Bobolink	6.42332953286336E-5	6.92344972421592E-5	0.0	0.0	0.0	0.0	0.0	0.0	0.0	0.0	0.0	0.0	0.0	0.0	2.0893911166054358E-4	0.0039696996344358885	0.06408063972252999	0.19879722639091238	0.31235761717803306	0.35341716148562113	0.3505390456548233	0.36848923088821006	0.326984126984127	0.2762407602956705	0.18072727272727274	0.17304855365274838	0.14768690071436757	0.13546186382862602	0.16309429619506582	0.22165463631315935	0.3478321874561527	0.41362008803338884	0.28255471501992263	0.07433814505288995	0.017992698615054762	0.01294855017563193	7.647641977057074E-4	1.0807889759524453E-4	2.9041064064587326E-5	8.459521191100583E-5	0.0	1.7913121361397223E-4	0.0	0.0	0.0	0.0	0.0	4.103321638866663E-5
	Total # checklists submitted - (Bobolink)	62273	43331	38620	54106	37238	53163	75553	42285	42866	50027	55502	78855	59210	57034	57433	79603	83036	91289	82524	85890	53335	51722	49455	56820	41250	31182	26177	36645	27806	27015	28508	43847	34634	34222	34514	43557	35305	37010	34434	47284	36806	33495	30926	37834	33146	28875	32707	48741
	
Birds Per Party Hour
	Bobolink	1.2916666666666667	1.88988988988989	0.0	0.0	0.0	0.0	0.0	0.0	0.0	0.0	0.0	0.0	0.0	0.0	1.1635003135003135	3.369763810872796	3.5218346060313412	4.970704414997954	6.375529640450365	9.610706890257156	12.210791467090191	14.472147064711947	15.74633520686835	15.520191263044772	14.039945541951276	13.651067987558736	7.4790840351596355	11.788075639173426	8.663805263938254	8.972507072153045	8.856570249439866	12.65168415582768	7.602422913494529	7.5730057451119395	3.818008151454212	4.277791125844917	0.7590785513791485	0.20436507936507936	0.0	0.9177427351923446	0.0	0.3897625968536722	0.0	0.0	0.0	0.0	0.0	1.5
	# checklists reporting species - (Bobolink)	4	3	0.0	0.0	0.0	0.0	0.0	0.0	0.0	0.0	0.0	0.0	0.0	0.0	13	105	1927	4720	6577	7992	5217	5192	4481	4286	1860	965	618	733	667	700	1001	1573	881	330	141	127	29	6	2	5	0	6	0.0	0.0	0.0	0.0	0.0	2
	
High Count
	Bobolink	1	1	0.0	0.0	0.0	0.0	0.0	0.0	0.0	0.0	0.0	0.0	0.0	0.0	7	73	108	2500	340	100	85	118	150	500	320	280	260	330	150	400	436	1700	4600	150	84	201	6	1	1	1	1	1	0.0	0.0	0.0	0.0	0.0	1
	# checklists reporting species - (Bobolink)	5	3	0.0	0.0	0.0	0.0	0.0	0.0	0.0	0.0	0.0	0.0	0.0	0.0	18	154	2502	6072	7987	9513	6083	5928	5134	4893	2143	1126	713	862	767	809	1170	1804	1004	380	168	147	35	13	5	8	3	8	0.0	0.0	0.0	0.0	0.0	3
	
Totals
	Bobolink	5	3	0.0	0.0	0.0	0.0	0.0	0.0	0.0	0.0	0.0	0.0	0.0	0.0	28	470	6524	23831	28791	33323	20223	20521	17966	17475	8560	5968	4473	5860	5403	8032	13766	23815	16169	2654	721	618	46	13	5	8	3	8	0.0	0.0	0.0	0.0	0.0	3
	# checklists reporting species - (Bobolink)	5	3	0.0	0.0	0.0	0.0	0.0	0.0	0.0	0.0	0.0	0.0	0.0	0.0	18	148	2272	5272	7082	8620	5726	5606	4863	4600	2004	1050	654	798	725	763	1098	1703	968	375	163	145	33	13	5	8	3	8	0.0	0.0	0.0	0.0	0.0	3
	
Average Count
	Bobolink	1.0	1.0	0.0	0.0	0.0	0.0	0.0	0.0	0.0	0.0	0.0	0.0	0.0	0.0	1.5555555555555556	3.175675675675676	2.8714788732394365	4.520295902883157	4.065377012143462	3.8657772621809743	3.531784841075795	3.660542276132715	3.6944273082459387	3.7989130434782608	4.271457085828343	5.683809523809524	6.839449541284404	7.343358395989975	7.452413793103449	10.526867627785059	12.537340619307832	13.984145625366999	16.703512396694215	7.077333333333334	4.423312883435583	4.2620689655172415	1.393939393939394	1.0	1.0	1.0	1.0	1.0	0.0	0.0	0.0	0.0	0.0	1.0
	# checklists reporting species - (Bobolink)	5	3	0.0	0.0	0.0	0.0	0.0	0.0	0.0	0.0	0.0	0.0	0.0	0.0	18	148	2272	5272	7082	8620	5726	5606	4863	4600	2004	1050	654	798	725	763	1098	1703	968	375	163	145	33	13	5	8	3	8	0.0	0.0	0.0	0.0	0.0	3
	
