

	Week starting on...	1/1	1/8	1/15	1/22	2/1	2/8	2/15	2/22	3/1	3/8	3/15	3/22	4/1	4/8	4/15	4/22	5/1	5/8	5/15	5/22	6/1	6/8	6/15	6/22	7/1	7/8	7/15	7/22	8/1	8/8	8/15	8/22	9/1	9/8	9/15	9/22	10/1	10/8	10/15	10/22	11/1	11/8	11/15	11/22	12/1	12/8	12/15	12/22
Frequency (%)
	Tennessee Warbler	0.02729915051466928	0.0	0.0	0.0	0.0	0.0	0.0	0.0	0.0	0.0	0.0	0.0	0.0	0.0	0.0017411592638378632	0.03266208559978895	0.9598246543667807	5.750966710118415	12.622994522805486	6.261497263942252	1.3593325208587232	0.9531727311395538	1.1303204933778181	1.1140443505807813	1.364848484848485	0.897953947790392	0.6761661000114604	0.7449856733524355	1.3090699848953464	1.713862668887655	2.722042935316402	5.261477410085068	7.287636426632789	7.839985973934896	6.322072202584458	4.740914204375875	3.506585469480244	1.315860578222102	0.5808212812917465	0.1565011420353608	0.04890506982557192	0.017913121361397222	0.01616762594580612	0.03700375323782841	0.09654256923912388	0.0380952380952381	0.06420643898859571	0.028723251472066638
	Total # checklists submitted - (Tennessee Warbler)	62273	43331	38620	54106	37238	53163	75553	42285	42866	50027	55502	78855	59210	57034	57433	79603	83036	91289	82524	85890	53335	51722	49455	56820	41250	31182	26177	36645	27806	27015	28508	43847	34634	34222	34514	43557	35305	37010	34434	47284	36806	33495	30926	37834	33146	28875	32707	48741
	
Abundance
	Tennessee Warbler	2.890498289788512E-4	0.0	0.0	0.0	0.0	0.0	0.0	0.0	0.0	0.0	0.0	0.0	0.0	0.0	1.741159263837863E-5	3.6430787784379984E-4	0.015788332771328097	0.14352222063994566	0.34708690805099124	0.14708347886831993	0.024917971313396455	0.01672402459301651	0.0197351127287433	0.016578669482576556	0.023684848484848486	0.013308960297607595	0.01466936623753677	0.019238641015145313	0.032367115011148674	0.039089394780677404	0.05107338291006033	0.1222888681095628	0.17416411618640643	0.16089065513412426	0.12965753027756852	0.07764538420919714	0.057753859226738424	0.019427181842745205	0.007376430272405181	0.0018399458590643769	5.705591479650057E-4	1.7913121361397223E-4	1.6167625945806118E-4	3.7003753237828407E-4	9.654256923912388E-4	3.463203463203463E-4	6.726388846424313E-4	2.872325147206664E-4
	Total # checklists submitted - (Tennessee Warbler)	62273	43331	38620	54106	37238	53163	75553	42285	42866	50027	55502	78855	59210	57034	57433	79603	83036	91289	82524	85890	53335	51722	49455	56820	41250	31182	26177	36645	27806	27015	28508	43847	34634	34222	34514	43557	35305	37010	34434	47284	36806	33495	30926	37834	33146	28875	32707	48741
	
Birds Per Party Hour
	Tennessee Warbler	1.6602559298810238	0.0	0.0	0.0	0.0	0.0	0.0	0.0	0.0	0.0	0.0	0.0	0.0	0.0	0.0	0.28499524938892146	0.9586774610744814	1.3605913038687543	1.8704233990977075	2.27004664710596	6.634941643829941	10.059781521654925	11.648175542245546	12.807281112355989	11.193196445922766	9.89453754136817	1.3468176871412836	0.6053971585062442	0.7946840748014435	1.051394201717994	1.2281942124902239	1.3947348754282787	1.3312946382117903	1.5831542386459436	1.5750894192120937	1.208255896485996	1.209896411342672	1.0972534799410008	0.7313223189012175	0.6132355048683863	1.1304369734075934	7.733828590071848	1.0328461234063302	1.0182355597781636	1.1384426035693767	1.6015436365189943	1.700596647906427	1.1027991881944246
	# checklists reporting species - (Tennessee Warbler)	19	0.0	0.0	0.0	0.0	0.0	0.0	0.0	0.0	0.0	0.0	0.0	0.0	0.0	0	35	783	4978	10775	6198	792	499	561	625	557	251	192	281	383	481	779	2294	2535	2721	2221	2136	1315	527	210	93	22	8	7	15	38	10	21	16
	
High Count
	Tennessee Warbler	2	0.0	0.0	0.0	0.0	0.0	0.0	0.0	0.0	0.0	0.0	0.0	0.0	0.0	1	7	55	1800	300	54	30	30	27	28	25	9	15	20	20	40	21	65	400	62	70	55	67	37	16	3	2	1	1	1	1	1	2	1
	# checklists reporting species - (Tennessee Warbler)	20	0.0	0.0	0.0	0.0	0.0	0.0	0.0	0.0	0.0	0.0	0.0	0.0	0.0	2	46	991	6467	12551	6969	884	546	613	682	599	300	214	318	422	533	882	2581	2771	2930	2394	2303	1410	587	242	110	25	8	8	16	39	11	23	16
	
Totals
	Tennessee Warbler	21	0.0	0.0	0.0	0.0	0.0	0.0	0.0	0.0	0.0	0.0	0.0	0.0	0.0	2	60	1536	15278	33683	16517	1577	930	1038	1048	1019	437	442	814	1016	1234	1721	6157	6477	6072	4903	3826	2398	878	314	126	28	8	8	16	39	10	24	16
	# checklists reporting species - (Tennessee Warbler)	20	0.0	0.0	0.0	0.0	0.0	0.0	0.0	0.0	0.0	0.0	0.0	0.0	0.0	2	46	876	5511	11405	6551	832	517	578	637	572	267	205	307	407	519	846	2497	2688	2866	2340	2240	1391	582	242	110	25	8	8	16	39	10	23	16
	
Average Count
	Tennessee Warbler	1.05	0.0	0.0	0.0	0.0	0.0	0.0	0.0	0.0	0.0	0.0	0.0	0.0	0.0	1.0	1.3043478260869565	1.7534246575342465	2.7722736345490837	2.9533537921964053	2.5212944588612425	1.8954326923076923	1.7988394584139265	1.7958477508650519	1.6452119309262165	1.7814685314685315	1.6367041198501873	2.15609756097561	2.6514657980456025	2.4963144963144965	2.377649325626204	2.034278959810875	2.4657589106928315	2.4095982142857144	2.118632240055827	2.0952991452991454	1.7080357142857143	1.7239396117900792	1.5085910652920962	1.2975206611570247	1.1454545454545455	1.12	1.0	1.0	1.0	1.0	1.0	1.0434782608695652	1.0
	# checklists reporting species - (Tennessee Warbler)	20	0.0	0.0	0.0	0.0	0.0	0.0	0.0	0.0	0.0	0.0	0.0	0.0	0.0	2	46	876	5511	11405	6551	832	517	578	637	572	267	205	307	407	519	846	2497	2688	2866	2340	2240	1391	582	242	110	25	8	8	16	39	10	23	16
	
