

	Week starting on...	1/1	1/8	1/15	1/22	2/1	2/8	2/15	2/22	3/1	3/8	3/15	3/22	4/1	4/8	4/15	4/22	5/1	5/8	5/15	5/22	6/1	6/8	6/15	6/22	7/1	7/8	7/15	7/22	8/1	8/8	8/15	8/22	9/1	9/8	9/15	9/22	10/1	10/8	10/15	10/22	11/1	11/8	11/15	11/22	12/1	12/8	12/15	12/22
Frequency (%)
	Sharp-shinned Hawk	1.3922566762481332	1.4400775426369112	1.4500258933195236	1.330721176948952	1.4286481551103711	1.2226548539397701	1.2097468002594207	1.0925860234125575	1.1524284981103905	1.0294441001858996	1.0341969658751036	1.226301439350707	1.5841918594831954	2.0268611705298594	2.206048787282573	2.3629762697385774	2.5531094946770074	1.955328681440261	1.274780669865736	0.7160321341250436	0.6131058404424862	0.5413557093693206	0.46102517440097057	0.41534670890531505	0.5406060606060606	0.6253607850683086	0.6188638881460824	0.6958657388456815	0.902682874199813	1.13270405330372	1.4873018100182405	2.5520560129541363	4.868048738234105	7.974402431184618	9.341136929941474	8.333907293890764	6.625123920124628	6.811672520940286	6.635883138758205	4.836731241011758	3.148943107102103	2.277951933124347	1.7299359762012547	1.448432626737855	1.4541724491643033	1.5203463203463203	2.2074785214174333	1.8075131819207648
	Total # checklists submitted - (Sharp-shinned Hawk)	62273	43331	38620	54106	37238	53163	75553	42285	42866	50027	55502	78855	59210	57034	57433	79603	83036	91289	82524	85890	53335	51722	49455	56820	41250	31182	26177	36645	27806	27015	28508	43847	34634	34222	34514	43557	35305	37010	34434	47284	36806	33495	30926	37834	33146	28875	32707	48741
	
Abundance
	Sharp-shinned Hawk	0.014099208324635074	0.014446931757863884	0.014422578974624546	0.013233282815214579	0.014125355819324345	0.012320598912777684	0.012362182838537185	0.01087856213787395	0.011524284981103906	0.010594279089291782	0.013783287088753558	0.021558556844841797	0.0361087654112481	0.06825753059578497	0.07408632667630108	0.05060110799844227	0.042306951201888335	0.02196321572149985	0.013390044108380593	0.007137035743392712	0.006112308990344052	0.005452225358648158	0.0046102517440097055	0.0040478704681450196	0.005309090909090909	0.006285677634532743	0.006265041830614662	0.007777322963569382	0.010069769114579586	0.012955765315565427	0.018380805387961274	0.039250119734531436	0.23393197436045504	0.8631582023259892	1.3830909196268182	0.752278623412999	0.7457583911627248	0.7536881923804377	0.9188883080676076	0.3550461043904915	0.09150681954029234	0.04624570831467383	0.026514906551122035	0.016308082676957235	0.015175285102274784	0.01554978354978355	0.024245574341884	0.019183028661701646
	Total # checklists submitted - (Sharp-shinned Hawk)	62273	43331	38620	54106	37238	53163	75553	42285	42866	50027	55502	78855	59210	57034	57433	79603	83036	91289	82524	85890	53335	51722	49455	56820	41250	31182	26177	36645	27806	27015	28508	43847	34634	34222	34514	43557	35305	37010	34434	47284	36806	33495	30926	37834	33146	28875	32707	48741
	
Birds Per Party Hour
	Sharp-shinned Hawk	2.8724676317270235	2.6460255716870718	2.4899186875875565	3.1650467085557907	2.8791695284398804	2.6990608292863363	2.2898293046126637	2.474801180470757	2.40877435774815	2.5824522196280153	2.613943111655588	2.1677066945680736	6.192832617238644	2.2080369302694653	2.4922515886073278	1.614995348182198	2.3649163862228972	1.0189748801518945	0.9082885708360912	1.2441822700036362	2.0734047782080993	2.4756193849730983	2.4817639914948377	3.201582941394329	2.669545452946498	2.5856909792012406	1.6922214421668569	1.3876891763074393	1.9239781239996938	1.3929176674131514	1.4146605662360612	1.2714767966732452	2.7763792982449624	4.382995303477682	5.407784374343032	3.952537415481665	4.451266432528187	4.514568794536653	4.927344390400713	3.1660805645237406	1.7620417495055414	1.443456316500538	1.6394234551302818	1.830992512087029	2.21865583964834	2.097071841715914	1.5568286741558617	1.9589969649074632
	# checklists reporting species - (Sharp-shinned Hawk)	949	674	618	794	578	699	988	511	544	570	623	1049	986	1184	1278	1993	2161	1613	976	622	341	291	234	256	235	201	184	286	278	321	403	1078	1746	2847	3452	3975	2600	2803	2592	2603	1358	899	654	631	510	466	753	925
	
High Count
	Sharp-shinned Hawk	17	2	4	2	10	2	3	3	2	92	108	222	458	841	1285	1381	277	576	20	20	4	2	4	6	5	4	5	5	3	15	22	100	350	1177	3600	969	2227	1300	1200	368	326	95	45	12	10	6	510	16
	# checklists reporting species - (Sharp-shinned Hawk)	1195	853	782	1019	737	849	1098	625	657	679	754	1268	1194	1447	1581	2323	2580	2189	1305	802	438	372	305	331	325	280	244	381	337	406	541	1406	2274	3515	4091	4549	2967	3142	2840	2891	1506	1019	732	741	621	576	923	1147
	
Totals
	Sharp-shinned Hawk	1237	849	780	1006	750	848	1110	621	651	789	1174	3068	5148	10364	15089	13676	6531	3658	1362	800	428	363	296	319	318	271	243	413	368	455	704	2232	12564	44750	72906	53985	41231	41774	44399	25601	5331	2280	1201	926	668	584	1565	1218
	# checklists reporting species - (Sharp-shinned Hawk)	1150	834	764	994	721	832	1083	614	643	664	730	1234	1151	1400	1503	2210	2369	1837	1095	717	403	346	278	304	300	252	220	358	322	380	512	1331	2163	3352	3917	4370	2854	3058	2783	2809	1456	995	720	723	609	564	904	1105
	
Average Count
	Sharp-shinned Hawk	1.0756521739130436	1.0179856115107915	1.0209424083769634	1.012072434607646	1.0402219140083218	1.0192307692307692	1.0249307479224377	1.011400651465798	1.0124416796267497	1.1882530120481927	1.6082191780821917	2.4862236628849272	4.472632493483927	7.402857142857143	10.039254823685962	6.188235294117647	2.7568594343604897	1.9912901469787698	1.2438356164383562	1.1157601115760112	1.0620347394540943	1.0491329479768785	1.064748201438849	1.049342105263158	1.06	1.0753968253968254	1.1045454545454545	1.1536312849162011	1.1428571428571428	1.1973684210526316	1.375	1.6769346356123216	5.808599167822469	13.350238663484486	18.612713811590503	12.35354691075515	14.446741415557113	13.66056245912361	15.953647143370464	9.113919544321822	3.661401098901099	2.291457286432161	1.6680555555555556	1.280774550484094	1.09688013136289	1.0354609929078014	1.7311946902654867	1.102262443438914
	# checklists reporting species - (Sharp-shinned Hawk)	1150	834	764	994	721	832	1083	614	643	664	730	1234	1151	1400	1503	2210	2369	1837	1095	717	403	346	278	304	300	252	220	358	322	380	512	1331	2163	3352	3917	4370	2854	3058	2783	2809	1456	995	720	723	609	564	904	1105
	
