

	Week starting on...	1/1	1/8	1/15	1/22	2/1	2/8	2/15	2/22	3/1	3/8	3/15	3/22	4/1	4/8	4/15	4/22	5/1	5/8	5/15	5/22	6/1	6/8	6/15	6/22	7/1	7/8	7/15	7/22	8/1	8/8	8/15	8/22	9/1	9/8	9/15	9/22	10/1	10/8	10/15	10/22	11/1	11/8	11/15	11/22	12/1	12/8	12/15	12/22
Frequency (%)
	Northern Waterthrush	0.008029161916079199	0.00230781657473864	0.0	0.0	0.0	0.0	0.0	0.0	0.0023328512107497782	0.0	0.0	0.0	0.0	0.0017533401129151034	0.06268173349816307	1.3843699358064394	6.762127270099716	8.657121887631588	8.65445203819495	6.303411340086157	5.197337583200525	4.636324968098681	4.325144070367001	3.665962689193946	2.993939393939394	1.9306009877493424	1.5318791305344388	1.5172601992086234	2.2297345896569087	2.0914306866555616	2.059071137926196	2.1711861700914543	2.0586706704394526	1.282800537665829	0.6200382453497131	0.34896801891774	0.12179577963461266	0.04323155903809781	0.02032874484521113	0.008459521191100583	0.002716948323642884	0.008956560680698611	0.0032335251891612237	0.0026431252312734575	0.0	0.0069264069264069255	0.03057449475647415	0.010258304097166656
	Total # checklists submitted - (Northern Waterthrush)	62273	43331	38620	54106	37238	53163	75553	42285	42866	50027	55502	78855	59210	57034	57433	79603	83036	91289	82524	85890	53335	51722	49455	56820	41250	31182	26177	36645	27806	27015	28508	43847	34634	34222	34514	43557	35305	37010	34434	47284	36806	33495	30926	37834	33146	28875	32707	48741
	
Abundance
	Northern Waterthrush	8.0291619160792E-5	2.30781657473864E-5	0.0	0.0	0.0	0.0	0.0	0.0	2.3328512107497783E-5	0.0	0.0	0.0	0.0	1.7533401129151033E-5	7.13875298173524E-4	0.021067045211863873	0.12437978708030252	0.14317168552618606	0.15710581164267365	0.11617184771219001	0.08454110809037217	0.07706585205521828	0.07133757961783439	0.05550862372404083	0.04220606060606061	0.02446924507728818	0.019864766779997708	0.01981170691772411	0.031324174638567216	0.027466222468998703	0.02757120808194191	0.03122220448377312	0.029652942195530402	0.01648062649757466	0.00695369994784725	0.004132516013499552	0.0016145021951564935	5.133747635774115E-4	2.032874484521113E-4	8.459521191100583E-5	2.7169483236428842E-5	8.956560680698612E-5	3.233525189161224E-5	2.6431252312734577E-5	0.0	6.926406926406926E-5	3.057449475647415E-4	1.0258304097166656E-4
	Total # checklists submitted - (Northern Waterthrush)	62273	43331	38620	54106	37238	53163	75553	42285	42866	50027	55502	78855	59210	57034	57433	79603	83036	91289	82524	85890	53335	51722	49455	56820	41250	31182	26177	36645	27806	27015	28508	43847	34634	34222	34514	43557	35305	37010	34434	47284	36806	33495	30926	37834	33146	28875	32707	48741
	
Birds Per Party Hour
	Northern Waterthrush	7.895572263993317	7.518796992481203	0.0	0.0	0.0	0.0	0.0	0.0	0.2390628735357399	0.0	0.0	0.0	0.0	0.5000937734433608	2.4218453528851436	2.418834926293482	2.3560174615350977	1.6057244212558945	2.068858078481282	3.7606769036548298	5.986100757362988	6.4187558778310265	7.229892761956438	7.638875546230456	6.363080460984284	4.525082461250773	1.6810169415411118	1.4927039382321217	1.7310427648750337	0.9716113562930893	0.8462543936365715	0.9091759109373563	0.8238199761018936	0.7112320427401242	0.8883161308048956	0.6601338154071485	0.7801863722692989	0.4494701702991638	0.3378790608000774	0.5028133235533617	0.0	1.0654811570841238	0.7057163020465773	0.8	0.0	2.0	0.8035118813112551	1.5636379240103284
	# checklists reporting species - (Northern Waterthrush)	5	1	0.0	0.0	0.0	0.0	0.0	0.0	1	0.0	0.0	0.0	0.0	2	40	1155	5714	7589	6997	5345	2682	2327	2112	2036	1231	557	413	589	668	603	590	958	714	461	228	172	54	17	9	7	1	2	1	1	1	1	10	5
	
High Count
	Northern Waterthrush	1	1	0.0	0.0	0.0	0.0	0.0	0.0	1	0.0	0.0	0.0	0.0	1	3	24	30	25	59	60	22	22	35	100	125	10	6	8	8	32	70	20	26	6	3	6	6	3	1	1	1	1	1	1	1	1	1	1
	# checklists reporting species - (Northern Waterthrush)	5	1	0.0	0.0	0.0	0.0	0.0	0.0	1	0.0	0.0	0.0	0.0	2	52	1387	6508	9268	8102	6157	3046	2639	2384	2352	1399	689	470	683	757	715	721	1168	827	530	269	199	70	25	13	11	1	5	2	1	1	3	10	5
	
Totals
	Northern Waterthrush	5	1	0.0	0.0	0.0	0.0	0.0	0.0	1	0.0	0.0	0.0	0.0	2	56	2076	11546	14706	14112	10892	4839	4254	3894	3567	2025	861	599	895	1031	973	1042	1670	1172	678	306	231	88	26	13	11	1	5	2	1	1	3	10	5
	# checklists reporting species - (Northern Waterthrush)	5	1	0.0	0.0	0.0	0.0	0.0	0.0	1	0.0	0.0	0.0	0.0	2	51	1342	6100	8167	7444	5749	2902	2493	2271	2207	1321	638	439	653	730	677	681	1104	792	515	265	197	65	23	13	11	1	5	2	1	1	3	10	5
	
Average Count
	Northern Waterthrush	1.0	1.0	0.0	0.0	0.0	0.0	0.0	0.0	1.0	0.0	0.0	0.0	0.0	1.0	1.0980392156862746	1.5469448584202683	1.8927868852459016	1.8006611975021427	1.8957549704459968	1.8945903635414856	1.6674707098552721	1.7063778580024067	1.714663143989432	1.6162211146352514	1.5329295987887963	1.3495297805642634	1.3644646924829158	1.3705972434915774	1.4123287671232876	1.4372230428360413	1.5301027900146842	1.5126811594202898	1.47979797979798	1.316504854368932	1.1547169811320754	1.1725888324873097	1.353846153846154	1.1304347826086956	1.0	1.0	1.0	1.0	1.0	1.0	1.0	1.0	1.0	1.0
	# checklists reporting species - (Northern Waterthrush)	5	1	0.0	0.0	0.0	0.0	0.0	0.0	1	0.0	0.0	0.0	0.0	2	51	1342	6100	8167	7444	5749	2902	2493	2271	2207	1321	638	439	653	730	677	681	1104	792	515	265	197	65	23	13	11	1	5	2	1	1	3	10	5
	
