

	Week starting on...	1/1	1/8	1/15	1/22	2/1	2/8	2/15	2/22	3/1	3/8	3/15	3/22	4/1	4/8	4/15	4/22	5/1	5/8	5/15	5/22	6/1	6/8	6/15	6/22	7/1	7/8	7/15	7/22	8/1	8/8	8/15	8/22	9/1	9/8	9/15	9/22	10/1	10/8	10/15	10/22	11/1	11/8	11/15	11/22	12/1	12/8	12/15	12/22
Frequency (%)
	Baltimore Oriole	0.016058323832158397	0.01384689944843184	0.002589331952356292	0.0	0.002685428862989419	0.005643022402798939	0.0	0.0	0.0023328512107497782	0.001998920582885242	0.0	0.0	0.0	0.003506680225830207	0.00522347779151359	0.6331419670112935	16.07013825328773	36.4184074751613	45.10324269303475	34.948189544766564	24.52985844192369	22.01771006534937	19.91709635021737	15.878211897219288	12.479999999999999	11.580398948111089	10.547427130687243	9.682084868331287	10.878946989858305	12.518970942069222	15.350077171320331	12.98834583893995	4.943119477969625	0.8941616504003272	0.1622529987831025	0.06428358243221526	0.01982721994051834	0.01891380707916779	0.03484927687750479	0.03172320446662719	0.021735586589143072	0.03284072249589491	0.029101726702451012	0.026431252312734577	0.051288239908284565	0.01038961038961039	0.0397468431834164	0.022568269013766643
	Total # checklists submitted - (Baltimore Oriole)	62273	43331	38620	54106	37238	53163	75553	42285	42866	50027	55502	78855	59210	57034	57433	79603	83036	91289	82524	85890	53335	51722	49455	56820	41250	31182	26177	36645	27806	27015	28508	43847	34634	34222	34514	43557	35305	37010	34434	47284	36806	33495	30926	37834	33146	28875	32707	48741
	
Abundance
	Baltimore Oriole	1.60583238321584E-4	1.384689944843184E-4	2.589331952356292E-5	0.0	2.6854288629894193E-5	5.643022402798939E-5	0.0	0.0	2.3328512107497783E-5	1.998920582885242E-5	0.0	0.0	0.0	3.506680225830207E-5	5.2234777915135894E-5	0.011770913156539326	0.4576448769208536	1.7082671515735741	1.8610828365081673	0.9790196763301898	0.5112777725696072	0.43430261784153745	0.3956930542917804	0.295969728968673	0.24412121212121213	0.24084407671092298	0.21262940749512932	0.19298676490653568	0.2295188088901676	0.268517490283176	0.3645994106917356	0.2924487422172555	0.08794825893630537	0.011220852083455088	0.0017094512371791158	7.117110912138117E-4	1.982721994051834E-4	1.8913807079167793E-4	3.484927687750479E-4	3.172320446662719E-4	2.1735586589143074E-4	3.284072249589491E-4	2.910172670245101E-4	2.6431252312734575E-4	5.128823990828456E-4	1.038961038961039E-4	3.9746843183416396E-4	2.2568269013766644E-4
	Total # checklists submitted - (Baltimore Oriole)	62273	43331	38620	54106	37238	53163	75553	42285	42866	50027	55502	78855	59210	57034	57433	79603	83036	91289	82524	85890	53335	51722	49455	56820	41250	31182	26177	36645	27806	27015	28508	43847	34634	34222	34514	43557	35305	37010	34434	47284	36806	33495	30926	37834	33146	28875	32707	48741
	
Birds Per Party Hour
	Baltimore Oriole	1.4895843023348014	1.1082686095574446	0.125	0.0	1.0	0.2777777777777778	11.904761904761905	0.0	0.5	0.983284169124877	0.0	0.0	0.0	0.5833333333333334	0.0	1.8178551384915194	2.657162295047752	3.593228459352008	3.6801546220338612	3.4156552356589125	3.7829265648198156	4.363871493057112	4.215675491306876	4.557081479942413	3.53377347168269	3.0935222830385563	2.413286766408524	2.345132126990476	2.261316483481463	2.3286556048984903	2.2857444691998814	2.083451801515616	1.718096134085253	0.9286303102811687	1.829268271512793	3.9612023556935623	5.164742600389716	1.1735407709977108	2.2039024958832663	1.454739214686779	0.7120896676572411	3.803831477279922	0.7045737234475767	1.3913091930849244	1.7260002379172374	1.4	0.8784741295501656	1.299012285350358
	# checklists reporting species - (Baltimore Oriole)	11	7	1	0.0	1	3	1	0.0	1	1	0	0.0	0.0	2	0	585	13460	31740	36148	29480	12992	11253	9850	8952	5065	3563	2709	3501	3034	3350	4403	5660	1740	331	63	29	7	8	13	14	9	11	8	10	14	3	15	12
	
High Count
	Baltimore Oriole	1	1	1	0.0	1	1	1	0.0	1	1	1	0.0	0.0	1	1	60	450	1400	785	111	60	30	33	33	40	20	25	60	35	30	84	45	150	25	4	3	1	1	1	1	1	1	1	1	1	1	1	1
	# checklists reporting species - (Baltimore Oriole)	13	8	1	0.0	1	3	2	0.0	1	1	2	0.0	0.0	5	6	697	15369	37294	40931	32597	14052	12140	10668	9767	5628	3967	2998	3875	3302	3721	4798	6197	1923	378	82	38	9	13	16	24	14	16	14	12	25	6	18	13
	
Totals
	Baltimore Oriole	13	8	1	0.0	1	3	2	0.0	1	1	2	0.0	0.0	5	6	1202	42311	169491	163054	89217	28636	23496	20736	17785	10788	8067	5980	7640	6851	7984	11380	13904	3437	493	92	42	9	13	16	23	14	16	14	12	25	6	18	13
	# checklists reporting species - (Baltimore Oriole)	13	8	1	0.0	1	3	2	0.0	1	1	2	0.0	0.0	5	6	671	14248	33377	37403	30497	13432	11600	10173	9295	5310	3753	2851	3705	3174	3556	4619	5965	1861	367	76	36	9	13	16	23	14	16	14	12	25	6	18	13
	
Average Count
	Baltimore Oriole	1.0	1.0	1.0	0.0	1.0	1.0	1.0	0.0	1.0	1.0	1.0	0.0	0.0	1.0	1.0	1.7913561847988078	2.9696097697922514	5.0780777181891725	4.359382937197551	2.925435288716923	2.131923764145325	2.0255172413793106	2.0383367738130347	1.9133942980096825	2.031638418079096	2.149480415667466	2.0975096457383375	2.0620782726045883	2.1584751102709516	2.2452193475815525	2.463736739554016	2.3309304274937133	1.846856528747985	1.3433242506811989	1.2105263157894737	1.1666666666666667	1.0	1.0	1.0	1.0	1.0	1.0	1.0	1.0	1.0	1.0	1.0	1.0
	# checklists reporting species - (Baltimore Oriole)	13	8	1	0.0	1	3	2	0.0	1	1	2	0.0	0.0	5	6	671	14248	33377	37403	30497	13432	11600	10173	9295	5310	3753	2851	3705	3174	3556	4619	5965	1861	367	76	36	9	13	16	23	14	16	14	12	25	6	18	13
	
