

	Week starting on...	1/1	1/8	1/15	1/22	2/1	2/8	2/15	2/22	3/1	3/8	3/15	3/22	4/1	4/8	4/15	4/22	5/1	5/8	5/15	5/22	6/1	6/8	6/15	6/22	7/1	7/8	7/15	7/22	8/1	8/8	8/15	8/22	9/1	9/8	9/15	9/22	10/1	10/8	10/15	10/22	11/1	11/8	11/15	11/22	12/1	12/8	12/15	12/22
Frequency (%)
	Savannah Sparrow	0.05780996579577024	0.053079781218988716	0.12687726566545832	0.11458987912615977	0.08056286588968259	0.08652634350958373	0.07676730242346433	0.04966300106420716	0.018662809685998226	0.017990285245967175	0.036034737486937404	0.0862342273793672	0.689072791758149	3.3050461128449697	5.865965559869761	8.250945316131302	9.352569969651716	8.601255353876152	9.928020939363094	12.072418209337526	12.128995968875973	13.566760759444724	13.5112728743302	13.504047870468144	12.184242424242424	11.503431466871913	9.508347022195057	7.07599945422295	5.484427821333525	4.301314084767722	4.0023852953556895	3.701507514767259	3.7419876422013054	3.825024837823622	4.183809468621429	4.706476570930046	4.274182127177453	2.66954877060254	1.5885462043329266	0.5139159123593605	0.17388469271314458	0.11046424839528289	0.04526935264825713	0.04757625416292224	0.051288239908284565	0.08658008658008658	0.35772158865074755	0.12515130998543322
	Total # checklists submitted - (Savannah Sparrow)	62273	43331	38620	54106	37238	53163	75553	42285	42866	50027	55502	78855	59210	57034	57433	79603	83036	91289	82524	85890	53335	51722	49455	56820	41250	31182	26177	36645	27806	27015	28508	43847	34634	34222	34514	43557	35305	37010	34434	47284	36806	33495	30926	37834	33146	28875	32707	48741
	
Abundance
	Savannah Sparrow	0.0010116744014259792	8.769702984006831E-4	0.0018384256861729673	0.0017188481868923963	9.130458134164026E-4	0.0013919455260237384	0.0011647452781491138	6.148752512711364E-4	1.8662809685998226E-4	1.998920582885242E-4	4.143994810997802E-4	0.0012047428825058652	0.012937003884478973	0.0746221552056668	0.15184649939930006	0.22746630152129946	0.23653596030637314	0.19417454457820768	0.23229605932819544	0.2956455932006054	0.3364957345082966	0.4281930319786551	0.4344960064705288	0.4475184794086589	0.41318787878787877	0.42521326406260024	0.5342476219582076	0.4288988948014736	0.48165863482701576	0.5261891541736072	0.4196365932369861	0.3511984856432595	0.3787607553271352	0.3144176260884811	0.19806455351451585	0.24124710149918496	0.16286644951140064	0.07211564442042691	0.033949003891502585	0.009326622113188394	0.002472422974515025	0.0013733393043737871	7.760460453986937E-4	6.079188031928953E-4	6.033910577445242E-4	0.0024242424242424242	0.007674198183875012	0.002441476375125664
	Total # checklists submitted - (Savannah Sparrow)	62273	43331	38620	54106	37238	53163	75553	42285	42866	50027	55502	78855	59210	57034	57433	79603	83036	91289	82524	85890	53335	51722	49455	56820	41250	31182	26177	36645	27806	27015	28508	43847	34634	34222	34514	43557	35305	37010	34434	47284	36806	33495	30926	37834	33146	28875	32707	48741
	
Birds Per Party Hour
	Savannah Sparrow	2.8547856453969174	5.1309054371980825	3.0288553632828004	2.558782132737863	1.7896387091795984	3.2980491478167195	2.807439264875184	1.2352838157834576	3.1330254747383215	3.003659691769204	1.1403718814268167	1.892433835685327	3.165513045340513	4.829930002365282	5.969654966169088	5.492961909936858	4.928551025365844	4.009887552896618	4.033553721795137	6.6192139558909675	9.60510870789879	12.679534077903263	14.30850008750078	14.31434734209038	13.540692694073996	11.931588920549368	6.574650465830409	5.428402911576227	5.085925306559733	4.851596429374501	6.040240128712785	5.88835679768149	5.530440760397459	5.220892552845792	5.359644597734515	5.407062429653648	4.505411208973731	2.9692016955818215	2.1997221088162484	2.0816684730380395	1.6320620543374933	1.3586419717312261	1.7823539451112909	0.7401325751608703	1.2822779549417769	4.000803678814506	1.2959693383912783	3.640288975852932
	# checklists reporting species - (Savannah Sparrow)	40	27	52	77	34	49	68	22	9	11	23	79	426	1882	3285	6499	7456	7307	7694	9922	6219	6852	6542	7475	4905	3415	2347	2508	1460	1125	1106	1611	1277	1296	1456	2039	1508	991	568	257	71	41	22	23	20	28	128	71
	
High Count
	Savannah Sparrow	8	5	5	8	4	8	5	3	1	2	13	25	18	60	150	123	220	60	100	101	120	278	200	200	200	140	312	150	177	417	321	300	246	1500	120	235	500	30	20	16	8	3	7	4	3	16	16	8
	# checklists reporting species - (Savannah Sparrow)	52	39	55	87	43	51	69	27	12	15	30	109	522	2191	3831	7320	8545	8796	9013	11373	7087	7685	7293	8353	5615	3982	2692	2803	1606	1247	1242	1775	1424	1419	1616	2244	1643	1104	623	286	86	49	25	29	27	29	143	92
	
Totals
	Savannah Sparrow	82	59	81	130	54	82	107	34	11	16	53	177	968	4846	10015	19928	21455	19291	20467	27251	18954	23375	22673	27086	18081	13988	14801	16471	13731	14518	12314	16017	13901	11289	7523	11793	6212	2956	1326	525	122	60	36	37	32	89	307	151
	# checklists reporting species - (Savannah Sparrow)	52	39	55	86	43	50	69	27	11	15	30	106	501	2108	3594	6886	7856	7734	8083	10472	6642	7247	6879	7910	5276	3716	2492	2627	1513	1166	1161	1686	1362	1371	1548	2165	1582	1071	614	282	84	48	25	29	27	29	141	89
	
Average Count
	Savannah Sparrow	1.5769230769230769	1.5128205128205128	1.4727272727272727	1.5116279069767442	1.255813953488372	1.64	1.5507246376811594	1.2592592592592593	1.0	1.0666666666666667	1.7666666666666666	1.669811320754717	1.9321357285429142	2.2988614800759013	2.786588759042849	2.8939878013360443	2.7310336048879837	2.494310835272821	2.5321044166769764	2.602272727272727	2.8536585365853657	3.225472609355595	3.295973251926152	3.4242730720606827	3.4270280515542075	3.764262648008611	5.939406099518459	6.269889607917777	9.075346992729676	12.451114922813035	10.606373815676141	9.5	10.206314243759177	8.23413566739606	4.859819121447028	5.447113163972286	3.9266750948166877	2.7600373482726424	2.1596091205211727	1.8617021276595744	1.4523809523809523	1.25	1.44	1.2758620689655173	1.1851851851851851	3.0689655172413794	2.1773049645390072	1.696629213483146
	# checklists reporting species - (Savannah Sparrow)	52	39	55	86	43	50	69	27	11	15	30	106	501	2108	3594	6886	7856	7734	8083	10472	6642	7247	6879	7910	5276	3716	2492	2627	1513	1166	1161	1686	1362	1371	1548	2165	1582	1071	614	282	84	48	25	29	27	29	141	89
	
