

	Week starting on...	1/1	1/8	1/15	1/22	2/1	2/8	2/15	2/22	3/1	3/8	3/15	3/22	4/1	4/8	4/15	4/22	5/1	5/8	5/15	5/22	6/1	6/8	6/15	6/22	7/1	7/8	7/15	7/22	8/1	8/8	8/15	8/22	9/1	9/8	9/15	9/22	10/1	10/8	10/15	10/22	11/1	11/8	11/15	11/22	12/1	12/8	12/15	12/22
Frequency (%)
	Little Gull	0.2537215165481027	0.11539082873693199	0.0673226307612636	0.10165231212804496	0.06982115043772491	0.028215112013994695	0.04235437375087687	0.04020338181388199	0.06765268511174358	0.09195034681272113	0.0486468956073655	0.09130682898991821	0.1536902550244891	0.22442753445313324	0.2698796858948688	0.38566385688981575	0.33599884387494583	0.21251191271675668	0.2253889777519267	0.2782628943998137	0.23811755882628668	0.11020455512161169	0.09705793145283592	0.0598380851812742	0.08727272727272728	0.2148675517927009	0.1260648661038316	0.1364442625187611	0.19779903617924188	0.18878400888395336	0.23502174828118422	0.19157525030218714	0.16169082404573543	0.2542224300157793	0.20571362345714783	0.29157196317469064	0.47868573856394275	0.572818157254796	0.6679444734855086	0.594281363674816	0.48905069825571923	0.4329004329004329	0.44946000129341007	0.6449225564307237	0.8960357207506184	0.3220779220779221	0.19567676644143456	0.21952770767936647
	Total # checklists submitted - (Little Gull)	62273	43331	38620	54106	37238	53163	75553	42285	42866	50027	55502	78855	59210	57034	57433	79603	83036	91289	82524	85890	53335	51722	49455	56820	41250	31182	26177	36645	27806	27015	28508	43847	34634	34222	34514	43557	35305	37010	34434	47284	36806	33495	30926	37834	33146	28875	32707	48741
	
Abundance
	Little Gull	0.00571676328424839	0.0020078004200226166	0.001346452615225272	0.0015155435626363065	0.0023363231108007947	5.643022402798939E-4	0.0010720950855690706	0.0020811162350715382	0.0047823449820370454	0.009035121034641293	0.0023602753053944	0.007532813391668252	0.007380510048978213	0.009310235999579199	0.013459161109466683	0.034358001582854916	0.01176598102028036	0.0037025271390857604	0.003817071397411662	0.005076260332984049	0.005343583013030843	0.002571439619504273	0.0019411586290567183	9.151707145371348E-4	0.002084848484848485	0.008081585530113526	0.003132520915307331	0.002838040660390231	0.005898007624253758	0.0048861743475846755	0.006068472007857443	0.003763085273792962	0.0038401570710862158	0.005405879258956227	0.0044040099669699255	0.006152857175654889	0.010168531369494405	0.015563361253715212	0.026049834465934833	0.023580915320192877	0.01619301200891159	0.010240334378265412	0.008439500743710793	0.014140719987312998	0.018644783684305798	0.007134199134199134	0.005228238603357079	0.005272768305943662
	Total # checklists submitted - (Little Gull)	62273	43331	38620	54106	37238	53163	75553	42285	42866	50027	55502	78855	59210	57034	57433	79603	83036	91289	82524	85890	53335	51722	49455	56820	41250	31182	26177	36645	27806	27015	28508	43847	34634	34222	34514	43557	35305	37010	34434	47284	36806	33495	30926	37834	33146	28875	32707	48741
	
Birds Per Party Hour
	Little Gull	4.528320039776309	12.01411300295307	3.1813138495484607	2.5939538828599495	4.173463349712754	3.0399254046184314	5.075799651092705	7.0667091291019855	14.663189098900661	15.954556541229238	10.276285185221463	14.671172638988502	8.813582418285389	6.263022491913966	6.046549511398778	8.104533992924418	3.738781797246449	1.2082531637161722	1.3407178803045172	1.8233846360040182	2.0850811507255225	1.7926595359940631	1.7212642600583472	1.9613927416656003	2.1203857888336044	4.997250628105437	1.4140268776409326	0.758976559736518	2.359798938644284	1.2899783481424447	0.8958829958766357	1.096802494351839	1.3766958070271593	0.8220509491440682	2.3360487371722964	5.610325984568413	3.3490075553646044	3.1831325682497273	5.458948695788768	4.991848615573211	2.7425847734856923	4.134666284244956	2.9045800116931915	3.8745765818324136	4.03789233203612	2.9759874414127307	2.107067795682476	3.2051826195620174
	# checklists reporting species - (Little Gull)	170	57	28	65	26	21	36	22	30	49	36	87	105	141	171	349	304	203	234	342	172	98	83	51	48	97	58	75	64	58	68	93	69	96	80	150	187	225	246	306	195	166	150	273	344	104	66	124
	
High Count
	Little Gull	24	9	12	8	20	11	18	58	55	145	97	137	85	90	44	158	70	25	32	16	10	15	9	12	15	14	14	73	17	15	15	17	17	15	7	10	22	48	73	106	266	23	29	24	45	106	30	25
	# checklists reporting species - (Little Gull)	199	67	37	77	33	27	39	29	35	59	43	101	128	173	245	466	395	302	318	403	207	117	97	68	72	113	85	101	80	75	92	125	96	136	104	180	227	255	288	377	245	213	201	365	408	118	83	141
	
Totals
	Little Gull	448	111	67	118	117	56	96	140	217	590	338	784	543	663	1049	3464	1267	507	603	750	436	253	185	133	174	380	224	331	208	162	213	225	212	266	195	338	477	657	1030	1345	728	489	365	741	877	346	230	354
	# checklists reporting species - (Little Gull)	192	65	35	74	33	26	39	29	34	54	42	100	127	171	239	449	377	282	304	397	205	117	96	67	69	113	83	101	77	71	90	122	95	133	101	178	227	253	283	373	241	208	189	348	390	113	79	136
	
Average Count
	Little Gull	2.3333333333333335	1.7076923076923076	1.9142857142857144	1.5945945945945945	3.5454545454545454	2.1538461538461537	2.4615384615384617	4.827586206896552	6.382352941176471	10.925925925925926	8.047619047619047	7.84	4.275590551181103	3.8771929824561404	4.389121338912134	7.714922048997773	3.3607427055702916	1.797872340425532	1.9835526315789473	1.8891687657430731	2.126829268292683	2.1623931623931623	1.9270833333333333	1.9850746268656716	2.5217391304347827	3.3628318584070795	2.6987951807228914	3.277227722772277	2.7012987012987013	2.2816901408450705	2.3666666666666667	1.8442622950819672	2.231578947368421	2.0	1.9306930693069306	1.898876404494382	2.101321585903084	2.5968379446640317	3.639575971731449	3.6058981233243967	3.020746887966805	2.3509615384615383	1.9312169312169312	2.1293103448275863	2.2487179487179487	3.061946902654867	2.911392405063291	2.6029411764705883
	# checklists reporting species - (Little Gull)	192	65	35	74	33	26	39	29	34	54	42	100	127	171	239	449	377	282	304	397	205	117	96	67	69	113	83	101	77	71	90	122	95	133	101	178	227	253	283	373	241	208	189	348	390	113	79	136
	
