

	Week starting on...	1/1	1/8	1/15	1/22	2/1	2/8	2/15	2/22	3/1	3/8	3/15	3/22	4/1	4/8	4/15	4/22	5/1	5/8	5/15	5/22	6/1	6/8	6/15	6/22	7/1	7/8	7/15	7/22	8/1	8/8	8/15	8/22	9/1	9/8	9/15	9/22	10/1	10/8	10/15	10/22	11/1	11/8	11/15	11/22	12/1	12/8	12/15	12/22
Frequency (%)
	Common Raven	10.712507828432868	9.782834460317094	10.012946659761782	10.507152626326102	10.92163918577797	9.401275323063032	10.562121954124919	10.847818375310393	10.42551206084076	9.648789653587063	9.859104176426074	9.320905459387484	9.707819625063333	9.685450783743029	9.962913307680253	10.205645515872517	8.745604316200202	7.826791836913538	9.060394551887937	9.368960298055653	9.402831161526203	8.928502378098296	8.854514204832677	7.731432594156987	8.077575757575756	8.197036751972291	8.316461015395195	8.49229089916769	9.26778393152557	9.335554321673145	9.695524063420795	10.053139325381439	10.307790032915634	10.569224475483608	10.902822043228836	11.706499529352342	11.885002124344995	11.89408268035666	11.450891560666783	11.572624989425599	11.093300005433896	10.738916256157635	10.111233266507146	10.04387587883914	9.609002594581547	10.663203463203462	11.817042223377259	11.846289571408054
	Total # checklists submitted - (Common Raven)	62273	43331	38620	54106	37238	53163	75553	42285	42866	50027	55502	78855	59210	57034	57433	79603	83036	91289	82524	85890	53335	51722	49455	56820	41250	31182	26177	36645	27806	27015	28508	43847	34634	34222	34514	43557	35305	37010	34434	47284	36806	33495	30926	37834	33146	28875	32707	48741
	
Abundance
	Common Raven	0.3280715558909961	0.2187117767879809	0.22597099948213362	0.2569031161054227	0.2679252376604544	0.2623441115061227	0.31032520217595594	0.25056166489298803	0.2485186394811739	0.2695544406020749	0.23455010630247558	0.22384122756958974	0.20344536395879073	0.19626889223971666	0.18943812790555953	0.17758124693792948	0.14479262006840407	0.131023452989955	0.14857496001163298	0.16163697752939807	0.17286959782506797	0.17199644251962415	0.16558487513901526	0.14672650475184795	0.14732121212121213	0.16859085369764606	0.17118080757917256	0.17494883340155545	0.207041645687981	0.19670553396261337	0.19033253823488144	0.19866809587885145	0.20759946873014956	0.2372158260767927	0.22944312452917656	0.2540119842964392	0.274606996176179	0.2574439340718725	0.25439972120578497	0.25329921326452925	0.27367820464054776	0.23985669502910884	0.21228092866843432	0.24665644658243907	0.2642852832921016	0.372987012987013	0.8067691931390834	0.41981083687244825
	Total # checklists submitted - (Common Raven)	62273	43331	38620	54106	37238	53163	75553	42285	42866	50027	55502	78855	59210	57034	57433	79603	83036	91289	82524	85890	53335	51722	49455	56820	41250	31182	26177	36645	27806	27015	28508	43847	34634	34222	34514	43557	35305	37010	34434	47284	36806	33495	30926	37834	33146	28875	32707	48741
	
Birds Per Party Hour
	Common Raven	8.076782302070528	6.022021976160514	6.834747357814585	6.697618613893987	7.706055797532847	7.596133440650118	7.3620068881788585	7.660556430830806	6.390166451555757	7.239168611170631	6.599045589984935	6.286728185052779	5.273078767713502	4.76905046716726	4.110916129802216	3.19103931395219	2.8926694978928955	2.870098300230737	2.3890796276330453	3.581077067628538	5.465362040785001	7.218163424244851	8.145039323761246	8.362033829995308	6.759894556597925	5.618982144786365	3.851800308997434	2.896435844034712	2.848045374604734	2.675327014178159	3.0188502855343855	3.133306538442439	3.069983733148927	3.628065574401253	3.000754830633496	3.2793012906087164	3.9648320541025073	3.6437014739405864	4.043446646135563	3.920126321152177	5.816914714831373	4.7567980621778965	4.649400620372872	5.69143134812281	6.738272477905162	6.7145546017019235	6.4760185791223535	7.160733776990352
	# checklists reporting species - (Common Raven)	7036	4460	4046	5940	4203	5123	8228	4762	4602	5004	5616	7614	5932	5635	5824	8301	7396	7198	7462	8039	4989	4648	4423	4368	3367	2470	2203	3192	2631	2600	2838	4470	3642	3693	3865	5200	4233	4527	4056	5663	4194	3691	3231	3941	3314	3195	3907	5960
	
High Count
	Common Raven	400	250	120	525	200	350	550	200	300	500	200	300	300	150	100	82	50	70	37	145	60	90	112	80	148	100	33	60	100	65	60	150	80	103	150	55	250	160	140	200	150	80	100	200	300	382	639	400
	# checklists reporting species - (Common Raven)	7731	4861	4404	6536	4629	5610	8841	5252	5040	5449	6084	8251	6415	6160	6426	9029	7976	7840	8146	8859	5547	5150	4896	4919	3788	2883	2504	3605	2964	2944	3200	5041	4022	4031	4204	5696	4671	4964	4434	6216	4576	4050	3526	4287	3643	3464	4301	6554
	
Totals
	Common Raven	23434	11044	10122	15830	11632	15753	25399	12241	11877	15002	14267	19723	13254	12287	12139	15578	13046	13025	13228	15189	10017	9837	9036	9372	7024	5795	5047	7211	6370	6137	6187	9761	7999	8976	8701	12163	10649	10767	9999	13763	11271	9100	7293	10362	10031	12052	28560	22902
	# checklists reporting species - (Common Raven)	7528	4757	4329	6421	4521	5497	8690	5138	4945	5335	5966	8059	6271	5982	6185	8734	7754	7532	7791	8406	5240	4890	4637	4640	3579	2722	2348	3407	2805	2773	3047	4803	3858	3875	4046	5473	4505	4810	4288	6020	4442	3918	3424	4181	3552	3399	4232	6400
	
Average Count
	Common Raven	3.1129117959617427	2.321631280218625	2.3381843381843384	2.4653480766235787	2.572882105728821	2.8657449517918865	2.9227848101265823	2.3824445309458935	2.401820020222447	2.811996251171509	2.3913845122360042	2.4473259709641395	2.113538510604369	2.053995319291207	1.962651576394503	1.7836043050148844	1.6824864586020118	1.7292883696229422	1.6978565010910025	1.8069236259814418	1.911641221374046	2.0116564417177916	1.9486737114513695	2.0198275862068966	1.962559374126851	2.1289493019838353	2.1494889267461668	2.1165248018784855	2.270944741532977	2.2131265777136675	2.0305218247456516	2.0322714969810534	2.0733540694660446	2.3163870967741937	2.1505190311418687	2.222364334003289	2.3638179800221977	2.2384615384615385	2.331856343283582	2.2862126245847176	2.5373705538045925	2.322613578356304	2.129964953271028	2.478354460655346	2.8240427927927927	3.545748749632245	6.748582230623819	3.5784375
	# checklists reporting species - (Common Raven)	7528	4757	4329	6421	4521	5497	8690	5138	4945	5335	5966	8059	6271	5982	6185	8734	7754	7532	7791	8406	5240	4890	4637	4640	3579	2722	2348	3407	2805	2773	3047	4803	3858	3875	4046	5473	4505	4810	4288	6020	4442	3918	3424	4181	3552	3399	4232	6400
	
