

	Week starting on...	1/1	1/8	1/15	1/22	2/1	2/8	2/15	2/22	3/1	3/8	3/15	3/22	4/1	4/8	4/15	4/22	5/1	5/8	5/15	5/22	6/1	6/8	6/15	6/22	7/1	7/8	7/15	7/22	8/1	8/8	8/15	8/22	9/1	9/8	9/15	9/22	10/1	10/8	10/15	10/22	11/1	11/8	11/15	11/22	12/1	12/8	12/15	12/22
Frequency (%)
	Bonaparte's Gull	1.564080741252228	1.0292861923334333	0.6965302951838426	0.46944885964588035	0.2685428862989419	0.1410755600699735	0.11250380527576669	0.16790824169327184	0.18662809685998227	0.37779599016531074	0.5026845879427768	1.2681504026377528	3.08393852389799	4.856752112774836	5.385405603050511	5.212115121289399	5.510862758321692	5.830932532944823	4.1454607144588245	3.0143206426825007	1.593700196868848	0.825567456788214	0.8411687392579112	0.7074973600844773	1.0133333333333332	1.4752100570842153	1.9024334339305498	2.720698594624096	3.686254765158599	3.923746066999815	4.111126701276834	3.950099208611764	4.235722122769533	4.561393255800363	3.5840528481196037	3.368000551002135	3.83798328848605	4.914887868143745	6.670732415635709	7.89907791219017	8.248655110579797	6.732348111658457	6.059626204488133	6.533805571707988	6.745912025583781	3.387012987012987	2.3756382425780416	1.598243778338565
	Total # checklists submitted - (Bonaparte's Gull)	62273	43331	38620	54106	37238	53163	75553	42285	42866	50027	55502	78855	59210	57034	57433	79603	83036	91289	82524	85890	53335	51722	49455	56820	41250	31182	26177	36645	27806	27015	28508	43847	34634	34222	34514	43557	35305	37010	34434	47284	36806	33495	30926	37834	33146	28875	32707	48741
	
Abundance
	Bonaparte's Gull	4.44296886291009	1.493272714684637	1.6330398757120663	1.071748050123831	0.934260701434019	0.33171566691119764	0.09885775548290604	0.07974459028024122	0.11538282088368404	0.24500769584424412	0.11568952470181254	0.5065626783336503	1.3432866069920621	2.9107900550548798	4.1812198561802445	6.871361632099293	4.5676694445782555	3.055778899976996	1.608962241287383	0.9509023169169868	0.5375082028686603	0.26178415374502145	0.3958143767060964	0.2228264695529743	0.2945939393939394	0.2890449618369572	0.3608893303281507	1.1170964660936007	2.1399697906926565	3.194484545622802	2.7886207380384453	2.0289643533194974	1.8966044926950396	2.825170942668459	1.9266384655502116	2.1167435773813623	4.753774252938677	4.220480951094299	8.689202532380786	7.1463708654090174	6.8508123675487695	6.355933721450963	12.378290111879972	18.489401067822595	17.908013033246846	7.666320346320346	3.9420001834469685	7.490921400874008
	Total # checklists submitted - (Bonaparte's Gull)	62273	43331	38620	54106	37238	53163	75553	42285	42866	50027	55502	78855	59210	57034	57433	79603	83036	91289	82524	85890	53335	51722	49455	56820	41250	31182	26177	36645	27806	27015	28508	43847	34634	34222	34514	43557	35305	37010	34434	47284	36806	33495	30926	37834	33146	28875	32707	48741
	
Birds Per Party Hour
	Bonaparte's Gull	627.182152304386	689.265897737763	482.1242505283511	515.4721673992242	785.2834085915183	493.8938569007888	184.6209281433368	124.49942996003897	106.68583019726516	222.29960031676657	44.60212057749143	91.53822574190808	66.54790578054329	117.13265074444206	116.34116263890292	173.10678983128085	90.3315466647034	50.52175894422039	39.82614825869961	34.097123188527874	36.612997575553294	36.067120912834945	78.42272845925257	50.4827601296119	43.852617875949804	22.319751530522915	14.118563644475765	22.725496591374213	23.58162614461866	34.546746418144295	29.683508438915894	33.310553700289645	39.93636451078446	67.06593186073276	60.527798766628386	65.35171828354875	222.8465084677216	112.80306210769488	121.10266951029402	94.42705247168992	108.03954482246972	145.5897009226736	276.88537180638605	505.26806835478936	581.9577532312642	599.9605449667217	210.95088839133996	450.30160314474017
	# checklists reporting species - (Bonaparte's Gull)	937	425	247	241	85	78	80	76	85	206	306	1012	1838	2665	2878	3868	3931	4268	2745	2503	896	481	469	457	392	415	528	1044	1048	1026	1111	1580	1347	1466	1143	1406	1277	1743	2230	3596	2937	2147	1688	2079	1901	874	704	747
	
High Count
	Bonaparte's Gull	13800	10000	5000	50000	5500	2400	991	1600	1875	6000	5000	14000	10000	11008	12000	20000	10000	10000	8060	2400	1100	1300	2300	2201	1500	1853	2400	2835	13900	4800	7000	12000	3450	11000	3000	6000	9000	15000	10000	15000	14700	9000	30000	30000	20000	16000	10000	23500
	# checklists reporting species - (Bonaparte's Gull)	1154	523	324	303	121	99	95	95	97	237	345	1171	2084	3170	3542	4698	5230	6227	3993	3147	1074	604	549	562	591	704	665	1337	1281	1273	1382	2024	1698	1790	1411	1719	1530	2051	2574	4184	3371	2519	2102	2822	2598	1109	863	922
	
Totals
	Bonaparte's Gull	353100	79690	67172	127123	36987	25065	8627	6859	6036	23778	13918	76103	117740	203867	309081	690012	453725	326950	162427	104450	37979	26575	29381	23438	19579	15118	17749	68953	112844	102719	104898	123976	85140	124238	77452	115421	205361	202806	341179	404216	289253	250330	434250	851896	694474	251633	148360	414980
	# checklists reporting species - (Bonaparte's Gull)	1027	461	270	256	96	90	84	87	90	218	326	1104	1966	2948	3254	4247	4307	4719	3063	2779	1003	560	519	530	548	614	614	1259	1199	1166	1245	1825	1562	1650	1290	1568	1397	1913	2453	3951	3157	2360	1913	2369	2083	965	774	828
	
Average Count
	Bonaparte's Gull	343.8169425511198	172.86334056399133	248.78518518518518	496.57421875	385.28125	278.5	102.70238095238095	78.83908045977012	67.06666666666666	109.07339449541284	42.693251533742334	68.9338768115942	59.888097660223806	69.15434192672998	94.98494161032575	162.47044972922063	105.34594845600186	69.28374655647383	53.028730003264776	37.58546239654552	37.8654037886341	47.455357142857146	56.61078998073218	44.22264150943396	35.72810218978102	24.622149837133552	28.907166123778502	54.76806989674345	94.11509591326104	88.09519725557462	84.25542168674698	67.93205479452055	54.50704225352113	75.29575757575758	60.04031007751938	73.61033163265306	147.00143163922692	106.01463669628855	139.08642478597636	102.30726398380158	91.62274311054799	106.07203389830508	226.99947726084685	359.60151962853524	333.40086413826214	260.759585492228	191.67958656330748	501.1835748792271
	# checklists reporting species - (Bonaparte's Gull)	1027	461	270	256	96	90	84	87	90	218	326	1104	1966	2948	3254	4247	4307	4719	3063	2779	1003	560	519	530	548	614	614	1259	1199	1166	1245	1825	1562	1650	1290	1568	1397	1913	2453	3951	3157	2360	1913	2369	2083	965	774	828
	
