

	Week starting on...	1/1	1/8	1/15	1/22	2/1	2/8	2/15	2/22	3/1	3/8	3/15	3/22	4/1	4/8	4/15	4/22	5/1	5/8	5/15	5/22	6/1	6/8	6/15	6/22	7/1	7/8	7/15	7/22	8/1	8/8	8/15	8/22	9/1	9/8	9/15	9/22	10/1	10/8	10/15	10/22	11/1	11/8	11/15	11/22	12/1	12/8	12/15	12/22
Frequency (%)
	Killdeer	0.06262746294541777	0.02538598232212504	0.015535991714137753	0.011089343141241267	0.04296686180783071	0.016929067208396816	0.09926806347861766	1.295967837294549	2.451826622498017	7.775801067423592	13.785088825627906	17.047745862659312	18.273940212801893	17.870042430830733	16.903174133337977	18.557089556926247	20.08526422274676	20.421956643188118	21.48708254568368	21.026894865525673	16.175119527514763	14.31885851281853	13.495096552421392	13.7891587469201	13.544242424242425	14.50837021358476	15.9223746036597	16.44699140401146	15.859886355462848	16.028132518970942	16.423460081380664	15.982849453782471	15.248022174741582	11.811115656595172	13.777018021672365	12.914112542186102	9.910777510267668	8.719265063496353	6.171226113724807	3.794095254208612	2.2360484703580936	1.35542618301239	0.649938563021406	0.3568219062219168	0.3167803053158752	0.18008658008658007	0.23542360962485095	0.09027307605506657
	Total # checklists submitted - (Killdeer)	62273	43331	38620	54106	37238	53163	75553	42285	42866	50027	55502	78855	59210	57034	57433	79603	83036	91289	82524	85890	53335	51722	49455	56820	41250	31182	26177	36645	27806	27015	28508	43847	34634	34222	34514	43557	35305	37010	34434	47284	36806	33495	30926	37834	33146	28875	32707	48741
	
Abundance
	Killdeer	9.634994299295039E-4	2.538598232212504E-4	1.8125323666494045E-4	1.8482238568735446E-4	4.833771953380955E-4	2.2572089611195756E-4	0.0014824030812806903	0.024122029088329194	0.052325852657117526	0.18138205369100685	0.3568880400706281	0.4267452919916302	0.4361256544502618	0.3869621629203633	0.3562585969738652	0.3875356456414959	0.40870224962666796	0.4206421365115184	0.47183849546798506	0.5018512050296892	0.37868191619011904	0.32612814663006073	0.31016075219896877	0.3381731784582893	0.4653333333333333	0.7348470271310371	1.0957328952897583	1.1430754536771728	1.266992735380853	1.3229317046085507	1.5121720218885926	1.544256163477547	1.556418548247387	1.2069136812576704	1.307875065190937	1.2596597561815552	0.9370060897889817	0.7685490407997838	0.5243073706220596	0.3204678115218679	0.158832799000163	0.08228093745335124	0.04374959580935135	0.01807897658191045	0.019519700718035358	0.007549783549783549	0.012902436787232092	0.0028723251472066638
	Total # checklists submitted - (Killdeer)	62273	43331	38620	54106	37238	53163	75553	42285	42866	50027	55502	78855	59210	57034	57433	79603	83036	91289	82524	85890	53335	51722	49455	56820	41250	31182	26177	36645	27806	27015	28508	43847	34634	34222	34514	43557	35305	37010	34434	47284	36806	33495	30926	37834	33146	28875	32707	48741
	
Birds Per Party Hour
	Killdeer	2.5554685040106753	1.721537241989142	1.915732860909095	5.909814732228353	3.0363168908384908	8.395550709677323	3.872270826388413	6.38056602304121	6.1248096889941435	5.654281927344287	6.046533335585902	5.530960681645851	5.101716254786208	4.271979031631034	4.1906123820284344	3.96622948056374	3.4523530730236724	3.3833384279548264	3.4919910302750217	4.54313056689173	5.47675747593034	6.052115115043094	6.85675449660729	8.606007535429109	9.043831908982767	10.906984658440594	13.44258556748877	11.453013202162815	13.25616825572607	13.68058339125244	15.314931959681811	18.377489053876616	22.546668713684017	23.047454105459945	19.191859328531336	21.544885898360203	18.772425544882463	16.14402339266922	13.386011750068343	17.866152334423973	10.55561023534609	13.376363550915201	14.197643741408537	5.605853132116042	8.113851438354963	2.2420628736466788	1.9336625274886716	3.882179159889611
	# checklists reporting species - (Killdeer)	56	19	14	15	22	20	88	631	1143	4148	7987	13763	11049	10470	10209	15803	17042	18520	17827	19199	9370	7705	6814	7927	5720	4667	4346	6517	4797	4894	5291	7848	5690	4365	5069	5994	3645	3424	2259	1983	887	497	228	167	155	74	85	58
	
High Count
	Killdeer	6	1	2	2	3	3	7	15	35	120	159	539	1000	150	80	60	40	45	74	76	50	60	77	176	190	350	538	220	520	450	550	508	500	606	400	505	560	300	574	410	448	310	112	120	110	74	77	72
	# checklists reporting species - (Killdeer)	84	25	22	17	23	25	105	727	1318	4637	8691	15135	12219	11533	11319	17144	19248	21754	20586	21390	10297	8414	7449	8716	6290	5168	4892	7206	5311	5406	5926	8767	6426	4942	5665	6666	4081	3781	2533	2187	1021	579	281	211	221	108	106	79
	
Totals
	Killdeer	118	25	26	23	26	33	149	1332	2819	10759	22287	38765	31450	25855	25047	37974	40756	46504	47168	54647	26171	20106	17514	22476	23155	28859	36041	51754	42551	44888	53878	84409	66512	51280	55923	66873	38343	33205	22764	21424	9456	3675	1936	1314	1151	411	576	209
	# checklists reporting species - (Killdeer)	83	25	22	17	23	25	104	721	1297	4540	8456	14610	11727	11023	10742	16365	17758	19381	18587	20034	9779	8003	7091	8247	5949	4893	4589	6817	5023	5123	5565	8280	6051	4686	5411	6350	3863	3612	2443	2122	987	560	276	209	219	105	105	78
	
Average Count
	Killdeer	1.4216867469879517	1.0	1.1818181818181819	1.3529411764705883	1.1304347826086956	1.32	1.4326923076923077	1.8474341192787795	2.173477255204318	2.3698237885462556	2.635643330179754	2.6533196440793976	2.681845314232114	2.3455502131906014	2.331688698566375	2.320439963336389	2.295078274580471	2.399463391981838	2.5376876311400443	2.7277128880902466	2.676245014827692	2.5123078845432962	2.4698914116485686	2.7253546744270642	3.8922507984535217	5.898017576129164	7.853780780126389	7.591902596450051	8.47123233127613	8.76205348428655	9.68158131176999	10.194323671497585	10.991902164931416	10.94323516858728	10.335058214747736	10.531181102362204	9.925705410302873	9.19296788482835	9.318051575931232	10.096135721017907	9.580547112462007	6.5625	7.0144927536231885	6.287081339712919	5.255707762557078	3.914285714285714	5.485714285714286	2.6794871794871793
	# checklists reporting species - (Killdeer)	83	25	22	17	23	25	104	721	1297	4540	8456	14610	11727	11023	10742	16365	17758	19381	18587	20034	9779	8003	7091	8247	5949	4893	4589	6817	5023	5123	5565	8280	6051	4686	5411	6350	3863	3612	2443	2122	987	560	276	209	219	105	105	78
	
