

	Week starting on...	1/1	1/8	1/15	1/22	2/1	2/8	2/15	2/22	3/1	3/8	3/15	3/22	4/1	4/8	4/15	4/22	5/1	5/8	5/15	5/22	6/1	6/8	6/15	6/22	7/1	7/8	7/15	7/22	8/1	8/8	8/15	8/22	9/1	9/8	9/15	9/22	10/1	10/8	10/15	10/22	11/1	11/8	11/15	11/22	12/1	12/8	12/15	12/22
Frequency (%)
	Mute Swan	7.746535416633211	8.095820544183148	7.198342827550492	7.269064429083651	7.183522208496697	4.9432876248518705	4.45779783727979	7.309920775688779	7.8010544487472595	8.79724948527795	8.534827573781124	7.554371948513093	7.366998817767269	6.732826033593997	6.640781432277611	6.689446377649083	6.398429596801387	6.39288413719068	6.465997770345597	5.926184654791012	3.6955095153276463	2.9001198716213605	2.5983217066019613	2.2650475184794088	2.579393939393939	3.0434224873324354	3.793406425488024	4.101514531313958	4.135798029202331	4.116231723116787	4.86880875543707	5.589892124888818	6.932494080960905	7.220501431827479	7.159413571304399	6.995431273962853	6.905537459283388	7.30613347743853	7.838183191032119	7.6156839522883	8.12910938433951	7.971339005821765	7.133156567289658	6.774329967753872	7.213540095335786	7.213852813852814	6.585746170544532	7.3449457335713255
	Total # checklists submitted - (Mute Swan)	62273	43331	38620	54106	37238	53163	75553	42285	42866	50027	55502	78855	59210	57034	57433	79603	83036	91289	82524	85890	53335	51722	49455	56820	41250	31182	26177	36645	27806	27015	28508	43847	34634	34222	34514	43557	35305	37010	34434	47284	36806	33495	30926	37834	33146	28875	32707	48741
	
Abundance
	Mute Swan	0.74391790984857	0.885324594401237	0.7282496116002072	0.7088123313495731	0.8060583275149041	0.5145119726125312	0.528728177570712	0.8084900082771669	0.7240237017683012	0.6862494253103324	0.6132751972901878	0.4646756705345254	0.34007768957946294	0.2831293614335309	0.27270036390228614	0.27603231034006254	0.2280095380316971	0.25050115567045317	0.2583733217003538	0.265281173594132	0.20892472110246554	0.14976219017052705	0.1526842584167425	0.14148187258007744	0.1641939393939394	0.2116926431915849	0.23623791878366504	0.2849774866966844	0.2853700640149608	0.35136035535813437	0.4041672512978813	0.5337651378657605	0.6599006756366577	0.6723744959382854	0.736194008228545	0.7310879996326652	0.6550346976348959	0.7593623345041881	0.7160364755764651	0.7335885288892648	0.7164321034613922	0.7183758769965667	0.5797710664166074	0.5776285880425015	0.6054124177879684	0.6286406926406927	0.6527654630507231	0.7451632096181859
	Total # checklists submitted - (Mute Swan)	62273	43331	38620	54106	37238	53163	75553	42285	42866	50027	55502	78855	59210	57034	57433	79603	83036	91289	82524	85890	53335	51722	49455	56820	41250	31182	26177	36645	27806	27015	28508	43847	34634	34222	34514	43557	35305	37010	34434	47284	36806	33495	30926	37834	33146	28875	32707	48741
	
Birds Per Party Hour
	Mute Swan	25.26734183568287	28.919570672677477	25.254393005730417	26.76588273933149	29.24206891135599	30.237112438849085	30.95464126880121	28.872117516249705	24.151859634482825	16.982364673177397	15.436354683372759	13.223736639100698	9.732021369702979	7.199814322846202	6.268050187215752	6.413483903188862	4.766140134617136	5.397202542946726	5.828104629751169	6.500206241421742	7.937267520083756	7.855017292576695	9.25305209244109	9.818454472530966	10.214373498466523	13.676271790443517	8.560798862614517	10.633912295257291	9.372350193641834	12.775182885269954	10.529647134000045	10.550388193110777	10.838012861624723	10.693423009341789	11.389154898638008	14.473776963674455	12.406048142077246	15.36149340393342	14.35676310281099	16.883334486533702	17.42421694712057	18.119148777930246	18.826869623782386	18.431130580761227	24.043255024700183	22.962590781278667	21.66380599427872	21.84024664452278
	# checklists reporting species - (Mute Swan)	4724	3423	2670	3796	2585	2556	3276	3035	3254	4300	4559	5756	4263	3750	3728	5220	5194	5655	5138	5085	2014	1496	1320	1316	1089	975	1012	1517	1165	1138	1386	2441	2336	2352	2390	2976	2411	2649	2619	3493	2940	2602	2131	2534	2319	2026	2105	3537
	
High Count
	Mute Swan	880	600	900	636	430	650	500	500	500	350	500	300	220	365	153	250	125	300	175	297	459	244	206	277	176	152	350	365	341	500	220	224	300	400	200	320	225	232	200	400	178	225	140	325	240	380	400	380
	# checklists reporting species - (Mute Swan)	5266	3763	2999	4226	2871	2809	3598	3342	3582	4715	5073	6352	4677	4136	4111	5715	5764	6408	5851	5610	2181	1644	1478	1468	1203	1094	1114	1698	1296	1255	1537	2683	2617	2679	2700	3285	2621	2926	2888	3891	3208	2866	2364	2759	2579	2243	2311	3866
	
Totals
	Mute Swan	49507	40513	29563	41079	31581	28831	42105	35540	32658	36168	37196	39160	21549	17637	16322	22955	20083	24413	23070	24771	11985	8249	8273	8820	7439	7139	6591	11206	8745	10286	12000	24555	23996	24707	26655	33196	24287	29359	25538	36904	28332	25893	19212	23307	21955	20157	22804	38072
	# checklists reporting species - (Mute Swan)	4935	3578	2807	3965	2699	2661	3403	3170	3372	4458	4731	5969	4428	3911	3862	5379	5363	5824	5291	5263	2093	1559	1399	1403	1145	1037	1061	1626	1238	1192	1452	2523	2452	2474	2489	3099	2520	2778	2735	3695	3074	2734	2249	2643	2450	2130	2209	3665
	
Average Count
	Mute Swan	10.031813576494427	11.322806036892118	10.531884574278589	10.360403530895335	11.701000370507595	10.834648628335213	12.372906259183074	11.211356466876971	9.685053380782918	8.113055181695827	7.8621855844430355	6.560562908359859	4.866531165311653	4.509588340577857	4.22630761263594	4.267521844208961	3.7447324258810366	4.191792582417582	4.36023436023436	4.706631198935968	5.726230291447683	5.291212315586915	5.913509649749821	6.286528866714184	6.4969432314410485	6.884281581485053	6.212064090480679	6.891758917589176	7.063812600969305	8.629194630872483	8.264462809917354	9.732461355529132	9.786296900489397	9.986661277283751	10.709120128565688	10.711842529848338	9.637698412698413	10.568394528437725	9.337477148080438	9.987550744248985	9.21665582303188	9.470738844184345	8.54246331702979	8.81838819523269	8.961224489795919	9.46338028169014	10.323223177908556	10.387994542974079
	# checklists reporting species - (Mute Swan)	4935	3578	2807	3965	2699	2661	3403	3170	3372	4458	4731	5969	4428	3911	3862	5379	5363	5824	5291	5263	2093	1559	1399	1403	1145	1037	1061	1626	1238	1192	1452	2523	2452	2474	2489	3099	2520	2778	2735	3695	3074	2734	2249	2643	2450	2130	2209	3665
	
