

	Week starting on...	1/1	1/8	1/15	1/22	2/1	2/8	2/15	2/22	3/1	3/8	3/15	3/22	4/1	4/8	4/15	4/22	5/1	5/8	5/15	5/22	6/1	6/8	6/15	6/22	7/1	7/8	7/15	7/22	8/1	8/8	8/15	8/22	9/1	9/8	9/15	9/22	10/1	10/8	10/15	10/22	11/1	11/8	11/15	11/22	12/1	12/8	12/15	12/22
Frequency (%)
	Scarlet Tanager	0.0	0.0	0.0	0.0	0.0	0.0	0.0	0.0	0.0	0.0	0.0	0.0	0.0	0.0	0.013929274110702905	0.09673002273783651	1.7823594585480995	8.297823396027999	13.593621249575879	8.268715799278146	5.5329520952470235	5.222149182166196	5.158224648670508	4.743048222456881	4.298181818181819	3.588608812776602	3.292967108530389	2.1258016100422976	1.5787959433215852	1.750879141217842	2.3467096955240634	3.1974821538531715	3.8603684240919325	4.13476710887733	3.392826099553804	1.8757031016828525	0.8044186375867441	0.09456903539583897	0.02032874484521113	0.0021148802977751457	0.010867793294571536	0.01194208090759815	0.01616762594580612	0.0	0.0	0.0	0.0	0.0
	Total # checklists submitted - (Scarlet Tanager)	62273	43331	38620	54106	37238	53163	75553	42285	42866	50027	55502	78855	59210	57034	57433	79603	83036	91289	82524	85890	53335	51722	49455	56820	41250	31182	26177	36645	27806	27015	28508	43847	34634	34222	34514	43557	35305	37010	34434	47284	36806	33495	30926	37834	33146	28875	32707	48741
	
Abundance
	Scarlet Tanager	0.0	0.0	0.0	0.0	0.0	0.0	0.0	0.0	0.0	0.0	0.0	0.0	0.0	0.0	1.3929274110702905E-4	0.0011808600178385236	0.027626571607495543	0.1963325263722902	0.2857350588919587	0.13456747001979275	0.0842036186369176	0.07897993117048838	0.08167020523708422	0.06897219288982752	0.06300606060606061	0.05118337502405234	0.04610917981434083	0.0289534725064811	0.022009638207581096	0.02509716823986674	0.03511295075066648	0.04755171391429288	0.05725587572905238	0.05963999766232248	0.050588167120588744	0.024588470280322336	0.009941934570174196	9.727100783572007E-4	2.032874484521113E-4	2.1148802977751458E-5	1.0867793294571537E-4	1.194208090759815E-4	1.6167625945806118E-4	0.0	0.0	0.0	0.0	0.0
	Total # checklists submitted - (Scarlet Tanager)	62273	43331	38620	54106	37238	53163	75553	42285	42866	50027	55502	78855	59210	57034	57433	79603	83036	91289	82524	85890	53335	51722	49455	56820	41250	31182	26177	36645	27806	27015	28508	43847	34634	34222	34514	43557	35305	37010	34434	47284	36806	33495	30926	37834	33146	28875	32707	48741
	
Birds Per Party Hour
	Scarlet Tanager	0.0	0.0	0.0	0.0	0.0	0.0	0.0	0.0	0.0	0.0	0.0	0.0	0.0	0.0	0.5128681081522849	0.5417216948526855	0.8756665960133835	1.2597684600183088	1.5966047286516662	2.0730901984589365	3.407627072902024	4.057564566022961	4.271892078070059	4.49853960292393	3.52658641889053	2.9158858506291394	1.5194387674432843	1.6090601508215354	1.3794808854077716	1.2331806416476476	1.5137486856706595	1.2887502459815294	1.2150326029415681	1.3021336862216804	1.2538536343736144	1.1322089681655887	0.8017380880510734	0.6668947704355279	0.7209714471943324	0.5452562704471101	8.365461847389557	2.8015732053270184	3.7171405732556813	0.0	0.0	0.0	0.0	0.0
	# checklists reporting species - (Scarlet Tanager)	0.0	0.0	0.0	0.0	0.0	0.0	0.0	0.0	0.0	0.0	0.0	0.0	0	0.0	7	98	1405	7000	11332	7430	3028	2701	2541	2711	1809	1101	885	787	470	494	688	1432	1350	1416	1179	831	295	37	6	2	3	4	6	0.0	0.0	1	0.0	0.0
	
High Count
	Scarlet Tanager	0.0	0.0	0.0	0.0	0.0	0.0	0.0	0.0	0.0	0.0	0.0	0.0	1	0.0	1	15	40	250	200	34	23	40	28	15	13	14	12	9	8	20	12	30	10	12	15	10	10	3	1	1	1	1	1	0.0	0.0	1	0.0	0.0
	# checklists reporting species - (Scarlet Tanager)	0.0	0.0	0.0	0.0	0.0	0.0	0.0	0.0	0.0	0.0	0.0	0.0	1	0.0	12	114	1843	9267	13389	8554	3419	3006	2952	3206	2130	1296	980	878	501	553	756	1575	1485	1580	1349	969	353	62	11	6	7	4	6	0.0	0.0	1	0.0	0.0
	
Totals
	Scarlet Tanager	0.0	0.0	0.0	0.0	0.0	0.0	0.0	0.0	0.0	0.0	0.0	0.0	1	0.0	11	153	2723	20838	27299	13632	5066	4440	4464	4581	2984	1799	1360	1171	697	792	1109	2351	2159	2253	1982	1283	432	65	11	6	7	4	6	0.0	0.0	1	0.0	0.0
	# checklists reporting species - (Scarlet Tanager)	0.0	0.0	0.0	0.0	0.0	0.0	0.0	0.0	0.0	0.0	0.0	0.0	1	0.0	11	110	1597	7771	12078	7982	3279	2879	2821	3045	2035	1220	935	835	494	534	736	1536	1448	1532	1320	949	348	61	11	6	7	4	6	0.0	0.0	1	0.0	0.0
	
Average Count
	Scarlet Tanager	0.0	0.0	0.0	0.0	0.0	0.0	0.0	0.0	0.0	0.0	0.0	0.0	1.0	0.0	1.0	1.3909090909090909	1.7050720100187853	2.681508171406511	2.2602252028481535	1.707842645953395	1.5449832265934735	1.5422021535255297	1.5824175824175823	1.5044334975369458	1.4663390663390663	1.4745901639344263	1.4545454545454546	1.4023952095808383	1.4109311740890689	1.4831460674157304	1.5067934782608696	1.5305989583333333	1.4910220994475138	1.470626631853786	1.5015151515151515	1.351949420442571	1.2413793103448276	1.0655737704918034	1.0	1.0	1.0	1.0	1.0	0.0	0.0	1.0	0.0	0.0
	# checklists reporting species - (Scarlet Tanager)	0.0	0.0	0.0	0.0	0.0	0.0	0.0	0.0	0.0	0.0	0.0	0.0	1	0.0	11	110	1597	7771	12078	7982	3279	2879	2821	3045	2035	1220	935	835	494	534	736	1536	1448	1532	1320	949	348	61	11	6	7	4	6	0.0	0.0	1	0.0	0.0
	
