

	Week starting on...	1/1	1/8	1/15	1/22	2/1	2/8	2/15	2/22	3/1	3/8	3/15	3/22	4/1	4/8	4/15	4/22	5/1	5/8	5/15	5/22	6/1	6/8	6/15	6/22	7/1	7/8	7/15	7/22	8/1	8/8	8/15	8/22	9/1	9/8	9/15	9/22	10/1	10/8	10/15	10/22	11/1	11/8	11/15	11/22	12/1	12/8	12/15	12/22
Frequency (%)
	Wood Thrush	0.0	0.0	0.0	0.0018482238568735445	0.0	0.0	0.0	0.0	0.0	0.0	0.0	0.0	0.0	0.012273380790405722	0.05919941497048735	0.47862517744306116	5.57709908955152	11.019947638817381	12.169793029906453	8.824077308184888	6.699165651073404	6.167588260314759	6.331007987058943	6.555790214713129	6.167272727272728	5.272272464883587	4.756083584826374	2.753445217628599	1.2767028698841978	0.747732741069776	0.6524484355268697	0.7184071886332019	0.883524859964197	0.8327976155689323	0.7272411195456916	0.45916844594439465	0.3087381390737856	0.1215887597946501	0.04936980890979845	0.029608324168852042	0.0	0.0	0.0	0.0026431252312734575	0.0030169552887226213	0.0034632034632034628	0.003057449475647415	0.006154982458299993
	Total # checklists submitted - (Wood Thrush)	62273	43331	38620	54106	37238	53163	75553	42285	42866	50027	55502	78855	59210	57034	57433	79603	83036	91289	82524	85890	53335	51722	49455	56820	41250	31182	26177	36645	27806	27015	28508	43847	34634	34222	34514	43557	35305	37010	34434	47284	36806	33495	30926	37834	33146	28875	32707	48741
	
Abundance
	Wood Thrush	0.0	0.0	0.0	1.8482238568735446E-5	0.0	0.0	0.0	0.0	0.0	0.0	0.0	0.0	0.0	1.4026720903320827E-4	6.61640520258388E-4	0.006256045626421115	0.10004094609566935	0.1937254214637032	0.21030245746691872	0.14590755617650483	0.102615543264273	0.0958586288233247	0.09968658376301688	0.10248152059134108	0.09932121212121212	0.08594702071708037	0.07537150934026053	0.039077636785373175	0.017190534417032294	0.009550249861188229	0.007927599270380245	0.008917371770018473	0.011895824911936248	0.010490327859271814	0.009039809932201425	0.005119728172280001	0.003398951989803144	0.0012699270467441232	5.808212812917465E-4	3.383808476440233E-4	0.0	0.0	0.0	2.6431252312734577E-5	3.016955288722621E-5	3.463203463203463E-5	3.057449475647415E-5	6.154982458299993E-5
	Total # checklists submitted - (Wood Thrush)	62273	43331	38620	54106	37238	53163	75553	42285	42866	50027	55502	78855	59210	57034	57433	79603	83036	91289	82524	85890	53335	51722	49455	56820	41250	31182	26177	36645	27806	27015	28508	43847	34634	34222	34514	43557	35305	37010	34434	47284	36806	33495	30926	37834	33146	28875	32707	48741
	
Birds Per Party Hour
	Wood Thrush	0.0	0.0	0.0	5.46448087431694	0.0	0.0	0.0	0.0	0.0	0.0	0.0	0.0	0.0	0.5306374058535082	0.7669637998977921	1.164690496700777	1.2833860009214846	1.3327667934136602	1.564119302868695	2.6741181604297553	4.176826785293666	5.032340812219982	5.032512918771009	5.815245576285994	4.390151765575778	3.4800715920446468	2.2218299978089413	1.8268391212092532	1.7615263361729896	2.5190081289417363	2.1123464104643457	1.4968740585824658	2.0035398005025975	1.2364213556334065	2.4051857850617195	2.10330016943128	0.8999343799647845	0.5698321391683956	0.5596717486638442	0.7905356592071853	0.0	0.0	0.0	0.6666666666666666	2.25	0.0	1.1666666666666667	0.8410641200545702
	# checklists reporting species - (Wood Thrush)	0.0	0.0	1	1	0.0	0.0	0.0	0.0	0.0	0.0	0.0	0.0	0.0	7	32	434	4500	9255	9577	7400	3559	3174	3180	3747	2586	1653	1255	1044	374	209	187	319	330	318	268	210	124	47	17	14	2	1	0.0	1	2	1	2	4
	
High Count
	Wood Thrush	0.0	0.0	1	1	0.0	0.0	0.0	0.0	0.0	0.0	0.0	0.0	0.0	2	2	8	25	30	70	50	29	20	35	31	24	13	10	10	6	6	6	10	13	32	60	13	4	4	2	2	1	1	0.0	1	1	1	1	1
	# checklists reporting species - (Wood Thrush)	0.0	0.0	1	1	0.0	0.0	0.0	0.0	0.0	0.0	0.0	0.0	0.0	7	43	510	5329	11507	11181	8451	4053	3604	3759	4535	3166	2001	1390	1137	402	238	217	368	373	366	315	269	156	71	29	22	3	2	0.0	1	2	1	3	5
	
Totals
	Wood Thrush	0.0	0.0	1	1	0.0	0.0	0.0	0.0	0.0	0.0	0.0	0.0	0.0	8	47	637	9176	19566	18675	13551	5985	5413	5631	6718	4767	3080	2141	1593	533	300	266	446	522	521	469	312	171	73	32	25	3	2	0.0	1	2	1	3	5
	# checklists reporting species - (Wood Thrush)	0.0	0.0	1	1	0.0	0.0	0.0	0.0	0.0	0.0	0.0	0.0	0.0	7	43	489	4850	9971	10052	7835	3867	3444	3578	4323	3026	1899	1325	1089	391	228	211	345	360	354	299	257	156	68	29	21	3	2	0.0	1	2	1	3	5
	
Average Count
	Wood Thrush	0.0	0.0	1.0	1.0	0.0	0.0	0.0	0.0	0.0	0.0	0.0	0.0	0.0	1.1428571428571428	1.0930232558139534	1.3026584867075666	1.891958762886598	1.9622906428643065	1.8578392359729408	1.729546904913848	1.547711404189294	1.571718931475029	1.5737842370039128	1.5540134166088364	1.5753469927296762	1.6219062664560295	1.6158490566037735	1.462809917355372	1.3631713554987213	1.3157894736842106	1.2606635071090047	1.2927536231884058	1.45	1.4717514124293785	1.568561872909699	1.2140077821011672	1.0961538461538463	1.0735294117647058	1.103448275862069	1.1904761904761905	1.0	1.0	0.0	1.0	1.0	1.0	1.0	1.0
	# checklists reporting species - (Wood Thrush)	0.0	0.0	1	1	0.0	0.0	0.0	0.0	0.0	0.0	0.0	0.0	0.0	7	43	489	4850	9971	10052	7835	3867	3444	3578	4323	3026	1899	1325	1089	391	228	211	345	360	354	299	257	156	68	29	21	3	2	0.0	1	2	1	3	5
	
