

	Week starting on...	1/1	1/8	1/15	1/22	2/1	2/8	2/15	2/22	3/1	3/8	3/15	3/22	4/1	4/8	4/15	4/22	5/1	5/8	5/15	5/22	6/1	6/8	6/15	6/22	7/1	7/8	7/15	7/22	8/1	8/8	8/15	8/22	9/1	9/8	9/15	9/22	10/1	10/8	10/15	10/22	11/1	11/8	11/15	11/22	12/1	12/8	12/15	12/22
Frequency (%)
	Red-winged Blackbird	1.2429142646090603	1.0223627426092174	1.294665976178146	1.1902561638265627	1.1278801224555561	0.9085266068506292	1.4426958558892433	8.842379094241457	18.035272710306536	34.62530233673816	45.97491982270909	49.55170883266756	52.69042391487925	55.524774695795486	57.12569428725646	61.56803135560217	64.95495929476371	64.5488503543691	62.5817943870874	58.627314006287115	51.66026061685572	49.05069409535594	46.03983419270043	45.41182682154171	42.74666666666667	44.52248091847861	45.08156014822172	41.394460362941736	34.99964036538877	27.207107162687393	22.748000561245966	19.029808196683923	17.762891955881503	15.419905324060545	16.080431129396764	18.775397754666297	20.93754425718737	25.84166441502297	25.198931288842424	20.840030454276288	14.011302505026354	8.881922675026123	4.530168790014874	2.563831474335254	1.7950883967899594	1.4164502164502164	2.131042284526248	1.411542643770132
	Total # checklists submitted - (Red-winged Blackbird)	62273	43331	38620	54106	37238	53163	75553	42285	42866	50027	55502	78855	59210	57034	57433	79603	83036	91289	82524	85890	53335	51722	49455	56820	41250	31182	26177	36645	27806	27015	28508	43847	34634	34222	34514	43557	35305	37010	34434	47284	36806	33495	30926	37834	33146	28875	32707	48741
	
Abundance
	Red-winged Blackbird	0.3095402501886853	0.1746094020447255	0.18920248575867427	0.34253132739437403	0.3916697996670068	0.16981735417489607	0.2684340793879793	1.9261913207993377	3.389026267904633	8.907210106542466	9.613977874671184	11.628368524507007	15.020249957777402	8.420766560297366	7.4879772952831996	8.5097672198284	9.191675899609807	8.31864737262978	6.5635815035626	5.031761555477937	3.9937376956970096	3.661826688836472	3.2447275300778484	3.121101724744808	3.1410181818181817	3.770187928933359	4.311571226649349	7.588811570473462	9.233115155002517	7.73855265593189	7.330503718254525	7.3896275685907815	9.247733441127217	6.693501256501666	7.159152807556354	11.097091167894943	29.61611669735165	20.344906781950826	55.36742754254516	150.12492597918958	106.80332011085149	37.30909090909091	5.578542326844726	1.5584394988634562	1.3076087612381584	0.20425974025974025	0.9713516984131837	0.48302250671918917
	Total # checklists submitted - (Red-winged Blackbird)	62273	43331	38620	54106	37238	53163	75553	42285	42866	50027	55502	78855	59210	57034	57433	79603	83036	91289	82524	85890	53335	51722	49455	56820	41250	31182	26177	36645	27806	27015	28508	43847	34634	34222	34514	43557	35305	37010	34434	47284	36806	33495	30926	37834	33146	28875	32707	48741
	
Birds Per Party Hour
	Red-winged Blackbird	60.614020414891684	54.11397332884105	59.631349273843746	93.49531221303089	133.83436526894167	56.41058986837355	93.74740079093624	106.5868825993605	43.69679531866969	48.83151635062422	54.96939907762718	36.5197787692897	38.016701659135116	24.90923263133345	21.732115329172423	21.474098029392895	18.473208054698357	15.787726880607105	13.404657555930102	14.776617307585896	17.677439655309136	19.601902700840597	20.060515787221835	20.275827243779442	17.53558503404108	16.788596693046035	15.224786416469458	25.273979757234954	22.01421185521554	28.980128555458595	46.27322692062099	47.4494457835635	57.029701010875435	58.03337091785885	52.673875356892374	64.31673646921936	181.29135661390495	118.20261385944491	248.06214718457665	596.6897245785664	1173.0527465796183	429.43105298680837	199.1037481546918	33.01865598170867	58.209959152906784	33.168848349021125	42.321216970621784	47.47730092328956
	# checklists reporting species - (Red-winged Blackbird)	766	458	509	679	440	507	1140	3982	7988	17254	24614	37300	29384	29413	30234	45543	48527	51843	45558	46234	25915	24051	21649	24652	16741	13025	11057	14231	9197	6961	6069	7789	5803	4976	5321	7839	7135	9282	8425	9548	5063	2961	1398	981	598	400	700	696
	
High Count
	Red-winged Blackbird	1500	800	1100	2500	3000	2000	3500	17963	11000	50000	85000	70000	150000	10000	2000	7700	3000	3533	4125	800	400	400	460	1000	1000	2000	5000	60000	100000	45000	100000	20000	32000	10000	10000	45628	500000	180000	1000000	3093000	1000000	675000	33000	25000	20000	619	5900	2066
	# checklists reporting species - (Red-winged Blackbird)	922	522	594	764	511	573	1257	4430	8761	19011	27529	41771	33465	33753	35137	52269	57563	63382	55199	53939	29528	26987	24347	27623	19056	14905	12699	16264	10385	7848	6923	8854	6594	5648	5968	8716	7936	10215	9268	10594	5592	3225	1544	1082	712	476	797	813
	
Totals
	Red-winged Blackbird	22573	8169	9151	19891	21518	11474	22311	96316	174028	520904	767977	964474	927971	509676	454871	712573	798020	789792	561992	452767	221919	197304	167374	186195	135990	123007	121115	346828	262849	222208	319869	358017	344587	252372	276910	523250	1195814	1277124	2020337	7409006	4093921	1320213	208983	74022	48546	6454	33633	24414
	# checklists reporting species - (Red-winged Blackbird)	883	506	575	742	487	556	1230	4308	8400	18092	25642	38785	30678	30626	31606	47020	50060	53440	46894	47588	26747	24787	22310	25435	17326	13544	11475	14773	9490	7200	6287	8103	6037	5204	5505	8117	7390	9589	8743	9989	5277	3092	1482	1041	691	465	780	797
	
Average Count
	Red-winged Blackbird	25.563986409966024	16.14426877470356	15.914782608695653	26.807277628032345	44.18480492813142	20.636690647482013	18.139024390243904	22.357474466109565	20.71761904761905	28.791952244085785	29.94996490133375	24.867190924326415	30.24874502901102	16.64193822242539	14.391919255837498	15.15467886005955	15.941270475429485	14.779041916167664	11.984305028361838	9.514310330335379	8.296967884248701	7.9599790212611445	7.502196324518153	7.320424611755455	7.848897610527531	9.082028942705257	10.554684095860566	23.477154267921208	27.697471022128557	30.862222222222222	50.877843168442816	44.18326545723806	57.07917839986749	48.49577248270561	50.30154405086285	64.46347172600714	161.81515561569688	133.18635937011157	231.08052156010524	741.7164881369506	775.8046238393026	426.97703751617075	141.01417004048582	71.10662824207493	70.25470332850941	13.879569892473118	43.11923076923077	30.63237139272271
	# checklists reporting species - (Red-winged Blackbird)	883	506	575	742	487	556	1230	4308	8400	18092	25642	38785	30678	30626	31606	47020	50060	53440	46894	47588	26747	24787	22310	25435	17326	13544	11475	14773	9490	7200	6287	8103	6037	5204	5505	8117	7390	9589	8743	9989	5277	3092	1482	1041	691	465	780	797
	
