

	Week starting on...	1/1	1/8	1/15	1/22	2/1	2/8	2/15	2/22	3/1	3/8	3/15	3/22	4/1	4/8	4/15	4/22	5/1	5/8	5/15	5/22	6/1	6/8	6/15	6/22	7/1	7/8	7/15	7/22	8/1	8/8	8/15	8/22	9/1	9/8	9/15	9/22	10/1	10/8	10/15	10/22	11/1	11/8	11/15	11/22	12/1	12/8	12/15	12/22
Frequency (%)
	Hooded Merganser	4.839978803012541	4.147146384805335	3.182288969445883	3.140132332828152	2.8680380256727	2.228993849105581	1.7775601233571137	3.351070119427693	4.460411514953576	8.17158734283487	10.563583294295702	11.863547016676177	11.829082925181558	9.51011677245152	7.737711768495465	5.709583809655415	3.3852786743099377	2.292718728433875	2.1411952886433037	2.222610315519851	2.054935783256773	1.9121457020223502	1.5145081387119603	1.5029919042590636	1.5393939393939393	1.8696683984349944	2.681743515299691	3.2664756446991405	3.9919441847083363	4.005182306126226	4.367195173284692	4.018518940862545	4.111566668591558	3.909765647828882	3.9375325954685056	3.9534403195812384	3.9767738280696783	4.604161037557416	7.155718185514318	9.880720751205482	12.957126555452916	13.69159576056128	12.63014938886374	11.10641222181107	10.028359379713994	7.574025974025974	6.200507536612958	4.657270060113662
	Total # checklists submitted - (Hooded Merganser)	62273	43331	38620	54106	37238	53163	75553	42285	42866	50027	55502	78855	59210	57034	57433	79603	83036	91289	82524	85890	53335	51722	49455	56820	41250	31182	26177	36645	27806	27015	28508	43847	34634	34222	34514	43557	35305	37010	34434	47284	36806	33495	30926	37834	33146	28875	32707	48741
	
Abundance
	Hooded Merganser	0.2870104218521671	0.22660450947358704	0.16939409632314864	0.14682290319003438	0.12186476180245985	0.08846378120121137	0.06545074318690192	0.13347522762208822	0.20795035692623526	0.529594019229616	0.7956650210803214	0.7334094223574916	0.6869278838034116	0.4466809271662517	0.2969895356328243	0.1871411881461754	0.0866732501565586	0.05343469640372882	0.045356502350831274	0.04633833973687274	0.04977969438455048	0.0478906461467074	0.04145182489131534	0.04410418866596269	0.04499393939393939	0.05548072605990636	0.07762539634029873	0.09447400736799018	0.11555060058980077	0.11771238200999445	0.1309456994527852	0.13547106985654664	0.13709072010163423	0.13798141546373677	0.14353595642348033	0.13513327364143535	0.15728650332814048	0.22404755471494192	0.49233315908694897	1.0057524744099484	1.6514970385263272	1.8608747574264817	1.9731940761818534	1.5135856636887455	1.1721172992216256	0.8286406926406926	0.5604304888861712	0.31804846022855504
	Total # checklists submitted - (Hooded Merganser)	62273	43331	38620	54106	37238	53163	75553	42285	42866	50027	55502	78855	59210	57034	57433	79603	83036	91289	82524	85890	53335	51722	49455	56820	41250	31182	26177	36645	27806	27015	28508	43847	34634	34222	34514	43557	35305	37010	34434	47284	36806	33495	30926	37834	33146	28875	32707	48741
	
Birds Per Party Hour
	Hooded Merganser	16.933752380450837	15.050496320579105	16.055090596053002	12.451869293524362	8.914317713692716	9.80972604701401	9.012087365703593	12.117565954986306	15.26427920929331	20.827249817910182	22.465636386167596	19.267940269253362	17.344879962240327	12.861358138462963	9.394899027912063	7.216139115682484	4.5287788495745795	3.6305943905913285	3.0580623318064912	3.334428166904907	4.772267188792133	4.375476457820468	4.5324572366824984	5.689521704770567	4.6731226755844855	5.190828135222756	4.104452072424537	3.602654386326292	3.4836444878466786	3.984123378043082	4.15168752793339	5.124603232410398	4.044438563854899	5.222578179037065	5.205268872844508	4.371223616814931	5.968453101217626	7.540458272776752	11.944442791723496	18.189702322541496	25.749244334125553	27.78148880951495	39.47905211318182	32.60317530948041	29.156892171578484	26.955494703438667	16.804611426776386	13.63895831355176
	# checklists reporting species - (Hooded Merganser)	3011	1808	1206	1708	1060	1186	1361	1454	1933	4120	5934	9453	7048	5430	4497	4708	2884	2147	1819	1947	1154	1019	780	873	627	598	725	1228	1136	1131	1265	1820	1465	1345	1377	1744	1419	1729	2519	4823	4838	4574	3910	4221	3321	2184	2001	2297
	
High Count
	Hooded Merganser	100	100	120	155	105	98	85	70	62	120	250	455	333	300	120	61	60	83	26	25	39	30	30	24	18	38	25	21	60	30	32	95	50	59	90	50	40	185	250	450	500	540	1000	560	600	330	229	186
	# checklists reporting species - (Hooded Merganser)	3372	1961	1335	1874	1175	1288	1457	1598	2112	4487	6458	10443	7857	6107	4988	5060	3128	2341	1993	2148	1265	1134	890	984	723	675	803	1351	1233	1202	1374	1963	1571	1463	1494	1876	1528	1874	2732	5236	5278	5039	4308	4613	3684	2377	2200	2516
	
Totals
	Hooded Merganser	18961	10539	6831	8404	4866	4999	5231	6153	9559	28354	47463	63470	45200	28105	18920	16192	7813	5318	4142	4468	2985	2826	2408	2763	2028	1991	2264	3870	3533	3545	4084	6563	5127	5044	5398	6369	5909	8899	18428	52198	67535	68282	67248	61611	41798	25183	19773	16925
	# checklists reporting species - (Hooded Merganser)	3187	1891	1271	1795	1114	1240	1411	1552	2059	4383	6275	10132	7585	5878	4797	4912	3013	2238	1906	2059	1231	1102	856	948	692	656	778	1323	1208	1181	1336	1918	1531	1418	1444	1821	1481	1818	2635	5064	5070	4804	4107	4415	3504	2264	2126	2439
	
Average Count
	Hooded Merganser	5.949482271728899	5.573241671073506	5.374508261211644	4.681894150417827	4.368043087971275	4.031451612903226	3.7072997873848332	3.964561855670103	4.642544924720738	6.469085101528633	7.5638247011952195	6.264311093564943	5.959129861568886	4.781388227288193	3.944131749009798	3.2964169381107493	2.5930965814802525	2.376228775692583	2.1731374606505773	2.169985429820301	2.4248578391551585	2.5644283121597096	2.8130841121495327	2.9145569620253164	2.930635838150289	3.035060975609756	2.910025706940874	2.925170068027211	2.9246688741721854	3.0016934801016086	3.05688622754491	3.4217935349322213	3.348791639451339	3.557122708039492	3.7382271468144044	3.4975288303130148	3.9898717083051993	4.894939493949395	6.993548387096774	10.307661927330173	13.320512820512821	14.213572023313905	16.37399561723886	13.954926387315968	11.92865296803653	11.123233215547703	9.300564440263406	6.939319393193932
	# checklists reporting species - (Hooded Merganser)	3187	1891	1271	1795	1114	1240	1411	1552	2059	4383	6275	10132	7585	5878	4797	4912	3013	2238	1906	2059	1231	1102	856	948	692	656	778	1323	1208	1181	1336	1918	1531	1418	1444	1821	1481	1818	2635	5064	5070	4804	4107	4415	3504	2264	2126	2439
	
