

	Week starting on...	1/1	1/8	1/15	1/22	2/1	2/8	2/15	2/22	3/1	3/8	3/15	3/22	4/1	4/8	4/15	4/22	5/1	5/8	5/15	5/22	6/1	6/8	6/15	6/22	7/1	7/8	7/15	7/22	8/1	8/8	8/15	8/22	9/1	9/8	9/15	9/22	10/1	10/8	10/15	10/22	11/1	11/8	11/15	11/22	12/1	12/8	12/15	12/22
Frequency (%)
	King Eider	0.3982464310375283	0.31155523758971637	0.4324184360435007	0.1497061324067571	0.24705945539502658	0.14483757500517278	0.1376517146903498	0.2152063379448977	0.2916064013437223	0.16391148779658984	0.194587582429462	0.16359140194027014	0.09120081067387266	0.08416032541992495	0.053975937178973754	0.057786766830395846	0.024085938629028372	0.027385555762468643	0.032717754834957105	0.06403539410874375	0.011249648448485985	0.0	0.0	0.0	0.0	0.0	0.0	0.0054577705007504435	0.0	0.007403294466037386	0.003507787287778869	0.0	0.0	0.0	0.0	0.0022958422297219734	0.00566491998300524	0.0054039448797622265	0.008712319219376197	0.038067845359952626	0.21735586589143074	0.45379907448872964	0.4688611524283774	0.623777554580536	0.6365775659204731	0.5021645021645021	0.3363194423212157	0.42264212880326624
	Total # checklists submitted - (King Eider)	62273	43331	38620	54106	37238	53163	75553	42285	42866	50027	55502	78855	59210	57034	57433	79603	83036	91289	82524	85890	53335	51722	49455	56820	41250	31182	26177	36645	27806	27015	28508	43847	34634	34222	34514	43557	35305	37010	34434	47284	36806	33495	30926	37834	33146	28875	32707	48741
	
Abundance
	King Eider	0.005026255359465579	0.00461563314947728	0.008001035732780942	0.003363767419509851	0.003464203233256351	0.0015612361981077066	0.002475083716066867	0.004067636277639825	0.005272243736294499	0.005656945249565235	0.003927786386076177	0.0043117113689683595	0.0024320216179699373	0.0014728056948486868	7.835216687270385E-4	9.798625679936686E-4	4.696758032660533E-4	3.176724468446363E-4	3.2717754834957105E-4	6.752823378740249E-4	1.1249648448485985E-4	0.0	0.0	0.0	0.0	0.0	0.0	5.457770500750443E-5	0.0	7.403294466037386E-5	3.507787287778869E-5	0.0	0.0	0.0	0.0	2.2958422297219735E-5	5.66491998300524E-5	1.0807889759524453E-4	8.712319219376198E-5	6.344640893325438E-4	0.003667880236917894	0.007732497387669801	0.006273038866972774	0.007532906909129355	0.00899052676039341	0.006095238095238095	0.004219280276393432	0.004965019183028662
	Total # checklists submitted - (King Eider)	62273	43331	38620	54106	37238	53163	75553	42285	42866	50027	55502	78855	59210	57034	57433	79603	83036	91289	82524	85890	53335	51722	49455	56820	41250	31182	26177	36645	27806	27015	28508	43847	34634	34222	34514	43557	35305	37010	34434	47284	36806	33495	30926	37834	33146	28875	32707	48741
	
Birds Per Party Hour
	King Eider	2.70318180255773	2.727751282925411	4.851932709173949	6.09452170271404	2.434443334096253	1.5570150439637491	2.93650381994232	2.855582997925082	3.359680528721693	5.368806404078277	5.263575952427072	3.176088150528905	4.905910842900671	1.4893282373221879	2.011498622233094	1.0324694570492783	1.276642859975191	0.6395182497318225	1.1181271191049456	0.9009537075006501	0.5457227040618527	0.0	0.0	0.0	0.0	0.0	0.0	0.12962962962962962	0.0	0.15742498820854547	0.2222222222222222	0.0	0.0	0.0	0.0	0.13793103448275862	0.0	1.2034279592929833	0.06666666666666667	0.5324833987986058	2.196978872776839	2.294826391477174	2.713761615400941	1.8763240096551983	3.046425972098221	2.857730129144922	2.503506709936894	2.3642630714986206
	# checklists reporting species - (King Eider)	268	160	191	94	104	86	115	100	141	95	116	129	59	55	40	56	25	29	32	61	7	0	0	0	0.0	0.0	0.0	3	0	2	1	0.0	0.0	0	0.0	1	0	2	3	23	103	197	171	275	249	163	122	244
	
High Count
	King Eider	33	8	9	12	12	2	16	9	16	91	17	64	11	6	6	5	5	5	1	5	1	1	1	1	0.0	0.0	0.0	1	1	1	1	0.0	0.0	1	0.0	1	1	3	5	7	38	49	32	15	6	28	6	7
	# checklists reporting species - (King Eider)	319	192	220	123	142	111	145	132	189	128	152	181	86	79	57	74	42	37	46	78	14	8	8	8	0.0	0.0	0.0	4	1	2	2	0.0	0.0	1	0.0	1	3	4	7	31	118	233	212	338	312	187	150	283
	
Totals
	King Eider	446	296	427	255	199	119	241	228	389	390	320	666	202	148	76	112	69	41	45	81	14	8	8	8	0.0	0.0	0.0	4	1	2	2	0.0	0.0	1	0.0	1	3	7	11	42	181	376	297	428	432	248	182	325
	# checklists reporting species - (King Eider)	317	190	220	122	140	110	141	130	187	125	150	178	86	79	57	73	41	37	45	76	14	8	8	8	0.0	0.0	0.0	4	1	2	2	0.0	0.0	1	0.0	1	3	4	7	30	118	233	210	337	310	184	149	282
	
Average Count
	King Eider	1.4069400630914826	1.5578947368421052	1.940909090909091	2.0901639344262297	1.4214285714285715	1.0818181818181818	1.7092198581560283	1.7538461538461538	2.0802139037433154	3.12	2.1333333333333333	3.741573033707865	2.3488372093023258	1.8734177215189873	1.3333333333333333	1.5342465753424657	1.6829268292682926	1.1081081081081081	1.0	1.0657894736842106	1.0	1.0	1.0	1.0	0.0	0.0	0.0	1.0	1.0	1.0	1.0	0.0	0.0	1.0	0.0	1.0	1.0	1.75	1.5714285714285714	1.4	1.5338983050847457	1.613733905579399	1.4142857142857144	1.2700296735905046	1.3935483870967742	1.3478260869565217	1.221476510067114	1.1524822695035462
	# checklists reporting species - (King Eider)	317	190	220	122	140	110	141	130	187	125	150	178	86	79	57	73	41	37	45	76	14	8	8	8	0.0	0.0	0.0	4	1	2	2	0.0	0.0	1	0.0	1	3	4	7	30	118	233	210	337	310	184	149	282
	
