

	Week starting on...	1/1	1/8	1/15	1/22	2/1	2/8	2/15	2/22	3/1	3/8	3/15	3/22	4/1	4/8	4/15	4/22	5/1	5/8	5/15	5/22	6/1	6/8	6/15	6/22	7/1	7/8	7/15	7/22	8/1	8/8	8/15	8/22	9/1	9/8	9/15	9/22	10/1	10/8	10/15	10/22	11/1	11/8	11/15	11/22	12/1	12/8	12/15	12/22
Frequency (%)
	Canada Goose	24.212740674128437	22.90969513743048	20.618850336613153	20.14748826377851	19.52843869165906	15.10448996482516	14.772411419798024	28.16128650821804	32.32865207857043	44.102184820197095	49.3387625671147	50.93652907234798	51.2616112143219	49.635305256513654	48.2527466787387	48.26451264399583	45.27193024712173	41.72463275969723	40.418544908147936	36.75515193852602	27.33477078841286	19.36893391593519	13.741785461530684	11.172122492080254	11.789090909090909	16.252966455006092	21.373725025785994	25.476872697503072	27.066100841544987	26.99981491763835	28.181563070015436	30.273450863228955	35.86071490442917	41.622348197066216	44.63116416526627	45.903069541061136	43.4527687296417	43.118076195622805	41.247023290933384	39.53557228660858	39.36586426126175	37.76683087027914	35.432969022828686	32.87783475181054	32.96023652929463	29.939393939393938	27.14403644479775	24.269095833076875
	Total # checklists submitted - (Canada Goose)	62273	43331	38620	54106	37238	53163	75553	42285	42866	50027	55502	78855	59210	57034	57433	79603	83036	91289	82524	85890	53335	51722	49455	56820	41250	31182	26177	36645	27806	27015	28508	43847	34634	34222	34514	43557	35305	37010	34434	47284	36806	33495	30926	37834	33146	28875	32707	48741
	
Abundance
	Canada Goose	31.15465771682752	29.107313470725348	25.358026929052304	23.184803903448785	20.793678500456522	17.473092188175986	13.147035855624528	20.243963580465888	26.52507815051556	41.13852519639395	73.72426218874996	72.8982689747004	58.219017057929406	46.15964161728092	19.82022530600874	18.456791829453664	12.98959487451226	5.805496828752642	3.8438393679414475	5.824519734544184	6.858629417830692	4.169483005297552	3.019411586290567	2.8099612812390005	3.0562181818181817	4.681611185940607	6.654696871299232	7.326975030699959	8.743364741422715	9.280584860262817	9.126210186614284	10.49955527174037	13.163798579430617	16.03778271287476	20.01298023990265	38.50758775856923	39.629655856111036	45.926398270737636	47.00833478538654	52.28779291092124	57.43699396837472	69.66651739065532	65.78403285261592	55.01284558862399	50.97610571411332	45.85239826839827	38.15984345858685	31.08635440388995
	Total # checklists submitted - (Canada Goose)	62273	43331	38620	54106	37238	53163	75553	42285	42866	50027	55502	78855	59210	57034	57433	79603	83036	91289	82524	85890	53335	51722	49455	56820	41250	31182	26177	36645	27806	27015	28508	43847	34634	34222	34514	43557	35305	37010	34434	47284	36806	33495	30926	37834	33146	28875	32707	48741
	
Birds Per Party Hour
	Canada Goose	390.5202271769927	454.44557258180674	390.0034450412542	336.69942623161074	320.6466025846152	346.84419777910773	237.63363413407794	249.7246737228314	264.7355340224516	293.6146326586905	409.60529267210006	438.90541951957005	297.3819231147049	219.66105762099005	108.15976768321549	98.58294860267864	49.02879362085283	20.666727672121606	15.160724659402206	30.433128736571987	49.13046602306079	42.7205722327087	46.89926065143159	43.5824973059102	47.99918943634667	52.55557612208947	48.039546414222166	43.32671432083442	45.73916409014554	50.14621587772009	54.25135940505914	62.101734665675835	53.4816514396498	71.49656131881255	90.15040082925744	169.59572798528953	209.3884341482476	252.65823875946953	297.04386293042336	329.8886928435597	385.3049142694667	496.55050253263045	536.7372577526208	458.9302459948867	444.9452652880784	472.3042215482351	297.8954887135797	315.1590161860347
	# checklists reporting species - (Canada Goose)	14391	9391	7412	10119	6727	7628	10787	11494	13511	21502	26645	38977	29123	27017	26385	36913	35596	35541	31000	30052	14002	9624	6487	6148	4648	4820	5358	8976	7266	7036	7648	12553	11673	13467	14299	19005	14674	15201	13541	17794	13797	12046	10379	11831	10321	8212	8595	11370
	
High Count
	Canada Goose	8000	12200	5000	6000	6500	7000	4700	10000	8500	20000	50000	50000	100000	100000	17000	25000	20000	10000	3000	1400	1500	800	850	1000	1000	4000	2385	2620	3000	1390	2838	5387	9000	5000	5000	20000	10000	13000	15000	100000	20000	50000	25000	21000	15000	20000	10000	19000
	# checklists reporting species - (Canada Goose)	16505	10730	8583	11743	7857	8666	12059	12975	15130	23908	29750	43541	32911	30690	30000	41277	40362	41149	35749	34131	15917	10921	7447	7021	5413	5568	6121	10178	8209	8033	8790	14425	13502	15369	16751	21860	16725	17241	15405	20338	15616	13658	11814	13440	11933	9352	9572	12810
	
Totals
	Canada Goose	2082396	1359994	1045253	1330525	841076	1005114	1049732	914582	1217510	2225125	4376194	6274027	3725877	2927517	1258627	1681016	1252046	590673	335358	539802	394791	230507	157984	169050	135607	154848	181881	283210	253667	263480	274964	486333	488648	581596	738204	1813542	1490949	1806923	1731216	2667693	2279671	2495089	2232399	2208362	1823099	1431905	1360110	1629234
	# checklists reporting species - (Canada Goose)	15009	9744	7743	10587	7010	7948	11195	12067	14126	22405	27594	40661	30540	28287	27602	38208	36746	36605	31848	31065	14571	9999	6744	6385	4912	5050	5583	9334	7524	7330	7957	13065	12215	14105	15341	19764	15325	15789	14124	18572	14300	12464	10843	12356	10837	8616	8971	11832
	
Average Count
	Canada Goose	138.74315410753547	139.57245484400656	134.99328425674804	125.67535656937754	119.98231098430813	126.46124811273276	93.76793211255024	75.7919946962791	86.18929633300297	99.31376924793572	158.59223019496991	154.30085339760458	121.99990176817289	103.49337151341605	45.599123251938266	43.9964405360134	34.07298753605835	16.13640213085644	10.529954785229842	17.376533075808787	27.094296891085033	23.053005300530053	23.42586002372479	26.476115896632734	27.607288273615634	30.662970297029702	32.577646426652336	30.341761302764088	33.714380648591174	35.94542974079127	34.55623978886515	37.22411021814007	40.00392959476054	41.233321517192486	48.119679290789385	91.75986642380084	97.28867862969005	114.44188992336437	122.57264231096006	143.64058798190825	159.41755244755245	200.18364890885752	205.88388822281655	178.72790547102622	168.22912245086277	166.19138811513463	151.61186043919295	137.697261663286
	# checklists reporting species - (Canada Goose)	15009	9744	7743	10587	7010	7948	11195	12067	14126	22405	27594	40661	30540	28287	27602	38208	36746	36605	31848	31065	14571	9999	6744	6385	4912	5050	5583	9334	7524	7330	7957	13065	12215	14105	15341	19764	15325	15789	14124	18572	14300	12464	10843	12356	10837	8616	8971	11832
	
