

	Week starting on...	1/1	1/8	1/15	1/22	2/1	2/8	2/15	2/22	3/1	3/8	3/15	3/22	4/1	4/8	4/15	4/22	5/1	5/8	5/15	5/22	6/1	6/8	6/15	6/22	7/1	7/8	7/15	7/22	8/1	8/8	8/15	8/22	9/1	9/8	9/15	9/22	10/1	10/8	10/15	10/22	11/1	11/8	11/15	11/22	12/1	12/8	12/15	12/22
Frequency (%)
	Blue-winged Teal	0.00481749714964752	0.01384689944843184	0.002589331952356292	0.0	0.0	0.0	0.0013235741797149021	0.0023649048125812936	0.009331404842999113	0.14592120255062266	0.306295268638968	1.9111026567750937	3.170072622867759	3.867868289090718	4.7098358086814205	5.317638782457947	5.006262344043547	4.156031942512241	3.663176772817604	2.977063686110141	1.9818130683416142	1.355322686671049	0.8593671014053179	0.7673354452657515	0.8242424242424242	0.9364376884099801	1.1154830576460253	1.700095510983763	2.9885636193627274	4.301314084767722	5.836958046864038	6.930918877004127	8.3241901022117	7.7231020980655725	6.519093701106797	5.466400348968019	3.96827644809517	3.1883274790597134	1.67276529012023	0.6408087302258691	0.1929033309786448	0.12539184952978058	0.03233525189161224	0.018501876618914205	0.009050865866167863	0.0034632034632034628	0.009172348426942244	0.012309964916599987
	Total # checklists submitted - (Blue-winged Teal)	62273	43331	38620	54106	37238	53163	75553	42285	42866	50027	55502	78855	59210	57034	57433	79603	83036	91289	82524	85890	53335	51722	49455	56820	41250	31182	26177	36645	27806	27015	28508	43847	34634	34222	34514	43557	35305	37010	34434	47284	36806	33495	30926	37834	33146	28875	32707	48741
	
Abundance
	Blue-winged Teal	6.42332953286336E-5	1.384689944843184E-4	2.589331952356292E-5	0.0	0.0	0.0	1.3235741797149022E-5	2.3649048125812936E-5	2.0995660896748006E-4	0.0027984888160393386	0.007387121184822169	0.07913258512459578	0.17319709508528966	0.2065609987025283	0.2712029669353856	0.27444945542253435	0.22013343610000483	0.12499863072221187	0.08965876593475837	0.07482826871579928	0.055873253960813725	0.03576814508333011	0.02367809119401476	0.02046814501935938	0.027806060606060605	0.03829132191649028	0.03831607900064943	0.0910901896575249	0.18963533050420772	0.3460669998149176	0.5976567980917638	0.8389171437042443	1.3601951839233124	1.0414645549646426	0.8311699600162253	0.5711366714879353	0.31831185384506444	0.22299378546338827	0.10721960852645641	0.023940444970814653	0.004401456284301473	0.002268995372443648	5.173640302657958E-4	6.343500555056298E-4	1.5084776443613105E-4	3.463203463203463E-5	2.751704528082673E-4	3.4878233930366634E-4
	Total # checklists submitted - (Blue-winged Teal)	62273	43331	38620	54106	37238	53163	75553	42285	42866	50027	55502	78855	59210	57034	57433	79603	83036	91289	82524	85890	53335	51722	49455	56820	41250	31182	26177	36645	27806	27015	28508	43847	34634	34222	34514	43557	35305	37010	34434	47284	36806	33495	30926	37834	33146	28875	32707	48741
	
Birds Per Party Hour
	Blue-winged Teal	0.37037037037037035	2.278293863976767	0.0	0.0	0.0	1.0	0.0	0.5	0.8449530873046169	3.1699224286256293	3.8040696467922874	8.469370734882567	10.236298620740063	8.50813282613605	10.157340258245398	8.725026170569631	7.9979250136103	4.121611660600659	3.074460592607983	3.2727505168770077	4.25547620949218	4.126650243364981	3.86637783895589	3.597260655081253	4.408493218011779	5.443852221028048	4.185678511295977	5.310106979632701	5.719878781443943	8.514627192840589	9.505608339131223	12.219073564662006	14.150887380223274	14.843452190053682	13.175115715635135	12.281330181558484	8.503638683868594	8.88719421368504	8.600964343323595	4.458434344480517	2.191252705858438	2.6503341971584184	2.1553836815164233	2.475478522769759	1.4166666666666667	0.4	0.058823529411764705	0.5914132696780512
	# checklists reporting species - (Blue-winged Teal)	2	7	1	0	0.0	1	1	2	7	80	184	1549	1883	2155	2700	4230	3962	3430	2746	2510	1082	697	429	451	328	290	278	599	789	1129	1565	2841	2664	2415	2103	2281	1358	1156	579	321	70	40	11	8	2	1	2	8
	
High Count
	Blue-winged Teal	2	1	1	1	0.0	1	1	1	10	10	41	360	210	180	200	150	200	55	50	100	100	30	200	40	63	125	30	142	350	500	1200	650	2764	600	800	500	500	150	150	55	30	10	6	12	3	1	6	12
	# checklists reporting species - (Blue-winged Teal)	5	10	1	1	0.0	1	2	3	11	97	238	1769	2136	2518	3177	4870	4779	4438	3514	3024	1258	824	517	538	408	343	337	709	934	1287	1844	3355	3187	2896	2507	2625	1549	1310	651	368	100	56	15	12	9	1	7	13
	
Totals
	Blue-winged Teal	6	10	1	1	0.0	1	2	3	29	203	641	7687	11990	13398	18141	24292	20273	12807	8326	7454	3414	2178	1705	1491	1444	1384	1160	3868	6404	10837	20908	41180	51678	39527	31962	26721	12316	8902	4189	1460	216	94	27	43	11	1	13	27
	# checklists reporting species - (Blue-winged Teal)	4	10	1	1	0.0	1	2	3	11	94	229	1710	2051	2367	2974	4516	4227	3695	2979	2743	1176	768	470	501	365	319	300	660	853	1200	1667	3072	2890	2667	2287	2396	1432	1232	632	360	98	56	15	12	9	1	7	13
	
Average Count
	Blue-winged Teal	1.5	1.0	1.0	1.0	0.0	1.0	1.0	1.0	2.6363636363636362	2.1595744680851063	2.7991266375545854	4.4953216374269	5.845928815212091	5.660329531051964	6.099865501008742	5.379096545615589	4.796072864916016	3.4660351826792963	2.7948976166498825	2.717462632154575	2.9030612244897958	2.8359375	3.627659574468085	2.9760479041916166	3.956164383561644	4.338557993730408	3.8666666666666667	5.86060606060606	7.507620164126612	9.030833333333334	12.542291541691661	13.404947916666666	17.88166089965398	14.820772403449569	13.975513773502405	11.152337228714524	8.600558659217876	7.22564935064935	6.628164556962025	4.055555555555555	2.204081632653061	1.6785714285714286	1.8	3.5833333333333335	1.2222222222222223	1.0	1.8571428571428572	2.076923076923077
	# checklists reporting species - (Blue-winged Teal)	4	10	1	1	0.0	1	2	3	11	94	229	1710	2051	2367	2974	4516	4227	3695	2979	2743	1176	768	470	501	365	319	300	660	853	1200	1667	3072	2890	2667	2287	2396	1432	1232	632	360	98	56	15	12	9	1	7	13
	
