

	Week starting on...	1/1	1/8	1/15	1/22	2/1	2/8	2/15	2/22	3/1	3/8	3/15	3/22	4/1	4/8	4/15	4/22	5/1	5/8	5/15	5/22	6/1	6/8	6/15	6/22	7/1	7/8	7/15	7/22	8/1	8/8	8/15	8/22	9/1	9/8	9/15	9/22	10/1	10/8	10/15	10/22	11/1	11/8	11/15	11/22	12/1	12/8	12/15	12/22
Frequency (%)
	Yellow Rail	0.0	0.0	0.0	0.0	0.0	0.0	0.0	0.0	0.0	0.0	0.0	0.0	0.0	0.0	0.0	0.012562340615303444	0.03372031408063972	0.039435200297954845	0.039988367020503124	0.07218535335894749	0.04687353520202494	0.027067785468466034	0.02022040238600748	0.024639211545230556	0.06545454545454546	0.16676287601821563	0.4087557779730297	0.46663937781416287	0.5034884557289793	0.30723672034055155	0.08769468219447173	0.025087235158619745	0.005774672287347693	0.017532581380398576	0.0	0.006887526689165921	0.00283245999150262	0.0	0.0029041064064587326	0.004229760595550291	0.0	0.0	0.0	0.0	0.0	0.0	0.0	0.0
	Total # checklists submitted - (Yellow Rail)	62273	43331	38620	54106	37238	53163	75553	42285	42866	50027	55502	78855	59210	57034	57433	79603	83036	91289	82524	85890	53335	51722	49455	56820	41250	31182	26177	36645	27806	27015	28508	43847	34634	34222	34514	43557	35305	37010	34434	47284	36806	33495	30926	37834	33146	28875	32707	48741
	
Abundance
	Yellow Rail	0.0	0.0	0.0	0.0	0.0	0.0	0.0	0.0	0.0	0.0	0.0	0.0	0.0	0.0	0.0	1.2562340615303444E-4	3.9741798737896814E-4	4.2721466989451083E-4	4.8470747903640155E-4	8.732099196646874E-4	7.874753913940189E-4	5.220215768918448E-4	2.8308563340410475E-4	2.99190425906371E-4	0.004993939393939394	0.0072477711500224485	0.011651449745960194	0.014790558057033701	0.014457311371646407	0.0068110309087543956	0.0017188157710116459	2.9648550642005154E-4	5.774672287347693E-5	2.3376775173864766E-4	0.0	1.1479211148609868E-4	2.83245999150262E-5	0.0	2.9041064064587326E-5	4.2297605955502916E-5	0.0	0.0	0.0	0.0	0.0	0.0	0.0	0.0
	Total # checklists submitted - (Yellow Rail)	62273	43331	38620	54106	37238	53163	75553	42285	42866	50027	55502	78855	59210	57034	57433	79603	83036	91289	82524	85890	53335	51722	49455	56820	41250	31182	26177	36645	27806	27015	28508	43847	34634	34222	34514	43557	35305	37010	34434	47284	36806	33495	30926	37834	33146	28875	32707	48741
	
Birds Per Party Hour
	Yellow Rail	0.0	0.0	0.0	0.0	0.0	0.0	0.0	0.0	0.0	0.0	0.0	0.0	0.0	0.0	0.0	0.983296364858083	0.9586768348215216	2.383198658196937	0.4685114067888537	2.6493320351995413	1.0960902700940036	3.208116645778067	2.820074596213362	5.111247502255965	3.648000348286828	11.801017755453765	0.9587813396514461	0.44690136197919234	0.35782569730051333	0.32470619621887653	0.2794816597608663	0.14078253458302187	0.14130434782608695	0.22185763878401263	0.0	0.07407407407407407	0.25	0.0	0.25	0.45285815102328864	0.0	0.0	0.0	0.0	0.0	0.0	0.0	0.0
	# checklists reporting species - (Yellow Rail)	0.0	0.0	0.0	0.0	0.0	0.0	0.0	0.0	0.0	0.0	0.0	0.0	0.0	0.0	0.0	10	33	46	40	69	32	15	13	15	37	53	108	174	135	81	26	10	3	5	2	3	1	2	2	2	0.0	0.0	0.0	0.0	0.0	0.0	0.0	0.0
	
High Count
	Yellow Rail	0.0	0.0	0.0	0.0	0.0	0.0	0.0	0.0	0.0	0.0	0.0	0.0	0.0	0.0	0.0	1	3	2	6	5	17	10	3	2	55	51	15	12	9	8	4	2	2	2	1	2	1	1	1	1	0.0	0.0	0.0	0.0	0.0	0.0	0.0	0.0
	# checklists reporting species - (Yellow Rail)	0.0	0.0	0.0	0.0	0.0	0.0	0.0	0.0	0.0	0.0	0.0	0.0	0.0	0.0	0.0	13	40	52	60	100	41	19	15	20	41	58	112	179	141	83	26	12	4	6	4	4	3	5	2	2	0.0	0.0	0.0	0.0	0.0	0.0	0.0	0.0
	
Totals
	Yellow Rail	0.0	0.0	0.0	0.0	0.0	0.0	0.0	0.0	0.0	0.0	0.0	0.0	0.0	0.0	0.0	12	44	54	69	120	92	37	20	22	232	240	313	553	403	184	50	14	5	8	4	6	3	5	2	2	0.0	0.0	0.0	0.0	0.0	0.0	0.0	0.0
	# checklists reporting species - (Yellow Rail)	0.0	0.0	0.0	0.0	0.0	0.0	0.0	0.0	0.0	0.0	0.0	0.0	0.0	0.0	0.0	12	39	50	53	96	39	18	15	18	41	57	109	178	141	83	26	12	4	6	4	4	3	5	2	2	0.0	0.0	0.0	0.0	0.0	0.0	0.0	0.0
	
Average Count
	Yellow Rail	0.0	0.0	0.0	0.0	0.0	0.0	0.0	0.0	0.0	0.0	0.0	0.0	0.0	0.0	0.0	1.0	1.1282051282051282	1.08	1.3018867924528301	1.25	2.358974358974359	2.0555555555555554	1.3333333333333333	1.2222222222222223	5.658536585365853	4.2105263157894735	2.871559633027523	3.106741573033708	2.858156028368794	2.216867469879518	1.9230769230769231	1.1666666666666667	1.25	1.3333333333333333	1.0	1.5	1.0	1.0	1.0	1.0	0.0	0.0	0.0	0.0	0.0	0.0	0.0	0.0
	# checklists reporting species - (Yellow Rail)	0.0	0.0	0.0	0.0	0.0	0.0	0.0	0.0	0.0	0.0	0.0	0.0	0.0	0.0	0.0	12	39	50	53	96	39	18	15	18	41	57	109	178	141	83	26	12	4	6	4	4	3	5	2	2	0.0	0.0	0.0	0.0	0.0	0.0	0.0	0.0
	
