

	Week starting on...	1/1	1/8	1/15	1/22	2/1	2/8	2/15	2/22	3/1	3/8	3/15	3/22	4/1	4/8	4/15	4/22	5/1	5/8	5/15	5/22	6/1	6/8	6/15	6/22	7/1	7/8	7/15	7/22	8/1	8/8	8/15	8/22	9/1	9/8	9/15	9/22	10/1	10/8	10/15	10/22	11/1	11/8	11/15	11/22	12/1	12/8	12/15	12/22
Frequency (%)
	Turkey Vulture	0.4544505644500827	0.31386305416445504	0.3262558259968928	0.30865338409788196	0.25511574198399484	0.18433873182476535	0.22500761055153337	0.7212959678372945	1.5326832454626045	5.033282027705039	9.785232964577853	17.15173419567561	24.701908461408546	25.30420450959077	25.123187017916525	25.752798261372057	25.05058047112096	26.33285499895935	24.489845378314186	20.24915589707766	16.7638511296522	15.71478287769228	14.402992619553128	14.06370996128124	14.993939393939392	16.28503623885575	18.92119035794782	18.602810751807887	18.81967920592678	18.030723672034053	18.149291426967867	20.222592195589208	22.945660333776058	24.238793758401027	25.04490931216318	25.90398787795303	22.370769012887692	24.058362604701433	19.265841900447235	10.269858725996109	5.325218714340053	2.2749664128974474	1.3354459031235852	0.9726700851086324	0.9654256923912388	0.5645021645021645	0.5014217140061761	0.45752036273363283
	Total # checklists submitted - (Turkey Vulture)	62273	43331	38620	54106	37238	53163	75553	42285	42866	50027	55502	78855	59210	57034	57433	79603	83036	91289	82524	85890	53335	51722	49455	56820	41250	31182	26177	36645	27806	27015	28508	43847	34634	34222	34514	43557	35305	37010	34434	47284	36806	33495	30926	37834	33146	28875	32707	48741
	
Abundance
	Turkey Vulture	0.022256836831371543	0.01345457063072627	0.01649404453650958	0.012179795216796659	0.007546055105000268	0.005887553373586893	0.008087038238058052	0.02052737377320563	0.04115149535762609	0.1350270853738981	0.3562934669020936	0.824386532242724	1.3009626752237797	1.035172002665077	0.816011700590253	0.8295290378503323	0.7862493376366877	0.8267699284689284	0.7352406572633415	0.5778903248340901	0.46018561919940004	0.41121766366343143	0.37169143665958954	0.36309398099260826	0.3984969696969697	0.4392598293887499	0.5120525652290179	0.5244644562696139	0.5404229303028123	0.5265593188969091	0.5775922548056686	0.6500102629598377	0.8568747473580874	0.9809771492022675	1.2555194993336039	1.949445554101522	3.6709247981872255	5.582248041069981	8.15307544868444	3.922679976313341	0.7289572352333858	0.24367816091954023	0.07576149518204747	0.04313580377438283	0.05303807397574368	0.030060606060606062	0.022349955666982602	0.024599413225005643
	Total # checklists submitted - (Turkey Vulture)	62273	43331	38620	54106	37238	53163	75553	42285	42866	50027	55502	78855	59210	57034	57433	79603	83036	91289	82524	85890	53335	51722	49455	56820	41250	31182	26177	36645	27806	27015	28508	43847	34634	34222	34514	43557	35305	37010	34434	47284	36806	33495	30926	37834	33146	28875	32707	48741
	
Birds Per Party Hour
	Turkey Vulture	21.86797809990985	17.159390417744476	22.367017188367782	18.93034801341327	13.508616302906548	13.904063305444213	7.612745422690527	12.494576924430463	9.812580630064884	7.541882537112969	7.801536640897613	8.749229605350028	8.96857603459163	7.0257651880142316	5.925356848944142	5.160857089457658	4.133275519384061	3.519336085245166	3.604351372554878	4.184152299642453	4.7961735728420765	5.099845930496366	5.1628207930065235	5.852180781810349	5.225787437244002	5.316591131737533	5.231908470501926	4.941905594124217	5.401332423291873	6.3287131255597595	7.0764060700589795	6.348729399244902	6.583881561748467	7.013537647688257	6.841380040442984	9.321144415241344	15.060251135392585	18.629504952453928	31.67114144514157	26.03218456189686	11.04451471701241	9.921671589139484	9.313172274694294	15.76162027390022	26.063501690659397	18.491966496069416	12.93255286283519	16.65799248424628
	# checklists reporting species - (Turkey Vulture)	384	202	161	229	141	116	227	430	996	3037	6077	14309	15196	14607	14487	20856	20528	22949	19567	17275	9055	8249	7228	8142	6332	5194	5060	6995	5320	5071	5323	9154	8220	8566	9051	11780	8371	9402	7089	5279	2182	912	513	487	402	225	227	282
	
High Count
	Turkey Vulture	55	27	32	43	30	30	48	65	97	160	897	1355	3100	1272	126	147	75	100	100	96	155	105	112	150	197	200	200	320	115	113	180	450	261	300	606	1709	8500	10967	10685	18567	3340	750	247	62	50	100	61	83
	# checklists reporting species - (Turkey Vulture)	418	217	193	264	166	149	276	492	1102	3349	6807	16023	16752	16125	16022	22504	22801	26499	22152	19089	9949	9022	8053	9016	7111	5810	5670	7823	6007	5633	5905	10001	8989	9333	9857	12848	9217	10238	7690	5703	2363	978	549	542	448	241	255	317
	
Totals
	Turkey Vulture	1859	880	816	919	491	424	926	1311	2633	8701	26879	98549	116282	70350	52062	72287	70428	81814	65870	54450	27114	23541	20589	23473	19358	15784	15343	22783	17504	16693	19225	33602	34823	38923	52440	112272	208384	367487	450774	324183	51914	14294	3988	2730	2193	1096	971	1600
	# checklists reporting species - (Turkey Vulture)	417	217	191	264	166	147	273	491	1098	3310	6690	15689	16376	15644	15445	21708	21420	23937	20346	18006	9493	8632	7634	8615	6747	5536	5407	7475	5736	5388	5670	9643	8671	9036	9515	12384	8937	9987	7508	5568	2311	968	543	534	440	240	254	317
	
Average Count
	Turkey Vulture	4.458033573141487	4.055299539170507	4.272251308900524	3.481060606060606	2.9578313253012047	2.8843537414965987	3.391941391941392	2.670061099796334	2.3979963570127505	2.628700906344411	4.01778774289985	6.281407355471987	7.100757205666829	4.496931731015086	3.3707996115247654	3.329970517781463	3.287955182072829	3.4178886243054687	3.237491398800747	3.023992002665778	2.8562098388286103	2.7271779425393885	2.697013361278491	2.7246662797446315	2.8691270194160365	2.851156069364162	2.837617902718698	3.0478929765886287	3.0516039051603907	3.098181143281366	3.390652557319224	3.4846002281447683	4.016030446315304	4.307547587428066	5.511297950604309	9.065891472868216	23.31699675506322	36.79653549614499	60.03915823122003	58.222521551724135	22.463868455214193	14.766528925619834	7.34438305709024	5.112359550561798	4.984090909090909	4.566666666666666	3.822834645669291	5.047318611987381
	# checklists reporting species - (Turkey Vulture)	417	217	191	264	166	147	273	491	1098	3310	6690	15689	16376	15644	15445	21708	21420	23937	20346	18006	9493	8632	7634	8615	6747	5536	5407	7475	5736	5388	5670	9643	8671	9036	9515	12384	8937	9987	7508	5568	2311	968	543	534	440	240	254	317
	
