

	Week starting on...	1/1	1/8	1/15	1/22	2/1	2/8	2/15	2/22	3/1	3/8	3/15	3/22	4/1	4/8	4/15	4/22	5/1	5/8	5/15	5/22	6/1	6/8	6/15	6/22	7/1	7/8	7/15	7/22	8/1	8/8	8/15	8/22	9/1	9/8	9/15	9/22	10/1	10/8	10/15	10/22	11/1	11/8	11/15	11/22	12/1	12/8	12/15	12/22
Frequency (%)
	Veery	0.0032116647664316798	0.00230781657473864	0.0	0.0	0.0	0.0	0.0	0.0	0.0	0.0	0.0	0.0	0.0	0.0017533401129151034	0.01741159263837863	0.1645666620604751	3.842911508261477	10.376934789514618	12.59027676797053	11.734777040400513	12.590231555263898	12.779861567611462	12.979476291578202	14.1112284406899	12.933333333333334	10.647168238086076	6.448408908583872	2.756174102878974	1.6938790189167805	1.4621506570423837	1.978392030307282	2.8074896800237186	3.0576889761506036	1.954882823914441	1.083618241872863	0.3007553320935785	0.09347117971958646	0.07025128343690894	0.06679444734855085	0.01057440148887573	0.005433896647285768	0.0	0.0	0.0	0.0	0.0	0.0	0.0020516608194333314
	Total # checklists submitted - (Veery)	62273	43331	38620	54106	37238	53163	75553	42285	42866	50027	55502	78855	59210	57034	57433	79603	83036	91289	82524	85890	53335	51722	49455	56820	41250	31182	26177	36645	27806	27015	28508	43847	34634	34222	34514	43557	35305	37010	34434	47284	36806	33495	30926	37834	33146	28875	32707	48741
	
Abundance
	Veery	3.21166476643168E-5	2.30781657473864E-5	0.0	0.0	0.0	0.0	0.0	0.0	0.0	0.0	0.0	0.0	0.0	1.7533401129151033E-5	1.7411592638378633E-4	0.0019848498172179443	0.06516450696083627	0.17874004535048035	0.2226140274344433	0.22931656770287578	0.24857973188337865	0.2588453656084451	0.2586189465170357	0.2717001055966209	0.26913939393939396	0.22163427618497852	0.11231233525614089	0.03733115022513303	0.02129036898511113	0.020210993892282064	0.029710958327487023	0.050128857162405636	0.050268522261361664	0.02895798024662498	0.015385061134612042	0.0033289712330968617	9.347117971958646E-4	7.295325587679005E-4	6.969855375500958E-4	1.057440148887573E-4	8.150844970928653E-5	0.0	0.0	0.0	0.0	0.0	0.0	2.0516608194333313E-5
	Total # checklists submitted - (Veery)	62273	43331	38620	54106	37238	53163	75553	42285	42866	50027	55502	78855	59210	57034	57433	79603	83036	91289	82524	85890	53335	51722	49455	56820	41250	31182	26177	36645	27806	27015	28508	43847	34634	34222	34514	43557	35305	37010	34434	47284	36806	33495	30926	37834	33146	28875	32707	48741
	
Birds Per Party Hour
	Veery	0.13333333333333333	0.0	0.0	0.0	0.0	0.0	0.0	0.0	0.0	0.0	0.0	0.0	0.0	0.43478260869565216	0.7257864700289848	0.8464790442648307	1.019232573219637	1.0237639760388593	1.411913415285074	3.807592750043621	6.631849718933288	7.778414324961304	8.454667556716014	9.490807861134742	8.031671121101125	6.691357882967955	2.911075835667409	1.8428281214929136	1.601589002825353	1.3193025393262126	1.6158167425832886	2.0558912392792457	1.765098152914428	1.7245949160930572	1.9597570219145914	1.06799431625866	0.7548105064131242	0.654874078523206	0.5174300378866022	0.6021376455156583	0.5555555555555556	0.0	0.0	0.0	0.0	0.0	0.0	0.6305418719211823
	# checklists reporting species - (Veery)	3	1	0.0	0.0	0.0	0.0	0.0	0.0	0.0	0.0	0.0	0.0	0.0	1	9	137	3070	8547	9834	9749	6565	6442	6329	7801	5233	3240	1652	986	483	409	579	1259	1096	730	400	137	36	26	20	4	2	0	0	0.0	0.0	0.0	0.0	2
	
High Count
	Veery	1	1	0.0	0.0	0.0	0.0	0.0	0.0	0.0	0.0	0.0	0.0	0.0	1	2	7	30	300	300	120	50	37	46	100	49	30	19	12	8	20	50	131	50	66	75	55	26	2	6	1	2	1	1	0.0	0.0	0.0	0.0	1
	# checklists reporting species - (Veery)	3	1	0.0	0.0	0.0	0.0	0.0	0.0	0.0	0.0	0.0	0.0	0.0	1	11	186	3716	10914	11649	11145	7270	7060	6941	8739	5839	3692	1865	1112	536	465	660	1448	1235	817	493	194	58	43	30	9	5	1	1	0.0	0.0	0.0	0.0	2
	
Totals
	Veery	3	1	0.0	0.0	0.0	0.0	0.0	0.0	0.0	0.0	0.0	0.0	0.0	1	12	222	5939	18493	20708	21851	14071	13967	13507	16601	11849	7477	3259	1486	695	665	1020	2768	2191	1457	975	428	104	45	36	9	6	1	1	0.0	0.0	0.0	0.0	2
	# checklists reporting species - (Veery)	3	1	0.0	0.0	0.0	0.0	0.0	0.0	0.0	0.0	0.0	0.0	0.0	1	11	173	3315	9250	10419	10328	6922	6749	6630	8264	5523	3479	1733	1039	511	443	628	1390	1182	789	467	182	56	40	28	9	5	1	1	0.0	0.0	0.0	0.0	2
	
Average Count
	Veery	1.0	1.0	0.0	0.0	0.0	0.0	0.0	0.0	0.0	0.0	0.0	0.0	0.0	1.0	1.0909090909090908	1.283236994219653	1.791553544494721	1.9992432432432432	1.9875227948939438	2.1157048799380327	2.0327939901762497	2.0694917765594902	2.037254901960784	2.008833494675702	2.1453919971030238	2.1491807990801957	1.8805539526832082	1.4302213666987489	1.360078277886497	1.5011286681715577	1.624203821656051	1.99136690647482	1.853637901861252	1.8466413181242078	2.08779443254818	2.3516483516483517	1.8571428571428572	1.125	1.2857142857142858	1.0	1.2	1.0	1.0	0.0	0.0	0.0	0.0	1.0
	# checklists reporting species - (Veery)	3	1	0.0	0.0	0.0	0.0	0.0	0.0	0.0	0.0	0.0	0.0	0.0	1	11	173	3315	9250	10419	10328	6922	6749	6630	8264	5523	3479	1733	1039	511	443	628	1390	1182	789	467	182	56	40	28	9	5	1	1	0.0	0.0	0.0	0.0	2
	
