

	Week starting on...	1/1	1/8	1/15	1/22	2/1	2/8	2/15	2/22	3/1	3/8	3/15	3/22	4/1	4/8	4/15	4/22	5/1	5/8	5/15	5/22	6/1	6/8	6/15	6/22	7/1	7/8	7/15	7/22	8/1	8/8	8/15	8/22	9/1	9/8	9/15	9/22	10/1	10/8	10/15	10/22	11/1	11/8	11/15	11/22	12/1	12/8	12/15	12/22
Frequency (%)
	Least Sandpiper	0.0032116647664316798	0.0	0.0	0.0	0.0	0.0	0.0	0.0	0.0	0.0	0.0	0.0	0.0016889039013680122	0.007013360451660414	0.03482318527675726	0.12436717209150408	1.3439953754997833	3.7299126948482293	6.36178566235277	4.224007451391314	0.6449798443798631	0.17787401879277678	0.23860074815488827	0.27983104540654696	0.9503030303030303	2.6553781027515875	5.061695381441724	6.380133715377269	7.886787024383227	9.305941143808996	10.29886347691876	10.402079959860423	8.739966506900734	5.759452983460932	4.17511734368662	2.7113896733016505	1.334088655997734	0.5457984328559848	0.5721089620723704	0.21783267067084	0.027169483236428843	0.035826242722794444	0.012934100756644895	0.013215626156367288	0.018101731732335726	0.02077922077922078	0.009172348426942244	0.010258304097166656
	Total # checklists submitted - (Least Sandpiper)	62273	43331	38620	54106	37238	53163	75553	42285	42866	50027	55502	78855	59210	57034	57433	79603	83036	91289	82524	85890	53335	51722	49455	56820	41250	31182	26177	36645	27806	27015	28508	43847	34634	34222	34514	43557	35305	37010	34434	47284	36806	33495	30926	37834	33146	28875	32707	48741
	
Abundance
	Least Sandpiper	3.21166476643168E-5	0.0	0.0	0.0	0.0	0.0	0.0	0.0	0.0	0.0	0.0	0.0	1.688903901368012E-5	7.013360451660413E-5	5.919941497048735E-4	0.002977274725826916	0.06315333108531239	0.28029664034001905	0.76751005768019	0.3370939573873559	0.02887409768444736	0.006476934379954371	0.005722373875240118	0.008201337557198169	0.04625454545454546	0.19588223975370406	0.6144325170951599	0.7455860281075181	1.2530029490038121	1.6363501758282435	1.4675529675880454	1.1525988094966588	0.7886181209216377	0.3460347145111332	0.18757605609317957	0.08430332667539087	0.03750177028749469	0.015158065387733045	0.013446012661903933	0.005752474409948397	3.5320328207357496E-4	4.179728317659352E-4	1.6167625945806118E-4	1.3215626156367287E-4	1.8101731732335727E-4	2.077922077922078E-4	9.172348426942244E-5	1.0258304097166656E-4
	Total # checklists submitted - (Least Sandpiper)	62273	43331	38620	54106	37238	53163	75553	42285	42866	50027	55502	78855	59210	57034	57433	79603	83036	91289	82524	85890	53335	51722	49455	56820	41250	31182	26177	36645	27806	27015	28508	43847	34634	34222	34514	43557	35305	37010	34434	47284	36806	33495	30926	37834	33146	28875	32707	48741
	
Birds Per Party Hour
	Least Sandpiper	0.8359392578670591	0.0	0.0	0.0	0.0	0.0	0.0	0.0	0.0	0.0	0.0	0.0	1.0	2.2580321285140563	2.2638902843959343	3.030809529878485	8.938334254906122	14.222322877217785	19.932494604152435	12.282125736236905	5.957830233106371	6.831773203815305	6.931211510516352	6.737232957234103	6.17163365618714	10.512152484190857	10.832164288703101	9.37900615823553	10.298154668617148	12.57351474776898	11.022256900550754	9.526293623192233	8.282535219761062	6.55982737300785	5.199027166729371	3.3133298311087884	3.074069133116708	3.162917384982737	2.688951275445915	2.8391063914211845	0.9389748464723421	1.0109322083297245	0.43636363636363634	0.24074074074074073	1.4767418909753476	0.46166431880298725	0.6131651904642212	0.7056432919797402
	# checklists reporting species - (Least Sandpiper)	2	0.0	0.0	0.0	0.0	0.0	0.0	0.0	0.0	0.0	0.0	0.0	1	6	24	139	1194	3467	5479	3982	372	104	120	212	471	961	1491	2629	2359	2757	3156	4831	3125	1989	1453	1233	510	217	226	127	20	18	10	18	10	7	4	5
	
High Count
	Least Sandpiper	1	0.0	0.0	0.0	0.0	0.0	0.0	0.0	0.0	0.0	0.0	0.0	5	2	9	30	500	1000	1500	525	150	100	83	145	210	205	589	490	757	950	1080	1000	256	260	180	55	60	44	40	30	8	2	3	2	1	1	1	1
	# checklists reporting species - (Least Sandpiper)	3	0.0	0.0	0.0	0.0	0.0	0.0	0.0	0.0	0.0	0.0	0.0	2	9	31	183	1514	4385	6491	4666	466	123	140	255	590	1114	1727	2980	2693	3131	3671	5623	3740	2412	1747	1429	594	274	270	161	33	29	13	22	13	12	5	5
	
Totals
	Least Sandpiper	3	0.0	0.0	0.0	0.0	0.0	0.0	0.0	0.0	0.0	0.0	0.0	6	10	49	440	8218	40342	86062	42244	2443	548	396	1306	4474	10511	21908	33859	40618	52746	50857	64157	34908	15367	8377	4645	1700	871	707	462	66	32	16	23	13	12	5	5
	# checklists reporting species - (Least Sandpiper)	3	0.0	0.0	0.0	0.0	0.0	0.0	0.0	0.0	0.0	0.0	0.0	2	9	30	177	1350	3867	5917	4374	431	118	130	245	572	1077	1659	2836	2547	2981	3437	5290	3506	2258	1646	1358	567	265	268	160	32	29	13	22	13	12	5	5
	
Average Count
	Least Sandpiper	1.0	0.0	0.0	0.0	0.0	0.0	0.0	0.0	0.0	0.0	0.0	0.0	3.0	1.1111111111111112	1.6333333333333333	2.4858757062146895	6.087407407407407	10.432376519265581	14.54487071150921	9.657978966620941	5.6682134570765665	4.6440677966101696	3.046153846153846	5.330612244897959	7.821678321678322	9.759517177344476	13.205545509342977	11.938998589562765	15.947389085198273	17.694062395169407	14.796915915042188	12.12797731568998	9.956645750142613	6.805580159433126	5.089307411907655	3.4204712812960234	2.998236331569665	3.2867924528301886	2.638059701492537	2.8875	2.0625	1.103448275862069	1.2307692307692308	1.0454545454545454	1.0	1.0	1.0	1.0
	# checklists reporting species - (Least Sandpiper)	3	0.0	0.0	0.0	0.0	0.0	0.0	0.0	0.0	0.0	0.0	0.0	2	9	30	177	1350	3867	5917	4374	431	118	130	245	572	1077	1659	2836	2547	2981	3437	5290	3506	2258	1646	1358	567	265	268	160	32	29	13	22	13	12	5	5
	
