

	Week starting on...	1/1	1/8	1/15	1/22	2/1	2/8	2/15	2/22	3/1	3/8	3/15	3/22	4/1	4/8	4/15	4/22	5/1	5/8	5/15	5/22	6/1	6/8	6/15	6/22	7/1	7/8	7/15	7/22	8/1	8/8	8/15	8/22	9/1	9/8	9/15	9/22	10/1	10/8	10/15	10/22	11/1	11/8	11/15	11/22	12/1	12/8	12/15	12/22
Frequency (%)
	Northern Saw-whet Owl	0.49620220641369456	0.3646350188087051	0.31071983428275507	0.31050160795475545	0.34104946559965627	0.2069108214359611	0.22500761055153337	0.4564266288281897	0.5225586712079504	0.3438143402562616	0.3981838492306583	0.23841227569589754	0.2634690086134099	0.2594943367114353	0.20719795239670571	0.18717887516802129	0.0843007852015993	0.051484844833441054	0.07997673404100625	0.10245663057399	0.06749789069091591	0.052202157689184486	0.0667273278738247	0.031678986272439286	0.014545454545454545	0.0224488486947598	0.022920884746151202	0.03001773775412744	0.032367115011148674	0.029613177864149545	0.024554511014452083	0.029648550642005153	0.04908471444245539	0.04675355034772953	0.08981862432636031	0.21121748513442157	0.32006797903979606	0.453931369900027	0.5924377069175815	0.5963962439725912	0.5026354398739336	0.40603075085833706	0.2328138136196081	0.2246656446582439	0.15084776443613107	0.2008658008658009	0.28434280123520955	0.3754539299562996
	Total # checklists submitted - (Northern Saw-whet Owl)	62273	43331	38620	54106	37238	53163	75553	42285	42866	50027	55502	78855	59210	57034	57433	79603	83036	91289	82524	85890	53335	51722	49455	56820	41250	31182	26177	36645	27806	27015	28508	43847	34634	34222	34514	43557	35305	37010	34434	47284	36806	33495	30926	37834	33146	28875	32707	48741
	
Abundance
	Northern Saw-whet Owl	0.006760554333338686	0.0046617894809720525	0.0036250647332988087	0.0037149299523158243	0.003947580428594446	0.002595790305287512	0.0033751141582730004	0.007142012533995506	0.007955022628656744	0.005057269074699662	0.004774602717019206	0.0028787014139876987	0.0035129201148454653	0.003611880632605113	0.00242021137673463	0.0023114706732158337	9.273086372175923E-4	4.819857814194481E-4	8.845911492414328E-4	0.0012108510886016997	8.062248054748289E-4	5.993581068017478E-4	6.066120715802245E-4	2.287926786342837E-4	1.696969696969697E-4	2.5655827079725484E-4	1.1460442373075601E-4	2.728885250375222E-4	4.315615334819823E-4	4.0718119563205624E-4	2.806229830223095E-4	3.420986612539056E-4	6.640873130449847E-4	0.001314943603529893	0.0037955612215332907	0.01809123677020915	0.01798612094604164	0.022696568495001353	0.027559969797293374	0.018462904999577024	0.0114926914090094	0.009792506344230482	0.0024251438918709177	0.002378812708146112	0.0019006818318952512	0.0020086580086580087	0.00324089644418626	0.004554687019141995
	Total # checklists submitted - (Northern Saw-whet Owl)	62273	43331	38620	54106	37238	53163	75553	42285	42866	50027	55502	78855	59210	57034	57433	79603	83036	91289	82524	85890	53335	51722	49455	56820	41250	31182	26177	36645	27806	27015	28508	43847	34634	34222	34514	43557	35305	37010	34434	47284	36806	33495	30926	37834	33146	28875	32707	48741
	
Birds Per Party Hour
	Northern Saw-whet Owl	1.513667831639068	1.2828700331224494	1.0997981547711007	1.7226490350254933	1.0720524710280197	1.5759325807625497	1.6853799231995	2.632338090059809	3.263949202968941	2.1627988584635784	2.5709098626340725	2.365308186128624	5.352834062782659	2.7221641124050815	3.1036182290391916	2.326717293473369	1.8113929454471682	1.8500605535534476	2.410110170315865	3.1235586221957723	6.547511978685417	2.7927778852047016	4.129949595091838	7.395461472478745	2.97100224582239	2.203169608937739	0.931251532023672	2.016162291170237	0.6446508182979888	5.309229400976547	0.5299985000749963	0.8411493853292431	1.3678381996222162	0.993849542977537	1.6656393863666887	3.1834753495732544	2.164368129573984	1.6229563036298282	1.8335024656030663	1.9815695537625113	0.8747630993906734	1.5295746276399291	0.5934806514302923	1.7043816883214202	1.9128324265631578	0.7479118907797104	1.7459447093064604	1.015633439618477
	# checklists reporting species - (Northern Saw-whet Owl)	366	178	141	197	143	117	211	227	260	218	266	247	178	169	139	183	73	52	75	94	34	28	30	17	9	7	8	10	11	13	5	19	20	24	33	89	135	216	228	349	209	174	101	107	66	67	109	225
	
High Count
	Northern Saw-whet Owl	10	5	5	10	6	5	16	5	8	9	8	10	5	8	6	8	5	3	3	6	3	4	4	1	2	2	3	3	3	4	2	2	2	17	35	111	98	52	248	36	55	80	5	5	5	3	5	6
	# checklists reporting species - (Northern Saw-whet Owl)	440	255	196	271	209	177	283	287	319	283	322	324	231	242	180	217	103	68	99	131	50	38	44	29	11	11	13	18	14	16	9	22	23	30	42	110	179	284	293	455	294	218	127	136	100	95	146	278
	
Totals
	Northern Saw-whet Owl	595	320	245	322	243	211	424	416	466	392	384	385	301	336	219	259	115	63	104	147	54	46	39	23	12	11	13	18	16	18	10	25	29	70	169	821	770	1071	1195	1335	690	545	141	150	126	98	173	331
	# checklists reporting species - (Northern Saw-whet Owl)	428	248	188	263	199	170	274	282	314	280	316	316	226	233	178	213	94	61	92	118	46	37	33	23	11	10	9	16	13	14	9	22	22	27	38	106	171	272	282	439	275	214	123	133	99	89	145	267
	
Average Count
	Northern Saw-whet Owl	1.3901869158878504	1.2903225806451613	1.303191489361702	1.2243346007604563	1.221105527638191	1.2411764705882353	1.5474452554744527	1.475177304964539	1.484076433121019	1.4	1.2151898734177216	1.2183544303797469	1.331858407079646	1.44206008583691	1.2303370786516854	1.215962441314554	1.2234042553191489	1.0327868852459017	1.1304347826086956	1.2457627118644068	1.173913043478261	1.2432432432432432	1.1818181818181819	1.0	1.0909090909090908	1.1	1.4444444444444444	1.125	1.2307692307692308	1.2857142857142858	1.1111111111111112	1.1363636363636365	1.3181818181818181	2.5925925925925926	4.447368421052632	7.745283018867925	4.502923976608187	3.9375	4.23758865248227	3.041002277904328	2.5090909090909093	2.546728971962617	1.146341463414634	1.1278195488721805	1.2727272727272727	1.101123595505618	1.193103448275862	1.2397003745318351
	# checklists reporting species - (Northern Saw-whet Owl)	428	248	188	263	199	170	274	282	314	280	316	316	226	233	178	213	94	61	92	118	46	37	33	23	11	10	9	16	13	14	9	22	22	27	38	106	171	272	282	439	275	214	123	133	99	89	145	267
	
