

	Week starting on...	1/1	1/8	1/15	1/22	2/1	2/8	2/15	2/22	3/1	3/8	3/15	3/22	4/1	4/8	4/15	4/22	5/1	5/8	5/15	5/22	6/1	6/8	6/15	6/22	7/1	7/8	7/15	7/22	8/1	8/8	8/15	8/22	9/1	9/8	9/15	9/22	10/1	10/8	10/15	10/22	11/1	11/8	11/15	11/22	12/1	12/8	12/15	12/22
Frequency (%)
	Pine Grosbeak	2.884074960255649	2.704761025593686	2.7265665458311754	2.8592023065833736	3.0130511842741283	3.477982807591746	4.230143078368828	2.9111978242875725	2.645453272990249	1.6331181162172428	0.8558250153147635	0.230803373280071	0.06080054044924843	0.03331346214538696	0.047011300123622306	0.017587276861424823	0.00963437545161135	0.0032862666914962374	0.007270612185546023	0.005821399464431249	0.005624824224242993	0.005800239743242721	0.006066120715802245	0.03343892995424146	0.04363636363636364	0.04810467577448528	0.007640294915383733	0.008186655751125664	0.007192692224699705	0.02220988339811216	0.003507787287778869	0.013683946450156225	0.02021135300571693	0.005844193793466191	0.008692124934809062	0.06428358243221526	0.09063871972808384	0.07835720075655228	0.22652029970378113	0.9474663734032653	1.6845079606585882	2.507836990595611	2.835801590894393	2.7224189882116616	2.760514089181198	2.652813852813853	3.170575106246369	3.5698898258139966
	Total # checklists submitted - (Pine Grosbeak)	62273	43331	38620	54106	37238	53163	75553	42285	42866	50027	55502	78855	59210	57034	57433	79603	83036	91289	82524	85890	53335	51722	49455	56820	41250	31182	26177	36645	27806	27015	28508	43847	34634	34222	34514	43557	35305	37010	34434	47284	36806	33495	30926	37834	33146	28875	32707	48741
	
Abundance
	Pine Grosbeak	0.2243187256114207	0.21492695760540953	0.22467633350595545	0.22903190034376963	0.23612975992265964	0.27152342794800893	0.35320900559871876	0.2129596783729455	0.1694583119488639	0.08165590581086213	0.028575546827141363	0.0056939953078435105	0.0019084614085458538	8.240698530700986E-4	0.0013406926331551547	5.024936246121377E-4	1.686015704031986E-4	3.2862666914962374E-5	1.4541224371092046E-4	3.2599837000814997E-4	5.6248242242429926E-5	7.733652990990294E-5	6.066120715802245E-5	3.8718760999648013E-4	4.8484848484848484E-4	6.41395676993137E-4	7.640294915383733E-5	3.5475508254877885E-4	7.192692224699705E-5	2.9613177864149545E-4	3.507787287778869E-5	2.5087235158619746E-4	3.753536986776E-4	1.1688387586932383E-4	3.766587471750594E-4	0.003811098101338476	0.0024925647925223057	0.0021615779519048904	0.008538072834988674	0.050651383131714744	0.07232516437537358	0.11894312583967756	0.1416930737890448	0.1577681450547127	0.16185965123996862	0.1787012987012987	0.35796618460879936	0.32046941999548634
	Total # checklists submitted - (Pine Grosbeak)	62273	43331	38620	54106	37238	53163	75553	42285	42866	50027	55502	78855	59210	57034	57433	79603	83036	91289	82524	85890	53335	51722	49455	56820	41250	31182	26177	36645	27806	27015	28508	43847	34634	34222	34514	43557	35305	37010	34434	47284	36806	33495	30926	37834	33146	28875	32707	48741
	
Birds Per Party Hour
	Pine Grosbeak	20.586727227508106	20.102872102767925	18.45508765203334	21.68907683927077	18.57197827826452	16.146537425936366	14.229141387538844	15.912282001970047	13.02832740235185	12.460062402527772	8.323534975944872	3.331751741654062	3.098453390671552	1.8729882096677557	4.12566137478332	1.3258283466150023	3.181572661493897	0.9998750624687656	0.7276560678317858	0.8	3.21074839274032	4.37816841135032	5.389335870935882	14.056224899598394	11.432629517748309	8.20154497573165	0.08333333333333333	2.422654268808115	2.134896872920825	0.3712121212121212	0.13333333333333333	0.22395833333333334	0.47601108033240996	0.1327668613913967	0.32432432432432434	0.2173572954822955	0.6552484305565232	0.612035590583851	2.6764082020742803	4.451057957585968	6.0463688367433726	6.8311957748977	10.261757010111669	12.673853849230149	11.72443121464084	13.984138355020944	15.534667937492388	15.510785630244225
	# checklists reporting species - (Pine Grosbeak)	1938	1237	1116	1672	1179	1891	3278	1245	1151	852	488	198	45	30	28	15	9	6	6	4	4	4	4	18	18	14	2	4	3	7	1	8	5	4	3	24	30	28	93	487	700	925	934	1129	982	785	1040	1812
	
High Count
	Pine Grosbeak	302	84	130	120	186	90	162	100	150	50	30	21	32	7	15	6	4	200	3	24	1	2	2	3	2	3	1	10	2	3	1	8	3	13	9	20	7	14	72	240	340	400	81	60	100	142	506	444
	# checklists reporting species - (Pine Grosbeak)	2268	1454	1298	1925	1373	2118	3516	1450	1329	982	561	243	65	33	38	21	11	7	7	6	6	5	5	19	19	16	3	5	4	8	1	9	8	6	5	32	36	39	110	568	820	1098	1095	1293	1145	965	1286	2174
	
Totals
	Pine Grosbeak	17636	11302	10528	15327	10478	16279	28810	10218	8371	4747	1891	680	178	78	100	54	18	207	13	29	5	7	6	22	21	21	3	15	5	11	1	21	13	30	20	173	96	100	457	2702	3607	5795	5357	7292	6610	6315	13639	18485
	# checklists reporting species - (Pine Grosbeak)	2176	1406	1257	1879	1327	2054	3450	1391	1280	945	542	226	60	32	36	20	11	7	7	6	5	5	5	18	19	15	3	5	4	8	1	9	7	6	5	31	36	37	101	542	784	1054	1049	1248	1096	923	1239	2092
	
Average Count
	Pine Grosbeak	8.104779411764707	8.038406827880513	8.37549721559268	8.156998403406067	7.896006028636021	7.925511197663097	8.350724637681159	7.345794392523365	6.53984375	5.023280423280423	3.488929889298893	3.0088495575221237	2.966666666666667	2.4375	2.7777777777777777	2.7	1.6363636363636365	29.571428571428573	1.8571428571428572	4.833333333333333	1.0	1.4	1.2	1.2222222222222223	1.105263157894737	1.4	1.0	3.0	1.25	1.375	1.0	2.3333333333333335	1.8571428571428572	5.0	4.0	5.580645161290323	2.6666666666666665	2.7027027027027026	4.524752475247524	4.985239852398524	4.600765306122449	5.498102466793169	5.106768350810295	5.842948717948718	6.031021897810219	6.841820151679307	11.008071025020177	8.83604206500956
	# checklists reporting species - (Pine Grosbeak)	2176	1406	1257	1879	1327	2054	3450	1391	1280	945	542	226	60	32	36	20	11	7	7	6	5	5	5	18	19	15	3	5	4	8	1	9	7	6	5	31	36	37	101	542	784	1054	1049	1248	1096	923	1239	2092
	
