

	Week starting on...	1/1	1/8	1/15	1/22	2/1	2/8	2/15	2/22	3/1	3/8	3/15	3/22	4/1	4/8	4/15	4/22	5/1	5/8	5/15	5/22	6/1	6/8	6/15	6/22	7/1	7/8	7/15	7/22	8/1	8/8	8/15	8/22	9/1	9/8	9/15	9/22	10/1	10/8	10/15	10/22	11/1	11/8	11/15	11/22	12/1	12/8	12/15	12/22
Frequency (%)
	Black Scoter	0.35970645384034816	0.2723223558191595	0.32107716209218023	0.1534025801205042	0.13695687201246037	0.08464533604198408	0.08603232168146864	0.13006976469197115	0.0979797508514907	0.13592659963619647	0.12612158120428094	0.13315579227696406	0.13004560040533694	0.07714696496826455	0.07835216687270385	0.16833536424506612	0.20954766607254685	0.17855382357129557	0.10905918278319034	0.07102107346606124	0.016874472672728978	0.009667066238737868	0.014154281670205238	0.007039774727208729	0.024242424242424242	0.016034891924828425	0.20246781525766894	0.24287078728339476	0.29130403510033803	0.325744956505645	0.2560684720078575	0.20525919675234336	0.17612750476410463	0.11980597276605692	0.014486874891348438	0.10790458479693277	0.37388471887834585	0.667387192650635	1.5246558633908347	2.89738600795195	2.841927946530457	1.8749067024929094	1.6555648968505465	1.1761907279166888	1.0227478428769687	0.4917748917748918	0.41581312868804843	0.25850926324859974
	Total # checklists submitted - (Black Scoter)	62273	43331	38620	54106	37238	53163	75553	42285	42866	50027	55502	78855	59210	57034	57433	79603	83036	91289	82524	85890	53335	51722	49455	56820	41250	31182	26177	36645	27806	27015	28508	43847	34634	34222	34514	43557	35305	37010	34434	47284	36806	33495	30926	37834	33146	28875	32707	48741
	
Abundance
	Black Scoter	0.01615467377515135	0.010200549260344787	0.016183324702226824	0.010645769415591616	0.003195660346957409	0.0032729529936233845	0.0021441901711381412	0.00394939103701076	0.003779218961414641	0.0051772043096727765	0.0036755432236676155	0.003119649990488872	0.004543151494679953	0.003208612406634639	0.0033430257865686972	0.00883132545255832	0.007346211281853654	0.004699361368839619	0.0054529591391595175	0.005227616719059262	0.0025124214868285366	6.766946367116508E-4	0.007885956930542918	0.001795142555438226	0.027127272727272726	0.036559553588608816	0.33567635710738436	0.6603356528857961	1.4457311371646406	1.358800666296502	0.896590430756279	0.613953064063676	0.24109256799676618	0.09119864414703992	0.0015356087384829345	0.0055329797736299565	0.01475711655572865	0.03472034585247231	0.1664052970900854	0.3384865916589121	0.40145628430147257	0.14796238244514107	0.10984285067580676	0.06499444943701432	0.05852893260121885	0.02116017316017316	0.027241874828018466	0.009478672985781991
	Total # checklists submitted - (Black Scoter)	62273	43331	38620	54106	37238	53163	75553	42285	42866	50027	55502	78855	59210	57034	57433	79603	83036	91289	82524	85890	53335	51722	49455	56820	41250	31182	26177	36645	27806	27015	28508	43847	34634	34222	34514	43557	35305	37010	34434	47284	36806	33495	30926	37834	33146	28875	32707	48741
	
Birds Per Party Hour
	Black Scoter	11.989572851502395	11.140932997725088	16.871468134162793	16.6062410644126	10.472749914886618	10.860501446042516	9.570914643035843	16.49656001254762	11.104983520424215	10.930295106419921	4.8003998775978545	4.581964621825006	8.48289434695863	6.334858715263074	5.147915810585765	2.618362176295926	4.726092045118291	1.862868920941633	7.162872488282195	3.1318610794595587	0.49488197661592764	12.62446140650426	17.64668901168584	0.7912087912087912	26.53823866896156	19.65309621491117	19.281519911571692	30.869277783765934	69.38757586869369	77.73031393777691	38.646925770757896	35.112298808435575	15.810931807403428	7.750871950655652	1.1647727272727273	1.732195872125991	5.557170180491697	9.343033520372714	11.109923166661591	31.946857031398057	25.56459921315266	16.511941972341937	16.64483757972012	12.276835851469453	19.06926892907573	9.145267235150785	10.654584003309148	7.053678644547837
	# checklists reporting species - (Black Scoter)	224	130	132	84	53	48	69	56	42	69	71	97	67	56	55	146	164	143	79	60	9	5	7	7	4	7	55	93	81	84	73	91	61	36	4	53	132	262	546	1440	1111	642	513	463	367	149	142	141
	
High Count
	Black Scoter	125	50	100	300	20	30	19	18	25	50	20	30	29	20	65	60	30	30	90	120	45	200	150	90	500	951	1514	2500	4000	5000	2840	5500	1500	640	30	47	50	50	2500	1800	500	350	263	102	70	45	40	87
	# checklists reporting species - (Black Scoter)	278	151	145	111	65	60	85	73	68	102	99	142	92	74	85	193	235	216	128	86	11	9	8	7	11	7	56	96	81	90	74	93	69	44	10	67	178	327	682	1658	1286	765	629	551	448	174	164	172
	
Totals
	Black Scoter	1153	616	775	645	193	239	247	216	205	422	257	352	330	280	497	877	758	627	652	536	174	241	391	196	1120	1197	8883	24660	40200	36739	25568	27005	8494	3123	64	381	643	1647	6870	22173	18071	6806	4350	3151	2630	681	1022	711
	# checklists reporting species - (Black Scoter)	264	144	141	104	62	57	83	72	64	98	92	135	89	69	83	182	205	188	112	81	10	7	7	7	11	7	55	94	81	90	74	92	68	43	10	66	173	317	648	1604	1235	734	589	516	424	169	160	166
	
Average Count
	Black Scoter	4.367424242424242	4.277777777777778	5.49645390070922	6.201923076923077	3.1129032258064515	4.192982456140351	2.9759036144578315	3.0	3.203125	4.3061224489795915	2.7934782608695654	2.6074074074074076	3.707865168539326	4.057971014492754	5.9879518072289155	4.818681318681318	3.6975609756097563	3.3351063829787235	5.821428571428571	6.617283950617284	17.4	34.42857142857143	55.857142857142854	28.0	101.81818181818181	171.0	161.5090909090909	262.3404255319149	496.2962962962963	408.2111111111111	345.5135135135135	293.5326086956522	124.91176470588235	72.62790697674419	6.4	5.7727272727272725	3.7167630057803467	5.195583596214511	10.601851851851851	13.82356608478803	14.632388663967612	9.272479564032697	7.385398981324278	6.1065891472868215	6.202830188679245	4.029585798816568	6.3875	4.283132530120482
	# checklists reporting species - (Black Scoter)	264	144	141	104	62	57	83	72	64	98	92	135	89	69	83	182	205	188	112	81	10	7	7	7	11	7	55	94	81	90	74	92	68	43	10	66	173	317	648	1604	1235	734	589	516	424	169	160	166
	
