

	Week starting on...	1/1	1/8	1/15	1/22	2/1	2/8	2/15	2/22	3/1	3/8	3/15	3/22	4/1	4/8	4/15	4/22	5/1	5/8	5/15	5/22	6/1	6/8	6/15	6/22	7/1	7/8	7/15	7/22	8/1	8/8	8/15	8/22	9/1	9/8	9/15	9/22	10/1	10/8	10/15	10/22	11/1	11/8	11/15	11/22	12/1	12/8	12/15	12/22
Frequency (%)
	White-winged Scoter	2.850352480208116	2.9055410675959474	2.6152252718798548	2.3952981185081135	2.432998549868414	2.0013919455260236	1.715352136910513	2.8307910606598083	3.4199598749591753	3.4961120994662886	2.780079997117221	2.3359330416587407	1.7632156730282047	1.544692639478206	1.2693051033378022	0.9936811426705024	0.9875234837901634	0.9902616963708661	1.1257331200620426	0.8406100826638724	0.13312083997375082	0.052202157689184486	0.04448488524921646	0.04047870468145019	0.014545454545454545	0.051311654159450965	0.08786339152691293	0.038204393505253106	0.12227576781989498	0.1591708310198038	0.14031149151115474	0.15280406869341118	0.29450828665473233	0.36234001519490383	0.42301674682737445	0.7645154624974172	1.4247273757258179	2.477708727370981	4.158680374048905	5.8941713898993315	5.455632233874912	4.540976265114196	4.404061307637586	3.734735951789396	3.8104145296566707	3.0025974025974027	2.473476625798759	2.1398822346689643
	Total # checklists submitted - (White-winged Scoter)	62273	43331	38620	54106	37238	53163	75553	42285	42866	50027	55502	78855	59210	57034	57433	79603	83036	91289	82524	85890	53335	51722	49455	56820	41250	31182	26177	36645	27806	27015	28508	43847	34634	34222	34514	43557	35305	37010	34434	47284	36806	33495	30926	37834	33146	28875	32707	48741
	
Abundance
	White-winged Scoter	1.3583093796669503	1.1398536844291616	0.7532107716209218	0.8173400362251876	1.265991728879102	0.39551944021217766	0.33564517623390205	0.4626699775334043	0.8743059767648019	0.9201631119195635	0.6340312060826637	0.576653351087439	0.39964533018071274	0.30332783953431286	0.349398429474344	0.4053741693152268	0.25983910592995807	0.4049775986153863	0.4911783238815375	0.43836302247060194	0.01468079122527421	0.00290011987162136	0.005904357496714184	0.0019359380499824005	0.0037575757575757577	0.005067025848245783	0.00515719906788402	6.549324600900532E-4	0.0035963461123498523	0.004478993151952619	0.003648098779290024	0.00994366775378019	0.015100768031414217	0.01621763777686868	0.025641768557686736	0.08634662625984342	0.2107066987678799	0.468954336665766	0.7746413428588024	1.3891802723965823	1.4506058794761723	1.4041200179131215	1.312455539028649	0.9417983824073585	1.078018463766367	1.2872380952380953	0.5878558106827285	0.5385814817094438
	Total # checklists submitted - (White-winged Scoter)	62273	43331	38620	54106	37238	53163	75553	42285	42866	50027	55502	78855	59210	57034	57433	79603	83036	91289	82524	85890	53335	51722	49455	56820	41250	31182	26177	36645	27806	27015	28508	43847	34634	34222	34514	43557	35305	37010	34434	47284	36806	33495	30926	37834	33146	28875	32707	48741
	
Birds Per Party Hour
	White-winged Scoter	66.20495027426526	96.37744646409293	70.93847410100778	62.85878194662474	78.37823019581869	39.546772410208625	42.82177273245033	32.758071310245114	28.622230401851443	33.313810594657355	33.64071840665861	34.495252504471125	36.56607269603574	36.29152322971402	39.22910024819622	34.20215538613226	33.161433243460685	28.5233656103948	39.67448137146436	22.099677274109755	10.562594811027202	5.883024170465887	12.65863862940834	6.329524517921437	6.7717412935323384	5.405304294833751	1.9181010634014006	0.6939592644867875	0.6625766238451173	0.6950421000024335	1.5052922601093068	3.1262013315757207	1.7901676468746524	3.4190115220154866	3.3221893111001948	5.941924110968104	13.021422000709247	15.91967659534201	14.424143900126317	20.63510087376094	32.16517607620304	49.212993696074065	59.243085763192	51.0061021668191	59.68701528920577	84.71929590498948	27.01283864610084	31.341423819851073
	# checklists reporting species - (White-winged Scoter)	1736	1234	976	1210	859	1017	1258	1163	1384	1665	1456	1738	992	846	688	784	802	817	863	716	82	23	23	26	5	13	25	12	33	38	39	60	74	113	144	330	519	923	1458	2806	2025	1506	1323	1367	1229	864	787	1062
	
High Count
	White-winged Scoter	18235	15000	5000	8000	15000	1200	10000	5000	10000	15000	10000	8000	5000	10000	3000	4000	3000	5000	3000	6000	140	112	112	25	146	52	36	15	13	20	55	103	2000	300	57	500	500	1500	2260	7500	8000	4500	3000	1500	1220	3000	900	3100
	# checklists reporting species - (White-winged Scoter)	1974	1382	1115	1426	1013	1146	1436	1337	1610	1904	1697	2046	1179	1000	850	958	972	1069	1094	944	120	39	33	37	12	18	26	22	39	50	53	104	137	157	207	436	631	1100	1695	3175	2268	1704	1545	1597	1448	971	897	1205
	
Totals
	White-winged Scoter	102566	83794	36495	56307	85201	26312	49466	32451	59252	95885	59390	58537	27146	28919	26287	41462	29353	46099	48328	58876	1387	201	309	187	160	161	143	45	107	132	196	572	2655	972	1173	4901	9287	21682	35924	85631	82413	55718	44247	39206	40014	39613	20132	36124
	# checklists reporting species - (White-winged Scoter)	1842	1298	1035	1311	940	1088	1354	1278	1504	1775	1595	1931	1108	954	802	897	891	948	1002	900	114	36	31	36	10	18	26	20	39	50	52	100	133	152	200	416	607	1059	1627	3051	2169	1616	1454	1478	1334	913	853	1137
	
Average Count
	White-winged Scoter	55.68186753528773	64.5562403697997	35.26086956521739	42.94965675057208	90.63936170212766	24.183823529411764	36.533234859675034	25.392018779342724	39.39627659574468	54.01971830985916	37.23510971786834	30.314344899016053	24.5	30.31341719077568	32.776807980049874	46.222965440356745	32.943883277216614	48.62763713080169	48.231536926147704	65.41777777777777	12.166666666666666	5.583333333333333	9.96774193548387	5.194444444444445	16.0	8.944444444444445	5.5	2.25	2.7435897435897436	2.64	3.769230769230769	5.72	19.962406015037594	6.394736842105263	5.865	11.78125	15.299835255354202	20.474032105760152	22.079901659496006	28.066535562110783	37.995850622406635	34.478960396039604	30.431224209078405	26.52638700947226	29.995502248875564	43.38773274917853	23.601406799531066	31.77132805628848
	# checklists reporting species - (White-winged Scoter)	1842	1298	1035	1311	940	1088	1354	1278	1504	1775	1595	1931	1108	954	802	897	891	948	1002	900	114	36	31	36	10	18	26	20	39	50	52	100	133	152	200	416	607	1059	1627	3051	2169	1616	1454	1478	1334	913	853	1137
	
