

	Week starting on...	1/1	1/8	1/15	1/22	2/1	2/8	2/15	2/22	3/1	3/8	3/15	3/22	4/1	4/8	4/15	4/22	5/1	5/8	5/15	5/22	6/1	6/8	6/15	6/22	7/1	7/8	7/15	7/22	8/1	8/8	8/15	8/22	9/1	9/8	9/15	9/22	10/1	10/8	10/15	10/22	11/1	11/8	11/15	11/22	12/1	12/8	12/15	12/22
Frequency (%)
	Lesser Scaup	1.8194080901835465	1.6523966675128663	1.3852925945106163	1.4379181606476177	1.5736613137117998	1.025149069841807	0.796791656188371	1.7382050372472508	1.8662809685998225	2.652567613488716	3.4449209037512163	4.408090799568829	5.179868265495694	5.519514675456745	5.914718019257221	5.490999082949135	4.730478346741172	3.6587102498658113	2.258736852309631	1.1479799743858423	0.5306084184869223	0.37121534356753416	0.2608431907794965	0.24287222808870115	0.2109090909090909	0.28862805464691166	0.3094319440730412	0.40387501705553286	0.366827303459685	0.42939107903016843	0.4981057948645994	0.686477980249504	1.128948432176474	1.2652679562854305	1.6080431129396766	2.325688178708359	3.7388471887834585	4.625776817076465	5.790788174478713	6.105659419676846	6.333206542411564	5.111210628452008	3.9966371338032722	2.6008352275730826	2.298919930006637	1.6	1.7427462011190265	1.3766644098397653
	Total # checklists submitted - (Lesser Scaup)	62273	43331	38620	54106	37238	53163	75553	42285	42866	50027	55502	78855	59210	57034	57433	79603	83036	91289	82524	85890	53335	51722	49455	56820	41250	31182	26177	36645	27806	27015	28508	43847	34634	34222	34514	43557	35305	37010	34434	47284	36806	33495	30926	37834	33146	28875	32707	48741
	
Abundance
	Lesser Scaup	0.289033770655019	0.22692760379405044	0.18741584671154843	0.11823088012420065	0.13703743487835007	0.09284652860071854	0.09981072889230076	0.14466122738559772	0.34621844818737463	0.697003618046255	0.7889085078015207	1.1169995561473591	1.5875190001688904	2.0802679103692534	1.2969024776696325	1.1487632375664234	0.7964738185847102	0.4874190756827219	0.21760942271339248	0.07031086273140062	0.027017905690447173	0.017207377904953403	0.011950257810130422	0.011527631115804295	0.010642424242424243	0.014591751651593867	0.022195056729189748	0.013507981989357348	0.011580234481766526	0.014325374791782343	0.016205977269538374	0.03254498597395489	0.049546688225443204	0.06714978668692653	0.11244712290664657	0.29288059324563215	0.8526271066421187	3.0730343150499864	2.924899808328977	2.579456052787412	2.911373145682769	2.2307508583370654	1.968893487680269	0.5802188507691495	0.7703191938695468	0.24006926406926407	0.8548934478857737	0.3966270696128516
	Total # checklists submitted - (Lesser Scaup)	62273	43331	38620	54106	37238	53163	75553	42285	42866	50027	55502	78855	59210	57034	57433	79603	83036	91289	82524	85890	53335	51722	49455	56820	41250	31182	26177	36645	27806	27015	28508	43847	34634	34222	34514	43557	35305	37010	34434	47284	36806	33495	30926	37834	33146	28875	32707	48741
	
Birds Per Party Hour
	Lesser Scaup	24.818069750093493	25.01226547019663	25.44403956208261	12.998540093223552	13.726045154565002	20.657082822941316	24.955105483069296	21.165241427098966	33.224690726745415	51.81181842952241	40.20158378333649	47.02092002215196	32.18350032859675	47.655901992020105	32.61903249657416	35.79420638797674	28.615073571311417	21.472211527337805	13.942336181341863	8.686064743117333	6.902003200501781	7.968456691276966	8.853753375018572	9.5681406493478	7.885285313120341	8.825138714339623	6.980456109459824	7.511280110120427	3.1083967700364608	2.5286335909175035	2.2634681065473212	5.661634733065635	5.254673877165028	6.218758981767817	6.664171195413649	9.524812278037178	24.59080554855564	48.22316527547772	44.456596562465464	65.230474048958	66.23779742161223	57.85531731568513	42.83992310833042	44.44008573105239	48.23438262393818	22.194488978036524	16.896082274730528	21.626470470949755
	# checklists reporting species - (Lesser Scaup)	1037	669	491	740	550	519	558	697	737	1241	1792	3217	2889	2961	3183	4142	3553	3015	1747	984	304	201	139	159	92	99	84	146	100	126	137	298	396	415	538	1000	1251	1642	1888	2757	2206	1615	1158	917	734	437	529	628
	
High Count
	Lesser Scaup	29000	4400	1800	500	600	400	500	2500	1500	3000	14000	9500	11000	29600	8400	2500	1000	1000	450	1000	70	51	50	75	80	115	99	51	45	61	90	120	200	290	230	1500	2400	25000	8000	9000	16000	11000	28000	12000	24000	17000	8700	2740
	# checklists reporting species - (Lesser Scaup)	1298	790	597	882	638	591	671	813	881	1453	2109	3788	3380	3464	3796	4870	4388	3772	2121	1213	372	236	178	196	134	123	104	181	128	143	169	370	463	499	636	1149	1476	1882	2183	3167	2556	1871	1364	1080	879	513	615	755
	
Totals
	Lesser Scaup	78440	23830	8020	8197	6194	5354	8068	9989	17708	37027	65375	111611	116573	144962	108318	106506	73998	47987	19033	6795	1725	1030	676	904	537	524	659	593	368	446	537	1831	2042	2715	4751	14961	37670	130719	124076	145904	155973	99305	123543	43657	83758	48771	37279	35952
	# checklists reporting species - (Lesser Scaup)	1145	715	517	785	569	542	590	736	790	1313	1901	3434	3078	3167	3428	4406	3791	3242	1863	1115	357	228	175	186	128	122	100	175	127	139	166	362	450	481	603	1085	1358	1765	2023	2909	2328	1696	1227	973	789	466	573	680
	
Average Count
	Lesser Scaup	68.5065502183406	33.32867132867133	15.512572533849129	10.44203821656051	10.885764499121265	9.878228782287822	13.67457627118644	13.572010869565217	22.41518987341772	28.2003046458492	34.38979484481852	32.50174723354689	37.87296946068876	45.77265550994632	31.59801633605601	24.172945982750793	19.519388024268004	14.801665638494756	10.216317767042405	6.0941704035874436	4.831932773109243	4.517543859649122	3.862857142857143	4.860215053763441	4.1953125	4.295081967213115	6.59	3.388571428571429	2.8976377952755907	3.20863309352518	3.2349397590361444	5.058011049723757	4.5377777777777775	5.644490644490644	7.87893864013267	13.788940092165898	27.739322533136967	74.06175637393768	61.332674246169056	50.156067377105536	66.99871134020619	58.55247641509434	100.68704156479218	44.868448098663926	106.1571609632446	104.6587982832618	65.05933682373472	52.870588235294115
	# checklists reporting species - (Lesser Scaup)	1145	715	517	785	569	542	590	736	790	1313	1901	3434	3078	3167	3428	4406	3791	3242	1863	1115	357	228	175	186	128	122	100	175	127	139	166	362	450	481	603	1085	1358	1765	2023	2909	2328	1696	1227	973	789	466	573	680
	
