

	Week starting on...	1/1	1/8	1/15	1/22	2/1	2/8	2/15	2/22	3/1	3/8	3/15	3/22	4/1	4/8	4/15	4/22	5/1	5/8	5/15	5/22	6/1	6/8	6/15	6/22	7/1	7/8	7/15	7/22	8/1	8/8	8/15	8/22	9/1	9/8	9/15	9/22	10/1	10/8	10/15	10/22	11/1	11/8	11/15	11/22	12/1	12/8	12/15	12/22
Frequency (%)
	Tree Swallow	0.0	0.0	0.0	0.0	0.0	0.0018810074675996464	0.0013235741797149021	0.0	0.006998553632249335	0.123933076138885	0.5621419047962236	2.431044321856572	8.80256713393008	17.284426833117088	21.949053679940103	28.691129731291536	34.487451225974276	35.848787915301955	35.9240948087829	31.791826755151938	24.959220024374236	21.890104790998027	19.92720655141037	18.892995424146427	16.03878787878788	15.156179847347829	14.359934293463727	13.578933005867103	13.058332733942315	10.997593929298539	10.38655815911323	7.501083312427303	5.546572731997459	3.328268365378996	1.976009735179927	1.9790160020203413	2.013879053958363	1.6509051607673602	1.530464076203752	0.8522967600033838	0.42927783513557577	0.15823257202567548	0.05173640302657958	0.02114500185018766	0.012067821154890485	0.0	0.003057449475647415	0.0
	Total # checklists submitted - (Tree Swallow)	62273	43331	38620	54106	37238	53163	75553	42285	42866	50027	55502	78855	59210	57034	57433	79603	83036	91289	82524	85890	53335	51722	49455	56820	41250	31182	26177	36645	27806	27015	28508	43847	34634	34222	34514	43557	35305	37010	34434	47284	36806	33495	30926	37834	33146	28875	32707	48741
	
Abundance
	Tree Swallow	0.0	0.0	0.0	0.0	0.0	1.8810074675996463E-5	0.0	0.0	6.998553632249335E-5	0.003678013872508845	0.024197326222478468	0.19979709593557796	1.0706299611552104	2.689816600624189	4.112200302961712	4.6582666482419	4.606435762801676	4.434050104612823	3.1528161504532015	2.179345674700198	1.4314052685853567	1.0882216464947219	1.0097057931452835	1.0321893699401619	1.0721454545454545	1.6961387980245013	2.1768728272911333	2.2937644972028925	3.623786233187082	16.533740514528965	5.76252280061737	2.903414144639314	2.3510423283478663	1.5372859564023142	1.0647563307643275	1.2540808595633308	1.3381390737855827	0.9383950283707106	0.8123947261427659	0.271191100583707	0.09017551486170733	0.01012091356918943	0.002037120869171571	3.7003753237828407E-4	1.2067821154890484E-4	0.0	0.001406426758797811	0.0
	Total # checklists submitted - (Tree Swallow)	62273	43331	38620	54106	37238	53163	75553	42285	42866	50027	55502	78855	59210	57034	57433	79603	83036	91289	82524	85890	53335	51722	49455	56820	41250	31182	26177	36645	27806	27015	28508	43847	34634	34222	34514	43557	35305	37010	34434	47284	36806	33495	30926	37834	33146	28875	32707	48741
	
Birds Per Party Hour
	Tree Swallow	0.0	0.0	0.0	0.0	0.0	0.5	0.0	0.0	1.913981577847124	7.303881743268669	8.092325973240383	17.664999709242135	20.96674102921588	27.416320078523917	32.23582876773227	28.80931248010175	17.477427103095717	16.493182202921105	10.418218517021344	9.798979874558306	10.349148330626312	9.912019482226324	10.78444840219336	12.897070828600938	13.192989563770595	15.25871377063176	14.633767232490483	19.995571648873156	29.61081550904166	197.92699023116796	91.22798771779703	63.60187056070772	36.45752564836726	43.952542108986606	43.10528144136895	55.955857063129415	37.27534084113531	49.50107862466651	25.67878659201774	17.84050785324622	7.967001312566971	2.841154763848982	1.296190876409315	0.3055555555555556	3.3293413173652695	0.0	0.0	14.925373134328359
	# checklists reporting species - (Tree Swallow)	0.0	0.0	0.0	0.0	0.0	1	0	0	3	66	313	1925	5140	9585	11934	21649	26055	28551	26265	25112	12525	10749	9422	10181	6253	4399	3466	4630	3311	2736	2633	2970	1693	987	611	810	678	581	534	437	192	74	26	12	6	0.0	1	1
	
High Count
	Tree Swallow	0.0	0.0	0.0	0.0	0.0	1	1	1	2	50	80	366	1150	15000	5000	5000	3000	2200	4000	5000	400	250	400	300	1500	3800	10000	20000	10000	250000	50000	10000	6000	5000	10000	25000	25000	3000	10000	1045	534	50	27	30	12	0.0	46	1
	# checklists reporting species - (Tree Swallow)	0.0	0.0	0.0	0.0	0.0	1	1	1	5	80	393	2394	6020	10937	14015	24827	30850	35460	31906	29602	14413	12275	10736	11640	7269	5115	4073	5413	3908	3237	3211	3578	2085	1246	777	998	853	723	626	500	229	87	38	19	12	0.0	2	1
	
Totals
	Tree Swallow	0.0	0.0	0.0	0.0	0.0	1	0	1	7	233	1618	20581	74538	179500	276754	411188	421322	437415	276492	204485	80849	59848	53312	61914	47921	58081	61072	119487	107100	475388	218656	164214	88072	62857	63237	103632	112926	46363	51192	16142	4187	510	248	103	34	0.0	49	1
	# checklists reporting species - (Tree Swallow)	0.0	0.0	0.0	0.0	0.0	1	0	1	5	79	380	2294	5681	10258	12833	22574	26990	29659	27157	26166	13066	11239	9836	10636	6556	4604	3639	4837	3444	2872	2775	3166	1857	1112	693	917	794	676	607	484	222	87	38	19	12	0.0	2	1
	
Average Count
	Tree Swallow	0.0	0.0	0.0	0.0	0.0	1.0	0.0	1.0	1.4	2.949367088607595	4.257894736842105	8.971665213600698	13.120577363140292	17.49853772665237	21.56580690407543	18.21511473376451	15.610300111152279	14.7481371590411	10.181242405273043	7.8149124818466715	6.187739170365835	5.325028917163449	5.420089467263115	5.821173373448665	7.309487492373399	12.615334491746308	16.782632591371257	24.70270829026256	31.097560975609756	165.525069637883	78.79495495495496	51.86797220467467	47.42703284868067	56.52607913669065	91.25108225108225	113.01199563794984	142.2241813602015	68.58431952662721	84.33607907742999	33.35123966942149	18.86036036036036	5.862068965517241	6.526315789473684	5.421052631578948	2.8333333333333335	0.0	24.5	1.0
	# checklists reporting species - (Tree Swallow)	0.0	0.0	0.0	0.0	0.0	1	0	1	5	79	380	2294	5681	10258	12833	22574	26990	29659	27157	26166	13066	11239	9836	10636	6556	4604	3639	4837	3444	2872	2775	3166	1857	1112	693	917	794	676	607	484	222	87	38	19	12	0.0	2	1
	
