

	Week starting on...	1/1	1/8	1/15	1/22	2/1	2/8	2/15	2/22	3/1	3/8	3/15	3/22	4/1	4/8	4/15	4/22	5/1	5/8	5/15	5/22	6/1	6/8	6/15	6/22	7/1	7/8	7/15	7/22	8/1	8/8	8/15	8/22	9/1	9/8	9/15	9/22	10/1	10/8	10/15	10/22	11/1	11/8	11/15	11/22	12/1	12/8	12/15	12/22
Frequency (%)
	Green-winged Teal	0.6961951349817187	0.7179144703890095	0.45404770171736863	0.41397993055820526	0.2569486655246726	0.17631614250943867	0.2016183230732009	0.630139652571651	0.6790153078362685	1.809805857189865	2.9459293794230734	4.458054595397374	5.590073013198539	5.970586083266262	5.655821047280122	6.231422922313444	4.383665238215276	2.7381393624907338	1.500803083841953	1.0852808780908922	0.8417240418673141	0.6875257307533964	0.5955938860900009	0.7448059584476676	0.8031407164117828	1.331350949516794	2.027375520730014	2.4213898891377696	3.0857956034902445	4.1584693129653205	5.039856004114168	6.429407968641698	7.597660393369095	7.435740514075888	7.3981762917933125	8.138359329867129	8.358005684509711	8.548409893992932	9.71088796529442	8.588767516274965	6.963489645053891	4.903938669729042	2.864513535245243	1.7571271929824561	1.3953778110010588	0.8434596140100071	0.5673713905353577	0.4969212487847035
	Total # checklists submitted - (Green-winged Teal)	59897	41927	37441	52418	36194	52179	74398	41102	41678	48624	53837	76087	56976	54668	55076	76371	79340	86336	77825	81085	50254	48580	46844	53571	38972	29594	25205	35269	26703	25923	27223	41839	32997	32680	32900	41544	33776	35375	32963	45315	35442	32219	29848	36480	32106	27980	31549	46285
	
Abundance
	Green-winged Teal	0.02323989515334658	0.013261144369976387	0.009321332229374216	0.009214392002747148	0.006161242194838924	0.003430498859694513	0.006156079464501734	0.03357500851540071	0.031335476750323915	0.11609493254359987	0.22833738878466484	0.504238569006532	0.6171545914069082	0.7265310602180435	0.6270063185416516	0.7600528996608661	0.34745399546256617	0.1050894180874722	0.03614519755862512	0.019670715915397423	0.0168543797508656	0.017188143268834912	0.021731705234395014	0.028410893953818298	0.04331314790105717	0.053862269378928164	0.22935925411624677	0.24412373472454563	0.21735385537205557	0.34814643366894266	0.5420049223083422	0.7903391572456321	0.972876322089887	0.8766523867809057	0.8823404255319149	1.0160311958405546	1.2268178588346754	1.3587279151943463	1.8077844856354095	1.6311817279046674	1.1368715083798884	0.648964896489649	0.30638568748324846	0.11858552631578947	0.07637201769139725	0.037312365975696926	0.017211322070430125	0.01423787404126607
	Total # checklists submitted - (Green-winged Teal)	59897	41927	37441	52418	36194	52179	74398	41102	41678	48624	53837	76087	56976	54668	55076	76371	79340	86336	77825	81085	50254	48580	46844	53571	38972	29594	25205	35269	26703	25923	27223	41839	32997	32680	32900	41544	33776	35375	32963	45315	35442	32219	29848	36480	32106	27980	31549	46285
	
Birds Per Party Hour
	Green-winged Teal	7.17620738063887	4.442239969348729	6.84746984200482	6.68869327952694	4.68865347022464	4.307889255038208	6.457196502959292	13.711323109611904	10.552706170425196	13.930428308434859	21.33553595735819	23.76186854299087	26.99772507518979	26.634735217345828	27.06248399506746	27.15514936568962	16.414465086651894	5.963904794241511	3.1398477687631963	3.205798326544769	4.639817062646869	4.164734689500065	5.996170393189879	6.334929035337545	7.708542345495955	6.700566632680866	5.454992101363638	5.698610350832185	5.834001916459996	6.843389160854993	9.08595458048997	10.325730487810585	12.41696950407605	15.336128212935433	15.536193285514685	17.17111885699553	19.80199141959259	19.853881965406185	25.503716002404644	28.07427956981758	26.374894554936656	21.356405627140916	19.796421179225753	12.486570171268044	15.050192568506649	8.635716656595141	4.84047391362802	4.1114675265831835
	# checklists reporting species - (Green-winged Teal)	445	320	180	224	102	97	164	263	305	885	1593	3397	3189	3220	3063	4713	3401	2283	1142	897	429	341	298	411	297	392	498	832	802	1054	1322	2640	2414	2307	2329	3196	2696	2932	3134	3821	2468	1551	840	631	459	234	182	237
	
High Count
	Green-winged Teal	320	35	30	30	20	20	50	100	120	140	340	1140	840	1200	300	439	368	155	80	45	17	16	40	40	200	40	450	413	247	334	450	1094	559	417	350	400	1100	759	535	1300	1500	1000	500	450	72	86	37	52
	# checklists reporting species - (Green-winged Teal)	491	335	194	238	109	105	175	289	319	934	1713	3654	3432	3568	3401	5164	3778	2625	1300	999	470	376	343	455	351	431	543	903	875	1160	1477	2916	2713	2583	2638	3612	2988	3234	3431	4172	2691	1700	934	687	506	259	192	258
	
Totals
	Green-winged Teal	1614	689	396	535	246	203	561	1541	1757	6219	14011	43557	37958	45221	37829	61763	29319	9722	3027	1790	933	922	1143	1652	1827	1685	5876	8767	6081	9356	15467	34753	33924	29997	31590	46053	44294	51318	63157	79397	45719	21968	10221	5154	2895	1176	577	833
	# checklists reporting species - (Green-winged Teal)	478	334	191	235	108	105	175	277	313	918	1650	3525	3320	3374	3215	4863	3509	2359	1183	935	442	362	321	435	321	409	511	857	825	1084	1373	2732	2502	2389	2414	3311	2799	3032	3260	3948	2561	1604	883	663	496	250	190	251
	
Average Count
	Green-winged Teal	3.3765690376569037	2.062874251497006	2.073298429319372	2.276595744680851	2.2777777777777777	1.9333333333333333	3.2057142857142855	5.563176895306859	5.613418530351438	6.7745098039215685	8.491515151515152	12.35659574468085	11.433132530120481	13.402786010669828	11.766407465007775	12.700596339708	8.355371900826446	4.121237812632471	2.558748943364328	1.914438502673797	2.1108597285067874	2.546961325966851	3.560747663551402	3.7977011494252872	5.691588785046729	4.119804400977995	11.499021526418787	10.229871645274212	7.370909090909091	8.6309963099631	11.265112891478514	12.720717423133236	13.558752997601918	12.556299706990373	13.086164043082022	13.909090909090908	15.824937477670597	16.9254617414248	19.373312883435585	20.110688956433638	17.852010933229206	13.69576059850374	11.575311438278595	7.773755656108597	5.836693548387097	4.704	3.036842105263158	3.318725099601594
	# checklists reporting species - (Green-winged Teal)	478	334	191	235	108	105	175	277	313	918	1650	3525	3320	3374	3215	4863	3509	2359	1183	935	442	362	321	435	321	409	511	857	825	1084	1373	2732	2502	2389	2414	3311	2799	3032	3260	3948	2561	1604	883	663	496	250	190	251
	
