

	Week starting on...	1/1	1/8	1/15	1/22	2/1	2/8	2/15	2/22	3/1	3/8	3/15	3/22	4/1	4/8	4/15	4/22	5/1	5/8	5/15	5/22	6/1	6/8	6/15	6/22	7/1	7/8	7/15	7/22	8/1	8/8	8/15	8/22	9/1	9/8	9/15	9/22	10/1	10/8	10/15	10/22	11/1	11/8	11/15	11/22	12/1	12/8	12/15	12/22
Frequency (%)
	Gray-cheeked Thrush	0.03339065395595773	0.11448469959691844	0.024037819502684226	0.0	0.0	0.0	0.0	0.0	0.0	0.0	0.0	0.0	0.0	0.0	0.001815672888372431	0.015712770554267983	0.5218048903453492	1.5462842846553002	2.185672984259557	1.1037799839674416	0.07959565407728737	0.01029230135858378	0.010673725557168473	0.0	0.010263779123473264	0.003379063323646685	0.0	0.0	0.0	0.0	0.007346728868971091	0.07170343459451708	0.6636966996999727	1.7533659730722153	2.492401215805471	2.5491045638359333	1.5129085741354809	0.607773851590106	0.21842672086885298	0.022067747986317998	0.0	0.003103758651727242	0.003350308228357009	0.0	0.0	0.0	0.0	0.0
	Total # checklists submitted - (Gray-cheeked Thrush)	59897	41927	37441	52418	36194	52179	74398	41102	41678	48624	53837	76087	56976	54668	55076	76371	79340	86336	77825	81085	50254	48580	46844	53571	38972	29594	25205	35269	26703	25923	27223	41839	32997	32680	32900	41544	33776	35375	32963	45315	35442	32219	29848	36480	32106	27980	31549	46285
	
Abundance
	Gray-cheeked Thrush	3.3390653955957727E-4	0.0011448469959691844	2.4037819502684225E-4	0.0	0.0	0.0	0.0	0.0	0.0	0.0	0.0	0.0	0.0	0.0	1.815672888372431E-5	1.702216810045698E-4	0.006730526846483489	0.017026501111934766	0.027985865724381626	0.014305975211198125	8.357543678115175E-4	8.233841086867023E-5	1.0673725557168474E-4	0.0	1.0263779123473263E-4	3.379063323646685E-5	0.0	0.0	0.0	0.0	7.346728868971091E-5	8.365400702693659E-4	0.018941115859017487	0.04951040391676866	0.044407294832826745	0.04583092624687079	0.02170180009474183	0.00766077738515901	0.0023662894760792404	2.2067747986317997E-4	0.0	3.103758651727242E-5	3.350308228357009E-5	0.0	0.0	0.0	0.0	0.0
	Total # checklists submitted - (Gray-cheeked Thrush)	59897	41927	37441	52418	36194	52179	74398	41102	41678	48624	53837	76087	56976	54668	55076	76371	79340	86336	77825	81085	50254	48580	46844	53571	38972	29594	25205	35269	26703	25923	27223	41839	32997	32680	32900	41544	33776	35375	32963	45315	35442	32219	29848	36480	32106	27980	31549	46285
	
Birds Per Party Hour
	Gray-cheeked Thrush	3.5663051494789224	2.061845215954887	0.7437212409521649	0.0	0.0	0.0	0.0	0.0	0.0	0.0	0.0	0.0	0.0	0.0	0.3333333333333333	0.3915697745429639	0.7145541005709019	0.5870636976980581	0.8665801121860063	1.0738008671985024	0.9990935218549944	0.7607098186366479	10.836159007286632	0.0	10.02813649808816	0.0	0.0	0.0	0.0	0.0	0.09477124183006536	2.508730354714009	2.3051052906683562	2.6256697009800725	1.8016295607454598	1.8764567818915405	1.5964583004030042	1.26899439445904	1.0634307719753815	0.6077508148627354	0.0	0.4	1.0	0.0	0.0	0.0	0.0	0.0
	# checklists reporting species - (Gray-cheeked Thrush)	22	50	9	0.0	0.0	0.0	0.0	0.0	0.0	0.0	0.0	0.0	0.0	0.0	1	16	423	1264	1706	957	45	4	5	0.0	3	0	0.0	0.0	0	0.0	3	40	236	666	888	1152	568	222	78	11	0	1	1	0.0	0.0	0.0	0.0	0.0
	
High Count
	Gray-cheeked Thrush	1	1	1	0.0	0.0	0.0	0.0	0.0	0.0	0.0	0.0	0.0	0.0	0.0	1	2	6	12	20	30	50	1	1	0.0	1	1	0.0	0.0	1	0.0	1	30	240	600	91	65	38	8	4	1	1	1	1	0.0	0.0	0.0	0.0	0.0
	# checklists reporting species - (Gray-cheeked Thrush)	22	50	9	0.0	0.0	0.0	0.0	0.0	0.0	0.0	0.0	0.0	0.0	0.0	1	19	461	1554	1938	1102	55	5	5	0.0	4	1	0.0	0.0	1	0.0	4	44	268	707	996	1272	628	248	85	16	2	1	1	0.0	0.0	0.0	0.0	0.0
	
Totals
	Gray-cheeked Thrush	22	50	9	0.0	0.0	0.0	0.0	0.0	0.0	0.0	0.0	0.0	0.0	0.0	1	21	580	1676	2430	1544	112	4	5	0.0	4	1	0.0	0.0	0	0.0	4	85	698	2455	2001	2488	1003	307	94	16	1	1	1	0.0	0.0	0.0	0.0	0.0
	# checklists reporting species - (Gray-cheeked Thrush)	22	50	9	0.0	0.0	0.0	0.0	0.0	0.0	0.0	0.0	0.0	0.0	0.0	1	19	431	1349	1797	1056	54	4	5	0.0	4	1	0.0	0.0	0	0.0	4	44	260	689	960	1231	615	241	82	16	1	1	1	0.0	0.0	0.0	0.0	0.0
	
Average Count
	Gray-cheeked Thrush	1.0	1.0	1.0	0.0	0.0	0.0	0.0	0.0	0.0	0.0	0.0	0.0	0.0	0.0	1.0	1.105263157894737	1.345707656612529	1.2424017790956263	1.352253756260434	1.4621212121212122	2.074074074074074	1.0	1.0	0.0	1.0	1.0	0.0	0.0	0.0	0.0	1.0	1.9318181818181819	2.6846153846153844	3.563134978229318	2.084375	2.0211210398050365	1.6308943089430894	1.2738589211618256	1.146341463414634	1.0	1.0	1.0	1.0	0.0	0.0	0.0	0.0	0.0
	# checklists reporting species - (Gray-cheeked Thrush)	22	50	9	0.0	0.0	0.0	0.0	0.0	0.0	0.0	0.0	0.0	0.0	0.0	1	19	431	1349	1797	1056	54	4	5	0.0	4	1	0.0	0.0	0	0.0	4	44	260	689	960	1231	615	241	82	16	1	1	1	0.0	0.0	0.0	0.0	0.0
	
