

	Week starting on...	1/1	1/8	1/15	1/22	2/1	2/8	2/15	2/22	3/1	3/8	3/15	3/22	4/1	4/8	4/15	4/22	5/1	5/8	5/15	5/22	6/1	6/8	6/15	6/22	7/1	7/8	7/15	7/22	8/1	8/8	8/15	8/22	9/1	9/8	9/15	9/22	10/1	10/8	10/15	10/22	11/1	11/8	11/15	11/22	12/1	12/8	12/15	12/22
Frequency (%)
	Snow Goose	0.46413008998781247	0.4006964485892146	0.40063032504473706	0.3872715479415468	0.34812399845278225	0.24147645604553555	0.14516519261270464	0.4136051773636319	0.7461970344066414	1.0097894044093452	1.3187956238274794	1.5915990905148054	1.247893850042123	0.9072949440257555	0.49386302563730117	0.3928192638566995	0.20544492059490796	0.12393439584877687	0.10022486347574687	0.16895850033915027	0.075615871373423	0.10703993412927132	0.23268721714627275	0.13253439360848218	0.17191830031817715	0.10137189970940055	0.047609601269589366	0.09923729053843318	0.09362243942628169	0.18130617598271806	0.31223597693127136	0.39914911924281177	0.3909446313301209	0.4008567931456548	0.9270516717325228	1.2348353552859619	1.4359308384651823	1.3710247349823321	1.3317962564087007	1.3814410239435067	1.707014276846679	1.666718395977529	1.6885553470919326	1.2143640350877192	1.2302996324674516	0.7827019299499643	0.5958984436907667	0.4515501782434915
	Total # checklists submitted - (Snow Goose)	59897	41927	37441	52418	36194	52179	74398	41102	41678	48624	53837	76087	56976	54668	55076	76371	79340	86336	77825	81085	50254	48580	46844	53571	38972	29594	25205	35269	26703	25923	27223	41839	32997	32680	32900	41544	33776	35375	32963	45315	35442	32219	29848	36480	32106	27980	31549	46285
	
Abundance
	Snow Goose	0.08185718817303037	0.008204736804445823	0.0064367938890521085	0.02079438360868404	0.03801735094214511	0.03654726997451082	0.019315035350412645	0.5648143642645127	0.6389702001055713	2.463351431391905	20.954826606237347	50.51608027652556	36.75021061499579	28.58220531206556	11.572663228992665	7.701247855861518	2.3179606755734814	1.420577742772424	0.16340507548988115	0.008238268483689954	0.010606120905798544	0.0075957184026348296	0.2879984629835198	0.03946164902652555	0.03197167196961921	0.021930120970466985	0.001229914699464392	0.08676174544217301	0.2655132382129349	0.6944798055780581	0.4873452595231973	0.4048853940103731	0.3672758129526927	0.25076499388004897	0.35227963525835865	0.10824667822068168	0.45849123638086214	3.0690883392226147	5.658950944998939	50.05636102835706	99.77789063822583	75.67339147707874	36.22359957116055	11.453179824561403	11.51202267488943	12.096676197283774	4.57916257250626	1.477822188614022
	Total # checklists submitted - (Snow Goose)	59897	41927	37441	52418	36194	52179	74398	41102	41678	48624	53837	76087	56976	54668	55076	76371	79340	86336	77825	81085	50254	48580	46844	53571	38972	29594	25205	35269	26703	25923	27223	41839	32997	32680	32900	41544	33776	35375	32963	45315	35442	32219	29848	36480	32106	27980	31549	46285
	
Birds Per Party Hour
	Snow Goose	55.60965368011606	8.905391020260232	6.306728466414789	17.530784329071636	54.20208166132538	34.66586639749153	23.099029152405652	337.13767524102803	169.48566127050506	308.43819320801265	1477.3388991776897	4410.615544976023	8386.053105613299	5189.867504603285	15605.03378450812	3971.9198206638503	3585.9382427338596	1721.735024429722	213.8425419319839	4.190846460557792	16.840972578486998	9.744224156820488	1328.4308237117684	225.74346635115742	201.1612132398804	167.16210640754835	2.8390065101937396	18.635440548491054	45.386570100712504	53.47282161176968	227.6236325994091	14.652679698755081	12.141905320190629	8.14752267783179	8.202282583025545	25.516614820986234	69.40973342951916	477.2231877632162	564.1891853651622	4100.372362530486	4567.018543101057	6812.049302797507	3368.0538827062146	2454.2380803870774	2202.7067603966198	5139.8267905470375	1633.306207659432	634.9564761043871
	# checklists reporting species - (Snow Goose)	302	191	178	239	139	146	125	194	346	549	790	1288	723	531	292	327	168	113	87	143	36	50	105	69	42	22	14	37	25	45	85	173	133	141	254	595	548	536	476	705	667	586	543	494	442	243	202	231
	
High Count
	Snow Goose	2500	25	13	200	167	215	230	8000	10000	40000	215000	800000	200000	250000	300000	80000	30000	50000	5000	85	265	99	999	250	92	300	250	10000	1460	3580	7000	650	620	803	650	300	5000	13000	40000	200000	200000	125000	80000	72000	55000	50000	15000	30000
	# checklists reporting species - (Snow Goose)	327	207	195	254	151	152	132	211	375	606	871	1450	855	607	347	381	207	138	95	160	48	54	111	74	70	35	15	45	26	47	85	179	139	163	372	669	630	617	541	789	756	678	604	563	500	286	232	263
	
Totals
	Snow Goose	5111	403	318	1213	1761	2184	1879	25032	28993	185440	1192640	3954000	2340866	1734782	1005989	650952	207990	139243	19496	716	557	399	13492	2127	1256	650	282	13651	7120	18003	13267	17587	12134	8296	11886	5499	16325	112671	190375	2611730	3940859	2626831	1246724	471831	438350	491999	163064	104983
	# checklists reporting species - (Snow Goose)	323	206	195	253	149	152	132	210	373	594	846	1391	810	570	326	359	189	134	91	153	43	53	107	72	62	24	14	44	26	46	85	179	138	161	368	649	612	600	522	770	735	640	590	552	488	274	222	263
	
Average Count
	Snow Goose	15.823529411764707	1.9563106796116505	1.6307692307692307	4.794466403162056	11.818791946308725	14.368421052631579	14.234848484848484	119.2	77.72922252010724	312.1885521885522	1409.739952718676	2842.5593098490294	2889.958024691358	3043.477192982456	3085.8558282208587	1813.2367688022284	1100.4761904761904	1039.1268656716418	214.24175824175825	4.6797385620915035	12.953488372093023	7.528301886792453	126.09345794392523	29.541666666666668	20.258064516129032	27.083333333333332	20.142857142857142	310.25	273.84615384615387	391.3695652173913	156.08235294117648	98.25139664804469	87.92753623188406	51.52795031055901	32.29891304347826	8.473035439137133	26.674836601307188	187.785	364.70306513409963	3391.8571428571427	5361.712925170068	4104.4234375	2113.091525423729	854.7663043478261	898.2581967213115	1795.6167883211679	734.5225225225225	399.1749049429658
	# checklists reporting species - (Snow Goose)	323	206	195	253	149	152	132	210	373	594	846	1391	810	570	326	359	189	134	91	153	43	53	107	72	62	24	14	44	26	46	85	179	138	161	368	649	612	600	522	770	735	640	590	552	488	274	222	263
	
