

	Week starting on...	1/1	1/8	1/15	1/22	2/1	2/8	2/15	2/22	3/1	3/8	3/15	3/22	4/1	4/8	4/15	4/22	5/1	5/8	5/15	5/22	6/1	6/8	6/15	6/22	7/1	7/8	7/15	7/22	8/1	8/8	8/15	8/22	9/1	9/8	9/15	9/22	10/1	10/8	10/15	10/22	11/1	11/8	11/15	11/22	12/1	12/8	12/15	12/22
Frequency (%)
	Little Gull	0.22705644690051258	0.11209960168864933	0.056088245506263186	0.09538708077378	0.06630933303862518	0.02874719714827804	0.03897954246081884	0.03649457447326164	0.06238303181534623	0.08843369529450477	0.04643646562772814	0.09199994742860147	0.13689974726200504	0.19938538084436963	0.2433001670419057	0.3456809521938956	0.2898916057474162	0.1389918458117124	0.18631545133311916	0.23555528149472776	0.22286783141640468	0.10086455331412103	0.08752454956878149	0.04853372160310616	0.06158267474083958	0.2027437994188011	0.10712160285657607	0.09356658822195128	0.16477549339025577	0.1774485977703198	0.1873415861587628	0.15535744162145365	0.1181925629602691	0.14687882496940025	0.1702127659574468	0.2647795108800308	0.4648270961629559	0.5653710247349824	0.6552801626065589	0.5737614476442678	0.44297725861971676	0.40659238337626863	0.33838113106405787	0.5153508771929824	0.8565377188064537	0.318084345961401	0.14897461092269168	0.17932375499621908
	Total # checklists submitted - (Little Gull)	59897	41927	37441	52418	36194	52179	74398	41102	41678	48624	53837	76087	56976	54668	55076	76371	79340	86336	77825	81085	50254	48580	46844	53571	38972	29594	25205	35269	26703	25923	27223	41839	32997	32680	32900	41544	33776	35375	32963	45315	35442	32219	29848	36480	32106	27980	31549	46285
	
Abundance
	Little Gull	0.005509457902733025	0.0019319293056979988	0.0011217649101252637	0.001392651379297188	0.001934022213626568	5.749439429655608E-4	0.0010080916153660045	0.0019220475889251132	0.003527040644944575	0.009172425139848634	0.0023589724538885895	0.0077674241329004955	0.007371524852569503	0.008963196019609277	0.012873120778560534	0.034424061489308766	0.01023443408116965	0.0020153817642698294	0.0028011564407324123	0.00413146697909601	0.0049150316392724954	0.0020584602717167557	0.0014302792246605755	7.46672640047787E-4	0.001282972390434158	0.00729877677907684	0.0019043840507835747	0.0013893220675380647	0.004493877092461521	0.003819002430274274	0.004224369099658377	0.002915939673510361	0.0026366033275752342	0.0025703794369645043	0.0034954407294832826	0.005560369728480647	0.01012553292278541	0.015886925795053002	0.026332554682522828	0.02389937106918239	0.0079848766999605	0.009435426301250814	0.0063990887161618866	0.011485745614035087	0.017909425029589483	0.006897784131522516	0.0028210085898126725	0.004018580533650211
	Total # checklists submitted - (Little Gull)	59897	41927	37441	52418	36194	52179	74398	41102	41678	48624	53837	76087	56976	54668	55076	76371	79340	86336	77825	81085	50254	48580	46844	53571	38972	29594	25205	35269	26703	25923	27223	41839	32997	32680	32900	41544	33776	35375	32963	45315	35442	32219	29848	36480	32106	27980	31549	46285
	
Birds Per Party Hour
	Little Gull	5.319089770578648	13.94498859527194	3.5448661578065375	2.7206607568910126	4.391741177936157	3.7552019704110036	5.824584541053895	9.681010766800945	11.781988320250708	16.633473840856013	11.836976344128152	16.94586184852825	9.716766532490869	7.095671003568191	6.725654516529684	9.024692159794675	4.250415553019245	1.6072530655460566	1.686313068568112	2.1783357004519153	2.39970565663577	2.3201373762577004	2.1650118459781242	2.87052048504742	2.6233348979319855	5.564429747678754	1.5082657732574076	0.8287690582619369	2.7032397512025375	1.2461191671685319	0.8909581304957215	1.1780057083983035	1.792736537855895	1.1194533787138516	2.8663454061768188	6.31089061627974	3.4585760820530624	3.382433561165128	5.842574122852957	5.269659907945717	2.275282615250009	4.690309744337935	3.789220213364757	4.815719328245466	4.419805067142634	3.2158178305992	3.020768769650702	4.030692660665304
	# checklists reporting species - (Little Gull)	141	49	24	56	23	17	31	16	28	47	31	75	95	120	147	307	257	132	174	267	147	73	62	34	36	84	46	50	51	51	55	69	46	56	60	132	174	210	227	287	167	144	103	202	307	95	46	92
	
High Count
	Little Gull	24	9	12	4	14	11	18	58	38	145	33	137	85	90	44	158	70	23	9	16	9	8	5	4	9	14	7	16	17	11	15	17	17	15	7	10	22	48	73	106	21	23	29	24	18	20	10	21
	# checklists reporting species - (Little Gull)	149	53	29	61	27	22	33	19	30	55	34	84	101	136	174	365	296	157	205	286	154	77	62	36	38	86	53	53	58	53	60	81	53	63	69	140	185	224	253	315	187	166	122	239	332	105	53	100
	
Totals
	Little Gull	351	88	54	84	75	43	85	94	152	583	142	654	489	532	803	3169	916	221	332	523	338	151	101	56	84	290	104	112	145	108	127	140	108	106	132	276	402	618	959	1168	365	367	214	482	673	214	96	211
	# checklists reporting species - (Little Gull)	145	53	27	60	27	21	33	19	29	51	33	83	100	134	171	349	282	147	198	281	154	77	62	36	37	86	51	53	56	53	60	80	53	63	67	140	185	224	249	312	184	164	117	229	325	101	50	96
	
Average Count
	Little Gull	2.420689655172414	1.6603773584905661	2.0	1.4	2.7777777777777777	2.0476190476190474	2.5757575757575757	4.947368421052632	5.241379310344827	11.431372549019608	4.303030303030303	7.879518072289157	4.89	3.970149253731343	4.695906432748538	9.080229226361032	3.24822695035461	1.5034013605442176	1.6767676767676767	1.8612099644128113	2.1948051948051948	1.9610389610389611	1.6290322580645162	1.5555555555555556	2.27027027027027	3.372093023255814	2.0392156862745097	2.1132075471698113	2.5892857142857144	2.0377358490566038	2.1166666666666667	1.75	2.0377358490566038	1.6825396825396826	1.9701492537313432	1.9714285714285715	2.172972972972973	2.7589285714285716	3.8514056224899598	3.7435897435897436	1.983695652173913	2.2378048780487805	1.829059829059829	2.1048034934497815	2.0707692307692307	2.118811881188119	1.92	2.1979166666666665
	# checklists reporting species - (Little Gull)	145	53	27	60	27	21	33	19	29	51	33	83	100	134	171	349	282	147	198	281	154	77	62	36	37	86	51	53	56	53	60	80	53	63	67	140	185	224	249	312	184	164	117	229	325	101	50	96
	
