

	Week starting on...	1/1	1/8	1/15	1/22	2/1	2/8	2/15	2/22	3/1	3/8	3/15	3/22	4/1	4/8	4/15	4/22	5/1	5/8	5/15	5/22	6/1	6/8	6/15	6/22	7/1	7/8	7/15	7/22	8/1	8/8	8/15	8/22	9/1	9/8	9/15	9/22	10/1	10/8	10/15	10/22	11/1	11/8	11/15	11/22	12/1	12/8	12/15	12/22
Frequency (%)
	Black-backed Woodpecker	0.22538691420271464	0.11925489541345673	0.11751822867978955	0.12018772177496281	0.14090733270707853	0.11307230878322697	0.14785343692034733	0.18247287236630821	0.16555496904841885	0.1583580125041132	0.1151624347567658	0.06177139327348956	0.06493962370120752	0.04390136825931075	0.0708112426465248	0.045828914116614945	0.04915553314847492	0.04053928836174945	0.06553164150337294	0.09619535055805636	0.24873641899152307	0.3581720872787155	0.30953804115788575	0.2576020608164865	0.25146258852509495	0.14529972291680746	0.11505653640150765	0.15877966486149309	0.1497959030820507	0.18902133240751456	0.23142195937258936	0.1888190444322283	0.15759008394702548	0.16829865361077112	0.20668693009118544	0.21423069516657037	0.21612979630506868	0.2487632508833922	0.23662894760792405	0.23391812865497078	0.12696800406297612	0.1707067258449983	0.10050924685071026	0.0712719298245614	0.0934404784152495	0.09292351679771264	0.1172778851944594	0.34568434698066325
	Total # checklists submitted - (Black-backed Woodpecker)	59897	41927	37441	52418	36194	52179	74398	41102	41678	48624	53837	76087	56976	54668	55076	76371	79340	86336	77825	81085	50254	48580	46844	53571	38972	29594	25205	35269	26703	25923	27223	41839	32997	32680	32900	41544	33776	35375	32963	45315	35442	32219	29848	36480	32106	27980	31549	46285
	
Abundance
	Black-backed Woodpecker	0.0025877756815867238	0.0013356548286307154	0.0012018909751342112	0.001507115876225724	0.0018511355473282865	0.002165622185170279	0.0028898626307158792	0.003576468298379641	0.002663275589039781	0.0038252714708785786	0.003900663112729164	0.0010908565195105603	7.898062342038754E-4	5.304748664666716E-4	8.352095286513182E-4	5.630409448612693E-4	5.923871943534157E-4	4.0539288361749447E-4	7.324124638612271E-4	0.0012332737251032867	0.003362916384765392	0.005063812268423219	0.004461617282896422	0.0031360250882007056	0.003771938827876424	0.002297763060079746	0.0018250347153342592	0.002296634438175168	0.0021345916189192226	0.0022759711453149713	0.0030856261249678583	0.0028920385286455223	0.0018789586932145346	0.0022643818849449205	0.0024316109422492403	0.002623724244174851	0.003049502605400284	0.0032791519434628973	0.004520219640202651	0.004214939865386737	0.0013543253766717454	0.002141593469691797	0.0010385955507906728	7.127192982456141E-4	0.0011524325671214103	0.0010007147962830592	0.0013629592063139878	0.003845738360159879
	Total # checklists submitted - (Black-backed Woodpecker)	59897	41927	37441	52418	36194	52179	74398	41102	41678	48624	53837	76087	56976	54668	55076	76371	79340	86336	77825	81085	50254	48580	46844	53571	38972	29594	25205	35269	26703	25923	27223	41839	32997	32680	32900	41544	33776	35375	32963	45315	35442	32219	29848	36480	32106	27980	31549	46285
	
Birds Per Party Hour
	Black-backed Woodpecker	1.451619203659542	1.935443942901336	3.346846994221652	2.236121944798191	1.2195807304209962	2.727461597093454	1.5643070504241463	1.641311670668022	2.2280398510767183	1.9128506663605016	2.7992181577399733	2.8657636806883655	1.6896260285931695	2.2761611954840135	2.219619760326898	3.19113170013652	2.157383883828602	0.948730790682138	0.7793745800548381	2.457403194192027	3.74077447637373	4.437802673474554	7.163200131853555	7.521687495287784	7.024368744268263	3.8089698530039557	2.176146086608789	1.4240857790789798	0.9404299767859416	1.064623905023927	1.2502075164568032	1.3242196667762323	1.0436020805799309	1.8563388641639655	1.6705503566639064	1.563699656702437	1.0017986957995917	1.4797463224235696	1.174548988410565	2.665159033548542	1.2294137047035691	1.497003489224447	1.8276619728125634	1.277246352872352	2.039205626413109	1.2425296943486424	3.141040814266383	1.1379242079302152
	# checklists reporting species - (Black-backed Woodpecker)	139	57	46	67	56	67	123	85	77	85	66	56	35	31	43	41	41	32	57	76	126	180	150	138	106	45	33	55	44	51	79	101	61	63	75	103	78	92	92	122	51	53	31	25	30	29	41	172
	
High Count
	Black-backed Woodpecker	6	4	2	5	13	13	14	11	12	38	26	25	4	2	3	3	4	3	2	4	6	15	11	4	14	6	4	5	4	3	6	6	4	5	2	6	6	7	35	14	3	9	3	2	3	3	3	6
	# checklists reporting species - (Black-backed Woodpecker)	149	65	53	75	63	70	135	96	84	92	73	63	47	33	52	49	56	42	64	99	144	196	164	158	114	50	44	64	55	63	90	106	69	75	89	117	87	118	100	130	58	67	40	33	34	33	56	191
	
Totals
	Black-backed Woodpecker	173	72	55	88	79	125	251	168	126	202	223	100	55	40	58	59	67	41	70	117	190	264	232	194	172	77	64	89	72	77	116	154	81	96	100	138	116	151	174	218	61	81	42	32	41	35	60	207
	# checklists reporting species - (Black-backed Woodpecker)	149	64	51	71	62	70	132	93	83	91	71	62	44	32	47	46	51	36	61	88	133	187	160	150	112	49	39	58	48	62	90	105	65	72	84	112	85	109	96	128	55	63	39	30	32	33	52	186
	
Average Count
	Black-backed Woodpecker	1.1610738255033557	1.125	1.0784313725490196	1.2394366197183098	1.2741935483870968	1.7857142857142858	1.9015151515151516	1.8064516129032258	1.5180722891566265	2.21978021978022	3.140845070422535	1.6129032258064515	1.25	1.25	1.2340425531914894	1.2826086956521738	1.3137254901960784	1.1388888888888888	1.1475409836065573	1.3295454545454546	1.4285714285714286	1.411764705882353	1.45	1.2933333333333332	1.5357142857142858	1.5714285714285714	1.641025641025641	1.5344827586206897	1.5	1.2419354838709677	1.288888888888889	1.4666666666666666	1.2461538461538462	1.3333333333333333	1.1904761904761905	1.2321428571428572	1.3647058823529412	1.385321100917431	1.8125	1.703125	1.1090909090909091	1.2857142857142858	1.0769230769230769	1.0666666666666667	1.28125	1.0606060606060606	1.1538461538461537	1.1129032258064515
	# checklists reporting species - (Black-backed Woodpecker)	149	64	51	71	62	70	132	93	83	91	71	62	44	32	47	46	51	36	61	88	133	187	160	150	112	49	39	58	48	62	90	105	65	72	84	112	85	109	96	128	55	63	39	30	32	33	52	186
	
