

	Week starting on...	1/1	1/8	1/15	1/22	2/1	2/8	2/15	2/22	3/1	3/8	3/15	3/22	4/1	4/8	4/15	4/22	5/1	5/8	5/15	5/22	6/1	6/8	6/15	6/22	7/1	7/8	7/15	7/22	8/1	8/8	8/15	8/22	9/1	9/8	9/15	9/22	10/1	10/8	10/15	10/22	11/1	11/8	11/15	11/22	12/1	12/8	12/15	12/22
Frequency (%)
	Northern Flicker	1.190376813529893	1.154387387602261	1.049651451617211	1.2190468922889084	1.0084544399624247	1.002318940569961	0.9986827602892551	0.990219454041166	1.0677095829934258	1.3038828562026983	2.16765421550235	4.350283228409584	9.475919685481607	23.311626545694008	29.81698017285206	34.62832750651425	35.113435845727246	28.04044662713121	26.46193382589142	20.95208731577974	17.61849803000756	17.400164676821735	17.440867560413288	18.86841761400758	20.50959663348045	21.301615192268702	23.63023209680619	23.05707561881539	22.85885481032094	20.90807391119855	22.392829592623883	23.1028466263534	26.099342364457375	28.387392900856796	29.613981762917934	26.244463701136144	18.359189957366176	12.401413427561838	7.371901829323788	4.876972304976277	3.4761018001241464	2.346441540705795	1.9934333958724202	1.811951754385965	1.5479972590792999	1.343817012151537	2.1553773495197945	1.7284217349033164
	Total # checklists submitted - (Northern Flicker)	59897	41927	37441	52418	36194	52179	74398	41102	41678	48624	53837	76087	56976	54668	55076	76371	79340	86336	77825	81085	50254	48580	46844	53571	38972	29594	25205	35269	26703	25923	27223	41839	32997	32680	32900	41544	33776	35375	32963	45315	35442	32219	29848	36480	32106	27980	31549	46285
	
Abundance
	Northern Flicker	0.015827169975123963	0.014048226679705202	0.013381052856494217	0.014937616849173947	0.012294855500911753	0.012073822802276778	0.01161321540901637	0.01162960439881271	0.012116704256442248	0.015445047713063507	0.02971933800174601	0.07225938728035013	0.2090002808199944	0.6698617106899831	0.7375263272568814	0.8050699872988438	0.7103478699268969	0.45685461452928094	0.4043816254416961	0.2894863414934945	0.239025749194094	0.24007822149032523	0.23663649560242508	0.2644341154729238	0.3092989838858668	0.348651753733865	0.4074985121999603	0.40474637783889533	0.38677302175785494	0.3575203487250704	0.3904051720971238	0.435192045698989	0.5090159711488923	0.6079865361077111	0.7082066869300911	0.6605526670518005	0.43519066792989103	0.2382756183745583	0.14170433516366834	0.07260289087498621	0.0494610913605327	0.033737856544275115	0.02703698740284106	0.0234375	0.02220768703669096	0.018012866333095068	0.03651462803892358	0.025083720427784378
	Total # checklists submitted - (Northern Flicker)	59897	41927	37441	52418	36194	52179	74398	41102	41678	48624	53837	76087	56976	54668	55076	76371	79340	86336	77825	81085	50254	48580	46844	53571	38972	29594	25205	35269	26703	25923	27223	41839	32997	32680	32900	41544	33776	35375	32963	45315	35442	32219	29848	36480	32106	27980	31549	46285
	
Birds Per Party Hour
	Northern Flicker	2.780661029510242	3.756613565369444	2.7523604839022435	2.788399866404	2.7426132106492607	2.4614261926939625	2.314427757068703	3.11577451070024	2.5161775850673527	2.0997449374137327	2.004673765918495	2.253785218975748	2.4830819696173565	3.2526974714773664	3.197849361760229	2.8403131422030032	2.300986977840289	1.7894187075871184	1.6107447983182606	2.0117992622653484	2.7899346388369874	3.3638255740140037	3.5832678042993638	4.087876073425899	3.9755601160749263	3.0975784646972118	2.505896203609201	2.3195812369050692	2.154948189347184	2.0148022984138834	2.0753189647144534	2.0986473936131698	2.0605815854890492	2.3178055469919276	2.3471314121410556	2.49761688553696	2.3750190111763163	1.6913903138320512	1.4693343187328969	1.3485365349942964	1.250817309249383	1.4786102375373982	1.6938182770225274	1.8903506511081638	2.5766220298379165	1.8634362699975768	1.4515320367709474	1.997242150890068
	# checklists reporting species - (Northern Flicker)	751	510	423	672	375	551	766	409	452	648	1214	3386	5523	13048	16386	26622	27877	23967	20461	16962	8888	8474	8237	10110	7990	6374	5971	8223	6146	5506	6194	9724	8671	9381	9887	11130	6316	4442	2470	2285	1283	796	616	682	511	381	693	819
	
High Count
	Northern Flicker	14	8	12	10	7	11	7	10	6	5	90	93	618	700	155	400	60	120	25	25	15	15	18	16	13	22	20	28	14	40	30	33	30	46	100	120	300	90	190	28	24	14	11	6	23	16	18	16
	# checklists reporting species - (Northern Flicker)	818	561	462	732	414	590	817	464	490	709	1309	3632	5884	13859	17787	28297	29629	25862	21910	18229	9582	9163	8904	11073	8692	6868	6427	8791	6575	5881	6585	10386	9203	9995	10536	11735	6648	4667	2574	2383	1352	829	649	721	560	423	750	888
	
Totals
	Northern Flicker	1061	673	573	899	498	704	935	547	550	825	1746	6066	13067	39611	43970	64903	59014	41528	33017	24800	12722	12391	11867	15191	12877	10992	10858	15111	10896	9870	11272	19234	17802	21222	25091	29409	16095	8917	4937	3516	1896	1181	886	931	794	584	1264	1296
	# checklists reporting species - (Northern Flicker)	807	558	462	723	405	582	805	452	479	698	1280	3567	5756	13547	17194	27421	28528	24476	20902	17439	9205	8812	8576	10645	8349	6633	6182	8521	6384	5695	6407	10095	8956	9730	10268	11471	6506	4573	2533	2352	1319	823	640	716	558	415	743	877
	
Average Count
	Northern Flicker	1.3147459727385378	1.2060931899641576	1.2402597402597402	1.2434301521438451	1.2296296296296296	1.2096219931271477	1.1614906832298137	1.2101769911504425	1.1482254697286012	1.1819484240687679	1.3640625	1.7005887300252314	2.2701528839471856	2.9239684062892155	2.5572874258462255	2.366908573720871	2.0686343241727427	1.6966824644549763	1.5796096067361975	1.4220998910487987	1.382074959261271	1.406150703586019	1.3837453358208955	1.4270549553781118	1.54234040004791	1.6571687019448214	1.7563895179553544	1.773383405703556	1.7067669172932332	1.733099209833187	1.7593257374746372	1.9052996532937096	1.9877177311299687	2.1810894141829396	2.443611219322166	2.5637695057100514	2.473870273593606	1.9499234638093155	1.9490722463482038	1.4948979591836735	1.4374526156178924	1.4349939246658565	1.384375	1.3002793296089385	1.4229390681003584	1.4072289156626505	1.7012113055181697	1.4777651083238312
	# checklists reporting species - (Northern Flicker)	807	558	462	723	405	582	805	452	479	698	1280	3567	5756	13547	17194	27421	28528	24476	20902	17439	9205	8812	8576	10645	8349	6633	6182	8521	6384	5695	6407	10095	8956	9730	10268	11471	6506	4573	2533	2352	1319	823	640	716	558	415	743	877
	
