

	Week starting on...	1/1	1/8	1/15	1/22	2/1	2/8	2/15	2/22	3/1	3/8	3/15	3/22	4/1	4/8	4/15	4/22	5/1	5/8	5/15	5/22	6/1	6/8	6/15	6/22	7/1	7/8	7/15	7/22	8/1	8/8	8/15	8/22	9/1	9/8	9/15	9/22	10/1	10/8	10/15	10/22	11/1	11/8	11/15	11/22	12/1	12/8	12/15	12/22
Frequency (%)
	Lesser Black-backed Gull	0.6227356962786116	0.6058148687003602	0.5288320290590529	0.4216108970201076	0.3039177764270321	0.19356446079840547	0.12097099384392053	0.2043696170502652	0.2207399587312251	0.15218821980914773	0.19689061426156731	0.2457712881306925	0.2123701207525976	0.29633423575034756	0.3449778487907619	0.28152047243063466	0.2735064280312579	0.36948665678280207	0.3173787343398651	0.23432200776962447	0.1412822859871851	0.051461506792918894	0.0789855691230467	0.0690672192044203	0.05901672995997126	0.10475096303304723	0.06744693513191828	0.11057869517139698	0.15728569823615324	0.20445164525710757	0.41876354553135214	0.3585171729725854	0.5727793435766888	0.6793145654834761	0.7993920972644376	0.9652416714808395	0.7934628138323069	0.7858657243816255	0.7644935230409854	0.814299900695134	0.8859545172394335	0.9404388714733543	1.088850174216028	1.6337719298245612	2.0151996511555472	1.1007862759113651	0.7131763288852262	0.6179107702279356
	Total # checklists submitted - (Lesser Black-backed Gull)	59897	41927	37441	52418	36194	52179	74398	41102	41678	48624	53837	76087	56976	54668	55076	76371	79340	86336	77825	81085	50254	48580	46844	53571	38972	29594	25205	35269	26703	25923	27223	41839	32997	32680	32900	41544	33776	35375	32963	45315	35442	32219	29848	36480	32106	27980	31549	46285
	
Abundance
	Lesser Black-backed Gull	0.01073509524684041	0.007799270160040069	0.009187788787692636	0.006505398908771796	0.004614024423937669	0.0022039517813679833	0.001680152692276674	0.002651939078390346	0.0028072364316905803	0.0017686739058900955	0.002841911696416962	0.003955997739429863	0.002878404942431901	0.0044267212994805	0.006808773331396616	0.004530515509813935	0.004272750189059743	0.0045519829503335805	0.004407324124638613	0.0031818462107664797	0.002069487006009472	6.792918896665294E-4	0.0010033302023738366	0.0011386757760728753	6.41486195217079E-4	0.003243900790700818	9.521920253917873E-4	0.0017579177181093878	0.002583979328165375	0.003278941480538518	0.008191602688902766	0.006070890795669113	0.011637421583780344	0.012851897184822521	0.019604863221884497	0.019449258617369534	0.019007579346281382	0.028607773851590107	0.02833479962382065	0.01950788921990511	0.018847694825348458	0.02144697228343524	0.021676494237469847	0.025575657894736842	0.034168068273842896	0.017512508934953538	0.011315731084978922	0.01008966187749811
	Total # checklists submitted - (Lesser Black-backed Gull)	59897	41927	37441	52418	36194	52179	74398	41102	41678	48624	53837	76087	56976	54668	55076	76371	79340	86336	77825	81085	50254	48580	46844	53571	38972	29594	25205	35269	26703	25923	27223	41839	32997	32680	32900	41544	33776	35375	32963	45315	35442	32219	29848	36480	32106	27980	31549	46285
	
Birds Per Party Hour
	Lesser Black-backed Gull	3.401484505185619	3.398222120458155	3.503911430490873	2.999206377655322	3.6260635951667832	2.503305638690063	2.7793112099602952	2.5726446300993655	2.4625045206934346	3.0926082820624163	3.1174327694897395	5.0234661467934245	3.171881429138418	3.618669761593338	4.265233803717504	3.757325598672073	3.326436528512433	1.7859601264895038	2.101316424210542	1.7375418141843415	1.7911836596567814	1.5420640971349797	1.6276259000200428	7.449072322924814	1.5204565329591335	2.6584790566878382	2.6182243738402944	2.4772603489302742	2.0151058525361645	5.026788654381957	2.868342855942155	2.7548592299456116	2.9935363040590968	2.448629638681672	4.9283679605622295	3.935162080211187	4.05485935852052	6.154568565615271	6.137889860555931	4.916659686386337	5.099731654844791	4.201218185287404	4.431673103516589	2.4450143240057507	2.940591270764481	2.4378223421300738	2.574076712511323	3.6806355317890107
	# checklists reporting species - (Lesser Black-backed Gull)	370	267	201	237	109	98	89	87	93	80	122	208	129	175	203	256	249	323	250	238	98	36	49	48	42	42	30	52	54	68	127	174	211	252	280	444	293	305	268	405	337	332	344	669	694	307	227	306
	
High Count
	Lesser Black-backed Gull	10	8	10	10	7	3	8	7	5	3	8	12	6	17	30	21	9	11	7	6	7	7	3	10	10	27	4	9	10	11	11	12	24	19	58	68	82	89	136	34	23	18	16	11	12	15	12	13
	# checklists reporting species - (Lesser Black-backed Gull)	416	295	237	266	136	120	110	102	108	93	132	220	143	186	219	283	279	403	301	254	106	40	55	51	45	43	36	57	60	69	133	185	219	280	311	478	321	335	292	441	374	350	369	733	783	345	257	342
	
Totals
	Lesser Black-backed Gull	689	381	398	397	194	143	147	128	135	109	193	348	194	285	467	460	414	475	406	344	160	65	68	84	61	111	53	96	90	118	247	300	427	497	725	926	733	1136	1000	989	763	776	732	1170	1305	553	410	557
	# checklists reporting species - (Lesser Black-backed Gull)	401	288	232	260	131	117	105	101	108	93	131	218	140	185	216	282	272	355	276	251	106	40	54	50	44	43	35	57	59	69	133	183	217	269	303	467	314	325	285	433	365	345	359	711	745	331	248	332
	
Average Count
	Lesser Black-backed Gull	1.7182044887780548	1.3229166666666667	1.7155172413793103	1.5269230769230768	1.4809160305343512	1.2222222222222223	1.4	1.2673267326732673	1.25	1.1720430107526882	1.4732824427480915	1.5963302752293578	1.3857142857142857	1.5405405405405406	2.162037037037037	1.6312056737588652	1.5220588235294117	1.3380281690140845	1.4710144927536233	1.3705179282868525	1.509433962264151	1.625	1.2592592592592593	1.68	1.3863636363636365	2.5813953488372094	1.5142857142857142	1.6842105263157894	1.5254237288135593	1.710144927536232	1.8571428571428572	1.639344262295082	1.967741935483871	1.8475836431226766	2.392739273927393	1.9828693790149894	2.3343949044585988	3.4953846153846153	3.508771929824561	2.284064665127021	2.0904109589041098	2.2492753623188406	2.0389972144846795	1.6455696202531647	1.7516778523489933	1.6706948640483383	1.653225806451613	1.677710843373494
	# checklists reporting species - (Lesser Black-backed Gull)	401	288	232	260	131	117	105	101	108	93	131	218	140	185	216	282	272	355	276	251	106	40	54	50	44	43	35	57	59	69	133	183	217	269	303	467	314	325	285	433	365	345	359	711	745	331	248	332
	
