

	Week starting on...	1/1	1/8	1/15	1/22	2/1	2/8	2/15	2/22	3/1	3/8	3/15	3/22	4/1	4/8	4/15	4/22	5/1	5/8	5/15	5/22	6/1	6/8	6/15	6/22	7/1	7/8	7/15	7/22	8/1	8/8	8/15	8/22	9/1	9/8	9/15	9/22	10/1	10/8	10/15	10/22	11/1	11/8	11/15	11/22	12/1	12/8	12/15	12/22
Frequency (%)
	Curlew Sandpiper	0.0	0.0	0.0	0.0	0.0	0.0	0.0	0.0	0.0	0.0	0.0	0.0	0.0	0.0	0.0	0.0	0.0	0.0	0.0	0.012332737251032866	0.0	0.0	0.0	0.0	0.0	0.0	0.003967466772465781	0.0	0.0	0.0038575782123982565	0.0	0.0	0.0	0.0	0.1702127659574468	0.0	0.0059213642823306495	0.025441696113074203	0.0	0.0	0.0	0.0	0.0	0.0	0.0	0.0	0.0	0.0
	Total # checklists submitted - (Curlew Sandpiper)	59897	41927	37441	52418	36194	52179	74398	41102	41678	48624	53837	76087	56976	54668	55076	76371	79340	86336	77825	81085	50254	48580	46844	53571	38972	29594	25205	35269	26703	25923	27223	41839	32997	32680	32900	41544	33776	35375	32963	45315	35442	32219	29848	36480	32106	27980	31549	46285
	
Abundance
	Curlew Sandpiper	0.0	0.0	0.0	0.0	0.0	0.0	0.0	0.0	0.0	0.0	0.0	0.0	0.0	0.0	0.0	0.0	0.0	0.0	0.0	1.109946352592958E-4	0.0	0.0	0.0	0.0	0.0	0.0	3.9674667724657806E-5	0.0	0.0	3.8575782123982566E-5	0.0	0.0	0.0	0.0	0.001702127659574468	0.0	5.921364282330649E-5	2.5441696113074204E-4	0.0	0.0	0.0	0.0	0.0	0.0	0.0	0.0	0.0	0.0
	Total # checklists submitted - (Curlew Sandpiper)	59897	41927	37441	52418	36194	52179	74398	41102	41678	48624	53837	76087	56976	54668	55076	76371	79340	86336	77825	81085	50254	48580	46844	53571	38972	29594	25205	35269	26703	25923	27223	41839	32997	32680	32900	41544	33776	35375	32963	45315	35442	32219	29848	36480	32106	27980	31549	46285
	
Birds Per Party Hour
	Curlew Sandpiper	0.0	0.0	0.0	0.0	0.0	0.0	0.0	0.0	0.0	0.0	0.0	0.0	0.0	0.0	0.0	0.0	0.0	0.0	0.0	0.6445929212963963	0.0	0.0	0.0	0.0	0.0	0.0	0.041666666666666664	0.0	0.0	0.08333333333333333	0.0	0.0	0.0	0.0	1.9334053541152256	0.0	0.5416666666666666	1.0380952380952382	0.0	0.0	0.0	0.0	0.0	0.0	0.0	0.0	0.0	0.0
	# checklists reporting species - (Curlew Sandpiper)	0.0	0.0	0.0	0.0	0.0	0.0	0.0	0.0	0.0	0.0	0.0	0.0	0.0	0.0	0.0	0.0	0.0	0.0	1	17	0.0	0.0	0.0	0.0	0.0	0.0	3	0.0	0.0	1	0	0.0	0.0	1	60	0	4	7	0.0	0.0	0.0	0.0	0.0	0.0	0.0	0.0	0.0	0.0
	
High Count
	Curlew Sandpiper	0.0	0.0	0.0	0.0	0.0	0.0	0.0	0.0	0.0	0.0	0.0	0.0	0.0	0.0	0.0	0.0	0.0	0.0	1	1	0.0	0.0	0.0	0.0	0.0	0.0	1	0.0	0.0	1	1	0.0	0.0	1	1	1	1	1	0.0	0.0	0.0	0.0	0.0	0.0	0.0	0.0	0.0	0.0
	# checklists reporting species - (Curlew Sandpiper)	0.0	0.0	0.0	0.0	0.0	0.0	0.0	0.0	0.0	0.0	0.0	0.0	0.0	0.0	0.0	0.0	0.0	0.0	6	34	0.0	0.0	0.0	0.0	0.0	0.0	5	0.0	0.0	1	1	0.0	0.0	1	60	3	13	21	0.0	0.0	0.0	0.0	0.0	0.0	0.0	0.0	0.0	0.0
	
Totals
	Curlew Sandpiper	0.0	0.0	0.0	0.0	0.0	0.0	0.0	0.0	0.0	0.0	0.0	0.0	0.0	0.0	0.0	0.0	0.0	0.0	6	31	0.0	0.0	0.0	0.0	0.0	0.0	5	0.0	0.0	1	1	0.0	0.0	1	60	3	12	21	0.0	0.0	0.0	0.0	0.0	0.0	0.0	0.0	0.0	0.0
	# checklists reporting species - (Curlew Sandpiper)	0.0	0.0	0.0	0.0	0.0	0.0	0.0	0.0	0.0	0.0	0.0	0.0	0.0	0.0	0.0	0.0	0.0	0.0	6	31	0.0	0.0	0.0	0.0	0.0	0.0	5	0.0	0.0	1	1	0.0	0.0	1	60	3	12	21	0.0	0.0	0.0	0.0	0.0	0.0	0.0	0.0	0.0	0.0
	
Average Count
	Curlew Sandpiper	0.0	0.0	0.0	0.0	0.0	0.0	0.0	0.0	0.0	0.0	0.0	0.0	0.0	0.0	0.0	0.0	0.0	0.0	1.0	1.0	0.0	0.0	0.0	0.0	0.0	0.0	1.0	0.0	0.0	1.0	1.0	0.0	0.0	1.0	1.0	1.0	1.0	1.0	0.0	0.0	0.0	0.0	0.0	0.0	0.0	0.0	0.0	0.0
	# checklists reporting species - (Curlew Sandpiper)	0.0	0.0	0.0	0.0	0.0	0.0	0.0	0.0	0.0	0.0	0.0	0.0	0.0	0.0	0.0	0.0	0.0	0.0	6	31	0.0	0.0	0.0	0.0	0.0	0.0	5	0.0	0.0	1	1	0.0	0.0	1	60	3	12	21	0.0	0.0	0.0	0.0	0.0	0.0	0.0	0.0	0.0	0.0
	
