

	Week starting on...	1/1	1/8	1/15	1/22	2/1	2/8	2/15	2/22	3/1	3/8	3/15	3/22	4/1	4/8	4/15	4/22	5/1	5/8	5/15	5/22	6/1	6/8	6/15	6/22	7/1	7/8	7/15	7/22	8/1	8/8	8/15	8/22	9/1	9/8	9/15	9/22	10/1	10/8	10/15	10/22	11/1	11/8	11/15	11/22	12/1	12/8	12/15	12/22
Frequency (%)
	American Woodcock	0.0016695326977978864	0.0	0.005341737667263161	0.0	0.005525777753218766	0.0	0.0	0.16057612768235122	0.1775517059359854	0.7506581112207964	1.5565503278414474	2.2658272766701275	2.390480202190396	2.5042072144581837	2.245987362916697	1.9588587290987416	2.0191580539450467	2.152057079318013	2.0314808866045615	1.5933896528334461	1.0108648067815498	0.6813503499382462	0.5016651011869183	0.43307013122771654	0.4490403366519552	0.4426572953977158	0.4919658797857568	0.41963197141966035	0.48683668501666477	0.451336650850596	0.4738640120486353	0.44217117999952193	0.3697305815680213	0.30599755201958384	0.4316109422492402	0.5199306759098787	0.4796305068687826	0.5681978798586572	0.7341564784758668	0.6399646916032219	0.40065459059872466	0.2172631056209069	0.0737067810238542	0.0356359649122807	0.015573413069208246	0.017869907076483203	0.0348663983010555	0.004321054337258291
	Total # checklists submitted - (American Woodcock)	59897	41927	37441	52418	36194	52179	74398	41102	41678	48624	53837	76087	56976	54668	55076	76371	79340	86336	77825	81085	50254	48580	46844	53571	38972	29594	25205	35269	26703	25923	27223	41839	32997	32680	32900	41544	33776	35375	32963	45315	35442	32219	29848	36480	32106	27980	31549	46285
	
Abundance
	American Woodcock	1.6695326977978864E-5	0.0	5.341737667263161E-5	0.0	5.525777753218766E-5	0.0	0.0	0.0025059607804972994	0.0028312299054657135	0.014499012833168805	0.03257982428441406	0.05253196998173144	0.04952962650940747	0.05127313967952001	0.045972837533589946	0.038286784250566315	0.04360978069069826	0.042079781319495926	0.03947317699967877	0.028315964728371463	0.015481354718032395	0.010065870728694935	0.007492955341132269	0.006160049280394243	0.005876013548188443	0.005845779549908765	0.006427296171394564	0.005273753154328164	0.007040407444856383	0.006403579832581106	0.00646512140469456	0.005329955304859103	0.0047580083037851925	0.0035801713586291308	0.006261398176291793	0.00743789716926632	0.00692799621032686	0.008056537102473497	0.009768528349968147	0.008672624958622973	0.005868743298910897	0.002607157267450883	8.375770570892522E-4	3.837719298245614E-4	1.8688095683049897E-4	1.7869907076483203E-4	5.071476116517164E-4	4.321054337258291E-5
	Total # checklists submitted - (American Woodcock)	59897	41927	37441	52418	36194	52179	74398	41102	41678	48624	53837	76087	56976	54668	55076	76371	79340	86336	77825	81085	50254	48580	46844	53571	38972	29594	25205	35269	26703	25923	27223	41839	32997	32680	32900	41544	33776	35375	32963	45315	35442	32219	29848	36480	32106	27980	31549	46285
	
Birds Per Party Hour
	American Woodcock	0.49975012493753124	0.0	0.2719298245614035	1.0	6.190763052208835	0.0	0.0	8.629554902794892	7.6176416834770055	6.809384550589611	6.844086184973211	7.043332623472787	6.353094068987941	7.204575010669537	5.589157650427605	5.060436961078009	5.103678122148183	4.637806336917775	4.6128027126245	4.75079224275692	3.7463977395586774	1.9254391446076302	4.512658597785329	2.9491478082386235	3.7676057203833704	2.982203220382291	3.8316527545905377	1.9476545354563621	2.098909378952867	1.34014394406405	1.0919876084994227	1.1205612279116037	1.263756499478073	0.7701604038097845	1.6373956768028497	1.160194041176668	1.5491270527149832	2.1600859433158868	1.6386085284329535	1.2593312967916026	1.308687601384463	1.3796492615470168	0.95704340157999	2.0859884511359734	0.748664747524125	0.3733101311111003	0.41734749039953983	0.09845433345539345
	# checklists reporting species - (American Woodcock)	3	0.0	2	1	2	0.0	0	78	86	425	1023	2067	1569	1558	1409	1725	1746	1924	1654	1390	571	373	253	260	205	136	144	168	146	142	150	191	139	105	161	244	188	228	272	329	164	78	31	16	6	6	11	2
	
High Count
	American Woodcock	1	0.0	1	1	1	0.0	1	8	6	12	12	34	29	21	28	29	37	30	28	15	8	30	8	8	11	9	4	5	6	5	5	5	5	6	7	6	8	10	8	6	30	7	3	2	2	1	5	1
	# checklists reporting species - (American Woodcock)	3	0.0	2	2	2	0.0	2	90	94	503	1166	2299	1804	1945	1843	1998	2066	2328	1951	1608	663	427	319	351	271	198	166	206	167	178	169	234	165	130	181	273	217	263	303	380	199	86	38	20	9	9	13	2
	
Totals
	American Woodcock	3	0.0	2	2	2	0.0	2	149	151	905	2262	4971	3488	3687	3385	3720	4193	4333	3617	2711	969	622	470	493	347	251	218	249	239	236	226	279	201	151	253	377	299	354	405	497	307	102	42	21	10	9	18	2
	# checklists reporting species - (American Woodcock)	3	0.0	2	2	2	0.0	2	90	92	497	1141	2246	1763	1891	1793	1926	1937	2087	1818	1531	632	413	305	339	263	188	162	194	164	170	166	227	161	124	176	271	211	250	300	373	196	86	37	20	9	9	13	2
	
Average Count
	American Woodcock	1.0	0.0	1.0	1.0	1.0	0.0	1.0	1.6555555555555554	1.641304347826087	1.8209255533199196	1.9824715162138475	2.21326803205699	1.9784458309699375	1.9497620306716024	1.8878973786949247	1.9314641744548287	2.1646876613319566	2.0761859127934836	1.9895489548954894	1.7707380796864793	1.5332278481012658	1.5060532687651331	1.540983606557377	1.4542772861356932	1.3193916349809887	1.3351063829787233	1.345679012345679	1.2835051546391754	1.4573170731707317	1.388235294117647	1.3614457831325302	1.2290748898678414	1.2484472049689441	1.217741935483871	1.4375	1.3911439114391144	1.4170616113744077	1.416	1.35	1.3324396782841823	1.566326530612245	1.186046511627907	1.135135135135135	1.05	1.1111111111111112	1.0	1.3846153846153846	1.0
	# checklists reporting species - (American Woodcock)	3	0.0	2	2	2	0.0	2	90	92	497	1141	2246	1763	1891	1793	1926	1937	2087	1818	1531	632	413	305	339	263	188	162	194	164	170	166	227	161	124	176	271	211	250	300	373	196	86	37	20	9	9	13	2
	
