

	Week starting on...	1/1	1/8	1/15	1/22	2/1	2/8	2/15	2/22	3/1	3/8	3/15	3/22	4/1	4/8	4/15	4/22	5/1	5/8	5/15	5/22	6/1	6/8	6/15	6/22	7/1	7/8	7/15	7/22	8/1	8/8	8/15	8/22	9/1	9/8	9/15	9/22	10/1	10/8	10/15	10/22	11/1	11/8	11/15	11/22	12/1	12/8	12/15	12/22
Frequency (%)
	Northern Pintail	1.205402607810074	1.1209960168864932	0.7932480435885794	0.9195314586592392	0.8288666629828148	0.5615285842963644	0.5201752735288583	2.1653447520801907	1.986659628581026	4.030931227377427	4.4634730761372285	4.4987974292586115	4.092951418140971	3.17004463305773	2.4765778197399957	2.688193162326014	1.5754978573229141	0.7459229058561898	0.5062640539672342	0.24048837639514092	0.1810801130258288	0.2573075339645945	0.19212706002903254	0.15306789120979636	0.14112696294775737	0.14529972291680746	0.5118032136480857	0.5670702316481896	0.741489720256151	0.8486672067276164	0.8852808287110164	0.7743970936207845	1.272842985725975	1.6493268053855568	2.069908814589666	2.8162911611785093	3.1264803410705824	3.2819787985865725	3.87707429542214	3.4381551362683433	3.134698944754811	2.3805828858747944	1.5645939426427231	1.2362938596491229	1.3580016196349591	1.0471765546819156	0.9952771878664933	1.0003240790752943
	Total # checklists submitted - (Northern Pintail)	59897	41927	37441	52418	36194	52179	74398	41102	41678	48624	53837	76087	56976	54668	55076	76371	79340	86336	77825	81085	50254	48580	46844	53571	38972	29594	25205	35269	26703	25923	27223	41839	32997	32680	32900	41544	33776	35375	32963	45315	35442	32219	29848	36480	32106	27980	31549	46285
	
Abundance
	Northern Pintail	0.026428702606140542	0.016910344169628163	0.011938783686333164	0.03674310351406006	0.016328673260761453	0.011958834013683665	0.026869001854888573	0.29572770181499686	0.19576275253131148	0.6920862125699243	1.1400895295057303	1.1810953250883858	0.8125526537489469	0.8910697300065852	0.5122194785387465	0.5616267955113852	0.1633728258129569	0.021578484062268345	0.01405717956954706	0.003860146759573287	0.002964938114378955	0.008233841086867023	0.007578345145589617	0.006645386496425305	0.008031407164117828	0.0043927823207406905	0.05510811346954969	0.06025121211262015	0.1305471295360072	0.20356440226825598	0.42868162950446315	1.2818423002461818	2.418735036518471	1.4097307221542228	0.12951367781155015	0.20070286924706335	0.19860255802936996	0.23279151943462897	0.29924460759032856	0.6159108462981353	0.4064104734495796	0.1911915329463981	0.10412757973733583	0.07050438596491228	0.05410203700242945	0.02934238741958542	0.04992234302196583	0.031133196499945986
	Total # checklists submitted - (Northern Pintail)	59897	41927	37441	52418	36194	52179	74398	41102	41678	48624	53837	76087	56976	54668	55076	76371	79340	86336	77825	81085	50254	48580	46844	53571	38972	29594	25205	35269	26703	25923	27223	41839	32997	32680	32900	41544	33776	35375	32963	45315	35442	32219	29848	36480	32106	27980	31549	46285
	
Birds Per Party Hour
	Northern Pintail	3.8944804679515297	4.007094651064775	3.9994816054759528	7.252752746576099	7.803286642213098	5.672589418738352	10.161464410793059	34.76618187062552	24.10511553428074	39.75301342221693	53.39497132981653	59.006130841641124	47.940429016892715	47.076514848212284	47.64177402138891	53.9566975662087	38.740900093964754	4.597924021945467	3.5964689984564853	2.2565930837997388	2.204173296938436	8.923974534951636	6.269114945452214	10.126993072764993	21.323072624978746	5.94696519164819	2.4437663319149285	1.7488696801540318	2.4295903898294475	3.570339055177297	7.881873157216343	23.44956221831255	23.8537137117382	13.530833232782692	3.964296007046206	5.024217179741975	5.122923958916891	7.7535187406630115	7.993279386719757	8.670355909828544	10.378503456697631	9.426420175969294	6.876349276851277	8.05108586763701	6.837498485994335	6.927506052396838	5.8269658703056475	3.711378281428116
	# checklists reporting species - (Northern Pintail)	759	500	316	504	315	325	414	907	859	1969	2409	3380	2284	1701	1337	2055	1243	636	405	199	86	126	86	80	49	42	127	199	196	221	248	322	436	539	674	1161	1035	1157	1264	1559	1125	773	467	473	456	313	324	506
	
High Count
	Northern Pintail	200	49	15	400	55	120	185	300	250	1000	2400	5200	1800	1500	650	1285	900	100	136	10	8	37	100	30	32	20	90	120	225	263	573	2722	8057	8108	780	300	200	230	350	6600	3755	300	125	150	186	55	150	320
	# checklists reporting species - (Northern Pintail)	825	534	335	544	333	347	437	978	909	2102	2613	3700	2518	1898	1513	2269	1394	748	454	237	102	140	103	101	65	50	133	211	206	231	259	346	462	578	731	1269	1129	1236	1368	1699	1222	830	513	513	500	342	350	545
	
Totals
	Northern Pintail	1795	941	523	2157	661	1028	2149	13246	8818	38974	65793	94873	50987	53348	30469	45947	14080	2061	1195	372	162	422	494	391	337	160	1407	2157	3498	5302	11697	53729	80015	46270	4858	9284	7125	9130	10334	28774	15074	6495	3427	2856	1995	976	1617	2325
	# checklists reporting species - (Northern Pintail)	798	525	329	537	327	346	433	946	890	2049	2490	3532	2381	1786	1411	2121	1288	658	422	215	92	129	90	87	60	48	132	207	203	231	256	339	452	563	710	1221	1077	1190	1310	1611	1164	796	495	498	487	338	347	539
	
Average Count
	Northern Pintail	2.2493734335839597	1.7923809523809524	1.5896656534954408	4.016759776536313	2.021406727828746	2.9710982658959537	4.963048498845265	14.002114164904862	9.907865168539326	19.020985846754513	26.42289156626506	26.860985277463193	21.414111717765646	29.87010078387458	21.593905031892277	21.662894860914662	10.93167701863354	3.1322188449848025	2.8317535545023698	1.7302325581395348	1.7608695652173914	3.2713178294573644	5.488888888888889	4.494252873563219	5.616666666666666	3.3333333333333335	10.659090909090908	10.420289855072463	17.23152709359606	22.952380952380953	45.69140625	158.49262536873155	177.02433628318585	82.1847246891652	6.842253521126761	7.603603603603603	6.6155988857938715	7.6722689075630255	7.888549618320611	17.860955927995033	12.950171821305842	8.159547738693467	6.923232323232323	5.734939759036145	4.096509240246407	2.8875739644970415	4.659942363112392	4.313543599257885
	# checklists reporting species - (Northern Pintail)	798	525	329	537	327	346	433	946	890	2049	2490	3532	2381	1786	1411	2121	1288	658	422	215	92	129	90	87	60	48	132	207	203	231	256	339	452	563	710	1221	1077	1190	1310	1611	1164	796	495	498	487	338	347	539
	
