

	Week starting on...	1/1	1/8	1/15	1/22	2/1	2/8	2/15	2/22	3/1	3/8	3/15	3/22	4/1	4/8	4/15	4/22	5/1	5/8	5/15	5/22	6/1	6/8	6/15	6/22	7/1	7/8	7/15	7/22	8/1	8/8	8/15	8/22	9/1	9/8	9/15	9/22	10/1	10/8	10/15	10/22	11/1	11/8	11/15	11/22	12/1	12/8	12/15	12/22
Frequency (%)
	Northern Mockingbird	1.1987244770188823	1.135306604336108	1.2152453193023691	1.020641764279446	1.002928662209206	0.7474271258552291	0.6492110002957069	0.717726631307479	0.8517683190172274	0.9090161237249095	0.947303898805654	0.923942329175812	1.058340353833193	1.163386258871735	1.1529522841164934	1.2125021277710126	1.3990420973027475	1.3030485544848036	1.211692900738837	1.174076586298329	0.8337644764595854	0.6257719226018938	0.6062676116471692	0.6813387840436056	0.5901672995997126	0.6758126647293371	0.8292005554453481	0.7428620034591285	0.6553570759839719	0.5632064190101455	0.6869191492487969	0.5473362174048136	0.3970057884050065	0.38861689106487146	0.4012158054711246	0.5223377623724245	0.6010184746565609	0.7491166077738516	0.8160664988016868	0.8518150722718746	0.925455674059026	1.027344113721717	0.9682390779951755	0.9649122807017544	0.9655516102909113	1.4581844174410294	1.7464895876255981	1.2703899751539376
	Total # checklists submitted - (Northern Mockingbird)	59897	41927	37441	52418	36194	52179	74398	41102	41678	48624	53837	76087	56976	54668	55076	76371	79340	86336	77825	81085	50254	48580	46844	53571	38972	29594	25205	35269	26703	25923	27223	41839	32997	32680	32900	41544	33776	35375	32963	45315	35442	32219	29848	36480	32106	27980	31549	46285
	
Abundance
	Northern Mockingbird	0.015259528857872682	0.012831826746487944	0.013354344168157901	0.011179365866687016	0.010664751063712218	0.008145039192012113	0.007285142073711659	0.008101795533064084	0.0092614808772014	0.0103035538005923	0.011274773854412393	0.010685136751350428	0.013163437236731254	0.014944757444940367	0.014180405258188684	0.015594924775110972	0.017002772876228887	0.014733135656041512	0.01405717956954706	0.013812665721156811	0.010267839375970072	0.00784273363524084	0.008240116130134062	0.00953874297661048	0.008108385507543878	0.009731702372102453	0.01102955762745487	0.01034903172757946	0.009025203160693555	0.007715156424796513	0.010065018550490395	0.008484906427017854	0.005818710791890172	0.005936352509179926	0.005227963525835867	0.006908338147506258	0.008319516816674562	0.009554770318021202	0.01070897673148682	0.010570451285446321	0.011991422605947745	0.011763245290046246	0.01125703564727955	0.010361842105263157	0.011430885192798853	0.019406719085060756	0.02399442137627183	0.01691692773036621
	Total # checklists submitted - (Northern Mockingbird)	59897	41927	37441	52418	36194	52179	74398	41102	41678	48624	53837	76087	56976	54668	55076	76371	79340	86336	77825	81085	50254	48580	46844	53571	38972	29594	25205	35269	26703	25923	27223	41839	32997	32680	32900	41544	33776	35375	32963	45315	35442	32219	29848	36480	32106	27980	31549	46285
	
Birds Per Party Hour
	Northern Mockingbird	3.571816681836262	3.4179148848445355	2.8388307218400817	2.7380377092156616	2.8444551028617946	2.297393995381611	2.444869369914614	3.4194812113752797	2.2615253842827134	2.2694445693419167	2.4174129284524253	2.5030358707878033	2.5377277447644784	2.167700586535446	2.2143827014398383	2.3290544587351563	1.3495403913111974	1.4854193425110653	1.600970156131342	1.7095474738165335	3.2768933820274	3.181739578132921	4.418080732972904	5.973289857488052	3.7226759759364283	2.9213272907860444	2.847668470747601	2.5746858050772885	2.326611678210515	2.1784459932994964	2.932609268823499	2.443064760494259	2.3253450579415165	1.6393422945751697	1.2458472826187068	1.5838631182000666	1.6762507970170375	1.5730295940904375	1.6320705171817294	1.4389784097391796	1.3900430987435402	1.6842078244123777	1.9165266487313224	1.7466134260262882	3.2154080351752725	2.269388220329333	1.7808311738679927	1.9312045698768223
	# checklists reporting species - (Northern Mockingbird)	769	529	484	592	388	417	528	325	390	477	551	732	646	686	678	994	1172	1177	980	1069	475	364	321	412	282	234	219	298	204	160	196	255	149	145	148	237	227	272	311	429	357	364	317	399	340	428	580	636
	
High Count
	Northern Mockingbird	9	3	4	5	3	5	4	5	4	5	5	5	5	9	13	6	8	5	7	5	7	6	11	5	7	10	8	9	5	4	8	7	5	7	5	6	6	6	4	5	71	7	5	3	4	8	10	28
	# checklists reporting species - (Northern Mockingbird)	865	579	545	659	432	471	578	367	424	512	612	828	717	756	763	1108	1315	1388	1128	1193	547	427	410	484	333	290	266	329	229	184	227	287	164	165	172	253	248	308	326	464	406	396	349	444	389	473	635	694
	
Totals
	Northern Mockingbird	1068	643	591	715	458	509	634	398	450	573	721	945	869	939	932	1395	1553	1514	1278	1369	645	538	534	648	431	376	336	456	307	245	339	434	233	250	222	328	330	384	417	569	694	447	390	474	449	616	868	1020
	# checklists reporting species - (Northern Mockingbird)	838	576	537	647	425	461	569	357	416	504	599	801	698	735	745	1073	1261	1275	1062	1153	525	416	401	471	323	278	254	325	220	179	214	277	162	160	161	250	239	298	323	455	393	386	339	436	383	461	622	683
	
Average Count
	Northern Mockingbird	1.2744630071599046	1.1163194444444444	1.100558659217877	1.1051004636785162	1.0776470588235294	1.1041214750542299	1.1142355008787346	1.1148459383753502	1.0817307692307692	1.1369047619047619	1.2036727879799667	1.1797752808988764	1.2449856733524356	1.2775510204081633	1.251006711409396	1.3000931966449207	1.231562252180809	1.187450980392157	1.2033898305084745	1.1873373807458802	1.2285714285714286	1.2932692307692308	1.3316708229426435	1.375796178343949	1.3343653250773995	1.3525179856115108	1.3228346456692914	1.403076923076923	1.3954545454545455	1.3687150837988826	1.5841121495327102	1.5667870036101084	1.4382716049382716	1.5625	1.3788819875776397	1.312	1.3807531380753137	1.2885906040268456	1.2910216718266254	1.2505494505494505	1.7659033078880406	1.1580310880829014	1.1504424778761062	1.0871559633027523	1.1723237597911227	1.3362255965292842	1.3954983922829582	1.493411420204978
	# checklists reporting species - (Northern Mockingbird)	838	576	537	647	425	461	569	357	416	504	599	801	698	735	745	1073	1261	1275	1062	1153	525	416	401	471	323	278	254	325	220	179	214	277	162	160	161	250	239	298	323	455	393	386	339	436	383	461	622	683
	
