

	Week starting on...	1/1	1/8	1/15	1/22	2/1	2/8	2/15	2/22	3/1	3/8	3/15	3/22	4/1	4/8	4/15	4/22	5/1	5/8	5/15	5/22	6/1	6/8	6/15	6/22	7/1	7/8	7/15	7/22	8/1	8/8	8/15	8/22	9/1	9/8	9/15	9/22	10/1	10/8	10/15	10/22	11/1	11/8	11/15	11/22	12/1	12/8	12/15	12/22
Frequency (%)
	Tufted Titmouse	1.040118870728083	1.0327473942805352	1.1057396971234743	1.0435346636651532	1.0498977731115653	0.9371586270338641	0.8817441329067985	0.9877864824096151	0.8469696242622007	0.8863935505100362	0.8209967122982337	0.739942434318609	0.8143779837124403	1.002414575254262	0.9332558646234295	1.1378664676382397	1.3448449710108394	1.5462842846553002	1.2733697398008352	0.7374976876117654	0.5233414255581645	0.421984355701935	0.43121851250960636	0.3341360064213847	0.3387047110746177	0.39197134554301544	0.5475104146002777	0.4394794295273469	0.5093060704789724	0.47062454191258724	0.5289644785659184	0.5807978202155883	0.7182471133739431	0.737454100367197	0.6808510638297872	0.8448873483535528	0.8319516816674563	0.8537102473498234	0.7402238873888906	0.8650557210636656	0.9395632300660234	0.8597411465284459	0.8107745912623963	1.0471491228070176	1.2116115367844016	0.9864188706218727	1.0491616216044881	1.097547801663606
	Total # checklists submitted - (Tufted Titmouse)	59897	41927	37441	52418	36194	52179	74398	41102	41678	48624	53837	76087	56976	54668	55076	76371	79340	86336	77825	81085	50254	48580	46844	53571	38972	29594	25205	35269	26703	25923	27223	41839	32997	32680	32900	41544	33776	35375	32963	45315	35442	32219	29848	36480	32106	27980	31549	46285
	
Abundance
	Tufted Titmouse	0.026645741856854265	0.02656999069811816	0.024465158516065275	0.023007363882635735	0.02613692877272476	0.019778071638015295	0.01905965214118659	0.02228602014500511	0.017491242382072076	0.01826258637709773	0.01746011107602578	0.013813134963922878	0.017182673406346532	0.019298309797322017	0.018356452901445275	0.021670529389427925	0.02263675321401563	0.024393068939955524	0.020584645036941858	0.013405685391872726	0.008874915429617544	0.008192671881432688	0.008901887114678507	0.006738720576431278	0.007287283177666017	0.008109751976752044	0.014719301725848045	0.010263971192832233	0.012620304834662772	0.012691432318790264	0.012305770855526577	0.012572002198905327	0.016728793526684244	0.015605875152998777	0.015197568389057751	0.01985846331600231	0.01844504973945997	0.018770318021201413	0.016958407911901223	0.01884585678031557	0.02228993849105581	0.018653589496880722	0.021709997319753416	0.023547149122807018	0.027440353827944932	0.023266619013581128	0.02424799518209769	0.03368261855892838
	Total # checklists submitted - (Tufted Titmouse)	59897	41927	37441	52418	36194	52179	74398	41102	41678	48624	53837	76087	56976	54668	55076	76371	79340	86336	77825	81085	50254	48580	46844	53571	38972	29594	25205	35269	26703	25923	27223	41839	32997	32680	32900	41544	33776	35375	32963	45315	35442	32219	29848	36480	32106	27980	31549	46285
	
Birds Per Party Hour
	Tufted Titmouse	4.045084636926266	4.897227269348975	4.002629729660334	4.363080180827876	4.61928950182635	3.6559231670562307	3.3634367967716785	3.1109216133143263	2.855711579548569	2.5605082906638055	2.997866041379278	3.111904393261233	1.9016551465476546	1.6209053589908995	1.7076177427070627	1.9061748852649598	1.2997646387490205	1.1601844387814113	1.148263311917769	1.2715311568771444	1.6973591835714195	2.069632600019745	1.7876461220165478	2.5215987697433957	2.1386990791568965	1.9447666027731072	2.930568772770314	1.7920765467780968	2.7195290794968927	2.1778803982824355	1.9573476483579457	2.060357200308193	1.7805849632260304	1.706340956302267	1.7805782397954495	1.8130258767774705	1.8734132170314377	1.5679082508460178	2.408055832724104	2.509876654794321	2.87069948647728	3.14290926759973	4.758349138284478	3.703640924387715	3.2986762452611744	3.447078495766651	2.406613114813195	3.4116844149958268
	# checklists reporting species - (Tufted Titmouse)	638	456	432	575	395	514	667	412	364	447	462	578	502	567	539	912	1105	1323	997	617	267	214	211	190	139	125	143	163	142	131	160	249	254	249	248	378	301	321	265	434	355	314	270	422	405	298	355	534
	
High Count
	Tufted Titmouse	20	25	15	20	21	16	32	20	13	15	30	14	18	12	10	20	12	9	9	14	12	37	21	26	10	7	21	15	15	14	18	15	12	10	14	23	14	20	15	21	18	11	15	11	12	15	16	41
	# checklists reporting species - (Tufted Titmouse)	679	473	459	600	427	523	685	430	382	465	482	602	531	609	562	944	1182	1467	1072	639	283	225	218	200	148	132	153	175	149	137	166	264	266	258	255	396	320	344	281	458	401	321	284	456	448	307	364	566
	
Totals
	Tufted Titmouse	1695	1163	1005	1292	1016	1077	1461	943	765	975	989	1118	1064	1143	1070	1759	1942	2246	1685	1137	474	415	439	385	323	270	414	390	361	355	372	564	603	543	554	895	694	723	618	952	895	667	717	965	979	704	807	1632
	# checklists reporting species - (Tufted Titmouse)	665	466	453	591	419	520	679	422	374	457	472	594	520	593	547	927	1131	1349	1023	623	275	218	214	192	144	129	153	172	146	136	165	255	263	253	252	388	314	338	280	452	391	320	282	448	441	306	360	556
	
Average Count
	Tufted Titmouse	2.5488721804511276	2.495708154506438	2.218543046357616	2.186125211505922	2.424821002386635	2.0711538461538463	2.1516936671575846	2.234597156398104	2.0454545454545454	2.1334792122538295	2.0953389830508473	1.8821548821548821	2.046153846153846	1.9274873524451939	1.9561243144424132	1.8975188781014023	1.7170645446507515	1.664936990363232	1.6471163245356795	1.825040128410915	1.7236363636363636	1.9036697247706422	2.0514018691588785	2.0052083333333335	2.2430555555555554	2.0930232558139537	2.7058823529411766	2.2674418604651163	2.4726027397260273	2.610294117647059	2.2545454545454544	2.211764705882353	2.2927756653992395	2.1462450592885376	2.1984126984126986	2.306701030927835	2.210191082802548	2.13905325443787	2.2071428571428573	2.106194690265487	2.289002557544757	2.084375	2.5425531914893615	2.154017857142857	2.2199546485260773	2.3006535947712417	2.2416666666666667	2.935251798561151
	# checklists reporting species - (Tufted Titmouse)	665	466	453	591	419	520	679	422	374	457	472	594	520	593	547	927	1131	1349	1023	623	275	218	214	192	144	129	153	172	146	136	165	255	263	253	252	388	314	338	280	452	391	320	282	448	441	306	360	556
	
