

	Week starting on...	1/1	1/8	1/15	1/22	2/1	2/8	2/15	2/22	3/1	3/8	3/15	3/22	4/1	4/8	4/15	4/22	5/1	5/8	5/15	5/22	6/1	6/8	6/15	6/22	7/1	7/8	7/15	7/22	8/1	8/8	8/15	8/22	9/1	9/8	9/15	9/22	10/1	10/8	10/15	10/22	11/1	11/8	11/15	11/22	12/1	12/8	12/15	12/22
Frequency (%)
	Greater Yellowlegs	0.0	0.0	0.0	0.0	0.0	0.0	0.0013441221538213392	0.0	0.0023993473775133166	0.002056597564988483	0.018574586251091256	0.13405706625310498	0.6072732378545352	1.574961586302773	2.941390079163338	5.56886776394181	5.787748928661457	3.939260563380282	1.8554449084484421	0.4970093112166245	0.2686353325108449	0.17908604363935776	0.2433609427034412	0.33040264322114576	0.7826131581648363	1.480029735757248	3.3287046220987904	4.349428676741614	5.411376998839082	6.2724221733595655	6.821437754839657	7.189464375343579	6.979422371730763	5.850673194614443	5.720364741641337	5.430387059503177	5.341070582662246	5.382332155477032	5.761004762915997	5.091029460443561	3.303989616838779	1.7194822930568918	0.28142589118198874	0.06030701754385965	0.006229365227683299	0.0	0.0	0.0
	Total # checklists submitted - (Greater Yellowlegs)	59897	41927	37441	52418	36194	52179	74398	41102	41678	48624	53837	76087	56976	54668	55076	76371	79340	86336	77825	81085	50254	48580	46844	53571	38972	29594	25205	35269	26703	25923	27223	41839	32997	32680	32900	41544	33776	35375	32963	45315	35442	32219	29848	36480	32106	27980	31549	46285
	
Abundance
	Greater Yellowlegs	0.0	0.0	0.0	0.0	0.0	0.0	1.3441221538213393E-5	0.0	2.3993473775133165E-5	2.056597564988483E-5	2.971933800174601E-4	0.002273712986449722	0.011794439764111205	0.0628155410843638	0.1587261239015179	0.3604640504903694	0.3032644315603731	0.13548230170496664	0.041529071635078706	0.007325645927113523	0.003044533768456242	0.0022231370934540965	0.0034155921782939116	0.00431203449627597	0.015010776968079648	0.053422991146854094	0.8539972227732593	0.8593382290396666	1.0359510167396921	0.9615399452223894	0.6917312566579731	0.540906809436172	0.45740521865624145	0.2633720930232558	0.15024316109422492	0.14969670710571925	0.15072832780672668	0.14001413427561837	0.18766495767982283	0.16669976828864613	0.08117487726426274	0.03249635308358422	0.0038863575448941303	8.49780701754386E-4	9.344047841524949E-5	0.0	0.0	0.0
	Total # checklists submitted - (Greater Yellowlegs)	59897	41927	37441	52418	36194	52179	74398	41102	41678	48624	53837	76087	56976	54668	55076	76371	79340	86336	77825	81085	50254	48580	46844	53571	38972	29594	25205	35269	26703	25923	27223	41839	32997	32680	32900	41544	33776	35375	32963	45315	35442	32219	29848	36480	32106	27980	31549	46285
	
Birds Per Party Hour
	Greater Yellowlegs	0.0	0.0	0.0	0.0	0.0	0.0	2.5	0.0	2.0	3.826124407336746	3.156291619381495	3.916487053369656	5.082343373392775	11.789475199602172	17.48133705312366	18.618288541283437	14.26106305367657	6.855687267315076	3.546153840198105	2.218111306738469	4.84169284919476	8.368947165101774	15.188332182025503	11.230246382863264	7.589719832858003	5.268882817284812	6.310992420249445	5.5515764816236715	4.879407173848052	5.167624842755316	4.348100283242601	3.782660699125031	4.013687286850538	4.300373347924278	4.333050542237846	4.484097707519209	4.483186357839066	4.0082951620976965	5.510016187928774	5.44492447587213	6.528901768228452	3.3902142827045756	2.626862027465565	1.673779259810506	2.009385113785324	0.0	0.0	0.0
	# checklists reporting species - (Greater Yellowlegs)	0.0	0.0	0.0	0.0	0.0	0.0	1	0.0	1	5	10	112	379	950	1721	4604	4826	3548	1507	452	158	96	131	189	293	428	880	1602	1516	1709	1999	3251	2487	2043	1991	2386	1911	2008	2036	2525	1302	602	91	24	2	0.0	0.0	0
	
High Count
	Greater Yellowlegs	0.0	0.0	0.0	0.0	0.0	0.0	1	0.0	1	1	7	10	46	56	233	150	260	140	30	25	3	6	6	10	24	120	901	661	714	451	477	760	375	371	50	31	36	29	65	100	34	15	13	4	2	0.0	0.0	1
	# checklists reporting species - (Greater Yellowlegs)	0.0	0.0	0.0	0.0	0.0	0.0	1	0.0	1	6	13	125	417	1044	1940	4983	5282	3902	1658	512	167	104	137	202	350	493	935	1710	1606	1807	2140	3489	2638	2188	2156	2546	2042	2134	2158	2651	1386	643	108	32	3	0.0	0.0	1
	
Totals
	Greater Yellowlegs	0.0	0.0	0.0	0.0	0.0	0.0	1	0.0	1	6	19	233	873	4003	10185	30920	27160	12909	3631	750	191	132	195	280	674	1674	21717	30966	28092	25494	19436	23847	15930	9211	5684	6934	5620	5511	7046	8748	3588	1251	154	47	4	0.0	0.0	1
	# checklists reporting species - (Greater Yellowlegs)	0.0	0.0	0.0	0.0	0.0	0.0	1	0.0	1	6	13	125	412	1022	1874	4831	5016	3663	1565	488	164	102	133	195	332	463	909	1649	1564	1757	2057	3356	2556	2112	2080	2475	1978	2080	2125	2629	1368	636	107	32	3	0.0	0.0	1
	
Average Count
	Greater Yellowlegs	0.0	0.0	0.0	0.0	0.0	0.0	1.0	0.0	1.0	1.0	1.4615384615384615	1.864	2.1189320388349513	3.916829745596869	5.434898612593383	6.400331194369696	5.414673046251994	3.524160524160524	2.3201277955271564	1.5368852459016393	1.1646341463414633	1.2941176470588236	1.4661654135338347	1.435897435897436	2.0301204819277108	3.615550755939525	23.89108910891089	18.77865372953305	17.9616368286445	14.50996015936255	9.448711716091395	7.105780691299166	6.232394366197183	4.3612689393939394	2.7326923076923078	2.8016161616161614	2.8412537917087968	2.6495192307692306	3.3157647058823527	3.3275009509319133	2.6228070175438596	1.9669811320754718	1.439252336448598	1.46875	1.3333333333333333	0.0	0.0	1.0
	# checklists reporting species - (Greater Yellowlegs)	0.0	0.0	0.0	0.0	0.0	0.0	1	0.0	1	6	13	125	412	1022	1874	4831	5016	3663	1565	488	164	102	133	195	332	463	909	1649	1564	1757	2057	3356	2556	2112	2080	2475	1978	2080	2125	2629	1368	636	107	32	3	0.0	0.0	1
	
