

	Week starting on...	1/1	1/8	1/15	1/22	2/1	2/8	2/15	2/22	3/1	3/8	3/15	3/22	4/1	4/8	4/15	4/22	5/1	5/8	5/15	5/22	6/1	6/8	6/15	6/22	7/1	7/8	7/15	7/22	8/1	8/8	8/15	8/22	9/1	9/8	9/15	9/22	10/1	10/8	10/15	10/22	11/1	11/8	11/15	11/22	12/1	12/8	12/15	12/22
Frequency (%)
	Stilt Sandpiper	0.0	0.0	0.0	0.0	0.0	0.0	0.0	0.0	0.0	0.0	0.0	0.0	0.0	0.0	0.0	0.02749734846996897	0.04537433829089993	0.05443847294292068	0.09123032444587215	0.030831843127582168	0.007959565407728738	0.03499382461918485	0.03202117667150542	0.13066771200836272	0.05388484039823462	0.18922754612421439	0.68637175163658	0.8279225382063568	0.700295846908587	1.2884311229410175	1.64934063108401	2.3733836850785153	2.3153620026062973	1.2760097919216646	0.8693009118541033	0.5464086269978818	0.4056134533396495	0.27703180212014133	0.23056153869490031	0.05958291956305859	0.005643022402798939	0.003103758651727242	0.0	0.0	0.0	0.0	0.0	0.0
	Total # checklists submitted - (Stilt Sandpiper)	59897	41927	37441	52418	36194	52179	74398	41102	41678	48624	53837	76087	56976	54668	55076	76371	79340	86336	77825	81085	50254	48580	46844	53571	38972	29594	25205	35269	26703	25923	27223	41839	32997	32680	32900	41544	33776	35375	32963	45315	35442	32219	29848	36480	32106	27980	31549	46285
	
Abundance
	Stilt Sandpiper	0.0	0.0	0.0	0.0	0.0	0.0	0.0	0.0	0.0	0.0	0.0	0.0	0.0	0.0	0.0	2.8806746016157966E-4	4.5374338290899926E-4	6.022979985174203E-4	0.0011692900738837135	2.959856940247888E-4	1.1939348111593107E-4	4.322766570605187E-4	3.629066689437281E-4	0.0020346829441302196	0.008595915015908858	0.0026018787592079476	0.009998016266613768	0.014942300603929797	0.012133468149646108	0.02017513405084288	0.02633802299526136	0.04574679127130189	0.04388277722217171	0.024969400244798042	0.016109422492401215	0.01006162141344117	0.006454287067740407	0.005766784452296819	0.006552801626065589	7.723711795211298E-4	2.8215112013994695E-5	1.2415034606908968E-4	0.0	0.0	0.0	0.0	0.0	0.0
	Total # checklists submitted - (Stilt Sandpiper)	59897	41927	37441	52418	36194	52179	74398	41102	41678	48624	53837	76087	56976	54668	55076	76371	79340	86336	77825	81085	50254	48580	46844	53571	38972	29594	25205	35269	26703	25923	27223	41839	32997	32680	32900	41544	33776	35375	32963	45315	35442	32219	29848	36480	32106	27980	31549	46285
	
Birds Per Party Hour
	Stilt Sandpiper	0.0	0.0	0.0	0.0	0.0	0.0	0.0	0.0	0.0	0.0	0.0	0.0	0.0	0.0	0.0	2.1528101618388176	4.318177525403932	1.5713926002211882	1.178531588556621	1.8797849017738268	2.889130194023408	11.697630522088353	8.468168748060064	15.956662908704107	171.70931905796175	1.7765650660024241	1.4030501077934727	1.650628956158516	1.7658053355802033	2.0218137708456365	1.6892403020001314	2.4846099311313496	2.3765328883117647	3.2929252490836265	2.520883862393415	2.5248141870715033	2.2941456586713995	3.117452716352154	3.883753370050587	1.6538943952123986	0.22937113776808435	2.0	0.0	0.0	0.0	0.0	0.0	0.0
	# checklists reporting species - (Stilt Sandpiper)	0.0	0.0	0.0	0.0	0.0	0.0	0.0	0.0	0.0	0.0	0.0	0.0	0.0	0.0	0.0	25	55	57	84	33	6	20	15	72	22	61	196	326	210	397	525	1137	841	463	310	250	152	114	79	31	6	1	0.0	0.0	0.0	0.0	0.0	0.0
	
High Count
	Stilt Sandpiper	0.0	0.0	0.0	0.0	0.0	0.0	0.0	0.0	0.0	0.0	0.0	0.0	0.0	0.0	0.0	2	1	5	4	1	3	2	2	3	150	21	8	20	29	11	40	25	26	31	17	20	19	20	16	5	3	4	0.0	0.0	0.0	0.0	0.0	0.0
	# checklists reporting species - (Stilt Sandpiper)	0.0	0.0	0.0	0.0	0.0	0.0	0.0	0.0	0.0	0.0	0.0	0.0	0.0	0.0	0.0	25	59	62	96	38	7	20	16	75	26	66	208	351	233	416	558	1215	929	497	361	285	174	130	88	33	7	1	0.0	0.0	0.0	0.0	0.0	0.0
	
Totals
	Stilt Sandpiper	0.0	0.0	0.0	0.0	0.0	0.0	0.0	0.0	0.0	0.0	0.0	0.0	0.0	0.0	0.0	26	59	74	123	35	11	24	19	114	345	108	298	645	440	628	983	2471	1776	988	720	528	321	362	252	44	8	4	0.0	0.0	0.0	0.0	0.0	0.0
	# checklists reporting species - (Stilt Sandpiper)	0.0	0.0	0.0	0.0	0.0	0.0	0.0	0.0	0.0	0.0	0.0	0.0	0.0	0.0	0.0	25	59	61	92	35	7	20	16	73	25	65	205	345	224	413	543	1195	910	487	346	275	167	128	87	33	6	1	0.0	0.0	0.0	0.0	0.0	0.0
	
Average Count
	Stilt Sandpiper	0.0	0.0	0.0	0.0	0.0	0.0	0.0	0.0	0.0	0.0	0.0	0.0	0.0	0.0	0.0	1.04	1.0	1.2131147540983607	1.3369565217391304	1.0	1.5714285714285714	1.2	1.1875	1.5616438356164384	13.8	1.6615384615384616	1.4536585365853658	1.8695652173913044	1.9642857142857142	1.5205811138014529	1.8103130755064456	2.0677824267782428	1.9516483516483516	2.028747433264887	2.0809248554913293	1.92	1.9221556886227544	2.828125	2.896551724137931	1.3333333333333333	1.3333333333333333	4.0	0.0	0.0	0.0	0.0	0.0	0.0
	# checklists reporting species - (Stilt Sandpiper)	0.0	0.0	0.0	0.0	0.0	0.0	0.0	0.0	0.0	0.0	0.0	0.0	0.0	0.0	0.0	25	59	61	92	35	7	20	16	73	25	65	205	345	224	413	543	1195	910	487	346	275	167	128	87	33	6	1	0.0	0.0	0.0	0.0	0.0	0.0
	
