

	Week starting on...	1/1	1/8	1/15	1/22	2/1	2/8	2/15	2/22	3/1	3/8	3/15	3/22	4/1	4/8	4/15	4/22	5/1	5/8	5/15	5/22	6/1	6/8	6/15	6/22	7/1	7/8	7/15	7/22	8/1	8/8	8/15	8/22	9/1	9/8	9/15	9/22	10/1	10/8	10/15	10/22	11/1	11/8	11/15	11/22	12/1	12/8	12/15	12/22
Frequency (%)
	Greater Scaup	6.165584252967594	6.663963555703961	5.918645335327581	5.975046739669579	6.103221528430127	4.511393472469768	3.7017124116239684	6.296530582453408	6.295887518594942	6.671602500822639	6.135185838735442	5.228225583871095	4.92312552653749	4.344406233994293	4.146996877042632	3.3861020544447498	2.9203428283337534	2.155531875463306	1.0163829103758433	0.4106801504593945	0.1532216340987782	0.15232606010703995	0.11100674579455214	0.1512012096096769	0.08211023298778611	0.12840440629857403	0.21821067248561796	0.21548668802631207	0.3258060892034603	0.33175172626625005	0.3048892480623002	0.2748631659456488	0.37882231718034975	0.6303549571603427	1.148936170212766	1.8173502792220297	2.5876361913784938	3.2650176678445226	3.9407820890088887	4.876972304976277	5.823599119688505	4.987740153325677	4.938354328598231	4.638157894736842	5.21086401295708	5.06433166547534	4.941519541031411	4.934644053148968
	Total # checklists submitted - (Greater Scaup)	59897	41927	37441	52418	36194	52179	74398	41102	41678	48624	53837	76087	56976	54668	55076	76371	79340	86336	77825	81085	50254	48580	46844	53571	38972	29594	25205	35269	26703	25923	27223	41839	32997	32680	32900	41544	33776	35375	32963	45315	35442	32219	29848	36480	32106	27980	31549	46285
	
Abundance
	Greater Scaup	9.524066313838757	6.871204712953467	6.272241660212067	5.049772978747758	4.67251478145549	3.547461622491807	2.874270813731552	5.336893581820836	4.4468064686405295	6.30186739058901	6.8073443914036815	5.0426616899076055	2.8510249929795	3.3949293919660497	1.6220132180986273	1.6084639457385657	1.2456264179480716	0.28503752779836916	0.0641696113074205	0.012530061047049392	0.0022286783141640468	0.002470152326060107	0.0020493553069763472	0.002986690560191148	0.002129734168120702	0.008278705142934379	0.005990874826423328	0.009611840426436815	0.017451222709058908	0.015738919106584887	0.009220144730558719	0.019551136499438324	0.028548049822711155	0.030630354957160343	0.0701823708206687	0.35906508761794725	1.6486854571293226	4.008904593639576	4.638958832630525	6.248593181065872	7.571751029851589	8.071169185884106	8.979462610560171	9.090789473684211	11.335575904815299	9.675732666190136	12.063710418713747	7.569990277627741
	Total # checklists submitted - (Greater Scaup)	59897	41927	37441	52418	36194	52179	74398	41102	41678	48624	53837	76087	56976	54668	55076	76371	79340	86336	77825	81085	50254	48580	46844	53571	38972	29594	25205	35269	26703	25923	27223	41839	32997	32680	32900	41544	33776	35375	32963	45315	35442	32219	29848	36480	32106	27980	31549	46285
	
Birds Per Party Hour
	Greater Scaup	233.21992168627625	239.29749102353827	186.3931534501766	171.90231731700868	157.10285859061162	186.3481636366372	140.18030777839797	229.59412216034085	128.5956462449088	176.44723618009692	148.2155927142005	154.8075290167424	96.91328413974865	113.84382743687634	63.68036857145872	62.760498392770856	43.352358435944886	14.58496843696573	7.278380532905355	4.127156470367947	2.592520058221854	2.5778114054693293	4.436589570565733	12.305277935751091	9.039771282454053	4.0081251232283295	1.0589928236757218	1.579933922361354	1.060892839627217	1.0222885835056479	1.2295517966227014	1.9001666366532313	2.295452764172875	4.267606322992314	4.491634512693587	12.0281707097336	61.96201470640881	102.45969251064452	101.45930237329492	185.88450639969273	167.3094993372704	208.34266484906172	169.2895165374557	231.00013490290596	268.2206888981867	290.95861574366586	239.97790199748778	220.01740293711555
	# checklists reporting species - (Greater Scaup)	3417	2614	2033	2868	2003	2190	2525	2395	2430	2975	2974	3632	2574	2184	2096	2417	2077	1694	765	337	85	83	54	84	35	40	59	83	87	88	83	119	133	205	394	768	868	1149	1276	2125	1979	1499	1351	1579	1545	1304	1488	2161
	
High Count
	Greater Scaup	50000	14627	24000	10000	5500	9000	5857	18000	11525	15212	13150	23000	10000	50000	11500	8000	8000	1000	200	75	18	8	21	7	27	186	50	96	106	64	47	290	294	120	100	5000	10000	30000	20000	25000	20000	20000	38000	60000	25000	32000	50000	30000
	# checklists reporting species - (Greater Scaup)	3932	2939	2345	3310	2340	2465	2897	2733	2773	3439	3480	4209	2975	2517	2413	2764	2506	2042	893	386	101	89	61	93	41	45	62	100	90	96	89	130	143	224	453	834	972	1253	1419	2378	2197	1710	1566	1807	1789	1495	1638	2433
	
Totals
	Greater Scaup	666870	326546	243734	290742	181924	196827	223257	231358	192799	321668	403459	450923	170212	195112	119511	139915	101308	25668	5447	1208	145	140	109	171	93	252	158	375	469	422	259	848	994	1044	2858	21844	90140	146732	224286	312094	342126	266605	288778	353563	391875	330154	394943	432766
	# checklists reporting species - (Greater Scaup)	3512	2676	2086	2948	2046	2243	2576	2461	2474	3047	3055	3741	2642	2243	2169	2470	2130	1771	800	369	96	86	58	87	41	44	61	99	89	96	89	130	143	215	434	800	920	1197	1335	2191	2028	1536	1407	1619	1595	1348	1513	2212
	
Average Count
	Greater Scaup	189.88325740318908	122.02765321375186	116.84276126558005	98.62347354138399	88.91691104594331	87.75167186803388	86.6680900621118	94.00975213327915	77.93007275666936	105.5687561535937	132.06513911620294	120.53541833734296	64.42543527630583	86.98707088720464	55.09958506224066	56.64574898785425	47.56244131455399	14.493506493506494	6.80875	3.2737127371273713	1.5104166666666667	1.627906976744186	1.8793103448275863	1.9655172413793103	2.268292682926829	5.7272727272727275	2.5901639344262297	3.787878787878788	5.269662921348314	4.395833333333333	2.9101123595505616	6.523076923076923	6.951048951048951	4.855813953488372	6.585253456221198	27.305	97.97826086956522	122.58312447786132	168.00449438202247	142.44363304427202	168.70118343195267	173.57096354166666	205.24378109452735	218.3835701050031	245.68965517241378	244.9213649851632	261.03304692663585	195.64466546112115
	# checklists reporting species - (Greater Scaup)	3512	2676	2086	2948	2046	2243	2576	2461	2474	3047	3055	3741	2642	2243	2169	2470	2130	1771	800	369	96	86	58	87	41	44	61	99	89	96	89	130	143	215	434	800	920	1197	1335	2191	2028	1536	1407	1619	1595	1348	1513	2212
	
