

	Week starting on...	1/1	1/8	1/15	1/22	2/1	2/8	2/15	2/22	3/1	3/8	3/15	3/22	4/1	4/8	4/15	4/22	5/1	5/8	5/15	5/22	6/1	6/8	6/15	6/22	7/1	7/8	7/15	7/22	8/1	8/8	8/15	8/22	9/1	9/8	9/15	9/22	10/1	10/8	10/15	10/22	11/1	11/8	11/15	11/22	12/1	12/8	12/15	12/22
Frequency (%)
	House Finch	10.224218241314256	10.472964915209769	11.313800379263373	11.101148460452515	11.651102392661768	12.92473983786581	13.47885695852039	12.0748382073865	12.080714045779548	11.728775913129319	11.479094303174396	11.235822150958771	11.452190395956192	12.13689910002195	12.0851187450069	12.333215487554176	12.648096798588353	11.459877687175686	9.716672020558946	8.02244558179688	6.861145381462172	6.8135034993824615	6.515242080095636	6.6752534020272165	6.989633583085292	8.295600459552611	9.767903193810753	9.413365845359948	9.298580683818297	8.899432936002777	8.437718106013298	7.6005640670188095	7.318847167924357	6.8941248470012235	6.939209726443769	7.447525515116503	8.689602084320228	9.868551236749116	10.208415496162363	11.28103277060576	12.008351673156142	12.303299295446786	11.8064861967301	12.316337719298245	11.770385597707593	12.24446032880629	14.383974135471805	12.31716538835476
	Total # checklists submitted - (House Finch)	59897	41927	37441	52418	36194	52179	74398	41102	41678	48624	53837	76087	56976	54668	55076	76371	79340	86336	77825	81085	50254	48580	46844	53571	38972	29594	25205	35269	26703	25923	27223	41839	32997	32680	32900	41544	33776	35375	32963	45315	35442	32219	29848	36480	32106	27980	31549	46285
	
Abundance
	House Finch	0.5617309715010769	0.5450425739976626	0.6157421009054246	0.5679537563432409	0.5335138420732718	0.5991490829644109	0.5772601414016506	0.44873728772322513	0.40611353711790393	0.3536525172754195	0.30670356817801886	0.28184841037233693	0.274554198258916	0.2796517158118095	0.26999055850098047	0.2667373741341609	0.26537685908747166	0.23818569310600446	0.1905942820430453	0.1600789295184066	0.14197874796036136	0.13981062165500205	0.13465972162923748	0.1402251218009744	0.15331520065688187	0.19081570588632832	0.2468954572505455	0.2404944852419972	0.2446167097329888	0.23303629981097868	0.22267935201851374	0.20108033174789072	0.2103524562839046	0.1876376988984088	0.1886018237082067	0.2136529944155594	0.27750473709142587	0.32101766784452296	0.35102994266298576	0.3948582147191879	0.4696405394729417	0.4421924951115801	0.4774859287054409	0.5297971491228071	0.5405843144583566	0.6467834167262331	0.9825034073980158	0.7335421842929675
	Total # checklists submitted - (House Finch)	59897	41927	37441	52418	36194	52179	74398	41102	41678	48624	53837	76087	56976	54668	55076	76371	79340	86336	77825	81085	50254	48580	46844	53571	38972	29594	25205	35269	26703	25923	27223	41839	32997	32680	32900	41544	33776	35375	32963	45315	35442	32219	29848	36480	32106	27980	31549	46285
	
Birds Per Party Hour
	House Finch	12.409264609897624	12.091695349392166	12.578594122317295	12.645135513836163	10.342607262412185	10.782102347616162	8.801145585383743	9.212701552328728	8.162218076563736	7.097486322539911	6.422843843071541	5.668674090918391	5.281174055501921	4.806945076111693	4.561398158709945	4.10314779516325	3.877675316700619	3.912309414318338	3.4754553294448463	3.983770376424439	4.789219928446808	5.214666242397212	6.042300001566865	6.112472267996061	4.996188917258007	4.822601909801797	5.077557320183394	4.71748069982625	4.106840017056244	4.43708125861665	4.203295063610006	3.9877897038953867	3.8947418088623307	4.396823883327791	4.0200439568552095	5.047815813468849	5.088632296024246	5.039204434506487	5.63043874729544	5.504665741338411	6.071812337543093	6.519962046186307	7.701863128764599	7.763528893934022	8.691699828253597	9.699530317762573	9.154326548020547	10.31757264309223
	# checklists reporting species - (House Finch)	6140	4382	4239	5806	4199	6804	10168	4990	5111	5714	6215	8523	6508	6560	6573	9379	9965	9779	7411	6467	3484	3259	3012	3577	2679	2404	2427	3276	2442	2256	2281	3094	2385	2226	2284	3064	2912	3491	3330	5103	4272	3934	3465	4484	3741	3369	4515	5666
	
High Count
	House Finch	155	92	90	95	72	100	60	50	60	100	43	121	44	30	80	50	60	60	40	55	50	21	19	30	20	24	30	30	35	25	38	43	35	116	40	60	260	226	835	485	157	70	200	80	120	87	240	248
	# checklists reporting species - (House Finch)	6723	4789	4591	6251	4543	7158	10590	5380	5500	6216	6759	9321	7149	7207	7271	10230	10958	10868	8284	7189	3834	3636	3359	3945	3018	2682	2685	3629	2727	2508	2508	3411	2635	2451	2517	3375	3221	3816	3642	5555	4648	4296	3810	4864	4103	3702	4864	6151
	
Totals
	House Finch	36152	24389	24488	31412	20528	32800	44864	19652	17985	18454	17788	23021	16750	16292	16048	21784	22730	22160	16040	14048	7740	7262	6798	8023	6399	5968	6635	9054	6934	6447	6462	8836	7373	6773	6753	9465	10223	12784	13851	19581	17805	15240	15010	20564	18352	19059	32966	35930
	# checklists reporting species - (House Finch)	6463	4625	4437	6062	4398	7004	10438	5218	5351	6029	6550	9027	6880	6922	6971	9822	10417	10196	7751	6853	3673	3486	3220	3767	2866	2550	2573	3499	2597	2394	2404	3261	2518	2350	2424	3244	3107	3696	3528	5395	4516	4178	3688	4746	3957	3578	4739	5962
	
Average Count
	House Finch	5.593687142194027	5.273297297297297	5.519044399368943	5.181788188716595	4.667576170986812	4.683038263849229	4.298141406399694	3.766193944039862	3.361054008596524	3.0608724498258417	2.7157251908396947	2.5502381743657914	2.434593023255814	2.3536550130020224	2.3021087361927988	2.217878232539198	2.1820101756743786	2.173401333856414	2.0694103986582375	2.0499051510287467	2.107269262183501	2.083189902467011	2.1111801242236026	2.129811521104327	2.232728541521284	2.340392156862745	2.5787019043917607	2.587596456130323	2.6700038505968426	2.692982456140351	2.6880199667221296	2.709598282735357	2.9281175536139794	2.882127659574468	2.785891089108911	2.9176942046855734	3.290312198261989	3.4588744588744587	3.9260204081632653	3.629471733086191	3.9426483613817536	3.6476783149832457	4.06995661605206	4.3329119258322795	4.637856962345211	5.326718837339295	6.956319898712809	6.02650117410265
	# checklists reporting species - (House Finch)	6463	4625	4437	6062	4398	7004	10438	5218	5351	6029	6550	9027	6880	6922	6971	9822	10417	10196	7751	6853	3673	3486	3220	3767	2866	2550	2573	3499	2597	2394	2404	3261	2518	2350	2424	3244	3107	3696	3528	5395	4516	4178	3688	4746	3957	3578	4739	5962
	
