

	Week starting on...	1/1	1/8	1/15	1/22	2/1	2/8	2/15	2/22	3/1	3/8	3/15	3/22	4/1	4/8	4/15	4/22	5/1	5/8	5/15	5/22	6/1	6/8	6/15	6/22	7/1	7/8	7/15	7/22	8/1	8/8	8/15	8/22	9/1	9/8	9/15	9/22	10/1	10/8	10/15	10/22	11/1	11/8	11/15	11/22	12/1	12/8	12/15	12/22
Frequency (%)
	Buff-breasted Sandpiper	0.0	0.0	0.0	0.0	0.0	0.0	0.0	0.0	0.0	0.0	0.0	0.0	0.0	0.0	0.0	0.0	0.0	0.0011582653817642698	0.0	0.0012332737251032867	0.0	0.0	0.0	0.0	0.0	0.003379063323646685	0.0	0.02551816042416853	0.06740815638692282	0.061721251398372104	0.30856261249678585	0.908243504863883	0.7697669485104707	0.33659730722154224	0.3586626139817629	0.1323897554400154	0.06513500710563713	0.005653710247349823	0.030337044565118466	0.008827099194527198	0.0	0.0	0.0	0.0	0.0	0.0	0.0	0.0
	Total # checklists submitted - (Buff-breasted Sandpiper)	59897	41927	37441	52418	36194	52179	74398	41102	41678	48624	53837	76087	56976	54668	55076	76371	79340	86336	77825	81085	50254	48580	46844	53571	38972	29594	25205	35269	26703	25923	27223	41839	32997	32680	32900	41544	33776	35375	32963	45315	35442	32219	29848	36480	32106	27980	31549	46285
	
Abundance
	Buff-breasted Sandpiper	0.0	0.0	0.0	0.0	0.0	0.0	0.0	0.0	0.0	0.0	0.0	0.0	0.0	0.0	0.0	0.0	0.0	1.1582653817642698E-5	0.0	1.2332737251032867E-5	0.0	0.0	0.0	0.0	0.0	3.379063323646685E-5	0.0	5.387167200657802E-4	0.001610305958132045	6.17212513983721E-4	0.004922308342210631	0.02019646741078898	0.014880140618844137	0.005722154222766218	0.005653495440729483	0.0014683227421528982	0.0010658455708195168	5.653710247349823E-5	3.0337044565118465E-4	1.1033873993158998E-4	0.0	0.0	0.0	0.0	0.0	0.0	0.0	0.0
	Total # checklists submitted - (Buff-breasted Sandpiper)	59897	41927	37441	52418	36194	52179	74398	41102	41678	48624	53837	76087	56976	54668	55076	76371	79340	86336	77825	81085	50254	48580	46844	53571	38972	29594	25205	35269	26703	25923	27223	41839	32997	32680	32900	41544	33776	35375	32963	45315	35442	32219	29848	36480	32106	27980	31549	46285
	
Birds Per Party Hour
	Buff-breasted Sandpiper	0.0	0.0	0.0	0.0	0.0	0.0	0.0	0.0	0.0	0.0	0.0	0.0	0.0	0.0	0.0	0.0	0.0	0.2884338044418806	0.0	1.7152658662092624	0.0	0.0	0.0	0.0	0.0	0.3000300030003	0.0	0.6979349853450573	1.3159480578793077	1.066908691737059	0.9783924839819139	3.9417236670863125	2.4547298776246675	2.462558986071488	2.801296432458164	1.94671950514779	1.3305162931650036	0.8785896037804435	0.5599152304635071	0.7011923380855489	0.0	0.0	0.0	0.0	0.0	0.0	0.0	0.0
	# checklists reporting species - (Buff-breasted Sandpiper)	0.0	0.0	0.0	0.0	0.0	0.0	0.0	0.0	0.0	0.0	0.0	0.0	0.0	0.0	0.0	0.0	0.0	1	0.0	1	0.0	0.0	0.0	0.0	0.0	1	0.0	9	23	21	96	445	307	145	146	68	27	2	11	5	0.0	0.0	0.0	0.0	0.0	0.0	0.0	0.0
	
High Count
	Buff-breasted Sandpiper	0.0	0.0	0.0	0.0	0.0	0.0	0.0	0.0	0.0	0.0	0.0	0.0	0.0	0.0	0.0	0.0	0.0	1	0.0	1	0.0	0.0	0.0	0.0	0.0	1	0.0	10	11	5	7	21	38	15	9	12	9	1	1	2	0.0	0.0	0.0	0.0	0.0	0.0	0.0	0.0
	# checklists reporting species - (Buff-breasted Sandpiper)	0.0	0.0	0.0	0.0	0.0	0.0	0.0	0.0	0.0	0.0	0.0	0.0	0.0	0.0	0.0	0.0	0.0	1	0.0	1	0.0	0.0	0.0	0.0	0.0	1	0.0	10	27	23	110	494	365	172	168	80	29	4	11	5	0.0	0.0	0.0	0.0	0.0	0.0	0.0	0.0
	
Totals
	Buff-breasted Sandpiper	0.0	0.0	0.0	0.0	0.0	0.0	0.0	0.0	0.0	0.0	0.0	0.0	0.0	0.0	0.0	0.0	0.0	1	0.0	1	0.0	0.0	0.0	0.0	0.0	1	0.0	19	55	28	165	1074	693	328	281	103	50	4	11	6	0.0	0.0	0.0	0.0	0.0	0.0	0.0	0.0
	# checklists reporting species - (Buff-breasted Sandpiper)	0.0	0.0	0.0	0.0	0.0	0.0	0.0	0.0	0.0	0.0	0.0	0.0	0.0	0.0	0.0	0.0	0.0	1	0.0	1	0.0	0.0	0.0	0.0	0.0	1	0.0	9	27	23	105	488	360	170	161	78	29	4	11	5	0.0	0.0	0.0	0.0	0.0	0.0	0.0	0.0
	
Average Count
	Buff-breasted Sandpiper	0.0	0.0	0.0	0.0	0.0	0.0	0.0	0.0	0.0	0.0	0.0	0.0	0.0	0.0	0.0	0.0	0.0	1.0	0.0	1.0	0.0	0.0	0.0	0.0	0.0	1.0	0.0	2.111111111111111	2.037037037037037	1.2173913043478262	1.5714285714285714	2.2008196721311477	1.925	1.9294117647058824	1.7453416149068324	1.3205128205128205	1.7241379310344827	1.0	1.0	1.2	0.0	0.0	0.0	0.0	0.0	0.0	0.0	0.0
	# checklists reporting species - (Buff-breasted Sandpiper)	0.0	0.0	0.0	0.0	0.0	0.0	0.0	0.0	0.0	0.0	0.0	0.0	0.0	0.0	0.0	0.0	0.0	1	0.0	1	0.0	0.0	0.0	0.0	0.0	1	0.0	9	27	23	105	488	360	170	161	78	29	4	11	5	0.0	0.0	0.0	0.0	0.0	0.0	0.0	0.0
	
