

	Week starting on...	1/1	1/8	1/15	1/22	2/1	2/8	2/15	2/22	3/1	3/8	3/15	3/22	4/1	4/8	4/15	4/22	5/1	5/8	5/15	5/22	6/1	6/8	6/15	6/22	7/1	7/8	7/15	7/22	8/1	8/8	8/15	8/22	9/1	9/8	9/15	9/22	10/1	10/8	10/15	10/22	11/1	11/8	11/15	11/22	12/1	12/8	12/15	12/22
Frequency (%)
	Purple Martin	0.0	0.0	0.0	0.0	0.0	0.0	0.0	0.0	0.0	0.0	0.0	0.011828564669391618	0.20359449592811008	1.02802370673886	1.933691626116639	3.6676225268753844	6.310814217292665	6.869671979243884	5.890138130420816	4.767836221249306	3.3012297528554937	2.6780568135034994	2.644949193066348	2.596554105766179	3.0226829518628757	3.4973305399743193	4.753025193414005	5.957072783464231	6.325132007639592	5.435327701269143	4.8782279689968036	3.188412724969526	2.072915719610874	0.9057527539779682	0.1762917933130699	0.06499133448873484	0.014803410705826624	0.0	0.006067408913023693	0.0022067747986317995	0.0	0.0	0.0	0.0	0.0	0.0	0.0	0.0
	Total # checklists submitted - (Purple Martin)	59897	41927	37441	52418	36194	52179	74398	41102	41678	48624	53837	76087	56976	54668	55076	76371	79340	86336	77825	81085	50254	48580	46844	53571	38972	29594	25205	35269	26703	25923	27223	41839	32997	32680	32900	41544	33776	35375	32963	45315	35442	32219	29848	36480	32106	27980	31549	46285
	
Abundance
	Purple Martin	0.0	0.0	0.0	0.0	0.0	0.0	0.0	0.0	0.0	0.0	0.0	1.3142849632657354E-4	0.0037910699241786015	0.03045657422989683	0.07447890188103712	0.18073614330046744	0.33996722964456766	0.3563866753150482	0.3644330228075811	0.34663624591478076	0.21894774545309825	0.16191848497324002	0.13903594910767655	0.13124638330439978	0.16863389099866571	0.2248766641886869	0.38754215433445743	1.5680058975304092	2.576489533011272	6.875014465918296	8.604966388715425	4.558593656636153	1.5102282025638694	1.4802019583843329	0.07817629179331306	0.0033699210475640284	0.0091189009947892	0.0	0.0018202226739071079	2.2067747986317996E-5	0.0	0.0	0.0	0.0	0.0	0.0	0.0	0.0
	Total # checklists submitted - (Purple Martin)	59897	41927	37441	52418	36194	52179	74398	41102	41678	48624	53837	76087	56976	54668	55076	76371	79340	86336	77825	81085	50254	48580	46844	53571	38972	29594	25205	35269	26703	25923	27223	41839	32997	32680	32900	41544	33776	35375	32963	45315	35442	32219	29848	36480	32106	27980	31549	46285
	
Birds Per Party Hour
	Purple Martin	0.0	0.0	0.0	0.0	0.0	0.0	0.0	0.0	0.0	0.0	0.0	1.090392493203455	1.7824190338354435	4.058681986354128	6.160805917540605	9.111030115639057	7.679426844474484	7.124620752773158	9.33221367866455	11.714966426863317	12.732031730245259	15.266860556067659	11.94237222309687	12.214032748596177	14.040988024124132	14.391405885013262	16.94135199758245	40.09663832532085	29.156145553002403	194.9162844122334	185.8825844414518	142.51247961527633	57.987369895162885	78.71958784101608	30.068592118994964	1.6963467883136554	27.433333333333334	0.0	3.361111111111111	0.16666666666666666	0.0	0.0	0.0	0.0	0.0	0.0	0.0	0.0
	# checklists reporting species - (Purple Martin)	0.0	0.0	0.0	0.0	0.0	0.0	0.0	0.0	0.0	1	0.0	9	129	592	1096	2836	4686	5293	4147	3769	1689	1287	1293	1392	1169	1015	1195	2117	1684	1417	1329	1339	712	322	71	30	5	0.0	2	1	0.0	2	0.0	0.0	0.0	0.0	0.0	0.0
	
High Count
	Purple Martin	0.0	0.0	0.0	0.0	0.0	0.0	0.0	0.0	0.0	1	0.0	6	20	30	45	100	112	250	200	400	100	90	150	85	100	241	200	18000	9403	30000	25000	30000	11245	12225	2000	49	300	0.0	59	1	0.0	1	0.0	0.0	0.0	0.0	0.0	0.0
	# checklists reporting species - (Purple Martin)	0.0	0.0	0.0	0.0	0.0	0.0	0.0	0.0	0.0	1	0.0	18	177	653	1248	3148	5538	6604	5045	4335	1874	1499	1432	1565	1344	1172	1365	2388	1916	1577	1487	1483	757	347	75	31	5	0.0	2	1	0.0	2	0.0	0.0	0.0	0.0	0.0	0.0
	
Totals
	Purple Martin	0.0	0.0	0.0	0.0	0.0	0.0	0.0	0.0	0.0	1	0.0	29	321	1946	4676	15266	29424	33583	30449	31109	12361	9062	7745	7921	7645	8133	10977	57406	77216	231627	256166	204345	70392	66110	2784	152	308	0.0	60	1	0.0	2	0.0	0.0	0.0	0.0	0.0	0.0
	# checklists reporting species - (Purple Martin)	0.0	0.0	0.0	0.0	0.0	0.0	0.0	0.0	0.0	1	0.0	18	174	645	1191	2966	4872	5528	4297	3950	1748	1382	1356	1467	1259	1094	1261	2248	1777	1486	1395	1399	738	334	74	31	5	0.0	2	1	0.0	2	0.0	0.0	0.0	0.0	0.0	0.0
	
Average Count
	Purple Martin	0.0	0.0	0.0	0.0	0.0	0.0	0.0	0.0	0.0	1.0	0.0	1.6111111111111112	1.8448275862068966	3.0170542635658917	3.9261125104953822	5.146999325691167	6.039408866995074	6.075072358900145	7.086106585990226	7.875696202531645	7.071510297482837	6.557163531114327	5.711651917404129	5.39945466939332	6.072279586973789	7.43418647166362	8.704996034892941	25.5364768683274	43.45301069217783	155.8728129205922	183.631541218638	146.06504646175839	95.3821138211382	197.93413173652695	37.62162162162162	4.903225806451613	61.6	0.0	30.0	1.0	0.0	1.0	0.0	0.0	0.0	0.0	0.0	0.0
	# checklists reporting species - (Purple Martin)	0.0	0.0	0.0	0.0	0.0	0.0	0.0	0.0	0.0	1	0.0	18	174	645	1191	2966	4872	5528	4297	3950	1748	1382	1356	1467	1259	1094	1261	2248	1777	1486	1395	1399	738	334	74	31	5	0.0	2	1	0.0	2	0.0	0.0	0.0	0.0	0.0	0.0
	
