

	Week starting on...	1/1	1/8	1/15	1/22	2/1	2/8	2/15	2/22	3/1	3/8	3/15	3/22	4/1	4/8	4/15	4/22	5/1	5/8	5/15	5/22	6/1	6/8	6/15	6/22	7/1	7/8	7/15	7/22	8/1	8/8	8/15	8/22	9/1	9/8	9/15	9/22	10/1	10/8	10/15	10/22	11/1	11/8	11/15	11/22	12/1	12/8	12/15	12/22
Frequency (%)
	Least Bittern	0.0	0.0	0.0	0.0	0.0	0.0	0.0	0.0	0.0	0.0	0.0	0.0	0.0	0.0	0.007262691553489724	0.04059132393185895	0.2571212503150996	0.540909933283914	0.5576614198522326	0.8546586914965777	0.7700879531977554	0.7019349526554137	0.6468277687644095	0.6290716992402606	0.585035410037976	0.7501520578495642	0.6943066851815116	0.6634721710283819	0.5767142268658952	0.5207730586737647	0.4738640120486353	0.3059346542699395	0.32427190350637936	0.2539779681762546	0.14285714285714285	0.06499133448873484	0.020724774988157273	0.005653710247349823	0.024269635652094772	0.011033873993158999	0.0028215112013994697	0.0	0.0	0.01644736842105263	0.0	0.0	0.0	0.0
	Total # checklists submitted - (Least Bittern)	59897	41927	37441	52418	36194	52179	74398	41102	41678	48624	53837	76087	56976	54668	55076	76371	79340	86336	77825	81085	50254	48580	46844	53571	38972	29594	25205	35269	26703	25923	27223	41839	32997	32680	32900	41544	33776	35375	32963	45315	35442	32219	29848	36480	32106	27980	31549	46285
	
Abundance
	Least Bittern	0.0	0.0	0.0	0.0	0.0	0.0	0.0	0.0	0.0	0.0	0.0	0.0	0.0	0.0	7.262691553489724E-5	4.321011902423695E-4	0.002898916057474162	0.0061272238695329875	0.00672020558946354	0.010297835604612443	0.009849962192064313	0.00986002470152326	0.00860302279907779	0.00918407347258778	0.008159704403161244	0.012265999864837467	0.009482245586193216	0.009923729053843318	0.008313672621053814	0.00902673301701192	0.006758990559453403	0.004804130117832644	0.004182198381671061	0.0029987760097919215	0.0016109422492401216	8.665511265164644E-4	2.3685457129322596E-4	5.653710247349823E-5	2.4269635652094773E-4	1.1033873993158998E-4	2.8215112013994695E-5	0.0	0.0	1.644736842105263E-4	0.0	0.0	0.0	0.0
	Total # checklists submitted - (Least Bittern)	59897	41927	37441	52418	36194	52179	74398	41102	41678	48624	53837	76087	56976	54668	55076	76371	79340	86336	77825	81085	50254	48580	46844	53571	38972	29594	25205	35269	26703	25923	27223	41839	32997	32680	32900	41544	33776	35375	32963	45315	35442	32219	29848	36480	32106	27980	31549	46285
	
Birds Per Party Hour
	Least Bittern	0.0	0.0	0.0	0.0	0.0	0.0	0.0	0.0	0.0	0.0	0.0	0.0	0.0	0.0	2.6644234054413696	1.4279724153120474	1.3711451250185187	1.598811332986125	1.7496357525848727	1.6235272609848714	2.3589882611494404	1.769739713751989	1.8407232213847362	2.072420166321873	1.672906484951629	2.320777184202267	2.147899582299595	1.7016815685656956	1.6630231900332213	1.826809202900934	1.3397743192963019	1.1129506350651364	1.0947556615514051	1.8885908610351676	1.2368075497807538	1.847869966680561	1.205554437676783	0.20512820512820512	0.4804710029423313	0.9992920281589005	2.857142857142857	0.0	0.0	1.3153073178188608	0.0	0.0	0.0	0.0
	# checklists reporting species - (Least Bittern)	0.0	0.0	0.0	0.0	0.0	0.0	0.0	0.0	0.0	0.0	0.0	0.0	0.0	1	4	35	231	493	501	768	428	373	330	378	239	252	198	248	171	153	142	152	116	101	55	32	7	2	11	5	1	0.0	0.0	7	1	1	2	0.0
	
High Count
	Least Bittern	0.0	0.0	0.0	0.0	0.0	0.0	0.0	0.0	0.0	0.0	0.0	0.0	0.0	1	1	3	5	7	7	7	11	10	8	16	14	12	9	6	5	9	11	7	8	5	4	2	2	1	1	1	1	0.0	0.0	1	1	1	1	0.0
	# checklists reporting species - (Least Bittern)	0.0	0.0	0.0	0.0	0.0	0.0	0.0	0.0	0.0	0.0	0.0	0.0	0.0	1	5	41	252	569	554	845	473	414	365	400	270	268	211	268	187	159	148	165	127	114	63	35	7	4	11	5	1	0.0	0.0	7	1	1	2	0.0
	
Totals
	Least Bittern	0.0	0.0	0.0	0.0	0.0	0.0	0.0	0.0	0.0	0.0	0.0	0.0	0.0	1	5	43	281	637	662	1005	612	585	471	575	381	432	281	386	262	261	217	245	160	127	69	44	8	4	11	5	1	0.0	0.0	7	1	1	2	0.0
	# checklists reporting species - (Least Bittern)	0.0	0.0	0.0	0.0	0.0	0.0	0.0	0.0	0.0	0.0	0.0	0.0	0.0	1	5	41	247	527	532	812	468	408	350	395	262	267	208	261	183	158	146	164	127	111	62	35	7	4	11	5	1	0.0	0.0	7	1	1	2	0.0
	
Average Count
	Least Bittern	0.0	0.0	0.0	0.0	0.0	0.0	0.0	0.0	0.0	0.0	0.0	0.0	0.0	1.0	1.0	1.048780487804878	1.1376518218623481	1.2087286527514232	1.244360902255639	1.2376847290640394	1.3076923076923077	1.4338235294117647	1.3457142857142856	1.4556962025316456	1.4541984732824427	1.6179775280898876	1.3509615384615385	1.4789272030651341	1.4316939890710383	1.6518987341772151	1.4863013698630136	1.4939024390243902	1.2598425196850394	1.1441441441441442	1.1129032258064515	1.2571428571428571	1.1428571428571428	1.0	1.0	1.0	1.0	0.0	0.0	1.0	1.0	1.0	1.0	0.0
	# checklists reporting species - (Least Bittern)	0.0	0.0	0.0	0.0	0.0	0.0	0.0	0.0	0.0	0.0	0.0	0.0	0.0	1	5	41	247	527	532	812	468	408	350	395	262	267	208	261	183	158	146	164	127	111	62	35	7	4	11	5	1	0.0	0.0	7	1	1	2	0.0
	
