

	Week starting on...	1/1	1/8	1/15	1/22	2/1	2/8	2/15	2/22	3/1	3/8	3/15	3/22	4/1	4/8	4/15	4/22	5/1	5/8	5/15	5/22	6/1	6/8	6/15	6/22	7/1	7/8	7/15	7/22	8/1	8/8	8/15	8/22	9/1	9/8	9/15	9/22	10/1	10/8	10/15	10/22	11/1	11/8	11/15	11/22	12/1	12/8	12/15	12/22
Frequency (%)
	Clay-colored Sparrow	0.0	0.0	0.0	0.0	0.0	0.0	0.0	0.0	0.0	0.0	0.0	0.0	0.0	0.0018292236774712814	0.045391822209310775	0.08903903314085189	0.6881774640786489	1.2347108969607117	1.6588499839383233	1.8684096935314791	1.725235802125204	1.4779744750926307	1.3683716164289983	1.2600100800806406	1.2701426665298161	1.321213759545854	1.2973616345963102	0.8024043777821883	0.5055611729019212	0.4050457123018169	0.3048892480623002	0.21033007481058344	0.1545595054095827	0.19583843329253367	0.1975683890577508	0.1949740034662045	0.2072477498815727	0.07349823321554771	0.0515729757607014	0.05075582036853139	0.028215112013994695	0.01862255191036345	0.020101849370142054	0.01918859649122807	0.03737619136609979	0.0035739814152966403	0.0	0.0021605271686291456
	Total # checklists submitted - (Clay-colored Sparrow)	59897	41927	37441	52418	36194	52179	74398	41102	41678	48624	53837	76087	56976	54668	55076	76371	79340	86336	77825	81085	50254	48580	46844	53571	38972	29594	25205	35269	26703	25923	27223	41839	32997	32680	32900	41544	33776	35375	32963	45315	35442	32219	29848	36480	32106	27980	31549	46285
	
Abundance
	Clay-colored Sparrow	0.0	0.0	0.0	0.0	0.0	0.0	0.0	0.0	0.0	0.0	0.0	0.0	0.0	1.8292236774712813E-5	4.72074950976832E-4	9.427662332560789E-4	0.008003529115200404	0.01581032246108228	0.027035014455509154	0.03365603995806869	0.03157957575516377	0.03167970358172087	0.02965160959781402	0.02682421459371675	0.02527455609155291	0.027032506589173482	0.023765125967070026	0.01536760327766594	0.008763060330299966	0.007445125949928634	0.004518238254417221	0.005329955304859103	0.0018486529078401066	0.0030293757649938803	0.002857142857142857	0.0025996533795493936	0.002427759355755566	7.632508833922262E-4	4.8539271304189546E-4	4.634227077126779E-4	2.8215112013994694E-4	1.862255191036345E-4	2.0101849370142053E-4	1.918859649122807E-4	3.7376191366099795E-4	3.57398141529664E-5	0.0	2.1605271686291456E-5
	Total # checklists submitted - (Clay-colored Sparrow)	59897	41927	37441	52418	36194	52179	74398	41102	41678	48624	53837	76087	56976	54668	55076	76371	79340	86336	77825	81085	50254	48580	46844	53571	38972	29594	25205	35269	26703	25923	27223	41839	32997	32680	32900	41544	33776	35375	32963	45315	35442	32219	29848	36480	32106	27980	31549	46285
	
Birds Per Party Hour
	Clay-colored Sparrow	0.0	0.0	0.0	0.0	0.0	0.0	0.0	0.0	0.0	0.0	4.0	0.38095238095238093	0.0	0.5	1.7108595945456107	1.3482268871862473	1.5421469225876236	1.7209991281918158	2.9575216005533034	3.9165890968280186	3.72236754049538	4.039628223335061	5.618930761076658	5.013132916980049	6.6114438725716935	6.554520601946425	4.791269025176107	2.585184603088142	1.665364717334217	1.5444156218984728	1.7264909470124252	1.774205033200093	1.047001529645348	1.6284793745695194	1.4574813852366344	1.049861914593545	0.8957781813001663	0.5709270493945489	0.6749478383361683	1.0952324130978752	1.1495054495825912	1.2936099514188948	0.947043941846306	0.6628509226983719	1.9328754873503036	1.364256480218281	0.0	0.5998800239952009
	# checklists reporting species - (Clay-colored Sparrow)	0.0	0.0	0.0	0.0	0.0	0.0	0.0	0.0	0.0	0.0	1	3	0.0	1	29	72	577	1063	1285	1524	843	694	651	635	477	359	299	277	122	92	80	85	49	66	62	85	64	26	15	21	11	6	5	10	12	1	0.0	1
	
High Count
	Clay-colored Sparrow	0.0	0.0	0.0	0.0	0.0	0.0	0.0	0.0	0.0	0.0	2	1	0.0	1	2	2	7	21	22	23	20	30	45	40	20	30	10	20	12	100	4	60	3	5	14	4	6	3	1	6	1	1	1	1	1	1	0.0	1
	# checklists reporting species - (Clay-colored Sparrow)	0.0	0.0	0.0	0.0	0.0	0.0	0.0	0.0	0.0	0.0	1	3	0.0	1	30	83	654	1317	1550	1794	980	831	757	787	588	424	356	314	140	118	91	95	60	74	72	95	72	28	19	30	11	6	6	10	12	1	0.0	1
	
Totals
	Clay-colored Sparrow	0.0	0.0	0.0	0.0	0.0	0.0	0.0	0.0	0.0	0.0	2	3	0.0	1	30	86	749	1632	2414	3081	1720	1704	1558	1595	1108	846	645	596	238	316	131	229	71	110	98	118	84	31	18	33	11	6	6	10	12	1	0.0	1
	# checklists reporting species - (Clay-colored Sparrow)	0.0	0.0	0.0	0.0	0.0	0.0	0.0	0.0	0.0	0.0	1	3	0.0	1	29	82	629	1197	1428	1681	935	794	727	742	564	410	341	306	134	109	89	92	58	70	68	89	66	28	18	26	11	6	6	10	12	1	0.0	1
	
Average Count
	Clay-colored Sparrow	0.0	0.0	0.0	0.0	0.0	0.0	0.0	0.0	0.0	0.0	2.0	1.0	0.0	1.0	1.0344827586206897	1.048780487804878	1.190779014308426	1.363408521303258	1.6904761904761905	1.8328375966686496	1.839572192513369	2.146095717884131	2.1430536451169186	2.1495956873315363	1.9645390070921986	2.0634146341463415	1.8914956011730206	1.9477124183006536	1.7761194029850746	2.8990825688073394	1.4719101123595506	2.489130434782609	1.2241379310344827	1.5714285714285714	1.4411764705882353	1.3258426966292134	1.2727272727272727	1.1071428571428572	1.0	1.2692307692307692	1.0	1.0	1.0	1.0	1.0	1.0	0.0	1.0
	# checklists reporting species - (Clay-colored Sparrow)	0.0	0.0	0.0	0.0	0.0	0.0	0.0	0.0	0.0	0.0	1	3	0.0	1	29	82	629	1197	1428	1681	935	794	727	742	564	410	341	306	134	109	89	92	58	70	68	89	66	28	18	26	11	6	6	10	12	1	0.0	1
	
