

	Week starting on...	1/1	1/8	1/15	1/22	2/1	2/8	2/15	2/22	3/1	3/8	3/15	3/22	4/1	4/8	4/15	4/22	5/1	5/8	5/15	5/22	6/1	6/8	6/15	6/22	7/1	7/8	7/15	7/22	8/1	8/8	8/15	8/22	9/1	9/8	9/15	9/22	10/1	10/8	10/15	10/22	11/1	11/8	11/15	11/22	12/1	12/8	12/15	12/22
Frequency (%)
	Least Sandpiper	0.0033390653955957727	0.0	0.0	0.0	0.0	0.0	0.0	0.0	0.0	0.0	0.0	0.0	0.0017551249648975007	0.0073168947098851255	0.032682111990703755	0.10082361105655288	1.2188051424250061	3.4354151223128246	6.123996145197559	4.103101683418635	0.5850280574680623	0.17908604363935776	0.23055247203483906	0.2576020608164865	0.8262342194395977	2.554571872676894	4.820472128545923	6.098840341376279	7.553458412912407	9.019017860587123	9.822576497814348	9.885513516097422	8.118919901809257	5.18359853121175	3.7963525835866263	2.4768919699595613	1.2642112742775935	0.4975265017667844	0.5066286442374784	0.20081650667549378	0.022572089611195757	0.01862255191036345	0.006700616456714018	0.005482456140350877	0.015573413069208246	0.014295925661186561	0.009509017718469681	0.010802635843145727
	Total # checklists submitted - (Least Sandpiper)	59897	41927	37441	52418	36194	52179	74398	41102	41678	48624	53837	76087	56976	54668	55076	76371	79340	86336	77825	81085	50254	48580	46844	53571	38972	29594	25205	35269	26703	25923	27223	41839	32997	32680	32900	41544	33776	35375	32963	45315	35442	32219	29848	36480	32106	27980	31549	46285
	
Abundance
	Least Sandpiper	3.339065395595773E-5	0.0	0.0	0.0	0.0	0.0	0.0	0.0	0.0	0.0	0.0	0.0	1.7551249648975007E-5	7.316894709885125E-5	5.810153242791779E-4	0.0022128818530594073	0.052268716914544995	0.25704225352112675	0.7518021201413427	0.32274773385953015	0.021431129860309626	0.006587072869493619	0.004909913756297498	0.004946706240316589	0.03174073693934107	0.17131851050888694	0.5654830390795477	0.6811080552326405	1.2153690596562183	1.5964973189831424	1.371524078903868	1.0571237362269652	0.7220959481164955	0.31113831089351285	0.16905775075987842	0.07685827074908531	0.034876835622927524	0.014501766784452298	0.011346054667354307	0.004987311044907867	3.1036623215394165E-4	1.862255191036345E-4	6.700616456714018E-5	5.482456140350877E-5	1.5573413069208246E-4	1.429592566118656E-4	9.509017718469682E-5	1.0802635843145727E-4
	Total # checklists submitted - (Least Sandpiper)	59897	41927	37441	52418	36194	52179	74398	41102	41678	48624	53837	76087	56976	54668	55076	76371	79340	86336	77825	81085	50254	48580	46844	53571	38972	29594	25205	35269	26703	25923	27223	41839	32997	32680	32900	41544	33776	35375	32963	45315	35442	32219	29848	36480	32106	27980	31549	46285
	
Birds Per Party Hour
	Least Sandpiper	0.8359392578670591	0.0	0.0	0.0	0.0	0.0	0.0	0.0	0.0	0.0	0.0	0.0	1.0	4.516064257028113	3.011112971787172	3.4704864623974294	8.904316547802786	13.287760092263719	19.40120357497967	12.344898416881676	5.598297671557708	5.979550404584494	7.082405007726262	8.642825564284127	6.29766298487267	9.971409147317921	10.177320027366864	9.111901154045402	10.514210587566026	11.91507759557072	10.57361462905206	9.218185615528112	8.352038586615505	6.598787365443241	5.2440082417968386	3.51768839293761	3.162635677265847	3.4902688212754955	2.9682051208726827	3.2546553435668995	1.8264345414295327	1.245906134610388	1.0909090909090908	0.4	1.960735984458412	0.8079125579052276	0.6131651904642212	0.7056432919797402
	# checklists reporting species - (Least Sandpiper)	2	0.0	0.0	0.0	0.0	0.0	0.0	0.0	0.0	0.0	0.0	0.0	1	3	18	101	1022	3064	5006	3559	302	97	105	151	345	793	1276	2281	2093	2441	2808	4315	2759	1722	1264	1063	450	177	183	102	10	13	4	5	6	4	4	5
	
High Count
	Least Sandpiper	1	0.0	0.0	0.0	0.0	0.0	0.0	0.0	0.0	0.0	0.0	0.0	1	1	9	22	50	418	1000	525	67	46	16	30	210	205	589	425	757	950	1080	1000	256	162	73	40	60	30	30	30	8	1	3	1	1	1	1	1
	# checklists reporting species - (Least Sandpiper)	2	0.0	0.0	0.0	0.0	0.0	0.0	0.0	0.0	0.0	0.0	0.0	1	4	21	114	1194	3562	5559	3967	357	107	116	166	382	860	1393	2470	2275	2661	3082	4739	3057	1920	1409	1165	501	208	201	109	17	13	6	5	6	6	5	5
	
Totals
	Least Sandpiper	2	0.0	0.0	0.0	0.0	0.0	0.0	0.0	0.0	0.0	0.0	0.0	1	4	35	227	5073	27176	68652	34018	1325	402	244	364	1877	6302	15678	26496	34737	45130	41034	50656	28071	11668	6361	3622	1382	636	486	273	35	13	8	5	6	6	5	5
	# checklists reporting species - (Least Sandpiper)	2	0.0	0.0	0.0	0.0	0.0	0.0	0.0	0.0	0.0	0.0	0.0	1	4	20	114	1090	3264	5241	3782	329	103	107	157	371	832	1344	2375	2171	2554	2928	4501	2906	1815	1339	1116	480	201	201	109	16	13	6	5	6	6	5	5
	
Average Count
	Least Sandpiper	1.0	0.0	0.0	0.0	0.0	0.0	0.0	0.0	0.0	0.0	0.0	0.0	1.0	1.0	1.75	1.9912280701754386	4.654128440366972	8.325980392156863	13.099026903262736	8.994711792702274	4.027355623100304	3.9029126213592233	2.2803738317757007	2.3184713375796178	5.059299191374663	7.574519230769231	11.665178571428571	11.156210526315789	16.000460617227084	17.670321064996084	14.014344262295081	11.254387913796934	9.659669649002065	6.428650137741047	4.7505601194921585	3.2455197132616487	2.879166666666667	3.1641791044776117	2.417910447761194	2.5045871559633026	2.1875	1.0	1.3333333333333333	1.0	1.0	1.0	1.0	1.0
	# checklists reporting species - (Least Sandpiper)	2	0.0	0.0	0.0	0.0	0.0	0.0	0.0	0.0	0.0	0.0	0.0	1	4	20	114	1090	3264	5241	3782	329	103	107	157	371	832	1344	2375	2171	2554	2928	4501	2906	1815	1339	1116	480	201	201	109	16	13	6	5	6	6	5	5
	
