

	Week starting on...	1/1	1/8	1/15	1/22	2/1	2/8	2/15	2/22	3/1	3/8	3/15	3/22	4/1	4/8	4/15	4/22	5/1	5/8	5/15	5/22	6/1	6/8	6/15	6/22	7/1	7/8	7/15	7/22	8/1	8/8	8/15	8/22	9/1	9/8	9/15	9/22	10/1	10/8	10/15	10/22	11/1	11/8	11/15	11/22	12/1	12/8	12/15	12/22
Frequency (%)
	Eared Grebe	0.008347663488989432	0.03816156653230615	0.10683475334526323	0.0057232248464268	0.002762888876609383	0.011498878859311218	0.0	0.0	0.004798694755026633	0.002056597564988483	0.007429834500436503	0.006571424816328677	0.012285874754282505	0.02560913148459794	0.019972401772096738	0.12832095952652184	0.18275775144945802	0.17489807264640472	0.06167683906199808	0.030831843127582168	0.04576750109444024	0.008233841086867023	0.008538980445734779	0.0074667264004778695	0.012829723904341579	0.0	0.011902400317397342	0.005670702316481897	0.01872448788525634	0.06943640782316862	0.055100466517283175	0.038241831783742436	0.021214049762099587	0.07343941248470012	0.030395136778115502	0.016849605237820142	0.041449549976314545	0.022614840989399292	0.0030337044565118465	0.05075582036853139	0.138254048868574	0.06517893168627208	0.07035647279549719	0.041118421052631575	0.07786706534604124	0.0	0.01267869029129291	0.008642108674516582
	Total # checklists submitted - (Eared Grebe)	59897	41927	37441	52418	36194	52179	74398	41102	41678	48624	53837	76087	56976	54668	55076	76371	79340	86336	77825	81085	50254	48580	46844	53571	38972	29594	25205	35269	26703	25923	27223	41839	32997	32680	32900	41544	33776	35375	32963	45315	35442	32219	29848	36480	32106	27980	31549	46285
	
Abundance
	Eared Grebe	8.347663488989432E-5	3.8161566532306153E-4	0.0010683475334526322	5.7232248464267996E-5	2.762888876609383E-5	1.1498878859311217E-4	0.0	0.0	4.798694755026633E-5	2.056597564988483E-5	7.429834500436503E-5	6.571424816328677E-5	1.2285874754282505E-4	2.7438355162069216E-4	1.9972401772096738E-4	0.0014141493498841184	0.0018401814973531636	0.0017373980726464048	6.553164150337295E-4	2.959856940247888E-4	4.5767501094440245E-4	8.233841086867023E-5	8.538980445734779E-5	1.1200089600716806E-4	1.282972390434158E-4	0.0	1.1902400317397342E-4	5.6707023164818965E-5	1.8724487885256338E-4	6.943640782316862E-4	5.510046651728318E-4	3.585171729725854E-4	2.4244628299542384E-4	7.649938800489596E-4	3.0395136778115504E-4	1.4442518775274407E-4	4.1449549976314544E-4	2.826855123674912E-4	3.0337044565118466E-5	6.178969436169038E-4	0.0014107556006997348	6.828269033799932E-4	8.040739748056821E-4	4.6600877192982455E-4	7.786706534604124E-4	0.0	1.267869029129291E-4	8.642108674516582E-5
	Total # checklists submitted - (Eared Grebe)	59897	41927	37441	52418	36194	52179	74398	41102	41678	48624	53837	76087	56976	54668	55076	76371	79340	86336	77825	81085	50254	48580	46844	53571	38972	29594	25205	35269	26703	25923	27223	41839	32997	32680	32900	41544	33776	35375	32963	45315	35442	32219	29848	36480	32106	27980	31549	46285
	
Birds Per Party Hour
	Eared Grebe	0.8007420144795174	0.9172460483696948	0.847671298593883	0.7369700107018337	3.53356890459364	1.6086740093770826	1.0	0.0	0.6784490145672665	0.0	0.7596757212044641	1.9217787802693462	1.6675696507742446	0.8722811562133789	1.3060297106538425	1.2897743782947513	1.0123377328537744	1.3224081765403441	1.2622581875492271	1.3287859462853648	2.623517236057835	1.2167867146858744	1.5640201243058909	2.380949046202881	0.8479679932617393	0.0	1.0	0.6666666666666666	1.3207493967220734	1.0349323382849656	0.8455374665143613	0.6939422622474581	1.2116412451813185	2.2749017683464974	0.8505272122287882	1.565126732639423	1.7562947918767458	1.9024502471744678	0.8	1.146309927565403	2.977365245721015	1.0372534814377992	1.1402837781973636	1.4300642446947793	1.6498037304561661	0.0	2.159686284409117	0.35658968813228215
	# checklists reporting species - (Eared Grebe)	5	17	47	3	1	7	1	0.0	2	1	5	6	13	20	17	124	162	170	59	33	33	4	5	4	9	0.0	4	3	6	19	23	19	9	32	10	6	17	12	1	23	73	24	28	17	26	1	4	3
	
High Count
	Eared Grebe	1	1	1	1	1	1	1	0.0	1	1	1	1	1	2	1	4	8	4	2	2	4	1	1	3	1	0.0	1	1	1	1	1	1	2	14	1	1	1	5	1	5	2	2	2	2	1	1	1	1
	# checklists reporting species - (Eared Grebe)	5	17	47	4	1	7	1	0.0	2	2	5	8	20	24	21	135	182	180	67	60	46	5	5	4	11	0.0	5	6	7	22	24	21	9	37	12	10	18	16	2	29	80	26	31	18	29	1	4	4
	
Totals
	Eared Grebe	5	17	47	3	1	7	1	0.0	2	2	5	8	20	25	21	149	195	181	70	59	67	4	5	6	10	0.0	4	6	7	22	24	20	10	63	12	9	18	29	1	34	81	25	35	20	29	1	4	4
	# checklists reporting species - (Eared Grebe)	5	17	47	3	1	7	1	0.0	2	2	5	8	20	23	21	134	179	176	67	58	46	4	5	4	10	0.0	4	6	7	22	24	20	9	36	12	9	18	16	1	26	80	24	31	18	29	1	4	4
	
Average Count
	Eared Grebe	1.0	1.0	1.0	1.0	1.0	1.0	1.0	0.0	1.0	1.0	1.0	1.0	1.0	1.0869565217391304	1.0	1.1119402985074627	1.089385474860335	1.0284090909090908	1.044776119402985	1.0172413793103448	1.4565217391304348	1.0	1.0	1.5	1.0	0.0	1.0	1.0	1.0	1.0	1.0	1.0	1.1111111111111112	1.75	1.0	1.0	1.0	1.8125	1.0	1.3076923076923077	1.0125	1.0416666666666667	1.1290322580645162	1.1111111111111112	1.0	1.0	1.0	1.0
	# checklists reporting species - (Eared Grebe)	5	17	47	3	1	7	1	0.0	2	2	5	8	20	23	21	134	179	176	67	58	46	4	5	4	10	0.0	4	6	7	22	24	20	9	36	12	9	18	16	1	26	80	24	31	18	29	1	4	4
	
