

	Week starting on...	1/1	1/8	1/15	1/22	2/1	2/8	2/15	2/22	3/1	3/8	3/15	3/22	4/1	4/8	4/15	4/22	5/1	5/8	5/15	5/22	6/1	6/8	6/15	6/22	7/1	7/8	7/15	7/22	8/1	8/8	8/15	8/22	9/1	9/8	9/15	9/22	10/1	10/8	10/15	10/22	11/1	11/8	11/15	11/22	12/1	12/8	12/15	12/22
Frequency (%)
	Common Goldeneye	16.535051838990267	16.96520142151835	15.023637189177638	15.099774886489373	14.81461015637951	11.015925947220145	8.974703621065082	13.690331370736217	15.180670857526755	16.19981901941428	14.59776733473262	12.489650005914282	10.611485537770289	8.602838955147435	7.0429951339966586	4.889290437469721	2.6569195865893622	1.8300593031875465	1.6318663668486988	1.664919528889437	1.18398535439965	0.9180732811856731	0.9115361625821877	0.8829403968565082	0.9365698450169352	0.9528958572683652	1.376710970045626	1.4261816325951968	1.56536718720743	1.6819041006056399	1.6346471733460675	1.3886565166471474	1.3152710852501743	1.2270501835985312	1.1094224924012157	1.2829770845368764	1.9155613453339648	2.4395759717314487	4.241118830203561	8.273198720070617	12.973308504034762	14.249355970079765	15.81680514607344	15.701754385964911	17.361240889553354	16.51179413867048	14.390313480617452	14.248676677109215
	Total # checklists submitted - (Common Goldeneye)	59897	41927	37441	52418	36194	52179	74398	41102	41678	48624	53837	76087	56976	54668	55076	76371	79340	86336	77825	81085	50254	48580	46844	53571	38972	29594	25205	35269	26703	25923	27223	41839	32997	32680	32900	41544	33776	35375	32963	45315	35442	32219	29848	36480	32106	27980	31549	46285
	
Abundance
	Common Goldeneye	4.5988112927191676	4.935960121162974	4.3876766112016234	4.479587164714411	4.218406365695972	2.8400505950669808	2.1592112691201377	3.1758308598121747	3.471687700945343	3.5465202369200397	2.8368222597841632	2.027954841168662	1.3780890199382196	0.9953537718592229	0.6545682329871451	0.4391719369917901	0.1865515502898916	0.14012694588584138	0.10946353999357533	0.126077572917309	0.09611175229832451	0.06659118979003706	0.08323371189479976	0.06789120979634504	0.060684594067535666	0.08177333243224978	0.21487800039674668	0.24199722135586493	0.26869640115342847	0.28418778690737956	0.23373617896631524	0.24529744974784293	0.17034881958965967	0.14231946144430846	0.0909726443768997	0.11491430772193337	0.1423495973472288	0.16048056537102473	0.34496253374996205	1.2308065761889	3.314542068732013	4.099040938576616	4.865083087644063	4.740953947368421	5.070672148508067	5.06554681915654	4.615011569304891	4.0071297396564765
	Total # checklists submitted - (Common Goldeneye)	59897	41927	37441	52418	36194	52179	74398	41102	41678	48624	53837	76087	56976	54668	55076	76371	79340	86336	77825	81085	50254	48580	46844	53571	38972	29594	25205	35269	26703	25923	27223	41839	32997	32680	32900	41544	33776	35375	32963	45315	35442	32219	29848	36480	32106	27980	31549	46285
	
Birds Per Party Hour
	Common Goldeneye	68.94796958319903	77.65267396151047	79.15927066444253	67.30973926493586	75.08454039857298	63.31003484339433	55.013059179854444	58.0700436458796	62.9640221798908	51.83910596982053	45.659242814626616	38.95242827215822	31.645548611817077	29.068562550081495	22.449221197872763	19.606437324083586	12.80398734885849	12.938612036732058	11.660270762107475	12.842902698275159	18.61553585504032	15.153087294633522	14.815200469232165	19.41895237639157	15.736933139938	19.879403401278708	15.521502505166955	14.959758530686969	10.630733115244961	16.001714114640656	20.368120494321396	29.60611887866777	10.501669266060313	15.265612327147158	14.304887652918305	12.58291853445487	15.084034668829327	10.639151056452762	15.908195946279921	25.609271683735873	46.738150623672716	50.87297367611727	67.26505041509664	63.32216184297812	70.61236369937198	66.51486242246925	46.79097553831738	47.97779061484169
	# checklists reporting species - (Common Goldeneye)	9552	6927	5425	7601	5094	5567	6469	5472	6119	7591	7548	9224	5906	4544	3750	3740	2095	1566	1228	1309	574	441	435	474	369	287	352	522	432	443	458	591	437	398	368	539	643	871	1426	3764	4586	4535	4597	5555	5327	4439	4426	6490
	
High Count
	Common Goldeneye	4500	9756	3000	6000	8000	2000	3000	2100	3000	3000	1659	875	1100	924	400	340	264	262	220	200	200	93	500	112	72	130	420	200	249	200	208	403	273	192	195	200	165	123	227	500	1500	1000	1855	2225	3000	4384	6000	2725
	# checklists reporting species - (Common Goldeneye)	10548	7574	5996	8403	5676	6108	7087	6012	6702	8318	8308	10142	6487	5045	4131	4039	2293	1731	1385	1492	679	522	511	537	432	339	383	560	459	471	487	630	478	437	421	594	699	939	1554	4049	4974	4934	5041	6106	5963	4865	4784	7100
	
Totals
	Common Goldeneye	287831	229003	172707	243623	169996	154517	168761	136980	151216	178792	163078	161303	81217	57961	37971	35427	15633	12621	8846	10736	5196	3439	4468	3877	2622	2640	5569	8762	7333	7462	6683	10391	5778	4787	3365	4998	5086	6098	12472	59209	126855	141666	153994	183273	173201	146044	150263	197630
	# checklists reporting species - (Common Goldeneye)	9854	7124	5581	7845	5242	5768	6674	5674	6319	7819	7772	9547	6098	4729	3899	3845	2157	1622	1279	1365	623	478	479	510	393	319	367	542	444	459	474	615	447	414	388	564	671	910	1503	3891	4732	4668	4742	5718	5498	4571	4551	6695
	
Average Count
	Common Goldeneye	29.209559569717882	32.14528354856822	30.94552947500448	31.05455704270236	32.42960702022129	26.78866158113731	25.286335031465388	24.141698977793443	23.930368729229308	22.86635119580509	20.982758620689655	16.89567403372787	13.318629058707772	12.256502431803764	9.738650936137471	9.213784135240573	7.247566063977747	7.781134401972873	6.916340891321345	7.865201465201465	8.340288924558587	7.194560669456067	9.32776617954071	7.601960784313725	6.67175572519084	8.275862068965518	15.174386920980927	16.166051660516604	16.515765765765767	16.257080610021788	14.09915611814346	16.895934959349592	12.926174496644295	11.56280193236715	8.672680412371134	8.861702127659575	7.57973174366617	6.701098901098901	8.298070525615437	15.216910819840658	26.80790363482671	30.348329048843187	32.47448334036272	32.05194123819517	31.502546380502	31.950120323780354	33.01757855416392	29.519044062733382
	# checklists reporting species - (Common Goldeneye)	9854	7124	5581	7845	5242	5768	6674	5674	6319	7819	7772	9547	6098	4729	3899	3845	2157	1622	1279	1365	623	478	479	510	393	319	367	542	444	459	474	615	447	414	388	564	671	910	1503	3891	4732	4668	4742	5718	5498	4571	4551	6695
	
