

	Week starting on...	1/1	1/8	1/15	1/22	2/1	2/8	2/15	2/22	3/1	3/8	3/15	3/22	4/1	4/8	4/15	4/22	5/1	5/8	5/15	5/22	6/1	6/8	6/15	6/22	7/1	7/8	7/15	7/22	8/1	8/8	8/15	8/22	9/1	9/8	9/15	9/22	10/1	10/8	10/15	10/22	11/1	11/8	11/15	11/22	12/1	12/8	12/15	12/22
Frequency (%)
	Dickcissel	0.0	0.0	0.0	0.0019077416154756	0.002762888876609383	0.0	0.0	0.0	0.0	0.0	0.0	0.0013142849632657354	0.0	0.0	0.0	0.0	0.023947567431308294	0.06254633061527057	0.0578220366206232	0.041931306653511746	0.16317109085843912	0.36434746809386576	0.62974980787294	0.6122715648391854	0.5491121831058196	0.4764479286341826	0.28962507439000196	0.11908474864611983	0.044938770924615214	0.042433360336380815	0.06244719538625427	0.02868137383780683	0.03636694244931357	0.01835985312117503	0.027355623100303948	0.02166377816291161	0.041449549976314545	0.053710247349823326	0.0	0.004413549597263599	0.008464533604198408	0.009311275955181724	0.003350308228357009	0.0027412280701754384	0.0	0.0	0.0	0.0021605271686291456
	Total # checklists submitted - (Dickcissel)	59897	41927	37441	52418	36194	52179	74398	41102	41678	48624	53837	76087	56976	54668	55076	76371	79340	86336	77825	81085	50254	48580	46844	53571	38972	29594	25205	35269	26703	25923	27223	41839	32997	32680	32900	41544	33776	35375	32963	45315	35442	32219	29848	36480	32106	27980	31549	46285
	
Abundance
	Dickcissel	0.0	0.0	0.0	1.9077416154756E-5	2.762888876609383E-5	0.0	0.0	0.0	0.0	0.0	0.0	1.3142849632657353E-5	0.0	0.0	0.0	0.0	2.772876228888329E-4	6.370459599703484E-4	6.810150979762287E-4	5.673059135475119E-4	0.003860389222748438	0.00708110333470564	0.014366834599948766	0.014522782848929458	0.012650107769680797	0.011623977833344597	0.006625669510017853	0.0029204116929881768	9.736733700333296E-4	7.329398603556687E-4	9.918083973110973E-4	3.824183178374244E-4	0.0010000909173561233	1.835985312117503E-4	2.735562310030395E-4	2.166377816291161E-4	4.1449549976314544E-4	5.371024734982333E-4	0.0	6.6203243958954E-5	8.464533604198409E-5	9.311275955181725E-5	3.350308228357009E-5	2.7412280701754386E-5	0.0	0.0	0.0	2.1605271686291456E-5
	Total # checklists submitted - (Dickcissel)	59897	41927	37441	52418	36194	52179	74398	41102	41678	48624	53837	76087	56976	54668	55076	76371	79340	86336	77825	81085	50254	48580	46844	53571	38972	29594	25205	35269	26703	25923	27223	41839	32997	32680	32900	41544	33776	35375	32963	45315	35442	32219	29848	36480	32106	27980	31549	46285
	
Birds Per Party Hour
	Dickcissel	0.0	0.0	0.0	12.048192771084338	29.41176470588235	0.0	0.0	0.0	0.0	0.0	0.0	12.048192771084338	0.0	0.0	0.0	0.0	0.2919233442622098	3.6858258032803075	0.7218020035706453	2.605869375283227	9.483719239654828	7.882325273662212	8.020033746308485	8.854115562363893	7.342068134177491	9.542043293101065	7.2128866561309	8.277057071322067	4.759030301252358	1.171161523363045	2.137360242122128	1.8697554130019785	2.5746745906949142	0.24635427208019542	0.569961993241175	0.4426335915729665	2.6627967470855975	4.415432285240415	0.0	0.9907407407407407	0.5532429690142311	1.5072161363241174	0.0	0.9328537170263789	0.0	0.0	0.0	0.0
	# checklists reporting species - (Dickcissel)	0.0	0.0	0.0	1	1	0.0	0.0	0.0	0.0	0.0	0.0	1	1	0.0	0	0.0	23	75	50	48	114	224	389	424	288	177	98	48	13	16	18	14	13	6	14	13	13	23	2	2	7	3	1	2	0.0	0.0	0.0	0
	
High Count
	Dickcissel	0.0	0.0	0.0	1	1	0.0	0.0	0.0	0.0	0.0	0.0	1	1	0.0	1	0.0	3	2	5	4	9	10	11	19	43	12	10	8	7	4	4	3	22	1	1	1	2	1	1	2	1	1	1	1	0.0	0.0	0.0	1
	# checklists reporting species - (Dickcissel)	0.0	0.0	0.0	1	1	0.0	0.0	0.0	0.0	0.0	0.0	1	1	0.0	1	0.0	23	91	56	53	120	251	409	448	303	184	111	50	13	18	20	17	14	7	20	13	16	25	2	9	9	8	1	2	0.0	0.0	0.0	2
	
Totals
	Dickcissel	0.0	0.0	0.0	1	1	0.0	0.0	0.0	0.0	0.0	0.0	1	1	0.0	1	0.0	26	90	64	69	265	470	917	975	686	485	229	122	27	31	30	22	35	7	19	13	16	25	2	10	9	8	1	2	0.0	0.0	0.0	2
	# checklists reporting species - (Dickcissel)	0.0	0.0	0.0	1	1	0.0	0.0	0.0	0.0	0.0	0.0	1	1	0.0	1	0.0	23	89	56	52	120	249	407	443	301	184	111	49	13	18	20	16	14	7	19	13	15	25	2	9	9	8	1	2	0.0	0.0	0.0	2
	
Average Count
	Dickcissel	0.0	0.0	0.0	1.0	1.0	0.0	0.0	0.0	0.0	0.0	0.0	1.0	1.0	0.0	1.0	0.0	1.1304347826086956	1.0112359550561798	1.1428571428571428	1.3269230769230769	2.2083333333333335	1.8875502008032128	2.253071253071253	2.200902934537246	2.2790697674418605	2.635869565217391	2.063063063063063	2.489795918367347	2.076923076923077	1.7222222222222223	1.5	1.375	2.5	1.0	1.0	1.0	1.0666666666666667	1.0	1.0	1.1111111111111112	1.0	1.0	1.0	1.0	0.0	0.0	0.0	1.0
	# checklists reporting species - (Dickcissel)	0.0	0.0	0.0	1	1	0.0	0.0	0.0	0.0	0.0	0.0	1	1	0.0	1	0.0	23	89	56	52	120	249	407	443	301	184	111	49	13	18	20	16	14	7	19	13	15	25	2	9	9	8	1	2	0.0	0.0	0.0	2
	
