

	Week starting on...	1/1	1/8	1/15	1/22	2/1	2/8	2/15	2/22	3/1	3/8	3/15	3/22	4/1	4/8	4/15	4/22	5/1	5/8	5/15	5/22	6/1	6/8	6/15	6/22	7/1	7/8	7/15	7/22	8/1	8/8	8/15	8/22	9/1	9/8	9/15	9/22	10/1	10/8	10/15	10/22	11/1	11/8	11/15	11/22	12/1	12/8	12/15	12/22
Frequency (%)
	Downy Woodpecker	28.76604838305758	30.250196770577432	30.971394994791808	31.55404631996642	31.278664972094823	34.43147626439755	34.28586789967472	27.623959904627508	27.534910504342818	25.738318525830866	24.7915002693315	24.152614769934416	25.52653748946925	26.82373600643887	27.83244970586099	29.82021971690825	33.1699016889337	32.60517049666419	27.74943784131063	16.946414256644264	11.70454093206511	11.132153149444216	11.777388779779695	12.939836852028149	15.408498409114236	17.466378319929714	20.071414401904384	21.009952082565427	23.064824177058757	22.416386992246267	23.880542188590532	24.601448409378808	27.193381216474226	26.936964504283967	26.592705167173253	26.152994415559405	27.170180009474183	27.2452296819788	26.356824318174922	27.792121813968883	28.240505614807294	29.06359601477389	29.295095148753685	29.9780701754386	29.16900267862705	31.579699785561115	35.66515578940695	33.75391595549314
	Total # checklists submitted - (Downy Woodpecker)	59897	41927	37441	52418	36194	52179	74398	41102	41678	48624	53837	76087	56976	54668	55076	76371	79340	86336	77825	81085	50254	48580	46844	53571	38972	29594	25205	35269	26703	25923	27223	41839	32997	32680	32900	41544	33776	35375	32963	45315	35442	32219	29848	36480	32106	27980	31549	46285
	
Abundance
	Downy Woodpecker	0.5051338130457285	0.5078827485868295	0.5199113271547234	0.5385936128810714	0.5252528043322098	0.586711128998256	0.5858221995214925	0.4651111868035619	0.46756082345601996	0.4333045409674235	0.4197856492746624	0.4019740560148251	0.4427653748946925	0.4731469964147216	0.4923015469533009	0.5397860444409527	0.59092513234182	0.546875	0.4266495342113717	0.2344823333538879	0.15252517212560193	0.1483532317826266	0.16572026300059772	0.19714024378861697	0.2377861028430668	0.2683989997972562	0.3003372346756596	0.30698346990274744	0.33599221061303974	0.3276241175789839	0.35591228005730446	0.3823944166925596	0.43952480528532895	0.4266829865361077	0.420790273556231	0.409734257654535	0.42160113690194223	0.41331448763250883	0.405636622880199	0.43402846739490236	0.4562947914903222	0.4580527018219063	0.4612369337979094	0.47765899122807015	0.47710708278826386	0.5565761258041458	0.8065231861548702	0.6335745922004969
	Total # checklists submitted - (Downy Woodpecker)	59897	41927	37441	52418	36194	52179	74398	41102	41678	48624	53837	76087	56976	54668	55076	76371	79340	86336	77825	81085	50254	48580	46844	53571	38972	29594	25205	35269	26703	25923	27223	41839	32997	32680	32900	41544	33776	35375	32963	45315	35442	32219	29848	36480	32106	27980	31549	46285
	
Birds Per Party Hour
	Downy Woodpecker	3.3578870301488517	3.375695675850096	3.2784173725370573	3.3117157762987537	3.2094170368757875	3.411922930950185	3.0128756579078586	3.1735957314579304	3.071397737466507	2.835811709642104	2.7911518003005997	2.793000928542237	2.449955136411272	2.4539817317248183	2.4123922733411454	2.1843144555727148	1.9432834714448137	1.7338699761958138	1.5461312768422064	1.6804254334115656	2.2559429518954426	2.637774948458016	3.084067038987469	3.5057746818967157	3.033857384192658	2.605012651114509	2.052025259399517	1.9329190863172507	1.8750894215019882	1.9289542215254352	1.8349397024984067	1.789891104787322	1.6830054030621302	1.7868280773963128	1.7433080171413473	1.8184440955180612	1.945970481893322	1.8664907399221737	1.9670539057893315	2.123084315977088	2.274938060932718	2.445172852642052	2.642254153073875	2.745001519588611	2.875690013006168	2.8861377088687923	2.8043028457209114	2.9361131267666347
	# checklists reporting species - (Downy Woodpecker)	17348	12725	11599	16650	11328	18222	25824	11389	11556	12597	13381	18552	14683	14671	15357	22882	26276	27716	21425	13796	5925	5450	5568	6978	6045	5230	5113	7454	6236	5896	6549	10400	9070	8899	8859	10937	9311	9775	8795	12813	10160	9517	8794	10939	9386	8827	11255	15682
	
High Count
	Downy Woodpecker	74	15	21	15	23	23	21	25	15	20	16	16	25	21	26	21	25	22	21	21	31	16	21	15	24	12	13	10	11	14	15	19	21	16	19	20	24	12	38	17	17	25	22	25	20	42	72	41
	# checklists reporting species - (Downy Woodpecker)	18505	13537	12369	17600	12025	18910	26609	12067	12219	13276	14172	19622	15553	15660	16351	24182	28020	30085	23014	14695	6311	5811	5965	7447	6513	5586	5446	8005	6690	6287	6965	11038	9562	9416	9369	11585	9872	10361	9278	13550	10737	10056	9317	11650	10032	9407	11930	16662
	
Totals
	Downy Woodpecker	31926	22400	20497	29679	19975	31896	45111	20018	20462	22098	23738	32257	26636	27201	28477	43151	49217	49489	34866	20043	8097	7668	8242	11173	9863	8446	8001	11551	9575	9038	10215	16838	15164	14699	14572	17861	15051	15431	14078	20788	17084	15625	14488	18366	16141	16344	26744	30900
	# checklists reporting species - (Downy Woodpecker)	18074	13218	12083	17270	11786	18646	26322	11814	12007	13037	13872	19250	15215	15248	15888	23485	26881	28320	21888	14111	6067	5617	5752	7184	6268	5422	5275	7765	6485	6106	6784	10760	9336	9213	9149	11320	9650	10130	9106	13311	10559	9910	9159	11433	9834	9225	11743	16351
	
Average Count
	Downy Woodpecker	1.7664047803474605	1.6946587986079589	1.696350244144666	1.7185292414591777	1.6948073986085186	1.7106081733347636	1.7138135400045589	1.6944303368884375	1.7041725660031648	1.6950218608575593	1.7112168396770473	1.6756883116883117	1.750640814985212	1.7839060860440714	1.7923590130916416	1.8373855652544178	1.830921468695361	1.7474929378531074	1.5929276315789473	1.4203812628445893	1.3345970001648262	1.365141534627025	1.432892906815021	1.555261692650334	1.5735481812380345	1.5577277757285135	1.516777251184834	1.4875724404378623	1.476484194294526	1.4801834261382247	1.505748820754717	1.5648698884758365	1.6242502142245072	1.5954629328123304	1.5927423762159798	1.577826855123675	1.5596891191709845	1.5232971372161896	1.546013617395124	1.5617158740890993	1.6179562458566152	1.5766902119071644	1.5818320777377444	1.6064025190238782	1.6413463494000406	1.7717073170731708	2.2774418802690963	1.889792673230995
	# checklists reporting species - (Downy Woodpecker)	18074	13218	12083	17270	11786	18646	26322	11814	12007	13037	13872	19250	15215	15248	15888	23485	26881	28320	21888	14111	6067	5617	5752	7184	6268	5422	5275	7765	6485	6106	6784	10760	9336	9213	9149	11320	9650	10130	9106	13311	10559	9910	9159	11433	9834	9225	11743	16351
	
