

	Week starting on...	1/1	1/8	1/15	1/22	2/1	2/8	2/15	2/22	3/1	3/8	3/15	3/22	4/1	4/8	4/15	4/22	5/1	5/8	5/15	5/22	6/1	6/8	6/15	6/22	7/1	7/8	7/15	7/22	8/1	8/8	8/15	8/22	9/1	9/8	9/15	9/22	10/1	10/8	10/15	10/22	11/1	11/8	11/15	11/22	12/1	12/8	12/15	12/22
Frequency (%)
	Ruby-crowned Kinglet	0.3439237357463646	0.20988861592768382	0.165593867685158	0.1125567553130604	0.07459799966845333	0.04216255581747446	0.02016183230732009	0.038927546104812416	0.035990210662699744	0.030848963474827244	0.03714917250218251	0.06965710305308397	0.4563324908733502	5.366942269700739	15.149974580579562	27.17785546869885	31.756995210486515	22.603548925129726	10.03662062319306	2.2396250847875687	3.5539459545508816	3.340881020996295	3.5522158654256684	2.626421011368091	2.7917479215847276	1.138744340068933	0.9125173576671296	0.7230145453514418	0.8201325693742276	0.9875400223739537	0.7309995224626235	0.7385453763235259	1.0455495954177652	2.576499388004896	6.35258358662614	15.94935490082804	27.69126006631928	29.481272084805653	22.761884537208385	12.571996027805362	4.864285311212686	2.271951333064341	1.2597158938622355	0.849780701754386	0.8067027969849871	0.5218012866333095	0.5166566293701861	0.23549746138057684
	Total # checklists submitted - (Ruby-crowned Kinglet)	59897	41927	37441	52418	36194	52179	74398	41102	41678	48624	53837	76087	56976	54668	55076	76371	79340	86336	77825	81085	50254	48580	46844	53571	38972	29594	25205	35269	26703	25923	27223	41839	32997	32680	32900	41544	33776	35375	32963	45315	35442	32219	29848	36480	32106	27980	31549	46285
	
Abundance
	Ruby-crowned Kinglet	0.004641300899878124	0.002504352803682591	0.0021099863785689487	0.00133541913083292	8.288666629828148E-4	4.599551543724487E-4	2.016183230732009E-4	4.6226460999464745E-4	4.078890541772638E-4	3.7018756169792695E-4	4.272154837750989E-4	7.885709779594411E-4	0.006072732378545352	0.1247896392770908	0.571392257970804	1.2180539733668538	1.802571212503151	0.7621386212008896	0.20998393832316095	0.04027871986187334	0.06284076889401839	0.05290242898312063	0.05245068738792588	0.03908831270650165	0.0394642307297547	0.015982969520848822	0.016703035112080936	0.01420510930278715	0.019698161255289667	0.0267715927940439	0.024023803401535468	0.022371471593489328	0.02954814074006728	0.047460220318237455	0.13054711246200607	0.6016753321779318	1.661209142586452	1.6926925795053003	1.2055334769286776	0.46329030122476	0.1137915467524406	0.05146031844563767	0.027238005896542482	0.01225328947368421	0.011835793932598268	0.007398141529664046	0.007195156740308726	0.0030031327643945125
	Total # checklists submitted - (Ruby-crowned Kinglet)	59897	41927	37441	52418	36194	52179	74398	41102	41678	48624	53837	76087	56976	54668	55076	76371	79340	86336	77825	81085	50254	48580	46844	53571	38972	29594	25205	35269	26703	25923	27223	41839	32997	32680	32900	41544	33776	35375	32963	45315	35442	32219	29848	36480	32106	27980	31549	46285
	
Birds Per Party Hour
	Ruby-crowned Kinglet	2.1598483054509843	1.5676973402472982	2.1848133836665014	1.0151689215296742	1.1758757765915524	1.059184943068206	0.8530928763516119	0.991263670189992	0.908045067507417	1.2198364494785199	1.1781636672535838	1.0056994781066533	1.3384392297261594	2.308582747261124	3.7467166261853126	4.317088778769573	4.463431643486379	2.36334117842591	1.7870202812319214	2.512581762540502	10.16641754750173	10.86976222459592	13.81129471025565	12.446575022920445	11.667345977924054	7.582628368020354	1.387133985696884	1.2014898686400322	0.8145125361525358	1.030520500837862	0.9816359199043985	1.4014230713650122	1.057719866179864	1.4426646096779745	1.5916113263676204	3.2298641928689147	5.338315627914536	5.110648659959362	4.238769349100695	3.020005044456871	2.0697436887326743	1.8880765806282023	1.8000744124605106	1.1774833188328329	1.233897024720735	0.9580453301614622	1.0677287954196326	1.083063250712707
	# checklists reporting species - (Ruby-crowned Kinglet)	221	94	66	61	28	22	15	16	15	15	21	54	265	3067	8349	21063	25067	18941	7715	1797	1818	1630	1660	1411	1072	322	234	257	219	266	205	322	357	843	2132	6685	9479	10568	7605	5806	1791	791	396	338	276	156	165	112
	
High Count
	Ruby-crowned Kinglet	4	3	4	3	2	2	1	2	2	2	3	3	12	140	280	400	1500	250	77	25	28	24	28	18	10	10	25	12	27	25	31	28	43	27	80	300	600	8000	1403	300	105	48	25	15	6	6	7	6
	# checklists reporting species - (Ruby-crowned Kinglet)	223	97	68	62	28	22	16	18	16	15	22	66	302	3272	9221	22541	27085	20974	8342	1977	1877	1688	1731	1479	1121	352	248	270	238	277	211	339	384	930	2314	7158	10147	11282	8063	6126	1874	813	418	352	285	165	171	118
	
Totals
	Ruby-crowned Kinglet	298	115	86	73	31	24	16	21	18	18	26	74	393	7511	33877	99374	150462	69114	17271	3492	3277	2690	2582	2216	1588	489	439	530	553	736	668	1002	1032	1699	5000	27245	62020	74836	43563	23268	4517	1820	895	508	413	229	236	150
	# checklists reporting species - (Ruby-crowned Kinglet)	223	96	68	62	28	22	16	18	16	15	22	64	289	3194	8807	21672	25586	19339	7864	1850	1831	1645	1672	1426	1086	327	237	263	223	271	209	333	370	888	2245	6937	9812	10890	7835	5949	1833	805	410	349	283	165	170	117
	
Average Count
	Ruby-crowned Kinglet	1.336322869955157	1.1979166666666667	1.2647058823529411	1.1774193548387097	1.1071428571428572	1.0909090909090908	1.0	1.1666666666666667	1.125	1.2	1.1818181818181819	1.15625	1.3598615916955017	2.351596743894803	3.846599296014534	4.585363602805463	5.880637848823575	3.573814571591085	2.196210579857579	1.8875675675675676	1.7897323866739487	1.635258358662614	1.5442583732057416	1.5539971949509117	1.4622467771639043	1.4954128440366972	1.8523206751054853	2.0152091254752853	2.4798206278026904	2.715867158671587	3.1961722488038276	3.009009009009009	2.789189189189189	1.9132882882882882	2.2271714922048997	3.927490269568978	6.32083163473298	6.871992653810835	5.560051052967454	3.9112455874936964	2.464266230223677	2.260869565217391	2.182926829268293	1.4555873925501432	1.459363957597173	1.387878787878788	1.388235294117647	1.2820512820512822
	# checklists reporting species - (Ruby-crowned Kinglet)	223	96	68	62	28	22	16	18	16	15	22	64	289	3194	8807	21672	25586	19339	7864	1850	1831	1645	1672	1426	1086	327	237	263	223	271	209	333	370	888	2245	6937	9812	10890	7835	5949	1833	805	410	349	283	165	170	117
	
