

	Week starting on...	1/1	1/8	1/15	1/22	2/1	2/8	2/15	2/22	3/1	3/8	3/15	3/22	4/1	4/8	4/15	4/22	5/1	5/8	5/15	5/22	6/1	6/8	6/15	6/22	7/1	7/8	7/15	7/22	8/1	8/8	8/15	8/22	9/1	9/8	9/15	9/22	10/1	10/8	10/15	10/22	11/1	11/8	11/15	11/22	12/1	12/8	12/15	12/22
Frequency (%)
	Savannah Sparrow	0.05509457902733025	0.052472153981920955	0.12820170401431585	0.1163722385440116	0.08288666629828148	0.08815807125471933	0.07795908492163768	0.0510924042625663	0.019194779020106533	0.01439618295491938	0.03157679662685514	0.0630856782367553	0.6020078629598427	3.0383405282797984	5.436124627787057	7.822340940933077	8.846735568439627	7.983923276501112	9.50208801798908	11.687735092803848	11.877661479683209	13.163853437628653	13.269575612671847	13.053704429635438	11.718669814225597	11.279313374332634	9.256099980162666	6.816184184411239	5.28779537879639	4.09289048335455	3.7909120963890826	3.475226463347594	3.4336454829226897	3.436352509179927	3.7720364741641337	4.383304448295783	4.032449076267172	2.5045936395759716	1.4986500015168522	0.4943175548935231	0.16082613847976976	0.10552779415872622	0.04355400696864112	0.03837719298245614	0.040490873979941444	0.08577555396711936	0.30745823956385304	0.11666846710597387
	Total # checklists submitted - (Savannah Sparrow)	59897	41927	37441	52418	36194	52179	74398	41102	41678	48624	53837	76087	56976	54668	55076	76371	79340	86336	77825	81085	50254	48580	46844	53571	38972	29594	25205	35269	26703	25923	27223	41839	32997	32680	32900	41544	33776	35375	32963	45315	35442	32219	29848	36480	32106	27980	31549	46285
	
Abundance
	Savannah Sparrow	0.0010017196186787318	8.824862260595797E-4	0.0018696081835421062	0.001755122286237552	9.393822180471901E-4	0.0014181950593150502	0.0011828274953627786	6.325726242032018E-4	1.9194779020106532E-4	1.6452780519907864E-4	3.157679662685514E-4	7.228567297961544E-4	0.01132055602358888	0.06469964147215922	0.13127314982932675	0.1985963258304854	0.2186412906478447	0.17665863602668644	0.2192226148409894	0.27559967934883145	0.3188601902336132	0.4078221490325237	0.41826060968320383	0.42194470889100444	0.3963101714051114	0.39349192403865646	0.4980361039476294	0.3964955059684142	0.4729805639815751	0.5315357018863558	0.42298791463101054	0.32529458161045915	0.3284541018880504	0.2129436964504284	0.1437082066869301	0.19352975158867705	0.14942562766461392	0.06481978798586573	0.030397718654248704	0.008672624958622973	0.0023418542971615597	0.0013346162202427139	7.70570892522112E-4	4.385964912280702E-4	4.983492182146639E-4	0.0024660471765546818	0.006497828774287616	0.002290158798746894
	Total # checklists submitted - (Savannah Sparrow)	59897	41927	37441	52418	36194	52179	74398	41102	41678	48624	53837	76087	56976	54668	55076	76371	79340	86336	77825	81085	50254	48580	46844	53571	38972	29594	25205	35269	26703	25923	27223	41839	32997	32680	32900	41544	33776	35375	32963	45315	35442	32219	29848	36480	32106	27980	31549	46285
	
Birds Per Party Hour
	Savannah Sparrow	2.991688932606976	5.328247954013393	3.1433429111474456	2.5924503186949397	1.7896387091795984	3.2980491478167195	2.846853781266356	1.2352838157834576	3.5246536590806117	3.657250734384583	1.3015028038324623	2.393787562052333	3.6113612655963685	5.114977597785928	6.31342690058069	5.7745001237879405	5.177619886036725	4.222527570538412	4.219790327166769	6.761965145703209	9.507015738213843	12.328211052537402	14.280483487120698	14.081454974635836	13.175349496166124	11.888189264191285	6.791751725384653	5.669781400228576	5.292846141731814	5.10229049359162	6.384180335603255	6.278146921858589	5.80343573949338	5.427940843364633	5.819264966193191	5.8272731578744486	4.882432533073387	3.200523676443487	2.38954232655386	2.239528752391669	1.8079919649003124	1.5473422455827854	2.055006322409565	0.7614470354286559	1.7392039858665886	4.148981592844673	1.5269101623732022	4.064282587299109
	# checklists reporting species - (Savannah Sparrow)	38	26	50	76	34	49	67	22	8	9	19	53	359	1706	2984	6022	6974	6733	7235	9301	5841	6302	6165	6886	4528	3246	2247	2373	1378	1051	1033	1484	1159	1145	1277	1852	1373	900	507	236	63	36	19	19	14	27	108	63
	
High Count
	Savannah Sparrow	8	5	5	8	4	8	5	3	1	2	2	4	18	60	51	50	130	60	75	50	120	278	200	123	200	100	312	150	177	417	321	287	246	194	111	167	500	30	20	16	8	3	7	2	3	16	16	8
	# checklists reporting species - (Savannah Sparrow)	42	35	51	83	42	51	67	26	9	10	20	64	399	1878	3293	6537	7604	7576	7994	10272	6503	6991	6754	7594	5100	3685	2505	2573	1474	1123	1109	1558	1221	1202	1365	1961	1452	959	535	251	67	40	20	21	15	27	118	75
	
Totals
	Savannah Sparrow	72	55	77	126	53	82	105	33	9	11	21	75	722	3956	7755	16219	18467	16362	18129	23580	16825	20898	20558	23719	16388	12253	13183	14500	12812	13977	11719	14031	11260	7237	5248	8764	5317	2469	1083	452	93	50	30	23	18	87	255	129
	# checklists reporting species - (Savannah Sparrow)	42	35	51	82	42	50	67	26	9	10	20	64	392	1824	3162	6265	7238	6981	7498	9680	6189	6667	6451	7274	4853	3497	2368	2458	1415	1075	1065	1513	1189	1175	1329	1920	1408	937	529	248	66	39	20	21	15	27	117	74
	
Average Count
	Savannah Sparrow	1.7142857142857142	1.5714285714285714	1.5098039215686274	1.5365853658536586	1.2619047619047619	1.64	1.5671641791044777	1.2692307692307692	1.0	1.1	1.05	1.171875	1.8418367346938775	2.168859649122807	2.452561669829222	2.588826815642458	2.551395413097541	2.343790287924366	2.417844758602294	2.4359504132231407	2.718532880917757	3.1345432728363583	3.1867927453108047	3.260791861424251	3.3768802802390274	3.503860451815842	5.56714527027027	5.899104963384866	9.054416961130743	13.001860465116279	11.003755868544602	9.273628552544613	9.470142977291841	6.1591489361702125	3.948833709556057	4.564583333333333	3.776278409090909	2.6350053361792956	2.047258979206049	1.8225806451612903	1.4090909090909092	1.2820512820512822	1.5	1.0952380952380953	1.2	3.2222222222222223	2.1794871794871793	1.7432432432432432
	# checklists reporting species - (Savannah Sparrow)	42	35	51	82	42	50	67	26	9	10	20	64	392	1824	3162	6265	7238	6981	7498	9680	6189	6667	6451	7274	4853	3497	2368	2458	1415	1075	1065	1513	1189	1175	1329	1920	1408	937	529	248	66	39	20	21	15	27	117	74
	
