

	Week starting on...	1/1	1/8	1/15	1/22	2/1	2/8	2/15	2/22	3/1	3/8	3/15	3/22	4/1	4/8	4/15	4/22	5/1	5/8	5/15	5/22	6/1	6/8	6/15	6/22	7/1	7/8	7/15	7/22	8/1	8/8	8/15	8/22	9/1	9/8	9/15	9/22	10/1	10/8	10/15	10/22	11/1	11/8	11/15	11/22	12/1	12/8	12/15	12/22
Frequency (%)
	Nashville Warbler	0.14024074661502245	0.021465881174422212	0.0026708688336315803	0.0	0.0	0.0	0.0	0.0	0.0	0.0	0.0	0.0	0.0	0.0	0.03631345776744862	1.1012033363449476	12.818250567179229	19.579318013343215	18.670093157725667	8.673614108651414	9.266924025948184	9.975298476739399	9.962855435061053	8.534468275746205	8.362414040849842	4.4603635872136245	2.483634199563579	1.7267288553687377	2.381754859004606	3.2750839023261196	4.224369099658378	7.227706207127321	10.179713307270358	11.946144430844553	10.620060790273556	10.08569227806663	7.937588820464235	3.7003533568904596	1.7686496981464066	0.47224980690720514	0.16364764968116924	0.2017443123622707	0.2278209595282766	0.12609649122807018	0.2865508004734318	0.17512508934953538	0.13312624805857556	0.07345792373339094
	Total # checklists submitted - (Nashville Warbler)	59897	41927	37441	52418	36194	52179	74398	41102	41678	48624	53837	76087	56976	54668	55076	76371	79340	86336	77825	81085	50254	48580	46844	53571	38972	29594	25205	35269	26703	25923	27223	41839	32997	32680	32900	41544	33776	35375	32963	45315	35442	32219	29848	36480	32106	27980	31549	46285
	
Abundance
	Nashville Warbler	0.0014024074661502246	2.146588117442221E-4	2.6708688336315805E-5	0.0	0.0	0.0	0.0	0.0	0.0	0.0	0.0	0.0	0.0	0.0	8.715229864187668E-4	0.02453811001558183	0.3685026468364003	0.5864645107487028	0.44442017346610985	0.16162052167478572	0.17857284992239425	0.19960889254837383	0.17457945521304757	0.1507532060256482	0.14972287796366623	0.07204163006014733	0.04149970243999206	0.029317530976211405	0.043141220087630605	0.06110403888438838	0.07780185872240385	0.13465905016850307	0.1942297784647089	0.24589963280293758	0.223161094224924	0.2039524359715001	0.15019540502131692	0.054501766784452295	0.02296514273579468	0.005406598256647909	0.0016929067208396817	0.002017443123622707	0.002278209595282766	0.0012883771929824562	0.003083535787703233	0.001858470335954253	0.00139465593204222	7.561845090202009E-4
	Total # checklists submitted - (Nashville Warbler)	59897	41927	37441	52418	36194	52179	74398	41102	41678	48624	53837	76087	56976	54668	55076	76371	79340	86336	77825	81085	50254	48580	46844	53571	38972	29594	25205	35269	26703	25923	27223	41839	32997	32680	32900	41544	33776	35375	32963	45315	35442	32219	29848	36480	32106	27980	31549	46285
	
Birds Per Party Hour
	Nashville Warbler	1.0924757281877489	1.7118024549880797	0.4286326618088298	0.0	0.0	0.0	0.0	0.0	0.0	0.0	0.0	0.0	0.0	0.0	0.5969783967695854	1.2303738458480444	2.0287505114120314	1.89932490728642	2.1152548857761246	3.9485499919331857	10.059919398085238	13.540189958049604	15.619106202788327	13.692431383582639	13.706741661228639	9.275108188977617	3.174380178702647	1.7176075537965168	1.7635029766044708	1.8859339430755886	1.6264892767831238	1.4807024511011946	1.452132360070409	1.5861523473388843	1.6667459157369522	1.821179330010636	1.5991074748832825	1.1785078954043957	1.2719269813723553	0.7352986344516795	0.7844941622118007	0.8090176827550328	1.2729014868076218	0.8550334721717902	1.1142277113542332	1.1879441467791978	1.2289712360584022	0.9990107005624068
	# checklists reporting species - (Nashville Warbler)	92	10	1	0.0	0.0	0.0	0.0	0.0	0.0	0.0	0.0	0.0	0.0	0.0	24	877	10200	16536	14518	6960	4602	4819	4625	4499	3244	1291	600	603	636	859	1167	3087	3448	3979	3586	4282	2796	1360	617	246	66	79	75	49	99	49	44	35
	
High Count
	Nashville Warbler	1	1	1	0.0	0.0	0.0	0.0	0.0	0.0	0.0	0.0	0.0	0.0	0.0	18	200	380	540	250	61	49	74	70	42	30	20	16	28	34	25	27	70	60	200	74	80	88	25	8	7	2	1	1	2	2	2	2	2
	# checklists reporting species - (Nashville Warbler)	94	10	1	0.0	0.0	0.0	0.0	0.0	0.0	0.0	0.0	0.0	0.0	0.0	33	1008	11337	18859	15924	7699	5045	5101	4895	4825	3425	1422	678	654	696	931	1266	3311	3654	4208	3787	4519	2959	1446	649	263	74	82	75	49	100	51	48	36
	
Totals
	Nashville Warbler	94	10	1	0.0	0.0	0.0	0.0	0.0	0.0	0.0	0.0	0.0	0.0	0.0	71	2126	31641	54544	37222	14180	9396	9965	8420	8353	6040	2249	1102	1075	1315	1745	2335	6255	6936	8657	7993	9080	5633	2140	839	299	76	82	75	50	107	55	50	37
	# checklists reporting species - (Nashville Warbler)	94	10	1	0.0	0.0	0.0	0.0	0.0	0.0	0.0	0.0	0.0	0.0	0.0	33	965	10650	17181	14907	7250	4847	4953	4728	4649	3345	1366	629	626	664	894	1229	3198	3561	4101	3700	4415	2906	1423	645	262	74	82	75	49	100	50	48	36
	
Average Count
	Nashville Warbler	1.0	1.0	1.0	0.0	0.0	0.0	0.0	0.0	0.0	0.0	0.0	0.0	0.0	0.0	2.1515151515151514	2.2031088082901555	2.9709859154929577	3.174669693265817	2.496947742671228	1.9558620689655173	1.9385186713430989	2.0119119725418937	1.7808798646362098	1.7967304796730479	1.805680119581465	1.6464128843338213	1.751987281399046	1.7172523961661341	1.980421686746988	1.9519015659955257	1.8999186330349878	1.9559099437148217	1.9477674810446504	2.1109485491343576	2.1602702702702703	2.056625141562854	1.9384033035099792	1.5038650737877723	1.3007751937984495	1.1412213740458015	1.027027027027027	1.0	1.0	1.0204081632653061	1.07	1.1	1.0416666666666667	1.0277777777777777
	# checklists reporting species - (Nashville Warbler)	94	10	1	0.0	0.0	0.0	0.0	0.0	0.0	0.0	0.0	0.0	0.0	0.0	33	965	10650	17181	14907	7250	4847	4953	4728	4649	3345	1366	629	626	664	894	1229	3198	3561	4101	3700	4415	2906	1423	645	262	74	82	75	49	100	50	48	36
	
