

	Week starting on...	1/1	1/8	1/15	1/22	2/1	2/8	2/15	2/22	3/1	3/8	3/15	3/22	4/1	4/8	4/15	4/22	5/1	5/8	5/15	5/22	6/1	6/8	6/15	6/22	7/1	7/8	7/15	7/22	8/1	8/8	8/15	8/22	9/1	9/8	9/15	9/22	10/1	10/8	10/15	10/22	11/1	11/8	11/15	11/22	12/1	12/8	12/15	12/22
Frequency (%)
	Northern Goshawk	0.15693607359300132	0.10017411214730365	0.15758126118426324	0.133541913083292	0.13814444383046914	0.12265470783265299	0.10080916153660045	0.1021848085251326	0.11036997936561255	0.0863770977295163	0.11887735200698404	0.1261713564735106	0.11408312271833755	0.12987488110046097	0.09441499019536641	0.10475180369511987	0.07688429543735821	0.03590622683469237	0.07195631223899775	0.09126225565764322	0.1014844589485414	0.11733223548785508	0.08965929468021519	0.08400067200537605	0.0667145643025762	0.08447658309116714	0.15076373735369966	0.09356658822195128	0.17226528854435832	0.18902133240751456	0.19101495059324836	0.14101675470255026	0.10910082734794072	0.14993880048959607	0.10942249240121579	0.17090313884074715	0.21020843202273803	0.31095406360424027	0.4762915996723599	0.5428666004634227	0.4768353930365104	0.282442037307179	0.19766818547306353	0.15625	0.16507817853360743	0.12866333095067906	0.209198389806333	0.16420006481581506
	Total # checklists submitted - (Northern Goshawk)	59897	41927	37441	52418	36194	52179	74398	41102	41678	48624	53837	76087	56976	54668	55076	76371	79340	86336	77825	81085	50254	48580	46844	53571	38972	29594	25205	35269	26703	25923	27223	41839	32997	32680	32900	41544	33776	35375	32963	45315	35442	32219	29848	36480	32106	27980	31549	46285
	
Abundance
	Northern Goshawk	0.0015192747549960767	0.0010255921005557279	0.0015491039235063166	0.001373573963142432	0.001436702215836879	0.001245711876425382	0.0010080916153660045	9.975183689358183E-4	0.0011276932674312587	9.254689042448174E-4	0.001300221037576388	0.001261713564735106	0.0012461387250772254	0.0013353332845540352	9.259931730699397E-4	0.0010606120124130888	8.192588858079153E-4	3.8222757598220904E-4	7.581111468037263E-4	9.866189800826293E-4	0.0013929239463525292	0.001214491560312886	9.819827512594997E-4	9.333408000597338E-4	7.441239864518116E-4	9.12347097384605E-4	0.0017853600476096013	0.0011624939748787887	0.0017601018612140957	0.0021602437989430238	0.0026815560371744483	0.0016013767059442148	0.001212231414977119	0.0015605875152998776	0.001094224924012158	0.001805314846909301	0.00219090478446234	0.00415547703180212	0.0057033643782422715	0.006686527639854353	0.005614807290784944	0.003196871411279059	0.0021106941838649157	0.0015625	0.0016196349591976577	0.0012866333095067906	0.0020919838980633302	0.0016420006481581506
	Total # checklists submitted - (Northern Goshawk)	59897	41927	37441	52418	36194	52179	74398	41102	41678	48624	53837	76087	56976	54668	55076	76371	79340	86336	77825	81085	50254	48580	46844	53571	38972	29594	25205	35269	26703	25923	27223	41839	32997	32680	32900	41544	33776	35375	32963	45315	35442	32219	29848	36480	32106	27980	31549	46285
	
Birds Per Party Hour
	Northern Goshawk	2.4955927834275613	2.938696787528171	1.8912930442335076	2.932548486063011	1.8175547464250266	3.445971806037377	1.608327136581328	3.8294808235436566	3.3973291160480232	3.364186485507138	1.4316445718758015	1.548687402520561	2.3456704842121954	1.3579952938273865	1.4959885649289777	1.7357170967200966	2.4735283403250636	1.6271067719770973	2.4594530499479883	2.6992207363427254	3.3500115922820273	3.3922145260046386	2.8992447769785428	5.449846206050596	2.7562892962161087	1.448930684281435	0.57073716074803	2.636409837312815	0.7586035658120232	0.23901793953176803	2.6999309647004957	1.1146857619244235	0.5056411779937044	1.7189575779899677	0.9026330514973075	1.3551130074161784	0.6388582939614045	0.9137495473821535	0.7386888770878646	1.1814491535505014	0.7506136142719753	0.7168111160772065	1.9351429390811972	1.363315898129517	1.592806037143219	2.765273430380987	2.252559993168097	1.7773614216045848
	# checklists reporting species - (Northern Goshawk)	102	41	62	81	51	68	84	43	55	49	80	91	71	69	59	89	78	34	56	79	60	62	46	51	33	30	41	36	46	60	59	70	41	52	40	77	86	122	184	289	223	126	85	75	66	46	72	87
	
High Count
	Northern Goshawk	2	2	2	2	3	2	1	1	8	6	7	3	8	2	2	2	2	2	2	3	6	3	4	4	2	2	3	4	2	4	10	4	2	3	5	2	10	32	6	15	4	4	3	2	1	1	2	2
	# checklists reporting species - (Northern Goshawk)	136	74	84	114	78	99	107	62	83	79	107	142	89	103	86	122	99	52	70	97	73	80	52	70	40	39	48	47	58	68	70	87	52	72	51	101	113	157	221	354	271	151	104	95	82	60	95	130
	
Totals
	Northern Goshawk	132	76	86	114	80	99	105	59	90	89	117	143	106	109	86	129	101	53	73	101	92	85	60	78	41	43	57	60	59	80	91	95	53	76	56	106	136	244	273	447	314	174	109	96	81	59	95	131
	# checklists reporting species - (Northern Goshawk)	131	74	83	112	76	98	105	59	80	79	105	137	88	102	84	121	96	50	66	93	69	77	52	65	38	38	48	46	54	68	69	86	49	71	51	101	111	152	219	351	266	151	103	95	81	59	91	130
	
Average Count
	Northern Goshawk	1.0076335877862594	1.027027027027027	1.036144578313253	1.0178571428571428	1.0526315789473684	1.010204081632653	1.0	1.0	1.125	1.1265822784810127	1.1142857142857143	1.0437956204379562	1.2045454545454546	1.0686274509803921	1.0238095238095237	1.0661157024793388	1.0520833333333333	1.06	1.106060606060606	1.086021505376344	1.3333333333333333	1.103896103896104	1.1538461538461537	1.2	1.0789473684210527	1.131578947368421	1.1875	1.3043478260869565	1.0925925925925926	1.1764705882352942	1.318840579710145	1.1046511627906976	1.0816326530612246	1.0704225352112675	1.0980392156862746	1.0495049504950495	1.2252252252252251	1.605263157894737	1.2465753424657535	1.2735042735042734	1.1804511278195489	1.1523178807947019	1.058252427184466	1.0105263157894737	1.0	1.0	1.043956043956044	1.0076923076923077
	# checklists reporting species - (Northern Goshawk)	131	74	83	112	76	98	105	59	80	79	105	137	88	102	84	121	96	50	66	93	69	77	52	65	38	38	48	46	54	68	69	86	49	71	51	101	111	152	219	351	266	151	103	95	81	59	91	130
	
