

	Week starting on...	1/1	1/8	1/15	1/22	2/1	2/8	2/15	2/22	3/1	3/8	3/15	3/22	4/1	4/8	4/15	4/22	5/1	5/8	5/15	5/22	6/1	6/8	6/15	6/22	7/1	7/8	7/15	7/22	8/1	8/8	8/15	8/22	9/1	9/8	9/15	9/22	10/1	10/8	10/15	10/22	11/1	11/8	11/15	11/22	12/1	12/8	12/15	12/22
Frequency (%)
	Cackling Goose	0.5259027998063343	0.426932525580175	0.38193424320931596	0.2499141516273036	0.21826822125214124	0.18973150117863508	0.12500336030538456	0.5182229575203153	0.8253754978645809	1.3594109904573872	1.6011293348440665	1.192056461682022	0.8494804830103904	0.46462281407770545	0.27598227903260947	0.29592384543871364	0.10209226115452483	0.041697553743513714	0.00385480244137488	0.0024665474502065733	0.0019898913519321845	0.0020584602717167557	0.0	0.0	0.0	0.0	0.0	0.0	0.0037448975770512675	0.0038575782123982565	0.0036733644344855453	0.011950572432419513	0.06061157074885595	0.07649938800489596	0.19148936170212766	0.67157712305026	0.8526764566556134	1.1477031802120141	1.207414373691715	1.2733090588105482	1.2047852829975736	1.4060026692324403	1.2195121951219512	0.9237938596491228	0.9126020058556034	0.7433881343817011	0.6751402580113474	0.4817975586042995
	Total # checklists submitted - (Cackling Goose)	59897	41927	37441	52418	36194	52179	74398	41102	41678	48624	53837	76087	56976	54668	55076	76371	79340	86336	77825	81085	50254	48580	46844	53571	38972	29594	25205	35269	26703	25923	27223	41839	32997	32680	32900	41544	33776	35375	32963	45315	35442	32219	29848	36480	32106	27980	31549	46285
	
Abundance
	Cackling Goose	0.01809773444412909	0.01154387387602261	0.01119094041291632	0.0090617726735091	0.004448251091341106	0.0052703194771843076	0.003360305384553348	0.01814996837136879	0.02905609674168626	0.05639190523198421	0.0662741237438936	0.04799768685846465	0.026010951979780962	0.010682666276432282	0.008569976033117873	0.0091526888478611	0.005394504663473658	8.802816901408451E-4	3.85480244137488E-5	8.632916075723007E-5	1.9898913519321845E-5	0.001440922190201729	0.0	0.0	0.0	0.0	0.0	0.0	2.2469385462307607E-4	1.5430312849593026E-4	3.6733644344855455E-5	2.3901144864839027E-4	0.001454677697972543	0.001988984088127295	0.00756838905775076	0.02667051800500674	0.028037659876835624	0.057413427561837455	0.04902466401723144	0.06351097870462319	0.05510411376333164	0.08252894254942736	0.06549852586437953	0.040542763157894735	0.04556780664050333	0.0322373123659757	0.02244128181558845	0.017262612077346872
	Total # checklists submitted - (Cackling Goose)	59897	41927	37441	52418	36194	52179	74398	41102	41678	48624	53837	76087	56976	54668	55076	76371	79340	86336	77825	81085	50254	48580	46844	53571	38972	29594	25205	35269	26703	25923	27223	41839	32997	32680	32900	41544	33776	35375	32963	45315	35442	32219	29848	36480	32106	27980	31549	46285
	
Birds Per Party Hour
	Cackling Goose	10.667733528421339	7.125470608255438	7.436882556760569	21.04790187678803	7.072498002777194	9.498958856830056	6.685693295976143	13.42501536192359	10.524663917695088	12.207507579930848	12.331553717550618	12.426519546193736	9.192777628722979	7.557375714497064	8.806962567419927	7.516371364125229	8.912629767549708	1.9893919122543189	0.8931940426154356	0.9423609508423725	0.08333333333333333	0.0	0.0	0.0	0.0	0.0	0.0	0.0	0.8571428571428571	0.5	5.9880239520958085	0.2442837551580159	2.4989738935224555	1.8202973639013171	8.148743965679158	8.113597276714518	8.883959718979398	11.918198913031018	16.29675326174822	11.566454167996755	11.019241326640424	17.143994848739005	15.163801073910886	13.948870400587454	13.715375931165786	10.78817844200622	9.517060145350673	11.229096727773117
	# checklists reporting species - (Cackling Goose)	340	198	149	145	89	116	104	229	374	714	891	945	509	267	158	232	89	47	4	2	1	0	0.0	1	0.0	0.0	0.0	3	1	1	1	5	20	28	66	303	300	428	423	614	445	489	378	366	330	224	230	235
	
High Count
	Cackling Goose	80	23	20	41	8	22	11	31	39	41	60	100	70	45	45	40	150	10	1	6	1	70	0.0	5	0.0	0.0	0.0	5	6	4	1	4	12	16	69	120	57	65	38	60	45	211	137	75	100	64	45	53
	# checklists reporting species - (Cackling Goose)	356	222	165	153	95	120	111	233	388	732	933	1003	545	296	178	252	95	61	5	2	1	1	0.0	1	0.0	0.0	0.0	6	2	1	1	5	20	29	73	330	340	466	451	660	494	511	414	402	345	237	240	249
	
Totals
	Cackling Goose	1170	598	484	538	203	327	282	797	1324	2970	3778	3978	1635	718	525	761	464	128	4	7	1	70	0.0	5	0.0	0.0	0.0	11	7	4	1	10	48	71	264	1196	1157	2196	1803	3198	2160	2970	2287	1701	1590	1006	765	907
	# checklists reporting species - (Cackling Goose)	353	220	165	150	93	119	109	232	386	730	916	978	534	283	172	243	93	56	4	2	1	1	0.0	1	0.0	0.0	0.0	6	2	1	1	5	20	29	71	322	332	451	440	641	480	505	401	389	342	234	238	247
	
Average Count
	Cackling Goose	3.314447592067989	2.7181818181818183	2.933333333333333	3.5866666666666664	2.182795698924731	2.7478991596638656	2.5871559633027523	3.435344827586207	3.430051813471503	4.068493150684931	4.1244541484716155	4.067484662576687	3.061797752808989	2.537102473498233	3.052325581395349	3.1316872427983538	4.989247311827957	2.2857142857142856	1.0	3.5	1.0	70.0	0.0	5.0	0.0	0.0	0.0	1.8333333333333333	3.5	4.0	1.0	2.0	2.4	2.4482758620689653	3.7183098591549295	3.7142857142857144	3.4849397590361444	4.869179600886918	4.097727272727273	4.9890795631825275	4.5	5.881188118811881	5.703241895261845	4.372750642673521	4.649122807017544	4.299145299145299	3.2142857142857144	3.672064777327935
	# checklists reporting species - (Cackling Goose)	353	220	165	150	93	119	109	232	386	730	916	978	534	283	172	243	93	56	4	2	1	1	0.0	1	0.0	0.0	0.0	6	2	1	1	5	20	29	71	322	332	451	440	641	480	505	401	389	342	234	238	247
	
