

	Week starting on...	1/1	1/8	1/15	1/22	2/1	2/8	2/15	2/22	3/1	3/8	3/15	3/22	4/1	4/8	4/15	4/22	5/1	5/8	5/15	5/22	6/1	6/8	6/15	6/22	7/1	7/8	7/15	7/22	8/1	8/8	8/15	8/22	9/1	9/8	9/15	9/22	10/1	10/8	10/15	10/22	11/1	11/8	11/15	11/22	12/1	12/8	12/15	12/22
Frequency (%)
	Yellow-throated Vireo	0.0	0.0	0.0	0.0	0.0	0.0	0.0	0.0	0.0	0.0	0.0	0.0	0.0	0.0	0.001815672888372431	0.06285108221707193	1.2944290395765061	2.3987676056338025	2.5942820430452938	1.8129123759018313	1.4844589485414097	1.4203375874845614	1.406797028434805	1.1312090496723972	1.087960587088166	0.9191052240318983	0.9085498908946638	0.6804842779778275	0.4980713777478186	0.3934729776646222	0.5179443852624619	0.6190396519993308	0.9546322392944814	0.8537331701346389	0.547112462006079	0.154053533602927	0.014803410705826624	0.014134275618374558	0.0	0.0	0.0028215112013994697	0.0	0.0	0.0	0.0	0.0	0.0	0.0
	Total # checklists submitted - (Yellow-throated Vireo)	59897	41927	37441	52418	36194	52179	74398	41102	41678	48624	53837	76087	56976	54668	55076	76371	79340	86336	77825	81085	50254	48580	46844	53571	38972	29594	25205	35269	26703	25923	27223	41839	32997	32680	32900	41544	33776	35375	32963	45315	35442	32219	29848	36480	32106	27980	31549	46285
	
Abundance
	Yellow-throated Vireo	0.0	0.0	0.0	0.0	0.0	0.0	0.0	0.0	0.0	0.0	0.0	0.0	0.0	0.0	1.815672888372431E-5	6.546987730944992E-4	0.014860095790269725	0.028956634544106744	0.035399935753292644	0.027255349324782636	0.02212759183348589	0.02083161794977357	0.021176671505422254	0.0161281290250322	0.014728523042184131	0.012536324930729202	0.01321166435231105	0.009555133403271996	0.006665917687151256	0.0051691548046136635	0.006648789626418837	0.007767872081072684	0.013880049701488014	0.010740514075887393	0.006930091185410334	0.0016608896591565568	1.4803410705826624E-4	1.696113074204947E-4	0.0	0.0	2.8215112013994695E-5	0.0	0.0	0.0	0.0	0.0	0.0	0.0
	Total # checklists submitted - (Yellow-throated Vireo)	59897	41927	37441	52418	36194	52179	74398	41102	41678	48624	53837	76087	56976	54668	55076	76371	79340	86336	77825	81085	50254	48580	46844	53571	38972	29594	25205	35269	26703	25923	27223	41839	32997	32680	32900	41544	33776	35375	32963	45315	35442	32219	29848	36480	32106	27980	31549	46285
	
Birds Per Party Hour
	Yellow-throated Vireo	0.0	0.0	0.0	0.0	0.0	0.0	0.0	0.0	0.0	0.0	0.0	0.0	0.0	0.3333333333333333	0.25	0.5313242578255508	0.7745377236176181	0.7895249579773116	1.1159277872032805	1.655177242539576	2.576884130747512	2.712538692724817	2.80957947207101	2.571925236961453	2.3816622639824017	2.3572404408093055	1.5186544456583417	1.1519684930406466	1.2749564447364719	1.848521027960942	1.4512848735333197	1.1192292541973268	1.2863737126592434	1.0883432723254725	1.4509906157282708	1.250818468720165	0.49056553303267153	0.44489748997398615	0.0	0.0	0.6451612903225806	0.0	0.0	0.0	0.0	0.0	0.0	0.0
	# checklists reporting species - (Yellow-throated Vireo)	0.0	0.0	0.0	0.0	0.0	0.0	0.0	0.0	0.0	0.0	0.0	0.0	0.0	1	1	52	1031	1986	2070	1504	784	710	675	618	429	276	237	239	141	105	141	267	313	291	184	67	6	5	0.0	0	1	0.0	0.0	0.0	0.0	0.0	0.0	0.0
	
High Count
	Yellow-throated Vireo	0.0	0.0	0.0	0.0	0.0	0.0	0.0	0.0	0.0	0.0	0.0	0.0	0.0	1	1	3	9	12	13	10	16	13	14	8	6	6	7	7	4	5	5	6	8	4	4	2	1	2	0.0	1	1	0.0	0.0	0.0	0.0	0.0	0.0	0.0
	# checklists reporting species - (Yellow-throated Vireo)	0.0	0.0	0.0	0.0	0.0	0.0	0.0	0.0	0.0	0.0	0.0	0.0	0.0	1	1	61	1195	2405	2303	1660	833	773	728	679	467	298	258	264	147	108	147	293	349	308	201	72	10	8	0.0	1	1	0.0	0.0	0.0	0.0	0.0	0.0	0.0
	
Totals
	Yellow-throated Vireo	0.0	0.0	0.0	0.0	0.0	0.0	0.0	0.0	0.0	0.0	0.0	0.0	0.0	1	1	67	1341	2816	3076	2413	1202	1095	1058	959	630	402	360	375	192	140	188	363	492	381	249	76	10	8	0.0	1	1	0.0	0.0	0.0	0.0	0.0	0.0	0.0
	# checklists reporting species - (Yellow-throated Vireo)	0.0	0.0	0.0	0.0	0.0	0.0	0.0	0.0	0.0	0.0	0.0	0.0	0.0	1	1	60	1099	2135	2181	1586	813	741	708	655	457	292	250	257	147	108	145	286	340	300	196	70	10	7	0.0	1	1	0.0	0.0	0.0	0.0	0.0	0.0	0.0
	
Average Count
	Yellow-throated Vireo	0.0	0.0	0.0	0.0	0.0	0.0	0.0	0.0	0.0	0.0	0.0	0.0	0.0	1.0	1.0	1.1166666666666667	1.2202001819836215	1.3189695550351288	1.4103622191655205	1.521437578814628	1.4784747847478474	1.4777327935222673	1.4943502824858756	1.46412213740458	1.3785557986870898	1.3767123287671232	1.44	1.4591439688715953	1.3061224489795917	1.2962962962962963	1.296551724137931	1.2692307692307692	1.4470588235294117	1.27	1.2704081632653061	1.0857142857142856	1.0	1.1428571428571428	0.0	1.0	1.0	0.0	0.0	0.0	0.0	0.0	0.0	0.0
	# checklists reporting species - (Yellow-throated Vireo)	0.0	0.0	0.0	0.0	0.0	0.0	0.0	0.0	0.0	0.0	0.0	0.0	0.0	1	1	60	1099	2135	2181	1586	813	741	708	655	457	292	250	257	147	108	145	286	340	300	196	70	10	7	0.0	1	1	0.0	0.0	0.0	0.0	0.0	0.0	0.0
	
