

	Week starting on...	1/1	1/8	1/15	1/22	2/1	2/8	2/15	2/22	3/1	3/8	3/15	3/22	4/1	4/8	4/15	4/22	5/1	5/8	5/15	5/22	6/1	6/8	6/15	6/22	7/1	7/8	7/15	7/22	8/1	8/8	8/15	8/22	9/1	9/8	9/15	9/22	10/1	10/8	10/15	10/22	11/1	11/8	11/15	11/22	12/1	12/8	12/15	12/22
Frequency (%)
	Veery	0.0016695326977978864	0.0	0.0	0.0	0.0	0.0	0.0	0.0	0.0	0.0	0.0	0.0	0.0	0.0018292236774712814	0.012709710218607015	0.13879613989603384	3.6967481724224855	9.544106745737583	11.786700931577258	11.067398409076896	12.154256377601783	12.354878550843969	12.34736572453249	13.718243079277967	12.827157959560711	10.471717239981079	6.197183098591549	2.6198644702146363	1.62528554844025	1.338579639702195	1.8219887595048307	2.6362962785917445	2.9275388671697424	1.9216646266829864	1.0486322188449848	0.27922202965530524	0.07105637138796779	0.06501766784452297	0.05764038467372508	0.011033873993158999	0.0028215112013994697	0.0	0.0	0.0	0.0	0.0	0.0	0.0021605271686291456
	Total # checklists submitted - (Veery)	59897	41927	37441	52418	36194	52179	74398	41102	41678	48624	53837	76087	56976	54668	55076	76371	79340	86336	77825	81085	50254	48580	46844	53571	38972	29594	25205	35269	26703	25923	27223	41839	32997	32680	32900	41544	33776	35375	32963	45315	35442	32219	29848	36480	32106	27980	31549	46285
	
Abundance
	Veery	1.6695326977978864E-5	0.0	0.0	0.0	0.0	0.0	0.0	0.0	0.0	0.0	0.0	0.0	0.0	1.8292236774712813E-5	1.2709710218607016E-4	0.001715310785507588	0.06380136123014872	0.16080198295033357	0.20350787022165115	0.21085280878090892	0.23645878935010148	0.24503911074516263	0.23998804542737598	0.2616154262567434	0.2673714461664785	0.21984185983645332	0.10890696290418568	0.03547024298959426	0.020297344867617872	0.019017860587123403	0.026301289350916503	0.048447620641028706	0.045307149134769825	0.02799877600979192	0.014924012158054712	0.0029607163489312536	7.105637138796779E-4	6.784452296819788E-4	5.764038467372508E-4	1.1033873993158998E-4	5.643022402798939E-5	0.0	0.0	0.0	0.0	0.0	0.0	2.1605271686291456E-5
	Total # checklists submitted - (Veery)	59897	41927	37441	52418	36194	52179	74398	41102	41678	48624	53837	76087	56976	54668	55076	76371	79340	86336	77825	81085	50254	48580	46844	53571	38972	29594	25205	35269	26703	25923	27223	41839	32997	32680	32900	41544	33776	35375	32963	45315	35442	32219	29848	36480	32106	27980	31549	46285
	
Birds Per Party Hour
	Veery	0.4	0.0	0.0	0.0	0.0	0.0	0.0	0.0	0.0	0.0	0.0	0.0	0.0	0.43478260869565216	0.9152968900372661	0.972490346731754	1.0433194479852685	1.0430675765951936	1.4457644972012775	3.9482737097784457	6.671695503723036	7.714120717281036	8.38486526429534	9.381071501434265	8.04483182483107	6.7311311118833785	3.0446372469218694	1.947682389772461	1.6909170377344993	1.412694527762217	1.7501188280357773	2.195933122894793	1.842366153936701	1.7882561015834175	2.0628092043933632	1.101130053356527	0.9124496738457569	0.654874078523206	0.5515983639002043	0.6021376455156583	1.0	0.0	0.0	0.0	0.0	0.0	0.0	0.6896551724137931
	# checklists reporting species - (Veery)	1	0.0	0.0	0.0	0.0	0.0	0.0	0.0	0.0	0.0	0.0	0.0	0.0	1	7	113	2904	7882	9106	8949	6090	5937	5806	7231	4995	3089	1559	921	445	366	523	1161	1030	698	379	129	27	26	17	4	1	0	0.0	0.0	0.0	0.0	0.0	1
	
High Count
	Veery	1	0.0	0.0	0.0	0.0	0.0	0.0	0.0	0.0	0.0	0.0	0.0	0.0	1	1	6	30	140	200	120	50	37	46	25	49	30	19	11	8	20	28	100	32	30	75	55	26	2	1	1	2	1	0.0	0.0	0.0	0.0	0.0	1
	# checklists reporting species - (Veery)	1	0.0	0.0	0.0	0.0	0.0	0.0	0.0	0.0	0.0	0.0	0.0	0.0	1	7	134	3267	9228	10068	9795	6544	6365	6235	7970	5438	3422	1692	995	476	397	559	1263	1107	748	428	161	36	37	22	8	1	1	0.0	0.0	0.0	0.0	0.0	1
	
Totals
	Veery	1	0.0	0.0	0.0	0.0	0.0	0.0	0.0	0.0	0.0	0.0	0.0	0.0	1	7	164	5420	15052	17256	18748	12486	12337	11813	14813	11000	6907	2940	1335	613	566	842	2367	1832	1263	872	338	75	37	21	8	2	1	0.0	0.0	0.0	0.0	0.0	1
	# checklists reporting species - (Veery)	1	0.0	0.0	0.0	0.0	0.0	0.0	0.0	0.0	0.0	0.0	0.0	0.0	1	7	127	3000	8207	9412	9293	6329	6167	6021	7640	5233	3284	1611	952	461	383	542	1229	1078	726	409	151	35	35	21	8	1	1	0.0	0.0	0.0	0.0	0.0	1
	
Average Count
	Veery	1.0	0.0	0.0	0.0	0.0	0.0	0.0	0.0	0.0	0.0	0.0	0.0	0.0	1.0	1.0	1.2913385826771653	1.8066666666666666	1.8340441086877055	1.8334041648958777	2.0174324760572473	1.9728235108231948	2.000486460191341	1.9619664507556884	1.9388743455497381	2.1020447162239635	2.103227771010962	1.824953445065177	1.4023109243697478	1.3297180043383947	1.4778067885117494	1.5535055350553506	1.9259560618388933	1.699443413729128	1.7396694214876034	2.132029339853301	2.23841059602649	2.142857142857143	1.0571428571428572	1.0	1.0	2.0	1.0	0.0	0.0	0.0	0.0	0.0	1.0
	# checklists reporting species - (Veery)	1	0.0	0.0	0.0	0.0	0.0	0.0	0.0	0.0	0.0	0.0	0.0	0.0	1	7	127	3000	8207	9412	9293	6329	6167	6021	7640	5233	3284	1611	952	461	383	542	1229	1078	726	409	151	35	35	21	8	1	1	0.0	0.0	0.0	0.0	0.0	1
	
