

	Week starting on...	1/1	1/8	1/15	1/22	2/1	2/8	2/15	2/22	3/1	3/8	3/15	3/22	4/1	4/8	4/15	4/22	5/1	5/8	5/15	5/22	6/1	6/8	6/15	6/22	7/1	7/8	7/15	7/22	8/1	8/8	8/15	8/22	9/1	9/8	9/15	9/22	10/1	10/8	10/15	10/22	11/1	11/8	11/15	11/22	12/1	12/8	12/15	12/22
Frequency (%)
	Ruby-throated Hummingbird	0.0	0.0	0.0	0.0	0.0	0.0	0.0	0.0	0.0	0.0	0.0	0.0	0.0	0.005487671032413844	0.007262691553489724	0.09034843068704089	3.309805898663978	10.454503335804299	14.091872791519435	13.004871431214157	10.154415568909938	8.62289007822149	8.29135001280847	8.069664557316457	9.042389407779945	10.306143137122389	12.164253124380084	13.983951912444356	16.181702430438527	17.486402036801294	19.72596701318738	22.866225292191498	21.853501833500015	16.964504283965727	10.066869300911854	4.489216252647795	1.2434864992894363	0.1978798586572438	0.07887631586930802	0.05958291956305859	0.014107556006997347	0.0	0.003350308228357009	0.0	0.0	0.0	0.0	0.0
	Total # checklists submitted - (Ruby-throated Hummingbird)	59897	41927	37441	52418	36194	52179	74398	41102	41678	48624	53837	76087	56976	54668	55076	76371	79340	86336	77825	81085	50254	48580	46844	53571	38972	29594	25205	35269	26703	25923	27223	41839	32997	32680	32900	41544	33776	35375	32963	45315	35442	32219	29848	36480	32106	27980	31549	46285
	
Abundance
	Ruby-throated Hummingbird	0.0	0.0	0.0	0.0	0.0	0.0	0.0	0.0	0.0	0.0	0.0	0.0	0.0	5.487671032413844E-5	7.262691553489724E-5	9.951421351036389E-4	0.04395008822788001	0.19594375463306152	0.21042081593318343	0.19144108034778318	0.14587893501014845	0.11733223548785508	0.10791136538297327	0.10630751712680368	0.11895720004105512	0.13806852740420356	0.16798254314620115	0.208143128526468	0.28011833876343484	0.3087991359024804	0.35326745766447487	0.46284567030760776	0.45952662363245145	0.39063647490820075	0.1915501519756839	0.07953013672251107	0.01705352913311227	0.002459363957597173	7.887631586930801E-4	7.503034315348119E-4	1.4107556006997347E-4	0.0	3.350308228357009E-5	0.0	0.0	0.0	0.0	0.0
	Total # checklists submitted - (Ruby-throated Hummingbird)	59897	41927	37441	52418	36194	52179	74398	41102	41678	48624	53837	76087	56976	54668	55076	76371	79340	86336	77825	81085	50254	48580	46844	53571	38972	29594	25205	35269	26703	25923	27223	41839	32997	32680	32900	41544	33776	35375	32963	45315	35442	32219	29848	36480	32106	27980	31549	46285
	
Birds Per Party Hour
	Ruby-throated Hummingbird	0.0	0.0	0.0	0.0	0.0	0.0	0.0	0.0	0.0	0.0	0.0	0.0	0.0	2.289721634072999	0.21994949494949495	2.944915921170148	2.1915087063989276	2.0097659808723196	1.9504651073608568	2.2902395720727857	2.5356483183853475	2.9557407616272404	2.7625782881193612	3.026783510658727	2.607427860462251	2.4815662048687486	2.323001410360815	2.508256684997529	2.7630009367433432	2.865904346119644	2.684336096619774	2.688737864413118	2.337226688930605	2.1203101898352625	1.757209352572943	2.2456374533456693	2.304390757971536	4.380447692825323	2.7201993755457057	5.092634737811493	1.57283162059716	3.003003003003003	5.46448087431694	0.0	0.0	0.0	0.0	0.0
	# checklists reporting species - (Ruby-throated Hummingbird)	0.0	0.0	0.0	0.0	0.0	0.0	0.0	0.0	0.0	0.0	1	1	0.0	5	4	74	2885	9114	11296	10829	5225	4246	3947	4375	3592	3095	3089	5058	4453	4627	5574	9920	7426	5815	3469	2039	508	97	41	35	6	1	1	0.0	0.0	0.0	0.0	0.0
	
High Count
	Ruby-throated Hummingbird	0.0	0.0	0.0	0.0	0.0	0.0	0.0	0.0	0.0	0.0	1	1	0.0	1	1	5	16	100	50	48	23	11	10	10	15	11	13	35	30	20	20	101	235	355	94	22	8	9	1	8	1	1	1	0.0	0.0	0.0	0.0	0.0
	# checklists reporting species - (Ruby-throated Hummingbird)	0.0	0.0	0.0	0.0	0.0	0.0	0.0	0.0	0.0	0.0	1	1	0.0	5	5	101	3263	10557	12581	11971	5765	4670	4394	4908	4032	3460	3473	5664	4957	5125	6098	10830	8083	6350	3851	2211	584	121	48	37	8	1	1	0.0	0.0	0.0	0.0	0.0
	
Totals
	Ruby-throated Hummingbird	0.0	0.0	0.0	0.0	0.0	0.0	0.0	0.0	0.0	0.0	1	1	0.0	5	5	111	4238	18759	18492	17454	8178	6286	5660	6456	5253	4569	4765	8404	8519	9023	10947	21627	16881	14573	7467	3927	794	145	48	44	8	1	1	0.0	0.0	0.0	0.0	0.0
	# checklists reporting species - (Ruby-throated Hummingbird)	0.0	0.0	0.0	0.0	0.0	0.0	0.0	0.0	0.0	0.0	1	1	0.0	5	5	99	3105	9683	11857	11434	5524	4473	4187	4670	3865	3330	3331	5456	4806	4967	5934	10533	7837	6169	3729	2172	577	120	48	37	8	1	1	0.0	0.0	0.0	0.0	0.0
	
Average Count
	Ruby-throated Hummingbird	0.0	0.0	0.0	0.0	0.0	0.0	0.0	0.0	0.0	0.0	1.0	1.0	0.0	1.0	1.0	1.121212121212121	1.3648953301127213	1.9373128162759476	1.5595850552416295	1.5264999125415428	1.4804489500362057	1.405320813771518	1.3518032003821352	1.382441113490364	1.3591203104786547	1.372072072072072	1.4305013509456619	1.5403225806451613	1.77257594673325	1.8165894906382123	1.8447927199191103	2.053261179151239	2.1540130151843817	2.362295347706273	2.0024135156878518	1.808011049723757	1.3760831889081455	1.2083333333333333	1.0	1.1891891891891893	1.0	1.0	1.0	0.0	0.0	0.0	0.0	0.0
	# checklists reporting species - (Ruby-throated Hummingbird)	0.0	0.0	0.0	0.0	0.0	0.0	0.0	0.0	0.0	0.0	1	1	0.0	5	5	99	3105	9683	11857	11434	5524	4473	4187	4670	3865	3330	3331	5456	4806	4967	5934	10533	7837	6169	3729	2172	577	120	48	37	8	1	1	0.0	0.0	0.0	0.0	0.0
	
