

	Week starting on...	1/1	1/8	1/15	1/22	2/1	2/8	2/15	2/22	3/1	3/8	3/15	3/22	4/1	4/8	4/15	4/22	5/1	5/8	5/15	5/22	6/1	6/8	6/15	6/22	7/1	7/8	7/15	7/22	8/1	8/8	8/15	8/22	9/1	9/8	9/15	9/22	10/1	10/8	10/15	10/22	11/1	11/8	11/15	11/22	12/1	12/8	12/15	12/22
Frequency (%)
	Gray Catbird	0.1218758869392457	0.16218665776230115	0.14422691701610535	0.12400320500591401	0.09670111068132839	0.07665919239540811	0.04570015322992554	0.09001995036737873	0.06478237919285955	0.03907535373478118	0.05200884150305552	0.05782853838369235	0.07371524852569503	0.12255798639057584	0.17248892439538094	1.0475180369511987	13.577010335265943	27.392976278724984	35.58753613877289	28.513288524387985	19.918812432841168	16.82173734046933	16.416189906925112	17.07266991469265	17.735810325361797	18.83827802933027	19.03193810751835	18.616915705010065	19.90787551960454	19.677506461443507	20.923483818829666	21.011496450679985	22.786920023032398	22.074663402692778	22.25835866261398	18.033891777392643	11.884178114637614	5.201413427561837	1.902132694232928	0.7856118283129206	0.34704587777213475	0.2669232440485428	0.23452157598499063	0.1617324561403509	0.16507817853360743	0.20371694067190851	0.21553773495197945	0.17284217349033162
	Total # checklists submitted - (Gray Catbird)	59897	41927	37441	52418	36194	52179	74398	41102	41678	48624	53837	76087	56976	54668	55076	76371	79340	86336	77825	81085	50254	48580	46844	53571	38972	29594	25205	35269	26703	25923	27223	41839	32997	32680	32900	41544	33776	35375	32963	45315	35442	32219	29848	36480	32106	27980	31549	46285
	
Abundance
	Gray Catbird	0.001202063542414478	0.0016457175567057027	0.0014689778584973691	0.001220954633904384	0.0010498977731115654	7.665919239540812E-4	4.7044275383746875E-4	9.245292199892949E-4	6.718172657037286E-4	3.907535373478118E-4	5.386630012816464E-4	5.782853838369235E-4	7.371524852569503E-4	0.0012255798639057584	0.0017430459728375335	0.01744117531523746	0.30395765061759517	0.7997243328391401	1.07671056858336	0.6925448603317507	0.37879571775381066	0.30364347468093866	0.30740329604645206	0.31813854510836087	0.3438109411885456	0.3605798472663378	0.3665939297758381	0.35580821684765657	0.4053477137400292	0.41183504995563786	0.46166844212614333	0.474987451898946	0.518410764614965	0.5005507955936352	0.503677811550152	0.3771904486809166	0.2053529133112269	0.06979505300353357	0.0221763795771016	0.008738828202581926	0.003498673889735342	0.0025761196809336107	0.002278209595282766	0.0016173245614035088	0.0017130754376129072	0.002144388849177984	0.0025040413325303494	0.001750027006589608
	Total # checklists submitted - (Gray Catbird)	59897	41927	37441	52418	36194	52179	74398	41102	41678	48624	53837	76087	56976	54668	55076	76371	79340	86336	77825	81085	50254	48580	46844	53571	38972	29594	25205	35269	26703	25923	27223	41839	32997	32680	32900	41544	33776	35375	32963	45315	35442	32219	29848	36480	32106	27980	31549	46285
	
Birds Per Party Hour
	Gray Catbird	4.975814332620674	1.530257396389352	2.5839232962538334	2.2370455188289036	2.842816660625831	1.6179860860171418	1.0952142197154404	0.8832205399412844	1.7712324012968428	0.7563916658559606	0.618882143322973	2.0495531318070923	2.6742442839231373	1.110153164180721	1.0490316412513818	1.4223809703127417	1.6861749222551445	2.1184733543603835	2.481631518737764	2.682498452379999	2.9945249263790243	3.246614212089664	3.5079544507189246	3.863345414910609	3.382684946262638	2.9996991147618575	2.490486304479329	2.1237776386491856	2.1060249805507714	2.090170375114201	2.0555814824464114	2.043220990789669	1.892389453745545	1.9588184655496548	1.927713008286218	1.9183594428926054	1.4758004190355885	1.0812620507291462	0.8510761425769299	0.8606697277487908	1.544745095582893	1.03796728527746	1.2437289381205408	1.2251866134629952	1.4701487757832892	1.608915334410004	2.0077782326531857	1.8425835290567494
	# checklists reporting species - (Gray Catbird)	80	79	63	70	40	43	37	38	30	21	30	44	48	74	99	833	10731	22657	27113	22954	10052	8203	7771	9132	6948	5575	4784	6563	5377	5165	5757	8869	7587	7302	7460	7602	4138	1868	640	385	132	87	71	60	59	64	74	87
	
High Count
	Gray Catbird	1	2	2	1	2	1	2	2	2	1	2	1	1	1	4	30	40	110	80	60	40	46	40	25	75	20	35	35	38	35	30	30	29	45	25	25	42	8	8	5	3	3	3	3	2	2	3	2
	# checklists reporting species - (Gray Catbird)	94	79	68	78	44	43	39	40	30	21	31	45	49	77	106	907	11700	25531	29648	24810	10885	8913	8558	10515	7934	6197	5135	6994	5682	5438	6031	9288	7943	7657	7799	7960	4300	1959	670	401	164	104	81	66	66	68	78	90
	
Totals
	Gray Catbird	93	80	69	77	47	43	40	41	31	21	32	45	49	77	110	1466	25423	72406	87650	58696	20031	15584	15388	18622	14502	11358	9619	13056	11336	11159	13107	20625	17736	17020	17331	16448	7398	2620	778	444	164	103	79	67	68	71	89	91
	# checklists reporting species - (Gray Catbird)	93	79	68	77	44	43	39	40	30	21	31	45	49	77	103	871	10984	23229	27657	23565	10454	8574	8283	10107	7600	5929	4911	6741	5492	5270	5860	9035	7745	7466	7637	7782	4221	1922	661	399	156	98	74	62	65	68	77	90
	
Average Count
	Gray Catbird	1.0	1.0126582278481013	1.0147058823529411	1.0	1.0681818181818181	1.0	1.0256410256410255	1.025	1.0333333333333334	1.0	1.032258064516129	1.0	1.0	1.0	1.0679611650485437	1.6831228473019517	2.314548434085943	3.1170519609109304	3.169179592869798	2.490812645873117	1.9161086665391238	1.8175880569162584	1.8577809972232282	1.8424854061541507	1.908157894736842	1.915668746837578	1.95866422317247	1.9368046283934135	2.064093226511289	2.1174573055028465	2.236689419795222	2.2827891532927502	2.289993544222079	2.2796678274845967	2.2693466020688753	2.1135954767411977	1.7526652452025586	1.3631633714880333	1.1770045385779122	1.112781954887218	1.0512820512820513	1.0510204081632653	1.0675675675675675	1.0806451612903225	1.0461538461538462	1.0441176470588236	1.155844155844156	1.011111111111111
	# checklists reporting species - (Gray Catbird)	93	79	68	77	44	43	39	40	30	21	31	45	49	77	103	871	10984	23229	27657	23565	10454	8574	8283	10107	7600	5929	4911	6741	5492	5270	5860	9035	7745	7466	7637	7782	4221	1922	661	399	156	98	74	62	65	68	77	90
	
