

	Week starting on...	1/1	1/8	1/15	1/22	2/1	2/8	2/15	2/22	3/1	3/8	3/15	3/22	4/1	4/8	4/15	4/22	5/1	5/8	5/15	5/22	6/1	6/8	6/15	6/22	7/1	7/8	7/15	7/22	8/1	8/8	8/15	8/22	9/1	9/8	9/15	9/22	10/1	10/8	10/15	10/22	11/1	11/8	11/15	11/22	12/1	12/8	12/15	12/22
Frequency (%)
	Turkey Vulture	0.46746915538340816	0.3243733155246023	0.33652947303757913	0.3185928497844252	0.2624744432778913	0.1878150213687499	0.22715664399580635	0.7396233759914359	1.5715725322712222	5.155890095426127	10.035848951464606	17.61798993257718	25.408944116821118	26.0188775883515	25.811605781102475	26.457686818294903	25.636501134358458	26.900713491475166	25.155155798265337	21.000184991058767	17.491144983483903	16.391519143680526	14.885577662027154	14.662783968938417	15.544493482500258	16.878421301615194	19.381075183495337	19.098925401911025	19.301202112122233	18.477799637387648	18.69375160709694	20.90872152776118	23.70821589841501	25.012239902080786	25.78115501519757	26.646447140381284	22.856466129796303	24.667137809187277	19.791887874283287	10.466732869910626	5.445516618700976	2.2812626090195227	1.3568748324845887	0.9841008771929824	0.9842397059739612	0.5789849892780558	0.5071476116517164	0.4796370314356703
	Total # checklists submitted - (Turkey Vulture)	59897	41927	37441	52418	36194	52179	74398	41102	41678	48624	53837	76087	56976	54668	55076	76371	79340	86336	77825	81085	50254	48580	46844	53571	38972	29594	25205	35269	26703	25923	27223	41839	32997	32680	32900	41544	33776	35375	32963	45315	35442	32219	29848	36480	32106	27980	31549	46285
	
Abundance
	Turkey Vulture	0.02308963721054477	0.013905120805209054	0.017013434470233166	0.012572017245984203	0.007763717743272365	0.005998581804940685	0.00819914513831017	0.021093864045545228	0.042228513844234365	0.13845014807502468	0.3663279900440218	0.8454795168688475	1.3302092108958157	1.0624679885856443	0.8376970005083884	0.8541200193790837	0.8102722460297453	0.8540006486286138	0.765563764857051	0.6041807979281001	0.4819715843514944	0.4303211198023878	0.3853641875160106	0.37673368053611095	0.41283485579390333	0.4586402649185646	0.5255703233485419	0.5398508605290765	0.5563419840467363	0.5414882536743433	0.5984278000220402	0.6740122851884606	0.8890505197442192	1.0123011015911874	1.286565349544073	1.976001347968419	3.625414495499763	5.520169611307421	8.313442344446804	4.0075692375593075	0.7478415439309294	0.24401750519879575	0.07812918788528544	0.04416118421052632	0.05463153304678253	0.03102215868477484	0.023043519604424863	0.025883115480177164
	Total # checklists submitted - (Turkey Vulture)	59897	41927	37441	52418	36194	52179	74398	41102	41678	48624	53837	76087	56976	54668	55076	76371	79340	86336	77825	81085	50254	48580	46844	53571	38972	29594	25205	35269	26703	25923	27223	41839	32997	32680	32900	41544	33776	35375	32963	45315	35442	32219	29848	36480	32106	27980	31549	46285
	
Birds Per Party Hour
	Turkey Vulture	22.156473853206812	17.239785394947187	22.506811045795082	18.93034801341327	13.60510641935588	13.904063305444213	7.645323942259955	12.522924811589197	9.83182123495435	7.570937647827471	7.810535759557017	8.798798346213907	8.803827797961707	7.07056430526081	5.971462534130355	5.2053256400968255	4.165606367784775	3.5598536755496206	3.6354859812145555	4.209337797687821	4.786532371030325	5.094126397437553	5.116553150742102	5.840890801420828	5.131721521244121	5.342633700927898	5.269386269683182	4.974679316942415	5.4393914648672155	6.3727872044885645	7.146098469668261	6.392608386226818	6.64828693096749	7.078020641627477	6.909536514323747	9.358656760258942	15.13009630746864	18.52915520612021	31.778512721680585	26.38024442097491	11.201031950043417	10.212172519803167	9.51029881111713	16.148169477812285	26.454110302134037	18.574519917926867	13.4028095594264	16.776978144848037
	# checklists reporting species - (Turkey Vulture)	379	201	160	229	140	116	226	429	994	3024	6049	14180	15060	14447	14308	20609	20247	22588	19273	17051	8940	8123	7121	8015	6232	5144	5005	6938	5274	5017	5262	9070	8119	8463	8909	11587	8210	9262	7000	5164	2145	879	502	475	396	224	219	280
	
High Count
	Turkey Vulture	55	27	32	43	30	30	48	65	97	160	897	1355	3100	1272	115	147	75	100	100	96	155	105	112	150	197	200	200	200	115	113	180	180	261	300	606	1709	8500	10967	10685	18567	3340	750	247	62	50	100	61	83
	# checklists reporting species - (Turkey Vulture)	407	216	191	258	162	147	275	485	1087	3313	6723	15703	16407	15757	15676	22043	22164	25382	21269	18559	9719	8798	7852	8807	6944	5683	5568	7701	5885	5515	5776	9827	8798	9141	9608	12499	8916	9936	7518	5513	2280	916	528	522	430	237	241	311
	
Totals
	Turkey Vulture	1805	879	814	891	464	421	925	1286	2613	8618	26241	91396	109162	66786	50602	70930	69136	79542	64398	53321	26581	22942	20140	22800	18918	15466	15033	22185	17178	16439	18998	32329	34250	38181	51046	106114	194973	349689	440558	317991	51254	13809	3955	2695	2121	1070	957	1594
	# checklists reporting species - (Turkey Vulture)	406	216	189	258	162	145	272	485	1083	3276	6617	15407	16085	15335	15170	21365	21015	23378	19919	17679	9325	8460	7490	8457	6613	5452	5338	7395	5661	5306	5583	9511	8521	8874	9314	12095	8677	9717	7354	5392	2235	910	524	515	422	237	240	311
	
Average Count
	Turkey Vulture	4.445812807881773	4.069444444444445	4.306878306878307	3.453488372093023	2.8641975308641974	2.9034482758620688	3.400735294117647	2.6515463917525772	2.412742382271468	2.6306471306471306	3.965694423454738	5.932108781722594	6.786571339757538	4.355135311379198	3.335662491760053	3.319915750058507	3.2898405900547227	3.4024296346992897	3.2329936241779205	3.0160642570281126	2.850509383378016	2.711820330969267	2.6889185580774364	2.695991486342675	2.8607288673824285	2.8367571533382243	2.8162233046084677	3.0	3.034446210916799	3.0981907274783262	3.4028300197026686	3.399116812112291	4.019481281539726	4.302569303583502	5.480566888554864	8.77337742868954	22.470093350236258	35.9873417721519	59.90726135436497	58.97459198813056	22.932438478747205	15.174725274725274	7.547709923664122	5.233009708737864	5.0260663507109005	4.514767932489452	3.9875	5.12540192926045
	# checklists reporting species - (Turkey Vulture)	406	216	189	258	162	145	272	485	1083	3276	6617	15407	16085	15335	15170	21365	21015	23378	19919	17679	9325	8460	7490	8457	6613	5452	5338	7395	5661	5306	5583	9511	8521	8874	9314	12095	8677	9717	7354	5392	2235	910	524	515	422	237	240	311
	
