

	Week starting on...	1/1	1/8	1/15	1/22	2/1	2/8	2/15	2/22	3/1	3/8	3/15	3/22	4/1	4/8	4/15	4/22	5/1	5/8	5/15	5/22	6/1	6/8	6/15	6/22	7/1	7/8	7/15	7/22	8/1	8/8	8/15	8/22	9/1	9/8	9/15	9/22	10/1	10/8	10/15	10/22	11/1	11/8	11/15	11/22	12/1	12/8	12/15	12/22
Frequency (%)
	Eastern Meadowlark	0.04841644823613871	0.05485725189019009	0.06142998317352635	0.1259109466213896	0.16301044371995357	0.04982847505701528	0.032258931691712144	0.07785509220962483	0.1319641057632324	0.7300921355709115	2.156509463751695	3.289655263054135	4.465037910699242	5.8919294651349965	5.973563802745297	6.1908315983815845	5.718427022939249	4.345811712379541	5.319627369097334	7.008694579761979	7.818283121741552	7.850967476327707	7.326445222440441	6.62485299882399	5.8400903212562865	5.186862201797662	3.9912715731005752	3.01964898352661	2.011009998876531	1.4234463603749565	0.9991551261800683	0.6548913692965893	0.5727793435766888	0.44675642594859244	0.6413373860182371	1.2564991334488735	1.4270487920416863	1.537809187279152	1.2286503048872979	0.7348560079443893	0.39219005699452625	0.2017443123622707	0.1474135620477084	0.01918859649122807	0.04983492182146639	0.028591851322373123	0.05388443373799486	0.0475315977098412
	Total # checklists submitted - (Eastern Meadowlark)	59897	41927	37441	52418	36194	52179	74398	41102	41678	48624	53837	76087	56976	54668	55076	76371	79340	86336	77825	81085	50254	48580	46844	53571	38972	29594	25205	35269	26703	25923	27223	41839	32997	32680	32900	41544	33776	35375	32963	45315	35442	32219	29848	36480	32106	27980	31549	46285
	
Abundance
	Eastern Meadowlark	7.846803679650066E-4	0.0018126744102845422	0.0011484735984615795	0.003414857491701324	0.002901033320439852	0.0010157342992391574	4.4356031076104197E-4	0.0016787504257700355	0.002039445270886319	0.01145524843698585	0.039563868714824375	0.06376910641765347	0.08856360572872789	0.11491183141874589	0.13292541215774567	0.1354309882023281	0.12051928409377363	0.08519041882876205	0.10411821394153549	0.14934944811000803	0.1811796075934254	0.18906957595718402	0.1687089061566049	0.149297194377555	0.13958739607923637	0.12347097384604988	0.104463400119024	0.07768862173580197	0.05497509643111261	0.031246383520425875	0.02431767255629431	0.014531896077822128	0.012758735642634179	0.009608323133414932	0.016717325227963525	0.034060273445022146	0.04325556608242539	0.04511660777385159	0.03519097169553742	0.021869138254441135	0.009028835844478302	0.004159036593314504	0.001842669525596355	3.289473684210526E-4	6.540833489067464E-4	7.147962830593281E-4	0.0011093854004881295	0.001145079399373447
	Total # checklists submitted - (Eastern Meadowlark)	59897	41927	37441	52418	36194	52179	74398	41102	41678	48624	53837	76087	56976	54668	55076	76371	79340	86336	77825	81085	50254	48580	46844	53571	38972	29594	25205	35269	26703	25923	27223	41839	32997	32680	32900	41544	33776	35375	32963	45315	35442	32219	29848	36480	32106	27980	31549	46285
	
Birds Per Party Hour
	Eastern Meadowlark	9.236783420667965	10.28774774794216	4.111160679927642	10.776886109736159	4.615864914632351	6.649859947616959	4.58022410733776	2.984824171206328	6.527059734552465	3.943757227098396	5.05295032841827	5.309772558859615	5.92254419207687	5.1412866015271375	6.388854731797325	5.501101489810531	5.02847082888516	4.231249483884875	4.305692298339005	5.200438271108459	7.216849291830983	7.99424889279093	9.482211793308847	8.951758770461831	8.27121231901146	6.57698626958356	5.428238317652936	5.510303448949991	4.226854459007755	3.600187617907432	5.436974402442204	5.494169830247366	5.880943217103763	4.60839396120532	4.0520507014684615	6.630778226721815	6.699645065715287	5.8221965742565445	4.460864373819248	3.155540164929676	1.959508690034471	2.654539351218044	4.184519740765478	1.3649835430214063	2.6657256615018845	4.099770784707702	3.5375523629595995	5.998477537718369
	# checklists reporting species - (Eastern Meadowlark)	28	24	29	75	72	34	28	37	66	371	1250	2723	2700	3327	3330	4882	4629	3804	4145	5691	3950	3865	3531	3630	2325	1540	1006	1121	571	396	283	283	198	154	231	542	491	579	433	372	156	75	55	11	15	8	20	22
	
High Count
	Eastern Meadowlark	7	15	12	23	14	8	6	5	7	6	20	38	25	41	135	43	38	40	30	100	60	40	50	62	37	35	46	40	18	30	30	25	20	26	29	43	36	71	45	88	60	40	3	3	6	7	8	9
	# checklists reporting species - (Eastern Meadowlark)	40	27	33	81	76	35	29	43	73	425	1367	2945	2920	3623	3679	5232	5043	4205	4612	6321	4397	4259	3832	3987	2564	1706	1126	1233	621	431	304	308	222	168	252	584	553	625	473	421	177	82	61	12	17	15	28	30
	
Totals
	Eastern Meadowlark	74	85	67	215	162	67	47	89	116	664	2422	5515	5594	6899	7883	11143	10306	7986	8703	13096	9778	9811	8482	8603	5810	3888	2809	2999	1606	911	757	679	455	354	636	1674	1707	1827	1371	1231	465	217	74	18	22	28	51	65
	# checklists reporting species - (Eastern Meadowlark)	39	26	33	81	76	35	29	43	72	420	1347	2894	2866	3539	3566	5091	4834	3974	4322	5934	4191	4097	3700	3828	2453	1643	1068	1176	607	420	296	298	212	164	246	578	531	617	467	417	174	82	61	12	17	15	28	29
	
Average Count
	Eastern Meadowlark	1.8974358974358974	3.269230769230769	2.0303030303030303	2.654320987654321	2.1315789473684212	1.9142857142857144	1.6206896551724137	2.0697674418604652	1.6111111111111112	1.5809523809523809	1.7980697847067557	1.9056668970283346	1.9518492672714585	1.9494207403221249	2.210600112170499	2.188764486348458	2.131981795614398	2.0095621540010065	2.0136510874595093	2.206943040107853	2.333094726795514	2.3946790334391017	2.2924324324324323	2.247387669801463	2.3685283326538933	2.366402921485088	2.6301498127340825	2.550170068027211	2.6457990115321253	2.169047619047619	2.5574324324324325	2.278523489932886	2.1462264150943398	2.158536585365854	2.5853658536585367	2.8961937716262978	3.214689265536723	2.961102106969206	2.93576017130621	2.952038369304556	2.6724137931034484	2.6463414634146343	1.2131147540983607	1.5	1.2941176470588236	1.8666666666666667	1.8214285714285714	2.2413793103448274
	# checklists reporting species - (Eastern Meadowlark)	39	26	33	81	76	35	29	43	72	420	1347	2894	2866	3539	3566	5091	4834	3974	4322	5934	4191	4097	3700	3828	2453	1643	1068	1176	607	420	296	298	212	164	246	578	531	617	467	417	174	82	61	12	17	15	28	29
	
