

	Week starting on...	1/1	1/8	1/15	1/22	2/1	2/8	2/15	2/22	3/1	3/8	3/15	3/22	4/1	4/8	4/15	4/22	5/1	5/8	5/15	5/22	6/1	6/8	6/15	6/22	7/1	7/8	7/15	7/22	8/1	8/8	8/15	8/22	9/1	9/8	9/15	9/22	10/1	10/8	10/15	10/22	11/1	11/8	11/15	11/22	12/1	12/8	12/15	12/22
Frequency (%)
	Sandhill Crane	0.5910145750204517	0.46986428792901946	0.4967816030554739	0.4177954137891564	0.3647013317124385	0.2625577339542728	0.22446839968816365	0.5522845603620261	0.8733624454148471	1.844768015794669	2.609729368278322	2.9715983019438275	4.171932041561359	4.448671983610156	4.177863316144963	4.321011902423695	3.9021930930173934	3.5523999258710157	3.672341792483135	3.3989023863846577	2.6923229991642454	2.260189378344998	2.06856801297925	1.6426798081051315	1.8012932361695575	1.9767520443333106	2.4677643324737155	2.8722107232980805	3.5089690296970377	3.6338386760791574	2.975425191933292	2.987643108104878	2.9517834954692854	2.607099143206854	2.5045592705167175	2.5611399961486616	2.1494552344860254	2.057950530035336	1.9082001031459517	1.8205892088712348	1.4925794255403195	1.461870324963531	1.2664165103189493	1.3103070175438598	1.012271849498536	0.6504646175839885	0.9382230815556752	0.5271686291455114
	Total # checklists submitted - (Sandhill Crane)	59897	41927	37441	52418	36194	52179	74398	41102	41678	48624	53837	76087	56976	54668	55076	76371	79340	86336	77825	81085	50254	48580	46844	53571	38972	29594	25205	35269	26703	25923	27223	41839	32997	32680	32900	41544	33776	35375	32963	45315	35442	32219	29848	36480	32106	27980	31549	46285
	
Abundance
	Sandhill Crane	0.9288278210928761	0.6182412288024424	0.5867898827488582	0.9048227708039224	0.4275017958777698	0.3436439947105157	0.1727465792091185	0.2470196097513503	0.28096357790680937	0.41438384336952944	0.28142355629028365	0.1642856204082169	0.2544931199101376	0.26962757005926685	0.32053889171326894	0.2845975566641788	0.1142046886816234	0.10570329873980726	0.10392547381946675	0.09813159030646852	0.09042066303179846	0.06407986825854262	0.06485355648535565	0.05107240857926863	0.05737452530021554	0.07697506251267149	0.1713945645705217	0.20607332218095212	0.24514099539377598	0.2995409481927246	0.24523380964625502	0.3475704486244891	0.5001969876049338	0.7348225214198286	0.9668996960486322	1.470681686886193	1.087103268593084	1.461399293286219	0.7823013682007098	0.9313251682665784	1.1365329270357203	1.377696390328688	1.6226882873224338	1.4388980263157896	1.2501090138914845	1.1590779127948534	1.9461789597134616	1.0333153289402615
	Total # checklists submitted - (Sandhill Crane)	59897	41927	37441	52418	36194	52179	74398	41102	41678	48624	53837	76087	56976	54668	55076	76371	79340	86336	77825	81085	50254	48580	46844	53571	38972	29594	25205	35269	26703	25923	27223	41839	32997	32680	32900	41544	33776	35375	32963	45315	35442	32219	29848	36480	32106	27980	31549	46285
	
Birds Per Party Hour
	Sandhill Crane	445.4933503191296	629.8545777282212	566.1539995113981	815.7714637137722	381.7930481596409	440.81418654089515	281.5233140156766	159.2400718514686	151.547990859317	80.01888676340968	37.34189820889045	18.618467534931813	17.73071725458219	19.454701359888663	20.1752740715437	15.867395538844361	6.239155272888534	5.776915649407994	4.4820136299227045	6.171108013846878	8.315606456060125	7.209558253931383	9.217279744317553	10.661959305128988	8.628268694341456	10.038168347707973	9.646085611516408	14.939808150522508	10.218696249396675	17.51978520845689	16.770063285827927	36.81276407864741	73.89854042792253	88.84566783884588	147.1735260643378	172.9695266561459	143.35710736847386	282.96748648299587	126.90915213359352	194.8759953763498	216.07076679510453	313.6766478940447	491.8460293601536	329.982679257879	347.65386603179394	841.8761959732365	479.67881488065905	623.7628981908789
	# checklists reporting species - (Sandhill Crane)	390	223	197	256	153	159	196	266	431	999	1583	2552	2587	2569	2451	3459	3199	3141	2880	2889	1435	1192	1037	1030	748	647	693	1139	1022	965	901	1384	1085	1000	917	1206	809	861	753	987	637	580	467	631	407	225	343	286
	
High Count
	Sandhill Crane	4500	2000	1700	3500	1500	1800	1000	1047	1200	1600	800	450	510	650	710	8000	100	190	155	140	310	110	124	116	75	103	162	350	200	236	1218	1327	1200	1198	1200	2000	1549	2470	3000	2000	1550	2500	2000	2000	2500	3300	4820	3200
	# checklists reporting species - (Sandhill Crane)	438	239	219	273	160	169	207	287	454	1064	1681	2760	2836	2880	2795	3841	3596	3609	3252	3208	1609	1313	1143	1126	862	751	815	1312	1163	1194	1032	1581	1209	1102	1065	1337	889	936	825	1063	715	621	506	707	449	256	379	307
	
Totals
	Sandhill Crane	64637	29884	23448	52495	17522	19123	14968	11758	12678	20935	17937	14873	16311	16998	21361	32027	10496	10502	9373	9658	5251	3657	3603	3409	2775	2839	5067	8766	7501	9116	9901	19621	24149	29742	39320	72962	44386	59101	31275	54970	50903	54406	58782	67971	50787	35668	69790	52531
	# checklists reporting species - (Sandhill Crane)	421	234	211	265	159	164	202	281	449	1044	1651	2706	2768	2778	2692	3712	3409	3322	3051	3045	1540	1268	1088	1090	835	726	789	1273	1135	1170	1007	1534	1175	1081	1031	1298	866	915	805	1045	701	606	497	692	439	249	369	300
	
Average Count
	Sandhill Crane	153.53206650831353	127.7094017094017	111.12796208530806	198.0943396226415	110.20125786163523	116.60365853658537	74.0990099009901	41.84341637010676	28.23608017817372	20.052681992337163	10.864324651726227	5.49630450849963	5.892702312138728	6.118790496760259	7.934992570579495	8.627963362068966	3.0789087709005574	3.161348585189645	3.0721075057358243	3.1717569786535305	3.4097402597402597	2.884069400630915	3.311580882352941	3.1275229357798167	3.3233532934131738	3.9104683195592287	6.422053231939164	6.886095836606441	6.608810572687225	7.791452991452991	9.832174776564052	12.790743155149935	20.552340425531916	27.513413506012952	38.137730358874876	56.21109399075501	51.2540415704388	64.5912568306011	38.850931677018636	52.60287081339713	72.6148359486448	89.77887788778878	118.27364185110665	98.22398843930635	115.6879271070615	143.2449799196787	189.13279132791328	175.10333333333332
	# checklists reporting species - (Sandhill Crane)	421	234	211	265	159	164	202	281	449	1044	1651	2706	2768	2778	2692	3712	3409	3322	3051	3045	1540	1268	1088	1090	835	726	789	1273	1135	1170	1007	1534	1175	1081	1031	1298	866	915	805	1045	701	606	497	692	439	249	369	300
	
