

	Week starting on...	1/1	1/8	1/15	1/22	2/1	2/8	2/15	2/22	3/1	3/8	3/15	3/22	4/1	4/8	4/15	4/22	5/1	5/8	5/15	5/22	6/1	6/8	6/15	6/22	7/1	7/8	7/15	7/22	8/1	8/8	8/15	8/22	9/1	9/8	9/15	9/22	10/1	10/8	10/15	10/22	11/1	11/8	11/15	11/22	12/1	12/8	12/15	12/22
Frequency (%)
	Harlequin Duck	0.6444396213499842	0.5533427147184392	0.6276541759034214	0.3739173566332176	0.28181466541415706	0.1878150213687499	0.13575633753595526	0.2724928227336869	0.39589231728969726	0.39075353734781176	0.2247524936382042	0.19319988960006307	0.11759337264813255	0.16828857832735786	0.16159488706514633	0.14010553744222282	0.04915553314847492	0.030114899925871016	0.016704143912624477	0.013566010976136153	0.003979782703864369	0.0020584602717167557	0.0	0.0	0.002565944780868316	0.0	0.0	0.0	0.0	0.0	0.0	0.0047802289729678045	0.0	0.0	0.00303951367781155	0.0024070864625457345	0.0029606821411653247	0.008480565371024734	0.042471862391165856	0.11033873993158998	0.46837085943231194	0.38486607281417795	0.45899222728491024	0.7510964912280702	0.8067027969849871	0.596854896354539	0.3708516910203176	0.6071081343847898
	Total # checklists submitted - (Harlequin Duck)	59897	41927	37441	52418	36194	52179	74398	41102	41678	48624	53837	76087	56976	54668	55076	76371	79340	86336	77825	81085	50254	48580	46844	53571	38972	29594	25205	35269	26703	25923	27223	41839	32997	32680	32900	41544	33776	35375	32963	45315	35442	32219	29848	36480	32106	27980	31549	46285
	
Abundance
	Harlequin Duck	0.009032171895086566	0.0073938035156343165	0.008172858630912636	0.00496012820023656	0.0034812399845278222	0.003602982042584181	0.0015322992553563268	0.0032358522699625324	0.004294831805748836	0.00421602500822639	0.0026375912476549585	0.0022211415879190926	0.0013163437236731255	0.0024694519645862296	0.0018519863461398795	0.0018069686137408179	8.948827829594151E-4	4.0539288361749447E-4	2.3128814648249276E-4	2.219892705185916E-4	5.9696740557965536E-5	4.1169205434335116E-5	0.0	0.0	2.5659447808683157E-5	0.0	0.0	0.0	0.0	0.0	0.0	4.780228972967805E-5	0.0	0.0	9.11854103343465E-5	2.4070864625457346E-5	1.4803410705826624E-4	1.1307420494699646E-4	4.8539271304189546E-4	0.0013682003751517159	0.005332656170644997	0.004407337285452683	0.004991959260251943	0.009758771929824562	0.017535663115928486	0.007898498927805576	0.004976385939332467	0.008814950848006913
	Total # checklists submitted - (Harlequin Duck)	59897	41927	37441	52418	36194	52179	74398	41102	41678	48624	53837	76087	56976	54668	55076	76371	79340	86336	77825	81085	50254	48580	46844	53571	38972	29594	25205	35269	26703	25923	27223	41839	32997	32680	32900	41544	33776	35375	32963	45315	35442	32219	29848	36480	32106	27980	31549	46285
	
Birds Per Party Hour
	Harlequin Duck	3.3040946825059576	3.207450119883929	2.6770296315519237	3.164420155344501	2.1987901023569716	6.950351702153263	2.6048938889965836	2.103836529682409	1.6341781738470211	1.748675879267104	1.8528255037487547	1.802247349606609	1.5209646360331255	2.8541737201300106	1.8756059584519595	1.5867309828250211	1.7311209767206268	2.107577646035304	2.9171534236508094	1.4413255925799542	0.8333333333333334	24.096385542168676	0.0	0.0	0.3333333333333333	0.0	0.0	0.0	0.0	0.0	0.0	0.4625	0.0	0.0	2.250562640660165	0.46146746654360865	1.0	0.21440068306102295	1.2101574108264885	1.7698152204223119	2.303272131492765	1.991604360417574	1.8560851405997671	2.129787681318112	4.66208637155945	2.5784042243046796	3.1443096812303843	3.2528126265035033
	# checklists reporting species - (Harlequin Duck)	419	263	251	219	115	114	110	126	188	198	130	166	75	102	93	122	45	26	13	16	3	2	0.0	0.0	1	0.0	0.0	0.0	0.0	0.0	0.0	2	0	0.0	1	1	1	4	17	58	189	138	163	311	320	183	129	314
	
High Count
	Harlequin Duck	5	4	5	5	4	5	4	4	3	4	4	3	3	4	6	6	6	5	9	4	2	2	0.0	0.0	1	0.0	0.0	0.0	0.0	0.0	0.0	1	1	0.0	3	1	5	2	3	3	6	4	3	4	8	5	5	4
	# checklists reporting species - (Harlequin Duck)	440	280	269	233	128	122	120	138	192	210	149	185	88	110	101	137	52	33	25	30	11	5	0.0	0.0	1	0.0	0.0	0.0	0.0	0.0	0.0	2	1	0.0	1	1	1	4	23	73	213	160	178	331	352	208	146	332
	
Totals
	Harlequin Duck	623	373	351	306	161	233	141	167	215	232	183	220	103	165	122	193	93	47	41	44	12	7	0.0	0.0	1	0.0	0.0	0.0	0.0	0.0	0.0	2	1	0.0	3	1	5	5	29	88	241	194	193	427	743	273	198	489
	# checklists reporting species - (Harlequin Duck)	438	277	268	233	126	121	117	138	191	210	144	185	85	110	100	136	52	31	24	30	11	5	0.0	0.0	1	0.0	0.0	0.0	0.0	0.0	0.0	2	1	0.0	1	1	1	4	23	73	211	160	176	329	346	207	145	331
	
Average Count
	Harlequin Duck	1.4223744292237444	1.3465703971119134	1.3097014925373134	1.3133047210300428	1.2777777777777777	1.9256198347107438	1.205128205128205	1.210144927536232	1.12565445026178	1.1047619047619048	1.2708333333333333	1.1891891891891893	1.2117647058823529	1.5	1.22	1.4191176470588236	1.7884615384615385	1.5161290322580645	1.7083333333333333	1.4666666666666666	1.0909090909090908	1.4	0.0	0.0	1.0	0.0	0.0	0.0	0.0	0.0	0.0	1.0	1.0	0.0	3.0	1.0	5.0	1.25	1.2608695652173914	1.2054794520547945	1.1421800947867298	1.2125	1.0965909090909092	1.297872340425532	2.147398843930636	1.318840579710145	1.3655172413793104	1.4773413897280967
	# checklists reporting species - (Harlequin Duck)	438	277	268	233	126	121	117	138	191	210	144	185	85	110	100	136	52	31	24	30	11	5	0.0	0.0	1	0.0	0.0	0.0	0.0	0.0	0.0	2	1	0.0	1	1	1	4	23	73	211	160	176	329	346	207	145	331
	
