

	Week starting on...	1/1	1/8	1/15	1/22	2/1	2/8	2/15	2/22	3/1	3/8	3/15	3/22	4/1	4/8	4/15	4/22	5/1	5/8	5/15	5/22	6/1	6/8	6/15	6/22	7/1	7/8	7/15	7/22	8/1	8/8	8/15	8/22	9/1	9/8	9/15	9/22	10/1	10/8	10/15	10/22	11/1	11/8	11/15	11/22	12/1	12/8	12/15	12/22
Frequency (%)
	Ross's Goose	0.1953353256423527	0.09540391633076538	0.14689778584973692	0.1373573963142432	0.17958777697960987	0.132237106882079	0.05914137476813893	0.2578949929443823	0.1943471375785786	0.21388614675880221	0.3454873042702974	0.3311998107429653	0.19657399606852008	0.1445086705202312	0.10894037330234584	0.04975710675518194	0.008822788001008318	0.0034747961452928095	0.00513973658849984	0.006166368625516433	0.0	0.0020584602717167557	0.010673725557168473	0.0	0.0	0.0	0.0	0.0	0.0	0.0	0.0	0.0	0.003030578537442798	0.01529987760097919	0.06990881458966566	0.117947236664741	0.08585978209379441	0.21201413427561835	0.3185389679337439	0.16992165949464857	0.22572089611195756	0.36934727955554175	0.4120879120879121	0.3097587719298246	0.31769762661184825	0.18227305218012868	0.060223778883641325	0.10370530409419898
	Total # checklists submitted - (Ross's Goose)	59897	41927	37441	52418	36194	52179	74398	41102	41678	48624	53837	76087	56976	54668	55076	76371	79340	86336	77825	81085	50254	48580	46844	53571	38972	29594	25205	35269	26703	25923	27223	41839	32997	32680	32900	41544	33776	35375	32963	45315	35442	32219	29848	36480	32106	27980	31549	46285
	
Abundance
	Ross's Goose	0.0028882915671903436	0.0012163999332172586	0.002697577521967896	0.004082567057117784	0.008564955517489087	0.0023764349642576513	0.0018011236861205945	0.0052795484404651845	0.004126877489322904	0.0035990457387298455	0.004643646562772814	0.0046394259203280455	0.002527379949452401	0.0017743469671471427	0.0013799113951630474	6.546987730944992E-4	1.008318628686665E-4	4.633061527057079E-5	5.1397365884998395E-5	6.166368625516433E-5	0.0	1.6467682173734047E-4	3.629066689437281E-4	0.0	0.0	0.0	0.0	0.0	0.0	0.0	0.0	0.0	3.030578537442798E-5	3.97796817625459E-4	7.598784194528875E-4	0.0013961101482765261	0.0018060161061108479	0.005088339222614841	0.005612353244546916	0.0031115524660708374	0.003216522769595395	0.005152239361867221	0.004991959260251943	0.006167763157894737	0.005232666791253972	0.002823445318084346	0.0010142952233034327	0.003089553851139678
	Total # checklists submitted - (Ross's Goose)	59897	41927	37441	52418	36194	52179	74398	41102	41678	48624	53837	76087	56976	54668	55076	76371	79340	86336	77825	81085	50254	48580	46844	53571	38972	29594	25205	35269	26703	25923	27223	41839	32997	32680	32900	41544	33776	35375	32963	45315	35442	32219	29848	36480	32106	27980	31549	46285
	
Birds Per Party Hour
	Ross's Goose	3.5377257386812695	6.854080817206251	7.323197554864884	9.825195971059113	14.473907857407344	5.253679430430891	7.089490303588009	6.4856409802856145	5.296516572010856	3.8502933573453983	3.5058548204285134	3.7903591110489314	2.6907701705743907	3.9067373387168076	2.3464774891039157	3.867192706249848	0.794610699104582	1.6091151031270792	1.2844693187965537	9.018108361590073	0.0	0.8888888888888888	40.963855421686745	0.0	0.0	0.0	0.0	0.0	0.0	0.0	0.0	0.0	6.024096385542169	8.468445582920356	8.398156968124685	3.40327566396018	7.903241261088428	7.321991343756408	5.154766440039632	4.60084359386085	2.764872783399479	3.969055978705303	3.0421544690088402	7.499456994697759	4.934031039340686	2.974281711311874	5.10765172469637	6.669729314717338
	# checklists reporting species - (Ross's Goose)	131	46	60	86	80	77	57	117	101	126	213	287	132	93	76	42	10	6	4	2	0.0	1	5	0.0	0.0	0.0	1	0.0	0.0	0.0	0.0	0.0	2	6	29	64	39	108	134	101	92	142	148	136	115	61	23	68
	
High Count
	Ross's Goose	4	2	3	9	13	14	8	13	15	44	5	9	4	4	5	3	2	2	1	1	0.0	8	6	0.0	0.0	0.0	2	0.0	0.0	0.0	0.0	0.0	1	5	2	5	7	7	7	6	6	5	3	7	4	4	3	20
	# checklists reporting species - (Ross's Goose)	140	53	67	97	92	86	64	122	114	131	226	302	150	113	86	46	12	6	4	5	0.0	1	5	0.0	0.0	0.0	1	0.0	0.0	0.0	0.0	0.0	2	8	30	69	44	115	146	126	116	161	182	166	125	72	30	79
	
Totals
	Ross's Goose	212	72	120	257	395	150	180	265	258	438	296	422	182	139	101	59	14	7	4	5	0.0	8	17	0.0	0.0	0.0	2	0.0	0.0	0.0	0.0	0.0	2	17	34	85	76	249	243	207	151	226	219	309	207	106	53	225
	# checklists reporting species - (Ross's Goose)	140	53	67	97	90	85	64	122	114	131	222	300	148	109	84	45	12	6	4	5	0.0	1	5	0.0	0.0	0.0	1	0.0	0.0	0.0	0.0	0.0	2	8	30	69	43	113	145	125	115	161	181	165	124	72	30	79
	
Average Count
	Ross's Goose	1.5142857142857142	1.3584905660377358	1.791044776119403	2.649484536082474	4.388888888888889	1.7647058823529411	2.8125	2.1721311475409837	2.263157894736842	3.3435114503816794	1.3333333333333333	1.4066666666666667	1.2297297297297298	1.275229357798165	1.2023809523809523	1.3111111111111111	1.1666666666666667	1.1666666666666667	1.0	1.0	0.0	8.0	3.4	0.0	0.0	0.0	2.0	0.0	0.0	0.0	0.0	0.0	1.0	2.125	1.1333333333333333	1.2318840579710144	1.7674418604651163	2.2035398230088497	1.6758620689655173	1.656	1.3130434782608695	1.4037267080745341	1.2099447513812154	1.8727272727272728	1.6693548387096775	1.4722222222222223	1.7666666666666666	2.848101265822785
	# checklists reporting species - (Ross's Goose)	140	53	67	97	90	85	64	122	114	131	222	300	148	109	84	45	12	6	4	5	0.0	1	5	0.0	0.0	0.0	1	0.0	0.0	0.0	0.0	0.0	2	8	30	69	43	113	145	125	115	161	181	165	124	72	30	79
	
