

	Week starting on...	1/1	1/8	1/15	1/22	2/1	2/8	2/15	2/22	3/1	3/8	3/15	3/22	4/1	4/8	4/15	4/22	5/1	5/8	5/15	5/22	6/1	6/8	6/15	6/22	7/1	7/8	7/15	7/22	8/1	8/8	8/15	8/22	9/1	9/8	9/15	9/22	10/1	10/8	10/15	10/22	11/1	11/8	11/15	11/22	12/1	12/8	12/15	12/22
Frequency (%)
	Red-tailed Hawk	13.177621583718718	11.856321702005868	12.579792206404743	12.625434011217521	12.115267723932144	9.749132792886027	9.150783623215677	11.627171427181159	11.955947982148855	11.895360315893386	11.737281052064565	10.683822466387163	10.514953664700927	9.371112899685373	8.293993754085264	8.670830550863547	7.615326443156037	7.155763528539659	6.355284291680051	5.72608990565456	4.885183268993512	4.5018526142445445	3.8638886516949875	3.768830150641205	3.9053679564815766	4.487396093802798	4.959333465582226	5.7245739884884745	6.216529977905105	5.7516491146858	6.391654116004848	6.324242931236407	7.061247992241719	7.527539779681762	8.075987841945288	8.188908145580589	8.5297252486973	11.18303886925795	12.61717683463277	13.829857663025487	14.587212911235259	12.678854092305784	12.469847225944788	11.408991228070175	12.346601881268299	12.580414581844174	15.553583314843578	13.989413416873717
	Total # checklists submitted - (Red-tailed Hawk)	59897	41927	37441	52418	36194	52179	74398	41102	41678	48624	53837	76087	56976	54668	55076	76371	79340	86336	77825	81085	50254	48580	46844	53571	38972	29594	25205	35269	26703	25923	27223	41839	32997	32680	32900	41544	33776	35375	32963	45315	35442	32219	29848	36480	32106	27980	31549	46285
	
Abundance
	Red-tailed Hawk	0.21079519842396113	0.17981253130441005	0.1942255815816885	0.2028692433896753	0.1892855169365088	0.15027118189309877	0.14275921395736443	0.18410296335944723	0.19489898747540668	0.18725320829220138	0.21104444898489885	0.18699646457344882	0.17417860151642797	0.14639277090802663	0.12199506136974363	0.11914208272773696	0.09497101083942526	0.08703206078576724	0.07617089624156761	0.06906332860578406	0.05890078401719266	0.05409633594071635	0.04651609597814021	0.04530436243489948	0.04608436826439495	0.055382847874569166	0.06129736163459631	0.0711673140718478	0.07579672695951765	0.07043937815839216	0.08309150350806303	0.08097707880207462	0.09546322392944813	0.11759485924112607	0.13382978723404254	0.14184960523782014	0.15756750355281857	0.32090459363957596	0.502442132087492	1.0454154253558425	0.6866147508605609	0.6359291101523945	0.39413025998391854	0.18100328947368421	0.18775306796237462	0.19828448892065761	0.2917049668769216	0.25427244247596414
	Total # checklists submitted - (Red-tailed Hawk)	59897	41927	37441	52418	36194	52179	74398	41102	41678	48624	53837	76087	56976	54668	55076	76371	79340	86336	77825	81085	50254	48580	46844	53571	38972	29594	25205	35269	26703	25923	27223	41839	32997	32680	32900	41544	33776	35375	32963	45315	35442	32219	29848	36480	32106	27980	31549	46285
	
Birds Per Party Hour
	Red-tailed Hawk	4.6380181722654665	4.554857557412384	4.447508669433574	4.466809563329469	4.460036482447619	4.379546166748241	3.7789314384741393	4.284074483646498	4.359443349208986	3.920377096573135	4.070555945704494	3.5888890910767723	3.250255486282248	2.704320827868958	2.500208861609491	2.056614480921555	1.686257195336629	1.5506982473868378	1.5903226775206782	1.9678948038243405	2.514708737487536	2.683849528268604	3.327097369871237	3.3028760765286638	2.8737016265454907	2.9403801372709535	2.4094453696862588	2.224168506872668	2.320944196016981	2.1026180314029332	2.2327578802441916	1.694819182012747	1.6829783214413265	1.7413454822137486	1.8766910145916695	1.8978596897599416	1.9222970588681256	2.6120829085514448	3.150877299555556	5.065782592021239	4.1731182377881915	4.318774232393736	3.926989979145967	3.477786823770581	3.7145367233567597	3.6340196568022076	3.0268463990042926	3.8881786990542455
	# checklists reporting species - (Red-tailed Hawk)	8867	5476	5140	7164	4709	5555	7270	5096	5453	6139	6687	8497	6275	5261	4658	6878	6148	6278	5031	4809	2555	2267	1890	2129	1625	1430	1338	2196	1791	1649	1866	2889	2495	2715	2955	3681	3212	4361	4643	6956	5747	4538	4127	4602	4278	3726	5244	7064
	
High Count
	Red-tailed Hawk	45	35	85	80	30	28	65	35	100	409	268	368	231	247	158	84	41	15	25	22	7	7	8	6	5	6	5	8	15	6	32	20	42	45	74	94	80	530	358	1160	1336	1977	2414	376	75	66	56	166
	# checklists reporting species - (Red-tailed Hawk)	9884	6140	5743	8056	5324	6094	7988	5690	5984	6727	7302	9361	6928	5844	5189	7375	6731	6984	5545	5264	2765	2482	2102	2330	1805	1577	1497	2421	1995	1817	2060	3149	2766	2969	3209	4022	3531	4758	4992	7585	6238	4917	4475	5101	4828	4153	5697	7731
	
Totals
	Red-tailed Hawk	15222	9095	8756	12760	8113	9273	12381	8801	9630	11668	14817	19034	12072	10468	7780	10223	8287	8356	6616	6291	3293	2979	2499	2762	2108	1925	1820	2959	2420	2182	2611	4004	3896	4873	5876	7486	7085	17425	22864	67541	36438	30267	18424	11249	7246	6461	10382	13891
	# checklists reporting species - (Red-tailed Hawk)	9710	6040	5686	7958	5249	6028	7886	5621	5915	6644	7194	9187	6783	5696	5018	7201	6440	6552	5243	5044	2665	2399	2007	2239	1742	1535	1443	2358	1946	1777	2000	3081	2688	2908	3142	3922	3447	4656	4921	7441	6132	4844	4421	5042	4767	4090	5631	7625
	
Average Count
	Red-tailed Hawk	1.5676622039134913	1.505794701986755	1.539922616953922	1.6034179442070873	1.5456277386168793	1.5383211678832116	1.5699974638600052	1.565735634228785	1.6280642434488588	1.7561709813365443	2.0596330275229358	2.07184064438881	1.7797434763379036	1.8377808988764044	1.5504184934236749	1.4196639355645049	1.2868012422360249	1.2753357753357752	1.2618729734884608	1.2472244250594766	1.2356472795497186	1.2417674030846186	1.2451420029895366	1.233586422510049	1.2101033295063146	1.254071661237785	1.2612612612612613	1.2548770144189991	1.2435765673175745	1.2279122115925718	1.3055	1.2995780590717299	1.4494047619047619	1.6757221458046767	1.8701464035646085	1.9087200407955125	2.0554105018856976	3.7424828178694156	4.646210119894331	9.076871388254267	5.942270058708415	6.248348472336912	4.16738294503506	2.2310591035303453	1.5200335640864275	1.5797066014669927	1.8437222518202805	1.8217704918032787
	# checklists reporting species - (Red-tailed Hawk)	9710	6040	5686	7958	5249	6028	7886	5621	5915	6644	7194	9187	6783	5696	5018	7201	6440	6552	5243	5044	2665	2399	2007	2239	1742	1535	1443	2358	1946	1777	2000	3081	2688	2908	3142	3922	3447	4656	4921	7441	6132	4844	4421	5042	4767	4090	5631	7625
	
