

	Week starting on...	1/1	1/8	1/15	1/22	2/1	2/8	2/15	2/22	3/1	3/8	3/15	3/22	4/1	4/8	4/15	4/22	5/1	5/8	5/15	5/22	6/1	6/8	6/15	6/22	7/1	7/8	7/15	7/22	8/1	8/8	8/15	8/22	9/1	9/8	9/15	9/22	10/1	10/8	10/15	10/22	11/1	11/8	11/15	11/22	12/1	12/8	12/15	12/22
Frequency (%)
	White-breasted Nuthatch	25.01293887840793	26.34340639683259	26.962420875510805	27.28452058453203	27.150908990440403	28.202916882270646	27.936234845022717	23.991533258722203	23.63597101588368	21.758802237578152	20.556494604082694	19.473760300708403	19.624052232518956	18.789785614985	17.62110538165444	18.084089510416256	18.8807663221578	18.095580059303188	16.975265017667844	11.307886785472036	8.078958888844669	7.336352408398518	8.547519426180514	9.744077952623622	12.32423278251052	13.070216935865378	15.064471335052568	15.860954379199866	17.365090064786727	17.05435327701269	18.961907210814385	19.92877458830278	22.04442828135891	21.630966952264384	22.86018237082067	22.667533217793185	24.239104689720513	25.713074204946995	25.48311743469951	27.006509985655963	27.317871451949667	28.0734970048729	27.562985794693112	27.971491228070178	26.752008970285928	28.398856325947104	32.21021268502964	29.471751107270173
	Total # checklists submitted - (White-breasted Nuthatch)	59897	41927	37441	52418	36194	52179	74398	41102	41678	48624	53837	76087	56976	54668	55076	76371	79340	86336	77825	81085	50254	48580	46844	53571	38972	29594	25205	35269	26703	25923	27223	41839	32997	32680	32900	41544	33776	35375	32963	45315	35442	32219	29848	36480	32106	27980	31549	46285
	
Abundance
	White-breasted Nuthatch	0.47055779087433425	0.4733703818541751	0.4770972997516092	0.48656949902705177	0.48474885340111623	0.49604246919258704	0.4902013494986424	0.4294924821176585	0.42151734728153945	0.3873601513655808	0.35997548154614856	0.3292283832980667	0.3362292895254142	0.30899246359844884	0.2752378531483768	0.27920283877388014	0.28037559868918577	0.260632876204596	0.23853517507227753	0.14976876117654314	0.10389222748437936	0.0993618773157678	0.1281487490393647	0.14894252487353232	0.19270245304321051	0.20318307765087518	0.23495338226542353	0.25492642263744364	0.286634460547504	0.2839563322146357	0.3189582338463799	0.3515141375271876	0.39727854047337635	0.3773561811505508	0.4084802431610942	0.40268149431927597	0.4309864992894363	0.46040989399293286	0.44941297818766496	0.4918238993710692	0.505840528186897	0.493559700797666	0.48726882873224336	0.49698464912280704	0.48056438048962813	0.5348463187991422	0.7730514437858569	0.6108890569298909
	Total # checklists submitted - (White-breasted Nuthatch)	59897	41927	37441	52418	36194	52179	74398	41102	41678	48624	53837	76087	56976	54668	55076	76371	79340	86336	77825	81085	50254	48580	46844	53571	38972	29594	25205	35269	26703	25923	27223	41839	32997	32680	32900	41544	33776	35375	32963	45315	35442	32219	29848	36480	32106	27980	31549	46285
	
Birds Per Party Hour
	White-breasted Nuthatch	3.5953508292794107	3.596815681478379	3.3102703675843776	3.4618904319249584	3.440058589754852	3.612223399612894	3.160221791678567	3.397080847070761	3.37534800457171	3.1574654131556934	3.131411456011068	2.976479955187382	2.49371331314582	2.318368344736482	2.117548734392971	1.9404440593625591	1.7406647017913508	1.6037496426573512	1.4250062411861726	1.7594397962975086	2.456435617222278	2.6663265882504983	3.0849361683526904	3.5234824654488945	3.2102083575784417	2.640054521815462	2.094999792962045	2.190147679499678	2.121298025981416	2.0838125262267813	2.1212808280102	2.0555979763785097	1.9524070004652916	2.0145189177244034	2.049640077353265	2.1642042125787033	2.3327301500331012	2.5192131706577157	2.759249598832721	2.9267368749596017	3.015686603807963	3.152666262399386	3.293487403855771	3.360147573832745	3.2298372830516016	3.3326507753993377	3.1034708574864793	3.2113436349172684
	# checklists reporting species - (White-breasted Nuthatch)	15100	11069	10105	14411	9823	14912	21035	9922	9943	10673	11073	14882	11296	10343	9730	13973	15206	15769	13357	9243	4066	3556	4066	5296	4835	3876	3815	5634	4696	4468	5253	8501	7363	7115	7663	9485	8280	9189	8478	12421	9844	9175	8246	10259	8614	7979	10197	13728
	
High Count
	White-breasted Nuthatch	35	18	21	20	17	35	22	25	20	25	21	20	25	20	23	21	15	15	15	12	20	9	13	20	12	15	15	21	12	14	15	21	20	16	16	21	20	57	30	30	29	18	20	25	22	47	61	40
	# checklists reporting species - (White-breasted Nuthatch)	16005	11715	10685	15150	10390	15444	21698	10443	10430	11196	11653	15687	11934	10975	10344	14660	15968	16692	14064	9815	4367	3825	4390	5778	5239	4168	4063	6040	5009	4788	5560	8968	7757	7522	8047	10036	8833	9775	9009	13163	10379	9699	8746	10842	9119	8426	10738	14500
	
Totals
	White-breasted Nuthatch	29545	20752	18696	26701	18321	26948	37791	18483	18399	19732	20191	26230	20200	17854	15933	22357	23401	23675	19528	12778	5516	5063	6460	8638	7994	6323	6173	9488	8087	7786	9177	15501	13776	12912	14157	17535	15389	17250	15655	23508	18881	16828	15262	19008	16128	15649	25479	29737
	# checklists reporting species - (White-breasted Nuthatch)	15611	11444	10460	14858	10156	15193	21428	10225	10252	10996	11411	15374	11698	10715	10074	14309	15541	16016	13584	9481	4202	3668	4228	5547	5062	4020	3911	5835	4865	4628	5404	8731	7558	7329	7869	9791	8610	9559	8817	12878	10202	9511	8579	10628	8926	8261	10560	14235
	
Average Count
	White-breasted Nuthatch	1.8925757478700915	1.8133519748339741	1.7873804971319311	1.7970790146722304	1.8039582512800314	1.7737115777002568	1.7636270300541348	1.8076283618581908	1.7946742099102615	1.794470716624227	1.7694330032424854	1.706127227787173	1.7267909044281073	1.6662622491833878	1.5815961882072662	1.5624432175553846	1.5057589601698733	1.4782092907092907	1.4375736160188457	1.3477481278346166	1.3127082341742027	1.3803162486368594	1.5279091769157995	1.5572381467459888	1.579217700513631	1.5728855721393036	1.5783687036563538	1.6260497000856897	1.6622816032887975	1.6823681936041486	1.6981865284974094	1.775398007101134	1.8227044191585076	1.7617683176422432	1.7990850171559283	1.7909304463282607	1.7873403019744483	1.8045820692541061	1.7755472382896678	1.8254387327224724	1.8507155459713782	1.7693197350436336	1.7789952208882154	1.7884832517877305	1.8068563746358952	1.8943227212201912	2.4127840909090907	2.089005971197752
	# checklists reporting species - (White-breasted Nuthatch)	15611	11444	10460	14858	10156	15193	21428	10225	10252	10996	11411	15374	11698	10715	10074	14309	15541	16016	13584	9481	4202	3668	4228	5547	5062	4020	3911	5835	4865	4628	5404	8731	7558	7329	7869	9791	8610	9559	8817	12878	10202	9511	8579	10628	8926	8261	10560	14235
	
