

	Week starting on...	1/1	1/8	1/15	1/22	2/1	2/8	2/15	2/22	3/1	3/8	3/15	3/22	4/1	4/8	4/15	4/22	5/1	5/8	5/15	5/22	6/1	6/8	6/15	6/22	7/1	7/8	7/15	7/22	8/1	8/8	8/15	8/22	9/1	9/8	9/15	9/22	10/1	10/8	10/15	10/22	11/1	11/8	11/15	11/22	12/1	12/8	12/15	12/22
Frequency (%)
	Mourning Warbler	0.0	0.0	0.0	0.0	0.0	0.0	0.0	0.0	0.0	0.0	0.0	0.0	0.0	0.0	0.0	0.0	0.08696748172422486	1.1188843587842845	2.653389013813042	4.5421471295554054	4.658335654873244	5.115273775216139	4.681496029374093	3.7464299714397713	3.7591091039720825	2.1524633371629385	1.011704026978774	0.4876803992174431	0.47934688986256224	0.6673610307448984	0.8669140065385886	1.0970625492961112	0.8667454617086403	0.6548347613219094	0.19148936170212766	0.09387637203928366	0.05033159639981051	0.011307420494699646	0.0030337044565118465	0.0	0.0	0.0	0.0	0.0	0.0	0.0	0.0	0.0
	Total # checklists submitted - (Mourning Warbler)	59897	41927	37441	52418	36194	52179	74398	41102	41678	48624	53837	76087	56976	54668	55076	76371	79340	86336	77825	81085	50254	48580	46844	53571	38972	29594	25205	35269	26703	25923	27223	41839	32997	32680	32900	41544	33776	35375	32963	45315	35442	32219	29848	36480	32106	27980	31549	46285
	
Abundance
	Mourning Warbler	0.0	0.0	0.0	0.0	0.0	0.0	0.0	0.0	0.0	0.0	0.0	0.0	0.0	0.0	0.0	0.0	9.200907486765818E-4	0.011883802816901408	0.03387086411821394	0.06527717826971696	0.07356628328093286	0.0791272128447921	0.06666808983007429	0.05157641261130089	0.054628964384686444	0.033283773737919846	0.014044832374528863	0.006407893617624543	0.006141632026364079	0.010222582262855379	0.011424163391250046	0.013551949138363727	0.010000909173561234	0.007405140758873929	0.001975683890577508	8.906219911419219E-4	5.329227854097584E-4	1.1307420494699646E-4	3.0337044565118466E-5	0.0	0.0	0.0	0.0	0.0	0.0	0.0	0.0	0.0
	Total # checklists submitted - (Mourning Warbler)	59897	41927	37441	52418	36194	52179	74398	41102	41678	48624	53837	76087	56976	54668	55076	76371	79340	86336	77825	81085	50254	48580	46844	53571	38972	29594	25205	35269	26703	25923	27223	41839	32997	32680	32900	41544	33776	35375	32963	45315	35442	32219	29848	36480	32106	27980	31549	46285
	
Birds Per Party Hour
	Mourning Warbler	0.0	0.0	0.0	0.0	0.0	0.0	0.0	0.0	0.0	0.0	0.0	0.0	0.0	0.0	0.0	0.0	0.8023669595434764	0.5914497725822881	0.9789583795940769	2.098420227669727	5.012630849355288	8.431448718225315	9.806112034428283	8.123293634331821	8.618461679786364	7.598173825185724	2.688263674748744	1.7336689618893757	1.0855859338412215	1.025535384953604	1.0065348514952388	0.85418476369642	0.9105223038331948	0.9127242759930684	0.8082657445077143	1.0519837914769323	0.6412470174061385	2.3275908348684347	5.434782608695652	0.0	0.0	0.0	0.0	0.0	0.0	0.0	0.0	0.0
	# checklists reporting species - (Mourning Warbler)	0.0	0.0	0.0	0.0	0.0	0.0	0.0	0.0	0.0	0.0	0.0	0.0	0.0	0.0	0.0	0.0	59	919	2118	3889	2455	2500	2233	2011	1480	658	266	180	139	198	267	506	294	228	71	40	21	6	1	0	0.0	0.0	0.0	0.0	0.0	0.0	0.0	0.0
	
High Count
	Mourning Warbler	0.0	0.0	0.0	0.0	0.0	0.0	0.0	0.0	0.0	0.0	0.0	0.0	0.0	0.0	0.0	0.0	3	12	15	15	23	39	34	12	36	17	10	6	5	10	8	7	8	5	2	3	2	1	1	1	0.0	0.0	0.0	0.0	0.0	0.0	0.0	0.0
	# checklists reporting species - (Mourning Warbler)	0.0	0.0	0.0	0.0	0.0	0.0	0.0	0.0	0.0	0.0	0.0	0.0	0.0	0.0	0.0	0.0	76	1183	2444	4350	2795	2891	2509	2421	1801	751	292	199	151	218	295	556	333	254	86	49	22	7	1	2	0.0	0.0	0.0	0.0	0.0	0.0	0.0	0.0
	
Totals
	Mourning Warbler	0.0	0.0	0.0	0.0	0.0	0.0	0.0	0.0	0.0	0.0	0.0	0.0	0.0	0.0	0.0	0.0	76	1211	3046	6077	4220	4272	3439	3185	2480	1103	391	251	194	337	403	706	377	282	89	49	23	7	1	2	0.0	0.0	0.0	0.0	0.0	0.0	0.0	0.0
	# checklists reporting species - (Mourning Warbler)	0.0	0.0	0.0	0.0	0.0	0.0	0.0	0.0	0.0	0.0	0.0	0.0	0.0	0.0	0.0	0.0	67	1023	2276	4159	2692	2789	2416	2310	1754	727	278	187	144	209	285	549	317	251	85	47	22	7	1	2	0.0	0.0	0.0	0.0	0.0	0.0	0.0	0.0
	
Average Count
	Mourning Warbler	0.0	0.0	0.0	0.0	0.0	0.0	0.0	0.0	0.0	0.0	0.0	0.0	0.0	0.0	0.0	0.0	1.1343283582089552	1.1837732160312806	1.3383128295254834	1.4611685501322433	1.5676077265973254	1.5317318035138043	1.4234271523178808	1.378787878787879	1.4139110604332954	1.5171939477303988	1.4064748201438848	1.3422459893048129	1.3472222222222223	1.61244019138756	1.4140350877192982	1.2859744990892532	1.1892744479495267	1.1235059760956174	1.0470588235294118	1.0425531914893618	1.0454545454545454	1.0	1.0	1.0	0.0	0.0	0.0	0.0	0.0	0.0	0.0	0.0
	# checklists reporting species - (Mourning Warbler)	0.0	0.0	0.0	0.0	0.0	0.0	0.0	0.0	0.0	0.0	0.0	0.0	0.0	0.0	0.0	0.0	67	1023	2276	4159	2692	2789	2416	2310	1754	727	278	187	144	209	285	549	317	251	85	47	22	7	1	2	0.0	0.0	0.0	0.0	0.0	0.0	0.0	0.0
	
