

	Week starting on...	1/1	1/8	1/15	1/22	2/1	2/8	2/15	2/22	3/1	3/8	3/15	3/22	4/1	4/8	4/15	4/22	5/1	5/8	5/15	5/22	6/1	6/8	6/15	6/22	7/1	7/8	7/15	7/22	8/1	8/8	8/15	8/22	9/1	9/8	9/15	9/22	10/1	10/8	10/15	10/22	11/1	11/8	11/15	11/22	12/1	12/8	12/15	12/22
Frequency (%)
	Upland Sandpiper	0.0	0.0	0.0	0.0	0.0	0.0	0.0	0.0	0.0	0.0	0.0	0.0	0.005265374894692502	0.010975342064827687	0.10530902752560098	0.46876432153566144	0.4008066549029493	0.2860915492957747	0.4844201734661099	0.9804526114571129	1.2018943765670393	1.4470975710168794	1.2765775766373495	1.097608780870247	0.6568818639022889	0.4663107386632425	0.34516960920452294	0.27786441350761293	0.15728569823615324	0.13887281564633724	0.10285420416559526	0.05736274767561366	0.015152892687213988	0.006119951040391677	0.0486322188449848	0.007221259387637203	0.0029606821411653247	0.0	0.0	0.0	0.0	0.0	0.0	0.0	0.0	0.0	0.0	0.0
	Total # checklists submitted - (Upland Sandpiper)	59897	41927	37441	52418	36194	52179	74398	41102	41678	48624	53837	76087	56976	54668	55076	76371	79340	86336	77825	81085	50254	48580	46844	53571	38972	29594	25205	35269	26703	25923	27223	41839	32997	32680	32900	41544	33776	35375	32963	45315	35442	32219	29848	36480	32106	27980	31549	46285
	
Abundance
	Upland Sandpiper	0.0	0.0	0.0	0.0	0.0	0.0	0.0	0.0	0.0	0.0	0.0	0.0	5.265374894692502E-5	9.146118387356406E-5	0.001706732515070085	0.00860274187846172	0.007096042349382405	0.004957375833951075	0.008185030517185995	0.017426157735709442	0.02186890595773471	0.0322972416632359	0.026385449577320468	0.020010826753280694	0.011469773170481371	0.009258633506791918	0.007538186867684983	0.005415520712240211	0.002321836497771786	0.002468850055934884	0.0019836167946221945	6.214297664858147E-4	1.515289268721399E-4	6.119951040391677E-5	4.8632218844984804E-4	7.221259387637204E-5	2.9606821411653245E-5	0.0	0.0	0.0	0.0	0.0	0.0	0.0	0.0	0.0	0.0	0.0
	Total # checklists submitted - (Upland Sandpiper)	59897	41927	37441	52418	36194	52179	74398	41102	41678	48624	53837	76087	56976	54668	55076	76371	79340	86336	77825	81085	50254	48580	46844	53571	38972	29594	25205	35269	26703	25923	27223	41839	32997	32680	32900	41544	33776	35375	32963	45315	35442	32219	29848	36480	32106	27980	31549	46285
	
Birds Per Party Hour
	Upland Sandpiper	0.0	0.0	0.0	0.0	0.0	0.0	0.0	0.0	0.0	0.0	0.0	0.0	0.3333333333333333	3.699614405205303	3.4063607610635382	6.763922345501762	5.167290978070598	4.6604747109165645	4.01177796606257	3.7487944580717745	4.113154431708681	4.711498539281504	7.517642909807996	7.1553853848614954	6.026250734167537	5.313120175370516	4.35245278349604	3.6424136219911736	4.095185767771112	4.097209369014034	9.8683255800808	1.195111697706435	1.4266801054579668	4.127175368139223	3.015219333541063	1.4111111111111112	0.41101520756267984	0.0	0.0	0.0	0.0	0.0	0.0	0.0	0.0	0.0	0.0	0.0
	# checklists reporting species - (Upland Sandpiper)	0.0	0.0	0.0	0.0	0.0	0.0	0.0	0.0	0.0	0.0	0.0	0.0	3	6	63	389	347	267	422	843	642	728	630	621	276	140	99	110	56	43	38	35	7	3	18	6	1	0.0	0.0	0.0	0.0	0.0	0.0	0.0	0.0	0.0	0.0	0.0
	
High Count
	Upland Sandpiper	0.0	0.0	0.0	0.0	0.0	0.0	0.0	0.0	0.0	0.0	0.0	0.0	1	2	6	8	10	10	8	25	15	23	12	20	12	12	12	12	5	15	11	8	6	1	1	2	1	0.0	0.0	0.0	0.0	0.0	0.0	0.0	0.0	0.0	0.0	0.0
	# checklists reporting species - (Upland Sandpiper)	0.0	0.0	0.0	0.0	0.0	0.0	0.0	0.0	0.0	0.0	0.0	0.0	3	10	82	455	422	313	499	1005	740	825	753	741	343	174	115	134	63	47	46	39	8	5	21	6	1	0.0	0.0	0.0	0.0	0.0	0.0	0.0	0.0	0.0	0.0	0.0
	
Totals
	Upland Sandpiper	0.0	0.0	0.0	0.0	0.0	0.0	0.0	0.0	0.0	0.0	0.0	0.0	3	11	129	829	715	533	817	1742	1296	1803	1490	1309	564	327	241	251	93	98	89	57	13	5	21	7	1	0.0	0.0	0.0	0.0	0.0	0.0	0.0	0.0	0.0	0.0	0.0
	# checklists reporting species - (Upland Sandpiper)	0.0	0.0	0.0	0.0	0.0	0.0	0.0	0.0	0.0	0.0	0.0	0.0	3	9	81	447	411	298	474	931	700	793	711	699	321	170	113	130	62	46	46	39	8	5	21	6	1	0.0	0.0	0.0	0.0	0.0	0.0	0.0	0.0	0.0	0.0	0.0
	
Average Count
	Upland Sandpiper	0.0	0.0	0.0	0.0	0.0	0.0	0.0	0.0	0.0	0.0	0.0	0.0	1.0	1.2222222222222223	1.5925925925925926	1.854586129753915	1.7396593673965937	1.7885906040268456	1.7236286919831223	1.871106337271751	1.8514285714285714	2.2736443883984867	2.0956399437412094	1.8726752503576538	1.7570093457943925	1.923529411764706	2.1327433628318584	1.9307692307692308	1.5	2.130434782608696	1.934782608695652	1.4615384615384615	1.625	1.0	1.0	1.1666666666666667	1.0	0.0	0.0	0.0	0.0	0.0	0.0	0.0	0.0	0.0	0.0	0.0
	# checklists reporting species - (Upland Sandpiper)	0.0	0.0	0.0	0.0	0.0	0.0	0.0	0.0	0.0	0.0	0.0	0.0	3	9	81	447	411	298	474	931	700	793	711	699	321	170	113	130	62	46	46	39	8	5	21	6	1	0.0	0.0	0.0	0.0	0.0	0.0	0.0	0.0	0.0	0.0	0.0
	
