

	Week starting on...	1/1	1/8	1/15	1/22	2/1	2/8	2/15	2/22	3/1	3/8	3/15	3/22	4/1	4/8	4/15	4/22	5/1	5/8	5/15	5/22	6/1	6/8	6/15	6/22	7/1	7/8	7/15	7/22	8/1	8/8	8/15	8/22	9/1	9/8	9/15	9/22	10/1	10/8	10/15	10/22	11/1	11/8	11/15	11/22	12/1	12/8	12/15	12/22
Frequency (%)
	Snowy Owl	3.741422775765063	3.477472750256398	3.3305734355385805	3.1592201152275936	2.9314250980825554	2.0353015580980856	1.8602650608887334	2.4500024329716314	2.2889773981477037	1.7871832839749917	1.4005238033322809	0.9870280074125671	0.6020078629598427	0.39328309065632544	0.30140169946982354	0.3194930012701156	0.12477943029997479	0.11466827279466273	0.03983295856087376	0.06289695998026762	0.0517371751502368	0.014409221902017292	0.01280847066860217	0.044800358402867224	0.01796161346607821	0.016895316618233427	0.015869867089863123	0.05670702316481896	0.052428566078717743	0.05014851676117733	0.040407008779341	0.02629125935132293	0.03939752098675637	0.006119951040391677	0.00303951367781155	0.0024070864625457345	0.0029606821411653247	0.0028268551236749115	0.01820222673907108	0.05737614476442679	0.19750578409796285	0.45314876315217734	0.8409273653176091	1.3788377192982455	2.220768703669096	2.919942816297355	2.88757171384196	3.66641460516366
	Total # checklists submitted - (Snowy Owl)	59897	41927	37441	52418	36194	52179	74398	41102	41678	48624	53837	76087	56976	54668	55076	76371	79340	86336	77825	81085	50254	48580	46844	53571	38972	29594	25205	35269	26703	25923	27223	41839	32997	32680	32900	41544	33776	35375	32963	45315	35442	32219	29848	36480	32106	27980	31549	46285
	
Abundance
	Snowy Owl	0.07229076581464848	0.060772294702697544	0.056168371571272135	0.05540081651341142	0.05009117533292811	0.0344391421836371	0.03247399123632356	0.04418276482896209	0.037213877825231535	0.030972359328726554	0.023738321228894625	0.01737484721437302	0.010074417298511653	0.007115680105363284	0.004938630256373012	0.004451951657042595	0.0013108142172926645	0.0012045959970348407	4.1117892707998716E-4	6.536350743047419E-4	5.372706650216898E-4	1.4409221902017292E-4	1.280847066860217E-4	4.4800358402867225E-4	2.0527558246946525E-4	1.6895316618233426E-4	1.5869867089863122E-4	5.670702316481896E-4	5.242856607871775E-4	5.014851676117733E-4	4.0407008779341E-4	2.629125935132293E-4	3.939752098675637E-4	6.119951040391677E-5	3.0395136778115502E-5	2.4070864625457346E-5	2.9606821411653245E-5	2.8268551236749116E-5	1.820222673907108E-4	5.958291956305859E-4	0.0036397494498053157	0.007293832831559018	0.012295631198070223	0.02286184210526316	0.03631719927739363	0.05003573981415296	0.05131699895400805	0.07049800151236901
	Total # checklists submitted - (Snowy Owl)	59897	41927	37441	52418	36194	52179	74398	41102	41678	48624	53837	76087	56976	54668	55076	76371	79340	86336	77825	81085	50254	48580	46844	53571	38972	29594	25205	35269	26703	25923	27223	41839	32997	32680	32900	41544	33776	35375	32963	45315	35442	32219	29848	36480	32106	27980	31549	46285
	
Birds Per Party Hour
	Snowy Owl	5.939674285912753	6.047675020448189	5.412636349873893	5.590912240141783	5.843036760899556	5.41338288641704	5.437709652221843	5.736034565652321	5.6281403514637365	4.728916006263664	5.049533034194477	6.308893902536945	5.564141422532835	6.508366681213696	4.391268834551603	5.514413068666606	8.541651966241806	4.8363026806207	6.708683233785046	9.45995589939472	9.421275563377867	10.982622414361314	7.619507525361889	4.189208450748407	6.546681220120057	2.048980075067659	3.519657357892652	9.04581596951071	12.123292568127928	5.111040561051866	3.522391909961047	1.52550806460248	6.6672188804957315	0.07407407407407407	12.048192771084338	0.9996251874062968	0.34281796366129585	0.2142704092564817	1.0637836868966495	1.9210759310737144	7.984068082071016	3.1772518217175274	4.629944550932214	5.852920613898582	5.107703669565308	5.7364941101952045	4.626230298773768	4.9841559299834355
	# checklists reporting species - (Snowy Owl)	2742	1834	1490	2106	1352	1395	1694	1229	1193	1074	929	957	433	294	265	356	169	198	80	101	49	25	20	43	7	11	9	44	21	18	22	16	11	3	1	2	1	1	7	34	82	183	336	707	936	1017	1161	2193
	
High Count
	Snowy Owl	42	24	22	33	47	23	37	40	31	40	37	41	44	57	11	25	2	3	3	2	2	1	1	2	2	1	1	1	1	1	1	1	1	1	1	1	1	1	1	2	13	14	11	16	17	15	41	47
	# checklists reporting species - (Snowy Owl)	3059	2068	1758	2389	1555	1650	1948	1433	1380	1244	1051	1087	493	333	293	379	182	213	91	105	52	28	21	48	8	11	10	44	23	25	25	16	19	5	1	2	1	1	8	45	95	218	381	814	1094	1173	1354	2509
	
Totals
	Snowy Owl	5412	3408	2735	3885	2413	2519	3102	2362	2131	2017	1725	1894	808	607	452	537	188	220	98	109	55	28	21	52	9	11	10	44	23	25	25	16	19	5	1	2	1	1	8	46	154	315	540	1234	1655	1847	2194	4335
	# checklists reporting species - (Snowy Owl)	3029	2045	1734	2362	1538	1634	1928	1416	1364	1230	1038	1076	491	330	291	379	181	212	89	104	52	28	21	47	8	11	10	44	23	25	25	16	19	5	1	2	1	1	8	45	95	216	379	810	1082	1156	1343	2479
	
Average Count
	Snowy Owl	1.7867282931660613	1.6665036674816627	1.577277970011534	1.644792548687553	1.568920676202861	1.5416156670746635	1.6089211618257262	1.6680790960451977	1.562316715542522	1.6398373983739838	1.6618497109826589	1.7602230483271375	1.645621181262729	1.8393939393939394	1.5532646048109966	1.4168865435356202	1.0386740331491713	1.0377358490566038	1.101123595505618	1.0480769230769231	1.0576923076923077	1.0	1.0	1.1063829787234043	1.125	1.0	1.0	1.0	1.0	1.0	1.0	1.0	1.0	1.0	1.0	1.0	1.0	1.0	1.0	1.0222222222222221	1.6210526315789473	1.4583333333333333	1.424802110817942	1.5234567901234568	1.5295748613678373	1.5977508650519032	1.633655994043187	1.7486889874949576
	# checklists reporting species - (Snowy Owl)	3029	2045	1734	2362	1538	1634	1928	1416	1364	1230	1038	1076	491	330	291	379	181	212	89	104	52	28	21	47	8	11	10	44	23	25	25	16	19	5	1	2	1	1	8	45	95	216	379	810	1082	1156	1343	2479
	
