

	Week starting on...	1/1	1/8	1/15	1/22	2/1	2/8	2/15	2/22	3/1	3/8	3/15	3/22	4/1	4/8	4/15	4/22	5/1	5/8	5/15	5/22	6/1	6/8	6/15	6/22	7/1	7/8	7/15	7/22	8/1	8/8	8/15	8/22	9/1	9/8	9/15	9/22	10/1	10/8	10/15	10/22	11/1	11/8	11/15	11/22	12/1	12/8	12/15	12/22
Frequency (%)
	Pacific Loon	0.025042990466968295	0.009540391633076538	0.005341737667263161	0.0	0.0	0.0	0.0	0.0	0.0	0.0	0.0	0.0	0.0	0.0	0.0	0.009165782823322989	0.008822788001008318	0.08339510748702743	0.012849341471249599	0.020965653326755873	0.0059696740557965535	0.051461506792918894	0.057638118008709764	0.03173358720203095	0.01796161346607821	0.02027437994188011	0.003967466772465781	0.0	0.0	0.02314546927438954	0.0	0.0	0.0	0.0030599755201958386	0.0182370820668693	0.03851338340073175	0.11546660350544766	0.28833922261484096	0.16988744956466342	0.22729780425907536	0.20314880650076178	0.10863155281045345	0.11056017153578131	0.23848684210526316	0.12770198716750764	0.032165832737669764	0.006339345145646455	0.008642108674516582
	Total # checklists submitted - (Pacific Loon)	59897	41927	37441	52418	36194	52179	74398	41102	41678	48624	53837	76087	56976	54668	55076	76371	79340	86336	77825	81085	50254	48580	46844	53571	38972	29594	25205	35269	26703	25923	27223	41839	32997	32680	32900	41544	33776	35375	32963	45315	35442	32219	29848	36480	32106	27980	31549	46285
	
Abundance
	Pacific Loon	2.3373457769170408E-4	9.540391633076538E-5	5.341737667263161E-5	0.0	0.0	0.0	0.0	0.0	0.0	0.0	0.0	0.0	0.0	0.0	0.0	9.165782823322989E-5	8.822788001008319E-5	8.223684210526315E-4	2.0558946353999358E-4	2.7132021952272305E-4	7.959565407728738E-5	8.645533141210375E-4	8.752454956878149E-4	5.040040320322563E-4	3.079133737041979E-4	3.7169696560113537E-4	3.9674667724657806E-5	0.0	0.0	2.7003047486787797E-4	0.0	0.0	0.0	6.119951040391677E-5	1.82370820668693E-4	3.8513383400731754E-4	0.0014803410705826621	0.00415547703180212	0.0019415708521675818	0.0025819265143992055	0.0029061565374414538	0.0011483907011390795	0.0011726078799249532	0.0024396929824561406	0.0014016071762287423	3.2165832737669764E-4	6.339345145646455E-5	8.642108674516582E-5
	Total # checklists submitted - (Pacific Loon)	59897	41927	37441	52418	36194	52179	74398	41102	41678	48624	53837	76087	56976	54668	55076	76371	79340	86336	77825	81085	50254	48580	46844	53571	38972	29594	25205	35269	26703	25923	27223	41839	32997	32680	32900	41544	33776	35375	32963	45315	35442	32219	29848	36480	32106	27980	31549	46285
	
Birds Per Party Hour
	Pacific Loon	1.4889973409741213	1.4610911151103112	1.4	0.0	0.0	0.0	0.0	0.0	0.0	0.0	0.0	0.0	0.0	0.0	0.0	0.4649065469934976	0.18512457392010925	1.931493683191607	0.5003224594069001	0.8965050741335466	0.1111111111111111	12.153041255932822	5.792993573416498	5.880972412637839	4.8992771084337345	1.0414167916041979	0.125	0.0	0.0	0.05	0.0	0.16666666666666666	0.0	0.5714285714285714	1.4477182370727235	1.986811298510493	2.3659625280989998	1.953101162990269	2.3897471589218187	1.3944046566213575	1.9846325170376253	0.8178320628477986	1.2676691287867088	1.544664058368906	1.7740169387277152	1.2046890416203844	1.3333333333333333	1.0352335093714404
	# checklists reporting species - (Pacific Loon)	16	6	2	0.0	0	0.0	0.0	0.0	0.0	0.0	0.0	0.0	0.0	0.0	0.0	7	8	97	12	20	3	25	28	18	5	6	1	1	0.0	2	0.0	1	0.0	1	8	19	52	119	67	114	88	41	37	107	48	10	2	4
	
High Count
	Pacific Loon	1	1	1	0.0	1	0.0	0.0	0.0	0.0	0.0	0.0	0.0	0.0	0.0	0.0	1	1	1	7	4	2	3	7	5	4	4	1	2	0.0	2	0.0	1	0.0	2	1	1	3	6	4	3	7	2	2	2	2	1	1	1
	# checklists reporting species - (Pacific Loon)	17	6	2	0.0	1	0.0	0.0	0.0	0.0	0.0	0.0	0.0	0.0	0.0	0.0	7	9	119	16	22	3	26	29	21	8	8	1	1	0.0	6	0.0	1	0.0	1	8	19	52	119	69	135	123	57	49	112	54	10	2	4
	
Totals
	Pacific Loon	16	6	2	0.0	1	0.0	0.0	0.0	0.0	0.0	0.0	0.0	0.0	0.0	0.0	7	9	116	22	27	4	42	44	31	14	15	1	2	0.0	7	0.0	1	0.0	2	8	19	64	167	80	149	155	58	51	114	58	10	2	4
	# checklists reporting species - (Pacific Loon)	16	6	2	0.0	1	0.0	0.0	0.0	0.0	0.0	0.0	0.0	0.0	0.0	0.0	7	9	116	16	22	3	25	28	19	8	7	1	1	0.0	6	0.0	1	0.0	1	8	19	52	119	69	134	123	56	49	112	54	10	2	4
	
Average Count
	Pacific Loon	1.0	1.0	1.0	0.0	1.0	0.0	0.0	0.0	0.0	0.0	0.0	0.0	0.0	0.0	0.0	1.0	1.0	1.0	1.375	1.2272727272727273	1.3333333333333333	1.68	1.5714285714285714	1.631578947368421	1.75	2.142857142857143	1.0	2.0	0.0	1.1666666666666667	0.0	1.0	0.0	2.0	1.0	1.0	1.2307692307692308	1.403361344537815	1.1594202898550725	1.1119402985074627	1.2601626016260163	1.0357142857142858	1.0408163265306123	1.0178571428571428	1.0740740740740742	1.0	1.0	1.0
	# checklists reporting species - (Pacific Loon)	16	6	2	0.0	1	0.0	0.0	0.0	0.0	0.0	0.0	0.0	0.0	0.0	0.0	7	9	116	16	22	3	25	28	19	8	7	1	1	0.0	6	0.0	1	0.0	1	8	19	52	119	69	134	123	56	49	112	54	10	2	4
	
