

	Week starting on...	1/1	1/8	1/15	1/22	2/1	2/8	2/15	2/22	3/1	3/8	3/15	3/22	4/1	4/8	4/15	4/22	5/1	5/8	5/15	5/22	6/1	6/8	6/15	6/22	7/1	7/8	7/15	7/22	8/1	8/8	8/15	8/22	9/1	9/8	9/15	9/22	10/1	10/8	10/15	10/22	11/1	11/8	11/15	11/22	12/1	12/8	12/15	12/22
Frequency (%)
	Hooded Warbler	0.060103177120723904	0.02862117489922961	0.0	0.0	0.0	0.0	0.0	0.0	0.0	0.0	0.0	0.0	0.0	0.0	0.0054470186651172925	0.11784577915700988	1.2881270481472145	1.7489807264640476	1.123032444587215	0.7350311401615589	0.6924821904724001	0.5351996706463565	0.49099137562974976	0.39760318082544654	0.4233808888432721	0.25680881259714805	0.3173973417972624	0.16161501601973405	0.08987754184923043	0.07329398603556687	0.03673364434485545	0.02868137383780683	0.08788677758584114	0.08873929008567931	0.08206686930091185	0.05295590217600616	0.020724774988157273	0.008480565371024734	0.00910111336953554	0.0022067747986317995	0.0	0.006207517303454484	0.06365585633878316	0.01918859649122807	0.07163770011835795	0.04646175839885632	0.05071476116517164	0.015123690180404017
	Total # checklists submitted - (Hooded Warbler)	59897	41927	37441	52418	36194	52179	74398	41102	41678	48624	53837	76087	56976	54668	55076	76371	79340	86336	77825	81085	50254	48580	46844	53571	38972	29594	25205	35269	26703	25923	27223	41839	32997	32680	32900	41544	33776	35375	32963	45315	35442	32219	29848	36480	32106	27980	31549	46285
	
Abundance
	Hooded Warbler	6.01031771207239E-4	2.862117489922961E-4	0.0	0.0	0.0	0.0	0.0	0.0	0.0	0.0	0.0	0.0	0.0	0.0	5.447018665117292E-5	0.0012046457424938785	0.014608016133098058	0.01940094514455152	0.016125923546418248	0.014589628167971882	0.014267520993353763	0.010580485796624125	0.00902997182136453	0.008474734464542383	0.009570974032638818	0.005068594985470028	0.00614957349732196	0.003062179250900224	0.0015354080065910197	0.001427303938587355	4.775373764831209E-4	2.868137383780683E-4	0.0010303967027305513	0.001101591187270502	8.814589665653496E-4	6.25842480261891E-4	2.0724774988157272E-4	8.480565371024735E-5	9.10111336953554E-5	2.2067747986317996E-5	0.0	6.207517303454484E-5	6.365585633878317E-4	1.918859649122807E-4	7.163770011835794E-4	4.6461758398856325E-4	5.071476116517164E-4	1.5123690180404018E-4
	Total # checklists submitted - (Hooded Warbler)	59897	41927	37441	52418	36194	52179	74398	41102	41678	48624	53837	76087	56976	54668	55076	76371	79340	86336	77825	81085	50254	48580	46844	53571	38972	29594	25205	35269	26703	25923	27223	41839	32997	32680	32900	41544	33776	35375	32963	45315	35442	32219	29848	36480	32106	27980	31549	46285
	
Birds Per Party Hour
	Hooded Warbler	1.3377606301372755	2.0219797898041376	0.0	0.0	0.0	0.0	0.0	0.0	0.0	0.0	0.0	0.0	0.0	0.0	0.3333333333333333	1.500873850849788	0.7547457181990811	0.7497210040469019	1.0915936039465615	1.8578787685478575	2.041006939099863	3.633445352051057	2.4385091725572026	2.562885864995039	1.976203373028821	2.0085421817560736	2.9298276335177316	2.083578360910331	1.4485759798431106	2.243170408668076	1.1897309418917075	0.5021617257851544	0.9536378201508999	0.8069467532589508	0.6044682616939604	0.7066308665401348	0.5761093361732339	0.35001588089825636	0.6005526034455684	0.3108486167236556	0.0	2.4284490145672666	1.093153800895827	1.4263383308840238	1.1868531688037038	0.8740150587607299	1.7097331140754404	0.8933095992239641
	# checklists reporting species - (Hooded Warbler)	37	12	0.0	0.0	0.0	0.0	0.0	0.0	0.0	0.0	0.0	0.0	0.0	0.0	2	116	1034	1494	914	647	368	278	246	234	179	80	96	53	25	19	11	10	28	33	29	20	7	4	3	1	0.0	2	22	8	24	13	17	7
	
High Count
	Hooded Warbler	1	1	0.0	0.0	0.0	0.0	0.0	0.0	0.0	0.0	0.0	0.0	0.0	0.0	1	2	5	10	23	17	26	10	8	13	26	8	10	14	6	9	3	2	3	3	3	3	1	1	1	1	0.0	1	1	1	1	1	1	1
	# checklists reporting species - (Hooded Warbler)	37	12	0.0	0.0	0.0	0.0	0.0	0.0	0.0	0.0	0.0	0.0	0.0	0.0	3	137	1198	1842	1095	724	405	306	268	263	199	90	100	64	31	25	12	17	35	38	36	24	7	4	3	1	0.0	2	22	8	24	13	17	7
	
Totals
	Hooded Warbler	37	12	0.0	0.0	0.0	0.0	0.0	0.0	0.0	0.0	0.0	0.0	0.0	0.0	3	136	1335	1972	1487	1352	817	573	461	528	461	177	183	113	61	42	16	17	40	45	38	28	7	4	3	1	0.0	2	22	8	24	13	17	7
	# checklists reporting species - (Hooded Warbler)	37	12	0.0	0.0	0.0	0.0	0.0	0.0	0.0	0.0	0.0	0.0	0.0	0.0	3	132	1100	1621	1002	701	391	297	261	257	194	88	99	58	29	22	12	16	35	38	35	24	7	4	3	1	0.0	2	22	8	24	13	17	7
	
Average Count
	Hooded Warbler	1.0	1.0	0.0	0.0	0.0	0.0	0.0	0.0	0.0	0.0	0.0	0.0	0.0	0.0	1.0	1.0303030303030303	1.2136363636363636	1.216533004318322	1.4840319361277445	1.9286733238231097	2.0895140664961636	1.9292929292929293	1.7662835249042146	2.054474708171206	2.3762886597938144	2.0113636363636362	1.8484848484848484	1.9482758620689655	2.103448275862069	1.9090909090909092	1.3333333333333333	1.0625	1.1428571428571428	1.1842105263157894	1.0857142857142856	1.1666666666666667	1.0	1.0	1.0	1.0	0.0	1.0	1.0	1.0	1.0	1.0	1.0	1.0
	# checklists reporting species - (Hooded Warbler)	37	12	0.0	0.0	0.0	0.0	0.0	0.0	0.0	0.0	0.0	0.0	0.0	0.0	3	132	1100	1621	1002	701	391	297	261	257	194	88	99	58	29	22	12	16	35	38	35	24	7	4	3	1	0.0	2	22	8	24	13	17	7
	
