

	Week starting on...	1/1	1/8	1/15	1/22	2/1	2/8	2/15	2/22	3/1	3/8	3/15	3/22	4/1	4/8	4/15	4/22	5/1	5/8	5/15	5/22	6/1	6/8	6/15	6/22	7/1	7/8	7/15	7/22	8/1	8/8	8/15	8/22	9/1	9/8	9/15	9/22	10/1	10/8	10/15	10/22	11/1	11/8	11/15	11/22	12/1	12/8	12/15	12/22
Frequency (%)
	Swainson's Thrush	0.005008598093393659	0.0071552937248074025	0.0026708688336315803	0.013354191308329199	0.0	0.0	0.0	0.0	0.0	0.0	0.0	0.0	0.0	0.0	0.010894037330234585	0.1636746932736248	2.859843710612554	7.9410674573758335	12.939286861548347	6.024542147129555	2.990806701954073	4.355701934952656	4.862949363845956	4.590170054693771	5.71435902699374	3.6966952760694736	2.332870462209879	1.3836513652215827	0.9025203160693555	0.8833854106392006	1.024868677221467	2.043547885943737	6.676364517986484	10.321297429620563	9.650455927051672	7.435490082803773	5.19895783988631	2.2190812720848054	0.4247186239116585	0.11695906432748539	0.04232266802099204	0.027933827865545175	0.02345215759849906	0.010964912280701754	0.03737619136609979	0.01072194424588992	0.009509017718469681	0.0
	Total # checklists submitted - (Swainson's Thrush)	59897	41927	37441	52418	36194	52179	74398	41102	41678	48624	53837	76087	56976	54668	55076	76371	79340	86336	77825	81085	50254	48580	46844	53571	38972	29594	25205	35269	26703	25923	27223	41839	32997	32680	32900	41544	33776	35375	32963	45315	35442	32219	29848	36480	32106	27980	31549	46285
	
Abundance
	Swainson's Thrush	5.008598093393659E-5	7.155293724807403E-5	2.6708688336315805E-5	1.33541913083292E-4	0.0	0.0	0.0	0.0	0.0	0.0	0.0	0.0	0.0	0.0	1.0894037330234585E-4	0.0027628288224587866	0.08440887320393244	0.16509914751667903	0.34208801798907806	0.12726151569340816	0.04614558045130736	0.0708110333470564	0.07783280676287252	0.06830187974837132	0.10202196448732423	0.06457390011488816	0.05145804403888118	0.023334940032323004	0.011758978391940981	0.012807159665162212	0.018770892260221137	0.043500083654007024	0.28251053126041764	0.6669828641370869	0.34221884498480243	0.19011168881186213	0.09204760776882993	0.03253710247349823	0.005369656888025968	0.0011916583912611719	4.514417922239151E-4	2.7933827865545176E-4	2.3452157598499062E-4	1.0964912280701755E-4	3.7376191366099795E-4	1.0721944245889921E-4	9.509017718469682E-5	0.0
	Total # checklists submitted - (Swainson's Thrush)	59897	41927	37441	52418	36194	52179	74398	41102	41678	48624	53837	76087	56976	54668	55076	76371	79340	86336	77825	81085	50254	48580	46844	53571	38972	29594	25205	35269	26703	25923	27223	41839	32997	32680	32900	41544	33776	35375	32963	45315	35442	32219	29848	36480	32106	27980	31549	46285
	
Birds Per Party Hour
	Swainson's Thrush	3.3165926212091947	0.8793873643905552	0.4	0.6694378926336598	0.0	0.0	0.0	0.0	0.0	0.0	0.0	0.0	0.0	0.0	1.2401579724968745	0.9699235066179589	1.8011729103637781	1.2543069558605735	1.6663839244959573	2.2152130455167485	7.817611463282369	12.54012582421437	14.928562009220753	12.580663666834866	14.185908982999603	10.460553454986535	3.19937392453281	1.0620667841478668	0.711036405022372	1.1287113839554261	3.344919104343554	3.9610144105517997	3.90198079025682	5.680072322476256	4.961645540915498	3.466338918072765	2.2365761736695027	2.6490566130664672	2.5594793537120317	0.9686211183216865	1.1437576006791041	0.6104135652142648	1.8549411678091206	0.9986579978327915	0.7885130559960095	0.9963783065144639	0.37243851692187946	0.0
	# checklists reporting species - (Swainson's Thrush)	2	3	1	7	0.0	0.0	0.0	0.0	0.0	0.0	0.0	0.0	0.0	0.0	6	134	2296	6529	10143	5188	1544	2116	2270	2449	2226	1098	612	504	260	246	308	943	2351	3576	3353	3201	1835	807	157	57	18	9	8	4	12	3	3	0.0
	
High Count
	Swainson's Thrush	1	1	1	1	0.0	0.0	0.0	0.0	0.0	0.0	0.0	0.0	0.0	0.0	1	10	147	125	300	650	20	23	21	40	60	19	13	13	8	40	75	1050	1800	8400	245	400	370	250	6	3	2	1	1	1	1	1	1	0.0
	# checklists reporting species - (Swainson's Thrush)	3	3	1	7	0.0	0.0	0.0	0.0	0.0	0.0	0.0	0.0	0.0	0.0	6	156	2482	7733	11151	5706	1646	2204	2370	2585	2322	1175	671	545	285	263	332	1017	2502	3777	3575	3416	1965	882	169	67	21	10	11	4	13	3	3	0.0
	
Totals
	Swainson's Thrush	3	3	1	7	0.0	0.0	0.0	0.0	0.0	0.0	0.0	0.0	0.0	0.0	6	264	7053	15496	28939	13156	2505	3599	3770	3874	4194	2061	1431	916	419	443	648	3401	10580	31791	13617	9773	4015	1553	210	69	23	10	11	4	13	3	3	0.0
	# checklists reporting species - (Swainson's Thrush)	3	3	1	7	0.0	0.0	0.0	0.0	0.0	0.0	0.0	0.0	0.0	0.0	6	150	2337	6819	10440	5435	1591	2152	2309	2494	2263	1134	638	523	271	252	321	992	2442	3689	3472	3332	1927	858	166	65	21	10	11	4	13	3	3	0.0
	
Average Count
	Swainson's Thrush	1.0	1.0	1.0	1.0	0.0	0.0	0.0	0.0	0.0	0.0	0.0	0.0	0.0	0.0	1.0	1.76	3.017971758664955	2.272473969790292	2.7719348659003833	2.4206071757129717	1.5744814582023885	1.6723977695167287	1.6327414465136423	1.553327987169206	1.853292090145824	1.8174603174603174	2.24294670846395	1.751434034416826	1.5461254612546125	1.757936507936508	2.0186915887850465	3.4284274193548385	4.332514332514332	8.617782596909732	3.921947004608295	2.9330732292917165	2.0835495588998443	1.81002331002331	1.2650602409638554	1.0615384615384615	1.0952380952380953	1.0	1.0	1.0	1.0	1.0	1.0	0.0
	# checklists reporting species - (Swainson's Thrush)	3	3	1	7	0.0	0.0	0.0	0.0	0.0	0.0	0.0	0.0	0.0	0.0	6	150	2337	6819	10440	5435	1591	2152	2309	2494	2263	1134	638	523	271	252	321	992	2442	3689	3472	3332	1927	858	166	65	21	10	11	4	13	3	3	0.0
	
