

	Week starting on...	1/1	1/8	1/15	1/22	2/1	2/8	2/15	2/22	3/1	3/8	3/15	3/22	4/1	4/8	4/15	4/22	5/1	5/8	5/15	5/22	6/1	6/8	6/15	6/22	7/1	7/8	7/15	7/22	8/1	8/8	8/15	8/22	9/1	9/8	9/15	9/22	10/1	10/8	10/15	10/22	11/1	11/8	11/15	11/22	12/1	12/8	12/15	12/22
Frequency (%)
	Willow Flycatcher	0.0	0.0	0.0	0.0	0.0	0.0	0.0	0.0	0.0	0.0	0.0	0.0	0.0	0.0	0.0	0.0	0.06301991429291656	0.7389733135656041	3.568262126566014	7.14805451069865	5.587614916225574	4.493618773157678	3.9343352403722998	2.7477553153758563	2.006568818639023	2.4295465297019665	3.2176155524697476	3.61790807791545	2.2431936486537096	1.2382826061798402	1.1754766190353745	0.8676115585936567	0.5364124011273752	0.3090575275397797	0.05167173252279636	0.007221259387637203	0.0	0.0	0.0	0.0	0.0	0.0	0.0	0.0	0.0	0.0	0.0	0.0
	Total # checklists submitted - (Willow Flycatcher)	59897	41927	37441	52418	36194	52179	74398	41102	41678	48624	53837	76087	56976	54668	55076	76371	79340	86336	77825	81085	50254	48580	46844	53571	38972	29594	25205	35269	26703	25923	27223	41839	32997	32680	32900	41544	33776	35375	32963	45315	35442	32219	29848	36480	32106	27980	31549	46285
	
Abundance
	Willow Flycatcher	0.0	0.0	0.0	0.0	0.0	0.0	0.0	0.0	0.0	0.0	0.0	0.0	0.0	0.0	0.0	0.0	6.932190572220821E-4	0.008686990363232023	0.05619017025377449	0.14305975211198124	0.10470808293867155	0.08021819678880197	0.0663265306122449	0.04074965933060798	0.03089397516165452	0.03919713455430155	0.06002777226740726	0.07215968697723213	0.042916526233007526	0.01820776916251977	0.01899129412629027	0.013528047993498889	0.006546049640876443	0.0037943696450428396	5.775075987841945E-4	4.814172925091469E-5	0.0	0.0	0.0	0.0	0.0	0.0	0.0	0.0	0.0	0.0	0.0	0.0
	Total # checklists submitted - (Willow Flycatcher)	59897	41927	37441	52418	36194	52179	74398	41102	41678	48624	53837	76087	56976	54668	55076	76371	79340	86336	77825	81085	50254	48580	46844	53571	38972	29594	25205	35269	26703	25923	27223	41839	32997	32680	32900	41544	33776	35375	32963	45315	35442	32219	29848	36480	32106	27980	31549	46285
	
Birds Per Party Hour
	Willow Flycatcher	0.0	0.0	0.0	0.0	0.0	0.0	0.0	0.0	0.0	0.0	0.0	0.0	0.0	0.0	0.0	0.0	0.8092926556030181	0.7678871767396288	1.508462487399588	2.4197137710993535	3.2773706752788616	3.8508616998943794	4.081493042645706	4.441243071226568	3.1496241374170975	2.4033930799120857	2.3661395142722084	2.3770972297166604	1.8325459095847805	1.4500889395448753	1.239382819469923	1.1178137579844916	0.822660324016898	0.7455160204589594	0.7263869253311063	2.142857142857143	0.0	0.0	0.0	0.0	0.0	0.0	0.0	0.0	0.0	0.0	0.0	0.0
	# checklists reporting species - (Willow Flycatcher)	0.0	0.0	0.0	0.0	0.0	0.0	0.0	0.0	0.0	0.0	0.0	0.0	0.0	0.0	0.0	0.0	57	608	2794	5925	2883	2182	1877	1474	789	727	811	1289	618	334	327	368	179	104	17	2	0.0	0.0	0.0	0.0	0.0	0.0	0.0	0.0	0.0	0.0	0.0	0.0
	
High Count
	Willow Flycatcher	0.0	0.0	0.0	0.0	0.0	0.0	0.0	0.0	0.0	0.0	0.0	0.0	0.0	0.0	0.0	0.0	2	15	20	27	29	23	20	20	20	12	14	17	18	8	11	18	4	3	2	1	0.0	0.0	0.0	0.0	0.0	0.0	0.0	0.0	0.0	0.0	0.0	0.0
	# checklists reporting species - (Willow Flycatcher)	0.0	0.0	0.0	0.0	0.0	0.0	0.0	0.0	0.0	0.0	0.0	0.0	0.0	0.0	0.0	0.0	65	761	3104	6431	3207	2505	2139	1762	964	816	851	1373	647	348	337	387	184	109	18	4	0.0	0.0	0.0	0.0	0.0	0.0	0.0	0.0	0.0	0.0	0.0	0.0
	
Totals
	Willow Flycatcher	0.0	0.0	0.0	0.0	0.0	0.0	0.0	0.0	0.0	0.0	0.0	0.0	0.0	0.0	0.0	0.0	69	843	4773	12482	5730	4261	3402	2469	1383	1271	1560	2706	1212	505	535	598	223	133	20	3	0.0	0.0	0.0	0.0	0.0	0.0	0.0	0.0	0.0	0.0	0.0	0.0
	# checklists reporting species - (Willow Flycatcher)	0.0	0.0	0.0	0.0	0.0	0.0	0.0	0.0	0.0	0.0	0.0	0.0	0.0	0.0	0.0	0.0	61	652	2927	6145	3103	2426	2076	1713	941	802	827	1324	625	341	332	381	184	108	18	3	0.0	0.0	0.0	0.0	0.0	0.0	0.0	0.0	0.0	0.0	0.0	0.0
	
Average Count
	Willow Flycatcher	0.0	0.0	0.0	0.0	0.0	0.0	0.0	0.0	0.0	0.0	0.0	0.0	0.0	0.0	0.0	0.0	1.1311475409836065	1.2929447852760736	1.6306798770071746	2.0312449145646867	1.8466000644537544	1.7563891178895301	1.638728323699422	1.4413309982486866	1.4697130712008502	1.584788029925187	1.8863361547762998	2.0438066465256797	1.9392	1.4809384164222874	1.6114457831325302	1.5695538057742782	1.2119565217391304	1.2314814814814814	1.1111111111111112	1.0	0.0	0.0	0.0	0.0	0.0	0.0	0.0	0.0	0.0	0.0	0.0	0.0
	# checklists reporting species - (Willow Flycatcher)	0.0	0.0	0.0	0.0	0.0	0.0	0.0	0.0	0.0	0.0	0.0	0.0	0.0	0.0	0.0	0.0	61	652	2927	6145	3103	2426	2076	1713	941	802	827	1324	625	341	332	381	184	108	18	3	0.0	0.0	0.0	0.0	0.0	0.0	0.0	0.0	0.0	0.0	0.0	0.0
	
