

	Week starting on...	1/1	1/8	1/15	1/22	2/1	2/8	2/15	2/22	3/1	3/8	3/15	3/22	4/1	4/8	4/15	4/22	5/1	5/8	5/15	5/22	6/1	6/8	6/15	6/22	7/1	7/8	7/15	7/22	8/1	8/8	8/15	8/22	9/1	9/8	9/15	9/22	10/1	10/8	10/15	10/22	11/1	11/8	11/15	11/22	12/1	12/8	12/15	12/22
Frequency (%)
	Wilson's Snipe	0.0066781307911915454	0.009540391633076538	0.021366950669052642	0.0152619329238048	0.03591755539592197	0.019164798098852028	0.009408855076749375	0.014597829789304658	0.004798694755026633	0.05552813425468904	0.13930939688318444	0.7635995636573921	1.846391463072171	3.257847369576352	3.9763236255356236	4.5108745466211	3.5215528106881777	2.2771497405485546	2.9553485383874074	3.8194487266448784	3.7370159589286427	4.007822149032523	3.477499786525489	3.1434918146011834	2.537719388278764	2.2166655403122255	1.8686768498313828	2.0499588874082058	2.3255813953488373	2.349265131350538	2.211365389560298	1.811706780754798	1.6577264599812105	1.3555691554467564	1.4133738601823709	1.788465241671481	1.7201563240170537	1.8233215547703179	1.619998179777326	1.2247600132406489	0.6574121099260765	0.43142245259008655	0.1842669525596355	0.046600877192982455	0.028032143524574844	0.035739814152966405	0.041205743446701956	0.015123690180404017
	Total # checklists submitted - (Wilson's Snipe)	59897	41927	37441	52418	36194	52179	74398	41102	41678	48624	53837	76087	56976	54668	55076	76371	79340	86336	77825	81085	50254	48580	46844	53571	38972	29594	25205	35269	26703	25923	27223	41839	32997	32680	32900	41544	33776	35375	32963	45315	35442	32219	29848	36480	32106	27980	31549	46285
	
Abundance
	Wilson's Snipe	8.347663488989432E-5	9.540391633076538E-5	2.1366950669052644E-4	1.52619329238048E-4	3.868044427253136E-4	3.0663676958163247E-4	1.0752977230570715E-4	1.7030801420855432E-4	9.597389510053266E-5	8.432050016452781E-4	0.002600442075152776	0.015179991325719242	0.047212861555742766	0.07993707470549499	0.08929479265015615	0.10146521585418548	0.06778421981346106	0.03704132690882135	0.04783809829746225	0.0660048097675279	0.06745731683050106	0.07809798270893371	0.05810776193322517	0.051389744451288945	0.04233808888432721	0.04206933837940123	0.06736758579646895	0.06351186594459723	0.11144815189304573	0.10882228137175481	0.08364250817323586	0.04906905040751452	0.04276146316331788	0.03313953488372093	0.035775075987841944	0.04027055651839014	0.049058503079109424	0.042826855123674915	0.037496587082486425	0.031976166832174774	0.022261723379041816	0.013563425308048046	0.01122353256499598	7.949561403508772E-4	7.475238273219959E-4	5.36097212294496E-4	4.754508859234841E-4	1.5123690180404018E-4
	Total # checklists submitted - (Wilson's Snipe)	59897	41927	37441	52418	36194	52179	74398	41102	41678	48624	53837	76087	56976	54668	55076	76371	79340	86336	77825	81085	50254	48580	46844	53571	38972	29594	25205	35269	26703	25923	27223	41839	32997	32680	32900	41544	33776	35375	32963	45315	35442	32219	29848	36480	32106	27980	31549	46285
	
Birds Per Party Hour
	Wilson's Snipe	3.914440648253598	9.547076488252959	7.703806656388823	2.5483338374244044	6.7895338215500765	3.9875689019056346	2.579088164338716	10.212716117026972	4.178714859437751	2.7862514587679854	5.006004527807872	5.499252081362031	6.592345457744494	6.170971469566004	5.9036045554811025	5.107039038350886	4.036940624731699	2.9861206704898637	3.008929252479938	3.4769296750106236	4.4305515157622795	5.9722415016216335	6.619349093105793	6.523124945334895	6.396319760928812	6.216874022636701	6.397580581252768	2.3125252494346764	2.8785121729464804	2.2887152010922382	2.5805998780738686	2.3756191686249775	2.6551590219855634	2.87630749520709	3.341162786703664	3.3738825778552854	5.13182526419744	3.2572229319427586	2.6293508586315006	4.234842240517898	3.4013480183000335	3.8070346123526653	5.868231033820302	2.6510809658657797	3.2681841432376157	2.3019719874573914	1.7387862560453544	6.53471557682084
	# checklists reporting species - (Wilson's Snipe)	7	7	9	13	15	14	11	10	8	31	71	608	1131	1866	2231	3565	2856	1996	2289	3043	1889	1949	1651	1644	971	632	474	752	644	635	631	786	588	486	507	770	630	679	595	615	254	157	64	22	15	12	11	6
	
High Count
	Wilson's Snipe	2	1	2	1	2	3	2	2	2	6	15	21	42	45	48	60	43	16	24	25	30	26	16	15	20	35	35	38	70	97	47	48	44	45	45	20	60	37	50	80	50	36	40	5	8	3	2	1
	# checklists reporting species - (Wilson's Snipe)	7	9	12	13	16	16	13	10	8	39	95	683	1225	2074	2521	3888	3118	2207	2517	3400	2051	2094	1792	1828	1080	698	516	812	676	661	670	839	623	514	552	813	656	721	630	659	285	173	73	26	18	14	15	9
	
Totals
	Wilson's Snipe	9	9	14	13	17	24	14	11	12	54	182	1361	3191	5100	5568	8676	5886	3512	4017	5760	3605	4012	2923	2915	1770	1291	1761	2377	3081	2918	2433	2274	1608	1257	1419	1789	1847	1657	1510	1827	1002	535	416	43	35	19	17	9
	# checklists reporting species - (Wilson's Snipe)	7	9	12	13	16	15	13	10	8	38	90	671	1198	2003	2422	3755	3006	2095	2377	3181	1960	2012	1708	1713	1014	665	498	782	663	652	661	819	607	508	539	795	649	710	621	651	282	170	72	26	18	14	14	9
	
Average Count
	Wilson's Snipe	1.2857142857142858	1.0	1.1666666666666667	1.0	1.0625	1.6	1.0769230769230769	1.1	1.5	1.4210526315789473	2.022222222222222	2.0283159463487332	2.6636060100166943	2.54618072890664	2.2989265070189924	2.31051930758988	1.9580838323353293	1.6763723150357994	1.6899453092132941	1.8107513360578436	1.8392857142857142	1.9940357852882704	1.7113583138173303	1.7016929363689435	1.7455621301775148	1.9413533834586467	3.536144578313253	3.0396419437340154	4.647058823529412	4.475460122699387	3.680786686838124	2.7765567765567765	2.6490939044481054	2.4744094488188977	2.63265306122449	2.250314465408805	2.8459167950693374	2.3338028169014087	2.4315619967793882	2.806451612903226	3.5531914893617023	3.1470588235294117	5.777777777777778	1.6538461538461537	1.9444444444444444	1.3571428571428572	1.2142857142857142	1.0
	# checklists reporting species - (Wilson's Snipe)	7	9	12	13	16	15	13	10	8	38	90	671	1198	2003	2422	3755	3006	2095	2377	3181	1960	2012	1708	1713	1014	665	498	782	663	652	661	819	607	508	539	795	649	710	621	651	282	170	72	26	18	14	14	9
	
