

	Week starting on...	1/1	1/8	1/15	1/22	2/1	2/8	2/15	2/22	3/1	3/8	3/15	3/22	4/1	4/8	4/15	4/22	5/1	5/8	5/15	5/22	6/1	6/8	6/15	6/22	7/1	7/8	7/15	7/22	8/1	8/8	8/15	8/22	9/1	9/8	9/15	9/22	10/1	10/8	10/15	10/22	11/1	11/8	11/15	11/22	12/1	12/8	12/15	12/22
Frequency (%)
	Brown-headed Cowbird	1.514266156902683	1.576549717365898	1.6692930210197379	1.688351329695906	1.6107642150632702	1.512102569999425	1.4328342159735477	1.6495547661914263	1.708335332789481	2.936821322803554	4.8442520942846	8.16039533691695	13.628545352429091	19.596473256749835	22.41629747984603	25.83441358630894	28.815225611293165	28.857023721275016	26.905236106649532	21.80551273355121	16.81458192382696	15.345821325648416	14.031679617453676	13.150771872841649	11.39536077183619	10.154085287558289	8.149176750644713	5.71323258385551	4.407744448189342	4.227905720788489	3.805605554127025	2.746241544970004	1.7637967087917084	1.193390452876377	1.276595744680851	1.5621991141921818	1.6165324490762671	2.1992932862190813	1.9203349209719989	1.6683217477656405	1.467185824727724	1.142183183835625	1.0218440096488877	1.0279605263157896	1.074565501775369	1.311651179413867	1.9556879774319313	1.575024305930647
	Total # checklists submitted - (Brown-headed Cowbird)	59897	41927	37441	52418	36194	52179	74398	41102	41678	48624	53837	76087	56976	54668	55076	76371	79340	86336	77825	81085	50254	48580	46844	53571	38972	29594	25205	35269	26703	25923	27223	41839	32997	32680	32900	41544	33776	35375	32963	45315	35442	32219	29848	36480	32106	27980	31549	46285
	
Abundance
	Brown-headed Cowbird	0.8371704759837721	1.2803205571588714	0.7869180844528725	0.7652142393834179	0.44651047134884236	0.30976063167174533	0.2365520578510175	0.36433750182472874	0.3050770190508182	0.3950518262586377	0.3414380444675595	0.6314876391499205	0.737380651502387	1.0293407477866394	1.0604619071828019	1.2141126867528251	1.2588858079153011	1.1081588213491476	0.8908705428846772	0.6282173028303631	0.44436263779997615	0.3816797035817209	0.34313892921185213	0.3144238487241231	0.297700913476342	0.2851929445157802	0.26784368180916485	0.19867305565794324	0.1368011084896828	0.15245149095397909	0.1474488484002498	0.1276799158679701	0.12779949692396278	0.12790697674418605	0.14793313069908814	0.26295012516849603	0.32961274277593555	0.4121837455830389	0.4638230743560962	1.8641288756482401	0.5828395688730884	0.5557279865917626	1.0590324309836505	0.3840460526315789	0.7159409456176415	0.6722301644031451	1.9632001014295224	1.6898347196716
	Total # checklists submitted - (Brown-headed Cowbird)	59897	41927	37441	52418	36194	52179	74398	41102	41678	48624	53837	76087	56976	54668	55076	76371	79340	86336	77825	81085	50254	48580	46844	53571	38972	29594	25205	35269	26703	25923	27223	41839	32997	32680	32900	41544	33776	35375	32963	45315	35442	32219	29848	36480	32106	27980	31549	46285
	
Birds Per Party Hour
	Brown-headed Cowbird	134.9657974904489	210.06413139491576	153.10712456043143	128.6623133639654	115.02086735643068	67.6211446812881	36.27215950945719	75.89210121410242	37.32520022661714	37.27345800350395	13.106544585106679	12.39758263057662	7.427385090724778	7.5648623545938065	6.373483215175853	5.477196456463206	4.492178790107039	3.6359857848576675	3.0322827694297607	3.9823559262696797	5.714724644936107	6.650645254016976	7.091063569558933	7.465910065603957	6.551163333982684	5.930172366107569	4.611452555829405	5.024291510098982	5.539443466515125	5.864679455803387	6.4020325938625025	7.382184612842099	18.64590169771737	17.8465958100268	31.109022236848144	105.26044973755499	36.45111289633665	85.79547212639136	28.20836931447577	81.8708141833696	133.48103840660775	71.38086599723145	443.15727076018015	64.42575931369808	76.8762719121849	125.33567446271	76.3386503361645	459.7733334190573
	# checklists reporting species - (Brown-headed Cowbird)	902	666	622	896	604	805	1095	679	737	1420	2565	6149	7652	10404	11848	18948	21523	22912	19366	16834	8136	7223	6402	6819	4292	2905	1986	1912	1131	1025	1004	1086	574	379	410	621	520	737	596	715	506	363	308	371	349	364	604	726
	
High Count
	Brown-headed Cowbird	5000	8000	3000	4000	1600	1200	1000	2395	2500	1700	1500	2000	1530	1500	650	1450	350	200	250	300	100	56	60	60	51	170	300	250	500	500	160	100	500	300	385	2300	3000	2000	1220	32500	2500	5000	10000	5000	8000	10000	10000	10000
	# checklists reporting species - (Brown-headed Cowbird)	1026	743	683	967	666	850	1158	765	801	1558	2842	6698	8391	11465	13219	20937	24260	26528	22127	18764	8931	7869	6980	7421	4713	3193	2194	2159	1270	1167	1103	1227	647	443	470	717	608	834	676	814	564	410	342	417	390	413	671	809
	
Totals
	Brown-headed Cowbird	58901	56984	31966	43784	20257	17753	21025	16011	13706	20653	19958	50677	45109	60543	61455	96840	103954	99529	71888	53180	23263	19256	16798	17549	12147	9129	7508	7346	4379	4170	4232	5697	5084	5321	5186	12548	14404	15934	15729	87387	23856	23984	32143	15050	23754	24114	67014	82500
	# checklists reporting species - (Brown-headed Cowbird)	982	723	669	948	646	834	1133	741	777	1505	2692	6419	7972	10819	12379	19560	22108	23508	19868	17301	8394	7474	6626	7031	4443	3022	2085	2023	1192	1093	1047	1153	611	407	438	669	559	784	622	749	520	377	326	398	376	400	654	789
	
Average Count
	Brown-headed Cowbird	59.9806517311609	78.81604426002767	47.78176382660688	46.18565400843882	31.357585139318886	21.286570743405274	18.556928508384818	21.60728744939271	17.63963963963964	13.722923588039867	7.413818722139673	7.894843433556629	5.658429503261415	5.595988538681948	4.964455933435657	4.950920245398773	4.702098787769133	4.233835290114004	3.6182806523052142	3.0738107623836775	2.771384322134858	2.5763981803585763	2.535164503471174	2.495946522543024	2.7339635381498986	3.0208471211118466	3.600959232613909	3.6312407315867525	3.6736577181208054	3.815187557182068	4.042024832855779	4.941023417172593	8.320785597381342	13.073710073710073	11.840182648401827	18.756352765321374	25.767441860465116	20.323979591836736	25.287781350482316	116.67156208277703	45.87692307692308	63.61803713527851	98.59815950920246	37.814070351758794	63.17553191489362	60.285	102.46788990825688	104.56273764258555
	# checklists reporting species - (Brown-headed Cowbird)	982	723	669	948	646	834	1133	741	777	1505	2692	6419	7972	10819	12379	19560	22108	23508	19868	17301	8394	7474	6626	7031	4443	3022	2085	2023	1192	1093	1047	1153	611	407	438	669	559	784	622	749	520	377	326	398	376	400	654	789
	
