

	Week starting on...	1/1	1/8	1/15	1/22	2/1	2/8	2/15	2/22	3/1	3/8	3/15	3/22	4/1	4/8	4/15	4/22	5/1	5/8	5/15	5/22	6/1	6/8	6/15	6/22	7/1	7/8	7/15	7/22	8/1	8/8	8/15	8/22	9/1	9/8	9/15	9/22	10/1	10/8	10/15	10/22	11/1	11/8	11/15	11/22	12/1	12/8	12/15	12/22
Frequency (%)
	Chimney Swift	0.0	0.0	0.0	0.0	0.0	0.0	0.0	0.0	0.0	0.0	0.0	0.0	0.0017551249648975007	0.009146118387356406	0.08170527997675939	0.8524178025690381	4.3761028485001265	6.578947368421052	8.245422422100868	7.394709255719308	5.673180244358658	4.944421572663647	4.299376654427461	4.1421664706650985	4.226111054090116	5.288234101507062	5.982939892878397	6.733959000822252	7.77066247238138	7.356401651043474	6.825111119274144	5.215229809507876	3.7427644937418556	2.3531211750305996	1.2006079027355623	0.960427498555748	0.538844149692089	0.3166077738515901	0.15775263173861603	0.05516936996579499	0.0028215112013994697	0.0	0.0	0.0	0.0	0.0	0.0	0.0
	Total # checklists submitted - (Chimney Swift)	59897	41927	37441	52418	36194	52179	74398	41102	41678	48624	53837	76087	56976	54668	55076	76371	79340	86336	77825	81085	50254	48580	46844	53571	38972	29594	25205	35269	26703	25923	27223	41839	32997	32680	32900	41544	33776	35375	32963	45315	35442	32219	29848	36480	32106	27980	31549	46285
	
Abundance
	Chimney Swift	0.0	0.0	0.0	0.0	0.0	0.0	0.0	0.0	0.0	0.0	0.0	0.0	1.7551249648975007E-5	1.280456574229897E-4	0.0017430459728375335	0.03348129525605269	0.1938870683135871	0.3544987027427724	0.47902345004818503	0.44441018684096933	0.30180682134755443	0.18676410045286126	0.143625651097259	0.13344906759254074	0.134352868726265	0.18557815773467595	0.2472922039277921	0.2847543168221384	0.34134741414822306	0.4298499402075377	0.49898982478051646	0.4110518893855016	0.30248204382216565	0.277203182374541	0.1033434650455927	0.14281243982283845	0.059924206537186164	0.04457950530035336	0.009586506082577436	0.0016109456030012138	2.8215112013994695E-5	0.0	0.0	0.0	0.0	0.0	0.0	0.0
	Total # checklists submitted - (Chimney Swift)	59897	41927	37441	52418	36194	52179	74398	41102	41678	48624	53837	76087	56976	54668	55076	76371	79340	86336	77825	81085	50254	48580	46844	53571	38972	29594	25205	35269	26703	25923	27223	41839	32997	32680	32900	41544	33776	35375	32963	45315	35442	32219	29848	36480	32106	27980	31549	46285
	
Birds Per Party Hour
	Chimney Swift	0.0	0.0	0.0	0.0	0.0	0.0	0.0	0.0	0.0	0.0	0.0	0.0	0.856898029134533	0.9543515919022724	3.484775397887541	6.9476558533915975	7.223354300268812	9.613370117170588	10.78465774200313	13.945305079319592	11.163227055964867	11.280488566047364	9.098407732117082	10.12839655436726	9.192612540440539	7.741718585264337	12.98088634701597	9.90751228997791	10.009497913558555	12.999088586403218	12.822305662972411	14.361804211557015	13.7488527324726	15.70905635311148	18.067524450419405	17.298734386137706	10.819166722061562	6.869379927999434	2.3974627991009676	1.663207853326308	5.434782608695652	0.0	0.0	0.0	0.0	0.0	0.0	0.0
	# checklists reporting species - (Chimney Swift)	0.0	0.0	0.0	0.0	0.0	0.0	0.0	0.0	0.0	0.0	0.0	0.0	1	7	45	710	3563	5435	6486	6297	3158	2568	2211	2391	1783	1681	1640	2555	2187	2005	1898	2195	1233	797	405	403	199	121	53	27	1	0.0	0.0	0.0	0.0	0.0	0.0	0.0
	
High Count
	Chimney Swift	0.0	0.0	0.0	0.0	0.0	0.0	0.0	0.0	0.0	0.0	0.0	0.0	1	2	18	250	320	800	2302	920	656	250	146	193	56	108	265	210	170	366	422	645	887	716	345	614	255	206	34	24	1	0.0	0.0	0.0	0.0	0.0	0.0	0.0
	# checklists reporting species - (Chimney Swift)	0.0	0.0	0.0	0.0	0.0	0.0	0.0	0.0	0.0	0.0	0.0	0.0	1	9	60	830	4249	6635	7465	7214	3577	2961	2541	2763	2058	1931	1865	2917	2488	2248	2127	2453	1365	856	473	453	220	127	54	29	1	0.0	0.0	0.0	0.0	0.0	0.0	0.0
	
Totals
	Chimney Swift	0.0	0.0	0.0	0.0	0.0	0.0	0.0	0.0	0.0	0.0	0.0	0.0	1	12	122	3491	18813	37323	48495	44909	19021	10790	8167	9022	6594	6752	7804	13167	11924	13477	15696	21682	11849	9864	4364	6454	2214	1636	318	101	1	0.0	0.0	0.0	0.0	0.0	0.0	0.0
	# checklists reporting species - (Chimney Swift)	0.0	0.0	0.0	0.0	0.0	0.0	0.0	0.0	0.0	0.0	0.0	0.0	1	9	57	803	3978	5949	6902	6812	3410	2820	2441	2646	1967	1830	1801	2805	2392	2178	2040	2379	1309	837	460	430	217	125	54	28	1	0.0	0.0	0.0	0.0	0.0	0.0	0.0
	
Average Count
	Chimney Swift	0.0	0.0	0.0	0.0	0.0	0.0	0.0	0.0	0.0	0.0	0.0	0.0	1.0	1.3333333333333333	2.1403508771929824	4.347447073474471	4.729260935143288	6.273827534039334	7.026224282816575	6.592630651790957	5.578005865102639	3.826241134751773	3.345759934453093	3.4096749811035525	3.3523131672597866	3.689617486338798	4.333148250971682	4.694117647058824	4.98494983277592	6.1877869605142335	7.694117647058824	9.113913408995376	9.051948051948052	11.78494623655914	9.486956521739131	15.009302325581395	10.202764976958525	13.088	5.888888888888889	3.607142857142857	1.0	0.0	0.0	0.0	0.0	0.0	0.0	0.0
	# checklists reporting species - (Chimney Swift)	0.0	0.0	0.0	0.0	0.0	0.0	0.0	0.0	0.0	0.0	0.0	0.0	1	9	57	803	3978	5949	6902	6812	3410	2820	2441	2646	1967	1830	1801	2805	2392	2178	2040	2379	1309	837	460	430	217	125	54	28	1	0.0	0.0	0.0	0.0	0.0	0.0	0.0
	
