

	Week starting on...	1/1	1/8	1/15	1/22	2/1	2/8	2/15	2/22	3/1	3/8	3/15	3/22	4/1	4/8	4/15	4/22	5/1	5/8	5/15	5/22	6/1	6/8	6/15	6/22	7/1	7/8	7/15	7/22	8/1	8/8	8/15	8/22	9/1	9/8	9/15	9/22	10/1	10/8	10/15	10/22	11/1	11/8	11/15	11/22	12/1	12/8	12/15	12/22
Frequency (%)
	American Pipit	0.09349383107668163	0.11448469959691844	0.15758126118426324	0.10111030562020679	0.060783555285406424	0.02491423752850764	0.02285007661496277	0.04379348936791397	0.04798694755026633	0.0843205001645278	0.040864089752400766	0.03679997897144059	0.06844987363100252	0.06585205238896613	0.07444258842326967	0.16105589818124683	0.6226367532140157	0.905763528539659	0.6977192418888531	0.22568909169390144	0.03183826163091495	0.06587072869493618	0.05550337289727607	0.022400179201433612	0.03079133737041979	0.047306886531053596	0.011902400317397342	0.019847458107686636	0.01872448788525634	0.030860625699186052	0.040407008779341	0.13623652572958245	0.66066612116253	1.7197062423500613	3.565349544072948	6.747063354515694	6.747394599715774	6.272791519434628	5.627521766829475	4.4620986428334986	3.713108741041702	2.346441540705795	1.5846957920128653	0.8278508771929824	0.33015635706721486	0.22873481057898498	0.48812957621477704	0.11018688560008641
	Total # checklists submitted - (American Pipit)	59897	41927	37441	52418	36194	52179	74398	41102	41678	48624	53837	76087	56976	54668	55076	76371	79340	86336	77825	81085	50254	48580	46844	53571	38972	29594	25205	35269	26703	25923	27223	41839	32997	32680	32900	41544	33776	35375	32963	45315	35442	32219	29848	36480	32106	27980	31549	46285
	
Abundance
	American Pipit	0.002537689700652787	0.0020273332220287644	0.0034721294837210545	0.00133541913083292	7.183511079184395E-4	4.216255581747446E-4	2.9570687384069465E-4	0.001435453262614958	5.99836844378329E-4	0.0010694307337940111	6.686851050392852E-4	9.594280231839868E-4	0.005124964897500702	7.865661813126509E-4	0.0035768755900936885	0.005316154037527334	0.027035543231661206	0.043990919199406966	0.06059749437841311	0.021619288401060616	3.7807935686711504E-4	8.439687114038699E-4	6.617709845444454E-4	2.426686080155308E-4	3.592322693215642E-4	2.703250658917348E-4	1.1902400317397342E-4	2.2682809265927586E-4	1.8724487885256338E-4	4.629093854877908E-4	6.244719538625427E-4	0.011783264418365639	0.09664514955905082	0.2217564259485924	0.38246200607902736	0.819420373579819	0.7515691615348177	0.6772014134275618	0.5973060704426175	0.6294383758137482	0.5389086394672987	0.3235358018560477	0.13086303939962476	0.058826754385964915	0.017006167071575408	0.015046461758398856	0.02130019968937209	0.0045155017824349145
	Total # checklists submitted - (American Pipit)	59897	41927	37441	52418	36194	52179	74398	41102	41678	48624	53837	76087	56976	54668	55076	76371	79340	86336	77825	81085	50254	48580	46844	53571	38972	29594	25205	35269	26703	25923	27223	41839	32997	32680	32900	41544	33776	35375	32963	45315	35442	32219	29848	36480	32106	27980	31549	46285
	
Birds Per Party Hour
	American Pipit	4.257650359981128	1.938529469771177	11.994878486707115	2.901956543442609	0.8266018161472618	7.106241246498599	2.380558926833211	2.1502851440305806	0.8512489536320856	1.105354093364899	2.025662294767499	3.352348238772154	9.425402566319141	1.6336107087153429	6.6444336149131535	12.74599168570768	6.188949598810336	19.599802857537163	18.755960186192695	37.516991215230156	2.347584036585673	9.13279476650412	6.765143180749727	5.548133743766273	2.3405671098465315	6.086927625957535	0.09722222222222222	0.3878442450674192	5.085858585858586	13.160070900075864	0.5847302521654879	2.274347416464411	3.533012204494237	7.492896331983222	16.11882471189359	24.42172772756192	21.348151512568514	22.730718253599928	15.204349052312166	17.688714125090947	16.104315941169396	16.39292000706703	15.86298656896965	7.75689051170811	6.371134451212934	4.107555557745687	4.061282499845726	5.095593247245432
	# checklists reporting species - (American Pipit)	60	54	65	66	28	16	17	21	21	46	28	34	41	37	46	121	491	743	568	174	12	32	22	11	8	3	3	7	6	7	11	59	226	583	1245	2866	2293	2236	1904	2113	1358	801	504	319	121	82	162	58
	
High Count
	American Pipit	50	15	45	4	3	5	3	25	3	3	11	25	130	3	80	60	120	360	550	350	4	4	4	3	2	4	1	2	30	3	3	79	235	350	750	700	1000	500	360	1400	1990	880	800	120	120	120	51	36
	# checklists reporting species - (American Pipit)	70	61	69	68	32	19	19	22	22	48	28	44	53	43	48	142	591	931	645	215	18	37	27	14	14	14	3	7	6	9	13	70	271	655	1444	3188	2554	2483	2056	2283	1476	860	550	364	135	92	172	65
	
Totals
	American Pipit	234	115	154	87	36	32	24	65	28	59	42	103	318	51	238	426	2645	4281	6130	2390	24	47	33	14	15	8	3	8	35	12	18	517	3393	7958	16544	38250	29506	27737	22286	32858	23763	12457	5931	2668	837	743	742	263
	# checklists reporting species - (American Pipit)	68	61	69	68	32	19	19	21	22	48	28	43	53	41	48	131	549	824	611	203	13	35	23	11	13	4	3	7	6	8	12	69	262	629	1383	3080	2459	2409	2017	2243	1435	844	543	361	135	92	170	65
	
Average Count
	American Pipit	3.4411764705882355	1.8852459016393444	2.2318840579710146	1.2794117647058822	1.125	1.6842105263157894	1.263157894736842	3.0952380952380953	1.2727272727272727	1.2291666666666667	1.5	2.395348837209302	6.0	1.2439024390243902	4.958333333333333	3.2519083969465647	4.817850637522769	5.195388349514563	10.032733224222586	11.773399014778326	1.8461538461538463	1.3428571428571427	1.434782608695652	1.2727272727272727	1.1538461538461537	2.0	1.0	1.1428571428571428	5.833333333333333	1.5	1.5	7.492753623188406	12.950381679389313	12.651828298887123	11.96240057845264	12.418831168831169	11.999186661244408	11.513906185139062	11.049082796232028	14.64913062862238	16.559581881533102	14.759478672985782	10.922651933701658	7.390581717451523	6.2	8.076086956521738	4.364705882352941	4.046153846153846
	# checklists reporting species - (American Pipit)	68	61	69	68	32	19	19	21	22	48	28	43	53	41	48	131	549	824	611	203	13	35	23	11	13	4	3	7	6	8	12	69	262	629	1383	3080	2459	2409	2017	2243	1435	844	543	361	135	92	170	65
	
