

	Week starting on...	1/1	1/8	1/15	1/22	2/1	2/8	2/15	2/22	3/1	3/8	3/15	3/22	4/1	4/8	4/15	4/22	5/1	5/8	5/15	5/22	6/1	6/8	6/15	6/22	7/1	7/8	7/15	7/22	8/1	8/8	8/15	8/22	9/1	9/8	9/15	9/22	10/1	10/8	10/15	10/22	11/1	11/8	11/15	11/22	12/1	12/8	12/15	12/22
Frequency (%)
	Indigo Bunting	0.005008598093393659	0.0	0.005341737667263161	0.0076309664619024	0.002762888876609383	0.0	0.005376488615285357	0.0	0.0	0.0	0.0	0.0	0.0	0.0018292236774712814	0.010894037330234585	0.11391758651844287	1.5288631207461556	5.6152705707931805	10.843559267587537	11.592773015970895	10.992159828073387	11.00247015232606	10.609683203825464	10.610218215079053	10.574258441958328	9.995269311346895	10.450307478674867	8.982392469307324	7.617121671722278	5.1691548046136635	3.4786761194578117	1.9312125050789934	1.4001272842985726	1.1780905752753978	1.0	1.0952243404583093	0.6217432496447182	0.2431095406360424	0.08494372478233171	0.026481297583581597	0.008464533604198408	0.0	0.003350308228357009	0.0027412280701754384	0.009344047841524948	0.007147962830593281	0.006339345145646455	0.006481581505887436
	Total # checklists submitted - (Indigo Bunting)	59897	41927	37441	52418	36194	52179	74398	41102	41678	48624	53837	76087	56976	54668	55076	76371	79340	86336	77825	81085	50254	48580	46844	53571	38972	29594	25205	35269	26703	25923	27223	41839	32997	32680	32900	41544	33776	35375	32963	45315	35442	32219	29848	36480	32106	27980	31549	46285
	
Abundance
	Indigo Bunting	5.008598093393659E-5	0.0	5.341737667263161E-5	7.6309664619024E-5	2.762888876609383E-5	0.0	5.376488615285357E-5	0.0	0.0	0.0	0.0	0.0	0.0	1.8292236774712813E-5	1.0894037330234585E-4	0.002370009558602087	0.03413158558104361	0.15797581541882877	0.24024413748795373	0.24799901338101993	0.2158833127711227	0.21000411692054344	0.18706771411493467	0.18075077933956804	0.1928820691778713	0.18230046631073865	0.1857964689545725	0.1566531514928124	0.13331835374302514	0.08995872391312734	0.062300260808874845	0.034776165778340785	0.024062793587295815	0.022613219094247246	0.017142857142857144	0.0170421721548238	0.010836096636665087	0.0034487632508833923	9.404483815186724E-4	2.64812975835816E-4	8.464533604198409E-5	0.0	3.350308228357009E-5	2.7412280701754386E-5	9.344047841524949E-5	7.14796283059328E-5	6.339345145646455E-5	6.481581505887436E-5
	Total # checklists submitted - (Indigo Bunting)	59897	41927	37441	52418	36194	52179	74398	41102	41678	48624	53837	76087	56976	54668	55076	76371	79340	86336	77825	81085	50254	48580	46844	53571	38972	29594	25205	35269	26703	25923	27223	41839	32997	32680	32900	41544	33776	35375	32963	45315	35442	32219	29848	36480	32106	27980	31549	46285
	
Birds Per Party Hour
	Indigo Bunting	2.3370558739425715	0.0	22.61420171867933	8.909090909090908	30.303030303030305	0.0	0.17455814493614408	0.0	0.0	0.0	0.0	0.0	0.0	5.9880239520958085	4.894925009418913	1.529227102976271	1.596685161144419	2.003966274087848	1.9820510106476128	2.793448369929546	3.8970718705159513	4.867809031871071	5.078560964204251	5.478887703714774	4.584540212086998	3.7375941782993425	3.016552307590905	2.6919982005978675	2.6987238359228343	2.3377694013430745	1.8529378061902104	1.5663541375346313	1.5355187782417856	2.4125048607190007	1.6823085312200536	1.4558273582955452	1.3811386239157477	0.9256264423120449	0.6277935689501366	1.7686157108303677	3.5015015015015014	0.3333333333333333	0.6818181818181818	0.4027386226339106	1.8467529955780608	1.059547290316521	1.05	1.8748125937031483
	# checklists reporting species - (Indigo Bunting)	3	0.0	2	4	1	0.0	4	0.0	0.0	0.0	0.0	0.0	0.0	1	6	93	1200	4596	8521	9651	5612	5388	4992	5675	4218	2995	2650	3209	2057	1394	956	826	472	404	337	468	217	95	26	15	2	1	2	1	3	3	4	4
	
High Count
	Indigo Bunting	1	0.0	1	1	1	0.0	1	0.0	0.0	0.0	0.0	0.0	0.0	1	1	42	60	1000	286	140	45	35	30	23	25	32	18	25	14	12	14	17	7	13	16	15	30	7	4	1	1	1	1	1	1	1	1	1
	# checklists reporting species - (Indigo Bunting)	3	0.0	2	4	1	0.0	4	0.0	0.0	0.0	0.0	0.0	0.0	1	7	103	1405	5705	9564	10572	6166	5916	5511	6496	4732	3329	2889	3465	2202	1481	1018	876	501	438	369	509	232	104	33	19	4	1	2	1	3	3	4	4
	
Totals
	Indigo Bunting	3	0.0	2	4	1	0.0	4	0.0	0.0	0.0	0.0	0.0	0.0	1	7	197	2993	15140	20344	21658	11628	10902	9376	10567	8237	5836	5046	5898	3767	2531	1787	1584	867	828	619	782	413	145	36	19	4	1	2	1	3	3	4	4
	# checklists reporting species - (Indigo Bunting)	3	0.0	2	4	1	0.0	4	0.0	0.0	0.0	0.0	0.0	0.0	1	7	103	1281	4970	8875	10049	5937	5717	5276	6192	4566	3197	2766	3323	2127	1436	985	855	492	431	361	501	229	103	33	19	4	1	2	1	3	3	4	4
	
Average Count
	Indigo Bunting	1.0	0.0	1.0	1.0	1.0	0.0	1.0	0.0	0.0	0.0	0.0	0.0	0.0	1.0	1.0	1.912621359223301	2.336455893832943	3.046277665995976	2.292281690140845	2.1552393272962482	1.9585649317837293	1.9069442015042855	1.77710386656558	1.7065568475452197	1.8039859833552343	1.8254613700344073	1.824295010845987	1.7749021968101113	1.77103902209685	1.7625348189415042	1.814213197969543	1.8526315789473684	1.7621951219512195	1.9211136890951277	1.7146814404432134	1.560878243512974	1.8034934497816595	1.4077669902912622	1.0909090909090908	1.0	1.0	1.0	1.0	1.0	1.0	1.0	1.0	1.0
	# checklists reporting species - (Indigo Bunting)	3	0.0	2	4	1	0.0	4	0.0	0.0	0.0	0.0	0.0	0.0	1	7	103	1281	4970	8875	10049	5937	5717	5276	6192	4566	3197	2766	3323	2127	1436	985	855	492	431	361	501	229	103	33	19	4	1	2	1	3	3	4	4
	
