

	Week starting on...	1/1	1/8	1/15	1/22	2/1	2/8	2/15	2/22	3/1	3/8	3/15	3/22	4/1	4/8	4/15	4/22	5/1	5/8	5/15	5/22	6/1	6/8	6/15	6/22	7/1	7/8	7/15	7/22	8/1	8/8	8/15	8/22	9/1	9/8	9/15	9/22	10/1	10/8	10/15	10/22	11/1	11/8	11/15	11/22	12/1	12/8	12/15	12/22
Frequency (%)
	Parasitic Jaeger	0.0	0.0	0.0	0.0	0.0	0.0	0.0	0.0	0.0	0.0	0.0	0.0	0.0	0.0018292236774712814	0.0	0.0013093975461889984	0.0	0.0034747961452928095	0.00128493414712496	0.00739964235061972	0.009949456759660922	0.06381226842321944	0.07044658867731193	0.04853372160310616	0.020527558246946527	0.02027437994188011	0.003967466772465781	0.005670702316481897	0.011234692731153803	0.03857578212398256	0.014693457737942181	0.1983795023781639	0.345485953268479	0.7405140758873929	0.46200607902735563	0.5993645291738879	0.25757934628138324	0.21766784452296822	0.23056153869490031	0.24274522784949798	0.138254048868574	0.06828269033799932	0.0368533905119271	0.008223684210526315	0.0	0.0	0.0	0.0
	Total # checklists submitted - (Parasitic Jaeger)	59897	41927	37441	52418	36194	52179	74398	41102	41678	48624	53837	76087	56976	54668	55076	76371	79340	86336	77825	81085	50254	48580	46844	53571	38972	29594	25205	35269	26703	25923	27223	41839	32997	32680	32900	41544	33776	35375	32963	45315	35442	32219	29848	36480	32106	27980	31549	46285
	
Abundance
	Parasitic Jaeger	0.0	0.0	0.0	0.0	0.0	0.0	0.0	0.0	0.0	0.0	0.0	0.0	0.0	1.8292236774712813E-5	0.0	1.3093975461889984E-5	0.0	3.4747961452928094E-5	1.2849341471249599E-5	7.39964235061972E-5	7.959565407728738E-5	0.0010292301358583778	0.0011100674579455213	0.0010826753280692913	4.362106127476137E-4	2.0274379941880111E-4	7.934933544931561E-5	5.6707023164818965E-5	1.1234692731153803E-4	4.629093854877908E-4	1.4693457737942182E-4	0.004995339276751357	0.009031124041579538	0.015514075887392901	0.008297872340425531	0.01569420373579819	0.004174561819043108	0.004381625441696113	0.0037617935260746897	0.004347346353304645	0.001749336944867671	6.828269033799932E-4	6.365585633878317E-4	8.223684210526316E-5	0.0	0.0	0.0	0.0
	Total # checklists submitted - (Parasitic Jaeger)	59897	41927	37441	52418	36194	52179	74398	41102	41678	48624	53837	76087	56976	54668	55076	76371	79340	86336	77825	81085	50254	48580	46844	53571	38972	29594	25205	35269	26703	25923	27223	41839	32997	32680	32900	41544	33776	35375	32963	45315	35442	32219	29848	36480	32106	27980	31549	46285
	
Birds Per Party Hour
	Parasitic Jaeger	0.0	0.0	0.0	0.0	0.0	0.0	0.0	0.0	0.0	0.0	0.0	0.0	0.0	1.3333333333333333	0.0	0.0	0.06666666666666667	0.07777777777777778	0.21052631578947367	0.5482390141019943	0.3775865066944879	3.217696126854144	2.4618898294545897	2.7652242038131085	0.17876984126984127	0.12857142857142856	0.25	0.03333333333333333	0.10500610500610501	0.11812278161926713	0.11210084033613445	1.3385202888199164	1.238980833398305	1.2319029792512168	1.8519787648399966	1.8482435355065086	1.06139538777194	1.0913315135960104	0.8914471349344728	0.775473492134208	0.6712534718368721	0.8780031497078358	0.7498360552285148	2.1576047904191618	0.0	0.0	0.0	0.0
	# checklists reporting species - (Parasitic Jaeger)	0.0	0.0	0.0	0.0	0.0	0.0	0.0	0.0	0.0	0.0	0.0	0.0	0.0	1	0.0	0	1	4	1	7	3	32	37	29	8	5	1	5	3	9	5	93	143	278	189	298	114	91	89	122	57	31	17	5	1	0.0	0.0	0.0
	
High Count
	Parasitic Jaeger	0.0	0.0	0.0	0.0	0.0	0.0	0.0	0.0	0.0	0.0	0.0	0.0	0.0	1	0.0	1	1	1	1	1	2	4	4	5	7	1	2	3	2	2	1	8	35	50	9	15	8	7	6	10	3	1	6	2	1	0.0	0.0	0.0
	# checklists reporting species - (Parasitic Jaeger)	0.0	0.0	0.0	0.0	0.0	0.0	0.0	0.0	0.0	0.0	0.0	0.0	0.0	1	0.0	1	1	4	1	7	5	32	39	29	8	6	2	5	4	10	9	122	195	317	228	334	127	104	100	139	62	34	24	5	1	0.0	0.0	0.0
	
Totals
	Parasitic Jaeger	0.0	0.0	0.0	0.0	0.0	0.0	0.0	0.0	0.0	0.0	0.0	0.0	0.0	1	0.0	1	1	4	1	7	4	51	61	63	17	6	3	8	5	12	9	285	501	735	404	861	209	207	166	249	77	34	39	6	1	0.0	0.0	0.0
	# checklists reporting species - (Parasitic Jaeger)	0.0	0.0	0.0	0.0	0.0	0.0	0.0	0.0	0.0	0.0	0.0	0.0	0.0	1	0.0	1	1	4	1	7	3	32	38	29	8	6	2	5	4	10	9	121	188	313	224	331	126	104	100	137	61	34	24	5	1	0.0	0.0	0.0
	
Average Count
	Parasitic Jaeger	0.0	0.0	0.0	0.0	0.0	0.0	0.0	0.0	0.0	0.0	0.0	0.0	0.0	1.0	0.0	1.0	1.0	1.0	1.0	1.0	1.3333333333333333	1.59375	1.605263157894737	2.1724137931034484	2.125	1.0	1.5	1.6	1.25	1.2	1.0	2.355371900826446	2.6648936170212765	2.3482428115015974	1.8035714285714286	2.6012084592145017	1.6587301587301588	1.9903846153846154	1.66	1.8175182481751824	1.2622950819672132	1.0	1.625	1.2	1.0	0.0	0.0	0.0
	# checklists reporting species - (Parasitic Jaeger)	0.0	0.0	0.0	0.0	0.0	0.0	0.0	0.0	0.0	0.0	0.0	0.0	0.0	1	0.0	1	1	4	1	7	3	32	38	29	8	6	2	5	4	10	9	121	188	313	224	331	126	104	100	137	61	34	24	5	1	0.0	0.0	0.0
	
