

	Week starting on...	1/1	1/8	1/15	1/22	2/1	2/8	2/15	2/22	3/1	3/8	3/15	3/22	4/1	4/8	4/15	4/22	5/1	5/8	5/15	5/22	6/1	6/8	6/15	6/22	7/1	7/8	7/15	7/22	8/1	8/8	8/15	8/22	9/1	9/8	9/15	9/22	10/1	10/8	10/15	10/22	11/1	11/8	11/15	11/22	12/1	12/8	12/15	12/22
Frequency (%)
	Hairy Woodpecker	16.623537071973555	17.077301023207003	18.132528511524796	18.560418176962113	18.572139028568273	20.320435424212807	20.39167719562354	16.154931633497153	16.070828734584193	14.359164198749589	13.578022549547708	13.06399253486141	13.121314237573714	13.523450647545182	13.457767448616456	13.380733524505375	13.16486009579027	13.109247590808007	13.604882749759076	11.409015230930505	9.686791101205875	9.2754219843557	8.600888053966356	8.246999309327808	8.932053782202606	8.87679935121984	9.379091450109104	9.807479656355438	10.972549900760214	10.943949388573854	12.169856371450612	12.548101054040488	13.516380276994877	13.19155446756426	14.191489361702128	13.850375505488158	14.282330648981526	14.778798586572439	14.309983921366381	15.295156129317004	15.873822019073417	16.17989385145411	15.920664701152507	16.376096491228072	15.891110695820096	18.098641887062186	21.08783162699293	20.142594793129522
	Total # checklists submitted - (Hairy Woodpecker)	59897	41927	37441	52418	36194	52179	74398	41102	41678	48624	53837	76087	56976	54668	55076	76371	79340	86336	77825	81085	50254	48580	46844	53571	38972	29594	25205	35269	26703	25923	27223	41839	32997	32680	32900	41544	33776	35375	32963	45315	35442	32219	29848	36480	32106	27980	31549	46285
	
Abundance
	Hairy Woodpecker	0.25620648780406363	0.25649342905526273	0.27512619855238907	0.2807051013010798	0.2845775542907664	0.31566338948619177	0.32129895964945293	0.23935574911196536	0.24276596765679734	0.2132691674893057	0.1965005479502944	0.18756160710765307	0.18551670878966584	0.18851979220019024	0.1873955988089186	0.179243430097812	0.1722964456768339	0.16895617123795403	0.17364600064246707	0.14756120120860824	0.1313527281410435	0.13209139563606423	0.12204337802066434	0.11859028205558977	0.12940059529918915	0.12532945867405554	0.12648284070620908	0.1312200516033911	0.14432835261955584	0.14057015005979245	0.1612974323182603	0.16212146561820312	0.1774403733672758	0.1711138310893513	0.18534954407294832	0.18005006739842094	0.18909876835622927	0.18869257950530036	0.1886357431059066	0.20591415646033323	0.21265729924947802	0.22092554082994506	0.21894264272313052	0.22946820175438595	0.22597022363421168	0.2767691208005718	0.3707566008431329	0.3228907853516258
	Total # checklists submitted - (Hairy Woodpecker)	59897	41927	37441	52418	36194	52179	74398	41102	41678	48624	53837	76087	56976	54668	55076	76371	79340	86336	77825	81085	50254	48580	46844	53571	38972	29594	25205	35269	26703	25923	27223	41839	32997	32680	32900	41544	33776	35375	32963	45315	35442	32219	29848	36480	32106	27980	31549	46285
	
Birds Per Party Hour
	Hairy Woodpecker	2.883812819411975	2.804628527113249	2.9173215235842442	2.739792147495467	2.896832716812576	2.913329933054253	2.5813708379730684	2.785254497393264	2.669747140456892	2.570037845251305	2.409244700814795	2.412111226097141	2.1865695291106992	2.037360812494776	2.0059247554662916	1.7886091380847804	1.6390335807138903	1.5422858143409552	1.3937710403073627	1.797517501125306	2.6447905106100547	2.9513271334777067	3.262149601002979	3.540374993657741	3.1648300870596424	2.505424521090075	1.6848347623126252	1.767785598661917	1.549021678454708	1.5789862159485664	1.533018286946448	1.4821502390105505	1.4063601363425313	1.421854491916245	1.5165086041355744	1.5453474805967526	1.6368880936693118	1.5990268523163205	1.8154582839074431	1.909622514549007	1.8898810842936413	2.1291615461975053	2.3438941421469854	2.418156032281783	2.471633098496138	2.488441309939964	2.3235305853112114	2.4409779533112945
	# checklists reporting species - (Hairy Woodpecker)	10038	7164	6774	9741	6695	10723	15322	6657	6747	6969	7325	10018	7540	7460	7483	10298	10582	11412	10719	9345	4916	4533	4053	4460	3505	2647	2386	3523	2951	2885	3356	5292	4516	4375	4732	5873	4884	5297	4795	7061	5673	5249	4752	5969	5123	5028	6604	9325
	
High Count
	Hairy Woodpecker	21	11	10	14	11	14	24	21	14	12	15	12	11	11	21	20	12	15	22	8	10	12	10	9	10	12	8	8	11	8	22	11	21	8	8	15	13	7	11	21	13	11	8	15	8	24	82	17
	# checklists reporting species - (Hairy Woodpecker)	10760	7642	7256	10360	7149	11193	15833	7069	7123	7406	7781	10613	7993	7956	7964	10892	11182	12116	11320	10000	5279	4841	4413	4884	3854	2829	2547	3764	3167	3096	3574	5644	4774	4618	4992	6193	5170	5638	5071	7456	6052	5614	5097	6393	5494	5403	7046	9934
	
Totals
	Hairy Woodpecker	16337	11388	10913	15560	10880	17245	24768	10368	10673	10887	11175	15118	11234	10991	10981	14517	14484	15467	14310	12791	7062	6787	6135	6915	5462	3939	3380	4954	4100	3920	4661	7207	6191	5933	6448	7980	6761	7116	6616	9952	8022	7582	6964	8889	7735	8202	12319	15831
	# checklists reporting species - (Hairy Woodpecker)	10493	7485	7101	10155	7005	11016	15664	6926	7018	7262	7632	10431	7852	7781	7773	10642	10886	11689	10975	9670	5119	4698	4276	4708	3719	2751	2457	3661	3072	3006	3483	5490	4658	4518	4864	6055	5070	5512	4980	7337	5957	5525	5022	6271	5399	5306	6941	9754
	
Average Count
	Hairy Woodpecker	1.5569427237205755	1.5214428857715432	1.5368257991832137	1.5322501230920729	1.5531763026409708	1.5654502541757445	1.5812053115423903	1.4969679468668784	1.5208036477628954	1.499173781327458	1.4642295597484276	1.4493337168056755	1.4307182883341825	1.4125433748875467	1.4127106651228611	1.3641232850967864	1.3305162594157633	1.3232098554196252	1.303872437357631	1.3227507755946226	1.3795663215471772	1.4446573009791401	1.4347521047708138	1.4687765505522514	1.468674374831944	1.4318429661941112	1.3756613756613756	1.3531821906582902	1.3346354166666667	1.3040585495675316	1.3382141831754235	1.3127504553734062	1.3291112065264061	1.3131916777335104	1.325657894736842	1.3179190751445087	1.3335305719921104	1.29100145137881	1.3285140562248996	1.3564127027395394	1.3466509988249118	1.3723076923076922	1.3866985264834728	1.4174772763514591	1.4326727171698463	1.5457972107048623	1.774816308889209	1.6230264506868977
	# checklists reporting species - (Hairy Woodpecker)	10493	7485	7101	10155	7005	11016	15664	6926	7018	7262	7632	10431	7852	7781	7773	10642	10886	11689	10975	9670	5119	4698	4276	4708	3719	2751	2457	3661	3072	3006	3483	5490	4658	4518	4864	6055	5070	5512	4980	7337	5957	5525	5022	6271	5399	5306	6941	9754
	
