

	Week starting on...	1/1	1/8	1/15	1/22	2/1	2/8	2/15	2/22	3/1	3/8	3/15	3/22	4/1	4/8	4/15	4/22	5/1	5/8	5/15	5/22	6/1	6/8	6/15	6/22	7/1	7/8	7/15	7/22	8/1	8/8	8/15	8/22	9/1	9/8	9/15	9/22	10/1	10/8	10/15	10/22	11/1	11/8	11/15	11/22	12/1	12/8	12/15	12/22
Frequency (%)
	Hooded Merganser	4.870026879476434	4.185846829012331	3.202371731524265	3.191651722690679	2.9120848759462894	2.240364897755802	1.78633834242856	3.381830567855579	4.493977638082441	8.22844685751892	10.559652283745379	11.802278970126302	11.801460263970794	9.541230701690202	7.791052364006101	5.798012334524885	3.4534913032518273	2.343170867309118	2.1920976549951816	2.2642905592896345	2.071476897361404	1.9555372581309178	1.5071300486721886	1.5381456384984413	1.552396592425331	1.8855173345948502	2.6780400714144017	3.2776659389265363	4.04823428079242	4.073602592292558	4.385997134775741	4.0608045125361505	4.145831439221748	3.9351285189718483	3.984802431610942	3.9668784902753704	4.032449076267172	4.5908127208480565	7.208081788672148	9.961381441023944	13.02127419445855	13.777584655017225	12.677566336102922	11.165021929824562	10.107145081916153	7.644746247319515	6.047735268946718	4.662417629901696
	Total # checklists submitted - (Hooded Merganser)	59897	41927	37441	52418	36194	52179	74398	41102	41678	48624	53837	76087	56976	54668	55076	76371	79340	86336	77825	81085	50254	48580	46844	53571	38972	29594	25205	35269	26703	25923	27223	41839	32997	32680	32900	41544	33776	35375	32963	45315	35442	32219	29848	36480	32106	27980	31549	46285
	
Abundance
	Hooded Merganser	0.29452226321852515	0.23278555584706753	0.17363318287438903	0.15095959403258422	0.12499309277780847	0.08938461833304587	0.06598295653108954	0.13614909250158144	0.2118383799606507	0.5359904573872984	0.8021435072533759	0.7210824450957457	0.681234203875316	0.4409892441647765	0.30000363134577673	0.19038640321588038	0.08916057474161836	0.05564306893995552	0.04690009637006103	0.04774002589874823	0.051299399052811716	0.04944421572663647	0.04216121595081547	0.045323029250900676	0.04605870881658627	0.05707237953639251	0.0785161674270978	0.09572145510221441	0.11815151855596749	0.12027928866257763	0.13253498879623848	0.1386505413609312	0.14067945570809468	0.14011627906976745	0.1472340425531915	0.13510976314269207	0.15946234012316438	0.22674204946996465	0.4889118102114492	1.0124020743683106	1.6625190452006093	1.8815605698500883	1.9996314660948806	1.5498355263157895	1.1987478975892356	0.8457112223016441	0.5631874227392311	0.3289186561521011
	Total # checklists submitted - (Hooded Merganser)	59897	41927	37441	52418	36194	52179	74398	41102	41678	48624	53837	76087	56976	54668	55076	76371	79340	86336	77825	81085	50254	48580	46844	53571	38972	29594	25205	35269	26703	25923	27223	41839	32997	32680	32900	41544	33776	35375	32963	45315	35442	32219	29848	36480	32106	27980	31549	46285
	
Birds Per Party Hour
	Hooded Merganser	17.495460901456855	15.337795416206799	16.417603239189248	12.688362610468015	9.038277309049874	9.959792283911943	9.147477872512711	12.39833677567048	15.436414264473603	21.043875791118513	22.84073292721679	19.73654435082768	17.794468845505545	12.957870760861837	9.600060071134596	7.377567386644916	4.64334833977465	3.708770925593393	3.129406730909749	3.4378071842841518	4.972205270972633	4.492150392632636	4.723161509933473	5.8685494466291495	4.7629609485111075	5.246369306403321	4.218146144327883	3.6830045677481555	3.552493655561064	4.087252608528386	4.247263675082221	5.254197551803883	4.159526843847235	5.393273808216671	5.381351963291367	4.536048752328934	6.109602773997864	7.878763992714835	12.250112289603422	18.737230798194236	26.19627859822191	28.432686103795742	40.359041174077596	33.30250044940306	29.650985148669367	27.430438678126414	17.66167143165289	14.183429221242752
	# checklists reporting species - (Hooded Merganser)	2908	1772	1178	1675	1044	1166	1340	1418	1911	4074	5803	9184	6833	5261	4345	4576	2803	2098	1763	1875	1098	982	738	843	602	581	702	1193	1108	1097	1227	1767	1416	1298	1326	1672	1381	1644	2439	4655	4705	4443	3801	4115	3261	2142	1902	2203
	
High Count
	Hooded Merganser	100	100	120	155	105	98	85	70	62	120	152	152	333	300	120	61	60	83	26	25	39	30	30	24	18	38	25	21	60	30	32	95	50	59	90	50	40	185	250	368	500	540	1000	560	600	330	229	186
	# checklists reporting species - (Hooded Merganser)	3162	1887	1284	1813	1134	1249	1418	1522	2021	4322	6174	9841	7393	5758	4705	4845	2991	2235	1887	2029	1177	1062	825	935	671	637	755	1278	1171	1149	1302	1871	1490	1386	1420	1774	1465	1750	2600	4963	5025	4788	4104	4415	3525	2295	2036	2345
	
Totals
	Hooded Merganser	18489	10401	6743	8305	4811	4915	5157	5968	9314	27541	45554	58985	41908	25971	17898	15596	7601	5206	3983	4293	2848	2660	2257	2663	1926	1908	2178	3719	3419	3419	3930	6291	4975	4824	5235	6036	5650	8488	17306	49045	63625	64516	64322	60108	40773	24771	18581	16433
	# checklists reporting species - (Hooded Merganser)	2995	1826	1225	1741	1080	1202	1377	1481	1975	4231	6020	9591	7177	5564	4550	4731	2898	2164	1820	1958	1146	1040	796	905	646	620	733	1253	1151	1131	1273	1837	1460	1345	1379	1731	1428	1702	2517	4813	4844	4585	3928	4247	3363	2199	1970	2275
	
Average Count
	Hooded Merganser	6.173288814691152	5.696056955093099	5.504489795918367	4.7702469844916715	4.45462962962963	4.089018302828619	3.7450980392156863	4.029709655638082	4.715949367088608	6.509335854407942	7.567109634551495	6.1500364925450945	5.839208582973387	4.667685118619698	3.9336263736263737	3.296554639611076	2.6228433402346445	2.4057301293900184	2.1884615384615387	2.192543411644535	2.4851657940663174	2.5576923076923075	2.8354271356783918	2.9425414364640883	2.981424148606811	3.07741935483871	2.971350613915416	2.968076616121309	2.9704604691572545	3.0229885057471266	3.087195600942655	3.4246053347849754	3.4075342465753424	3.5866171003717473	3.7962291515591007	3.487001733102253	3.9565826330532214	4.987074030552291	6.875645609853	10.190110118429255	13.134805945499586	14.071101417666304	16.375254582484725	14.153049211207911	12.123996431757359	11.264665757162346	9.431979695431473	7.223296703296703
	# checklists reporting species - (Hooded Merganser)	2995	1826	1225	1741	1080	1202	1377	1481	1975	4231	6020	9591	7177	5564	4550	4731	2898	2164	1820	1958	1146	1040	796	905	646	620	733	1253	1151	1131	1273	1837	1460	1345	1379	1731	1428	1702	2517	4813	4844	4585	3928	4247	3363	2199	1970	2275
	
