

	Week starting on...	1/1	1/8	1/15	1/22	2/1	2/8	2/15	2/22	3/1	3/8	3/15	3/22	4/1	4/8	4/15	4/22	5/1	5/8	5/15	5/22	6/1	6/8	6/15	6/22	7/1	7/8	7/15	7/22	8/1	8/8	8/15	8/22	9/1	9/8	9/15	9/22	10/1	10/8	10/15	10/22	11/1	11/8	11/15	11/22	12/1	12/8	12/15	12/22
Frequency (%)
	Wood Duck	0.5843364442292602	0.6296658477830515	0.72647632274779	0.629554733106948	0.693485108028955	0.47528699285153025	0.34006290491679886	0.9293951632523966	1.2260665099093047	3.0088022375781507	4.6993703215260885	7.162853049798256	10.088458298230835	11.661300943879418	11.972547025927808	12.719487763679933	12.070834383665238	11.59655300222387	10.912945711532283	9.138558303015355	7.364587893501015	6.000411692054343	5.516181367944668	5.361109555543111	5.737452530021554	7.579239034939516	9.640944257091846	11.650457909212056	13.05845785117777	14.408054623307487	15.365683429453036	15.516623246253495	16.643937327635847	14.79498164014688	14.4741641337386	13.648180242634314	11.77167219327333	10.286925795053003	9.016169644753209	6.558534701533708	3.9642232379662543	2.529563301157702	1.1089520235861698	0.6798245614035088	0.6073631096991217	0.5932809149392423	0.6466132048559384	0.4364264880630874
	Total # checklists submitted - (Wood Duck)	59897	41927	37441	52418	36194	52179	74398	41102	41678	48624	53837	76087	56976	54668	55076	76371	79340	86336	77825	81085	50254	48580	46844	53571	38972	29594	25205	35269	26703	25923	27223	41839	32997	32680	32900	41544	33776	35375	32963	45315	35442	32219	29848	36480	32106	27980	31549	46285
	
Abundance
	Wood Duck	0.010902048516620197	0.01099530135712071	0.012740044336422639	0.010511656301270557	0.011576504392993315	0.008604994346384561	0.0057528428183553325	0.017225439151379494	0.03359086328518643	0.12002303389272787	0.20064268068428776	0.3342489518577418	0.47425231676495366	0.5006036438135655	0.4606725252378531	0.47215566118029095	0.411041088984119	0.391922257227576	0.40304529392868615	0.4368872171178393	0.40522147490747007	0.38326471799094275	0.35037571513961235	0.35888820443896885	0.45968900749255875	0.6616881800364939	0.9128347550089267	1.051858572684227	1.2060817136651312	1.3237279635844617	1.424898064136943	1.4048853940103732	1.5963875503833682	1.3815177478580172	1.318449848024316	1.1770412093202387	0.9597939365229748	0.8123816254416961	0.6862239480629797	0.4542425245503696	0.2319000056430224	0.13122691579502777	0.03678638434735996	0.015542763157894737	0.011773500280321435	0.01233023588277341	0.013439411708770483	0.008512477044398833
	Total # checklists submitted - (Wood Duck)	59897	41927	37441	52418	36194	52179	74398	41102	41678	48624	53837	76087	56976	54668	55076	76371	79340	86336	77825	81085	50254	48580	46844	53571	38972	29594	25205	35269	26703	25923	27223	41839	32997	32680	32900	41544	33776	35375	32963	45315	35442	32219	29848	36480	32106	27980	31549	46285
	
Birds Per Party Hour
	Wood Duck	4.452500292983392	4.983391242812906	4.861705583070396	4.126431366786921	3.8781990006006417	4.236639437386422	3.813109544939246	4.908320757518521	7.078511854232685	9.969891046359693	10.631078657162924	9.769714446251163	8.485221067653539	7.185461780183531	6.380730754620608	4.954965181141327	3.8068753469741883	3.4395739516213553	3.6700144390809437	5.975044278752654	8.51757008723562	11.361613434037931	9.488596241188493	10.76183086573092	11.857201080016313	12.595483397790835	13.301005742915772	11.832341127403131	11.886927931075917	11.92898518780402	12.520264317145724	11.350900853004125	11.690122328560419	12.774211483383514	10.635704898492406	10.957003024725648	10.236669402306516	9.7454051618713	11.038982508278677	8.910997012668219	7.907180730564346	5.408848589775187	4.551601338017092	2.6529389473884777	3.9538926646801116	4.099422448879097	3.034140383248834	3.416676864536318
	# checklists reporting species - (Wood Duck)	370	275	276	355	258	258	264	409	544	1527	2661	5637	5926	6528	6685	9939	9642	9819	8406	7520	3747	2964	2641	2879	2251	2252	2391	4089	3490	3731	4136	6427	5413	4761	4700	5598	3951	3626	2966	2995	1454	834	337	259	206	182	209	212
	
High Count
	Wood Duck	14	14	13	11	6	6	8	17	65	90	210	610	320	200	75	74	50	97	120	230	100	130	92	139	150	120	214	149	100	350	140	250	250	250	250	200	100	127	100	150	150	90	64	24	7	9	16	15
	# checklists reporting species - (Wood Duck)	392	295	294	378	270	267	280	425	568	1588	2823	5990	6333	7005	7200	10580	10340	10861	9104	8025	4000	3184	2852	3110	2464	2418	2609	4444	3731	3987	4452	6928	5803	5188	5082	6052	4234	3876	3187	3173	1543	876	358	274	221	191	224	231
	
Totals
	Wood Duck	715	503	501	608	440	467	455	788	1576	6379	12324	27463	28975	29371	27132	38653	34475	36046	33357	37701	21719	20150	17762	20276	18928	20549	24051	39200	33649	35900	40736	61513	55052	47069	45670	51215	34417	30522	23729	21583	8860	4407	1177	634	417	387	464	436
	# checklists reporting species - (Wood Duck)	387	292	290	372	266	266	272	424	563	1577	2782	5882	6201	6817	6978	10251	9888	10120	8580	7719	3858	3067	2730	2976	2345	2307	2452	4205	3567	3790	4231	6554	5516	4874	4826	5759	4039	3727	3050	3069	1499	857	348	273	219	190	223	227
	
Average Count
	Wood Duck	1.847545219638243	1.7226027397260273	1.7275862068965517	1.6344086021505377	1.6541353383458646	1.755639097744361	1.6727941176470589	1.8584905660377358	2.7992895204262878	4.045022194039315	4.429906542056075	4.668990139408365	4.672633446218352	4.308493472201849	3.8882201203783318	3.7706565213149936	3.486549352750809	3.5618577075098816	3.887762237762238	4.884181888845705	5.629600829445309	6.569938050211934	6.506227106227106	6.813172043010753	8.071641791044776	8.907238838318163	9.808727569331158	9.322235434007135	9.433417437622651	9.472295514511874	9.627983928149373	9.38556606652426	9.980420594633793	9.657160443167829	9.463323663489433	8.893036985587775	8.521168606090617	8.18942849476791	7.78	7.032583903551646	5.9106070713809205	5.142357059509918	3.382183908045977	2.3223443223443225	1.904109589041096	2.036842105263158	2.0807174887892375	1.920704845814978
	# checklists reporting species - (Wood Duck)	387	292	290	372	266	266	272	424	563	1577	2782	5882	6201	6817	6978	10251	9888	10120	8580	7719	3858	3067	2730	2976	2345	2307	2452	4205	3567	3790	4231	6554	5516	4874	4826	5759	4039	3727	3050	3069	1499	857	348	273	219	190	223	227
	
