

	Week starting on...	1/1	1/8	1/15	1/22	2/1	2/8	2/15	2/22	3/1	3/8	3/15	3/22	4/1	4/8	4/15	4/22	5/1	5/8	5/15	5/22	6/1	6/8	6/15	6/22	7/1	7/8	7/15	7/22	8/1	8/8	8/15	8/22	9/1	9/8	9/15	9/22	10/1	10/8	10/15	10/22	11/1	11/8	11/15	11/22	12/1	12/8	12/15	12/22
Frequency (%)
	Red-winged Blackbird	1.1703424211563185	1.0041262193813056	1.260650089474106	1.19233850967225	1.1355473282864563	0.8988290308361602	1.4247694830506197	8.909542114738942	18.12227074235808	34.90251727541955	46.317588275721164	49.95334288380406	53.21714406065712	56.25411575327431	57.8836516813131	62.47659451886187	66.01840181497353	65.61341734618236	63.78541599743013	59.82117530986002	52.839574959207226	49.7056401811445	46.75518743062078	45.95210095014093	43.559478600020526	45.4619179563425	45.63777028367387	41.68533272845842	35.25446579036063	27.22678702310689	22.76751276494141	18.898635244628217	17.680395187441285	15.32435740514076	16.088145896656535	18.912478336221834	21.106702984367598	26.13427561837456	25.39514000546067	20.999668983780207	13.983409514135772	8.892268537198547	4.5061645671401775	2.5219298245614032	1.725534168068274	1.3759828448892066	1.8035436939364164	1.203413632926434
	Total # checklists submitted - (Red-winged Blackbird)	59897	41927	37441	52418	36194	52179	74398	41102	41678	48624	53837	76087	56976	54668	55076	76371	79340	86336	77825	81085	50254	48580	46844	53571	38972	29594	25205	35269	26703	25923	27223	41839	32997	32680	32900	41544	33776	35375	32963	45315	35442	32219	29848	36480	32106	27980	31549	46285
	
Abundance
	Red-winged Blackbird	0.3019850743776817	0.17144083764638537	0.1814855372452659	0.3525506505398909	0.3969718737912361	0.17125663581134173	0.26831366434581577	1.855822101114301	3.3262152694467106	7.899782000658111	9.030573768969296	11.073179386754637	14.77088598708228	7.820132435794249	7.190318832159198	8.363776826282228	9.069473153516512	8.314445885841364	6.587214905236107	5.085182216192884	4.0558761491622555	3.6792713050638124	3.2665656220647254	3.1758227399152528	3.201144411372267	3.6954788132729606	4.350803412021424	7.118744506507131	8.969179492940867	6.073679743856807	7.113580428314293	6.896269031286598	8.330242143225142	6.16422888616891	7.00726443768997	9.38602445599846	29.016727854097585	19.543265017667846	55.31568728574462	153.6374489683328	109.81981829467863	37.86855582109935	5.604764138300724	0.7727796052631579	0.6578832616956333	0.18187991422444602	0.7631620653586485	0.3605703791725181
	Total # checklists submitted - (Red-winged Blackbird)	59897	41927	37441	52418	36194	52179	74398	41102	41678	48624	53837	76087	56976	54668	55076	76371	79340	86336	77825	81085	50254	48580	46844	53571	38972	29594	25205	35269	26703	25923	27223	41839	32997	32680	32900	41544	33776	35375	32963	45315	35442	32219	29848	36480	32106	27980	31549	46285
	
Birds Per Party Hour
	Red-winged Blackbird	64.78524768102996	56.38723280023343	62.26084080267658	95.84851077674152	136.60735468835554	58.74131396517472	96.13234636689118	71.28167511940472	43.93386091214313	49.425555237106	53.88395726234424	36.75509625275436	37.89076993454556	24.803485347775098	21.85102875632681	21.627534349163184	18.622096424462807	15.958157301558481	13.51245908210568	14.890311177359317	17.62143559152363	19.14473367696477	19.913206838733753	19.88703814136879	17.382093042680083	16.68445356765238	15.383101159740606	25.59780629750607	22.10422919437103	29.47653560806559	47.174201358935626	48.44200798822151	57.99006102446038	59.03148753941859	53.28574329302062	64.7913747947305	184.1956966566581	119.97344838286486	252.98348471794827	609.157854144133	1207.8710734348172	439.9222529859969	204.89242678054404	32.63586910098007	61.545706943271966	34.39404461263834	49.244054715736134	56.17501219124006
	# checklists reporting species - (Red-winged Blackbird)	706	437	487	662	431	486	1111	3884	7860	16997	24193	36578	28784	28830	29693	44737	47668	50805	44631	45065	25184	23025	20980	23664	16255	12755	10878	13963	9016	6783	5915	7570	5608	4821	5144	7625	6959	9062	8213	9293	4913	2881	1353	934	561	385	591	585
	
High Count
	Red-winged Blackbird	1500	800	1100	2500	3000	2000	3500	17963	11000	30000	10000	70000	150000	7500	2000	7700	3000	3533	4125	800	260	330	400	1000	1000	630	5000	40000	100000	15000	20000	20000	32000	10000	10000	36200	500000	180000	1000000	3093000	1000000	675000	33000	4000	8000	619	5900	2000
	# checklists reporting species - (Red-winged Blackbird)	784	466	545	720	485	525	1184	4211	8431	18504	26763	40373	32296	32638	33980	50676	55671	60615	52765	51740	28352	25653	23343	26259	18253	14378	12331	15699	10003	7491	6564	8328	6210	5324	5666	8348	7617	9838	8897	10158	5325	3090	1462	1018	628	432	629	633
	
Totals
	Red-winged Blackbird	20074	7667	7556	19750	20808	9743	21583	83592	159248	409945	514024	875255	862849	446810	415253	665736	747939	743668	530771	429677	211507	185466	158532	176950	129869	113159	116250	258721	244911	169401	201201	304344	290836	217237	255653	412703	1113250	1203975	1918647	7204361	3972888	1271930	182398	33975	24500	5572	25482	17250
	# checklists reporting species - (Red-winged Blackbird)	765	456	532	704	464	511	1164	4108	8142	17691	25036	37787	29857	29863	30876	46014	49012	52080	45766	46241	25900	23689	21549	24344	16781	13216	11268	14445	9267	6976	6077	7766	5766	4977	5282	7843	7151	9304	8439	9631	5064	2979	1410	983	610	425	620	630
	
Average Count
	Red-winged Blackbird	26.240522875816993	16.81359649122807	14.203007518796992	28.053977272727273	44.8448275862069	19.066536203522507	18.54209621993127	20.34858812074002	19.558830754114467	23.172517099089934	20.53139479150024	23.162860242940695	28.899387078407074	14.961993101831698	13.4490542816427	14.468118398748206	15.260324002285154	14.279339477726575	11.597495957697854	9.292121710170628	8.166293436293437	7.829203427751277	7.356814701378254	7.26873151495235	7.739050116202849	8.562273002421307	10.316826411075612	17.910764970578054	26.428293946260926	24.2834002293578	33.10860622017443	39.18928663404584	50.439819632327435	43.64818163552341	48.400795153351005	52.6205533596838	155.6775276185149	129.40401977644024	227.3547813722005	748.0387291039352	784.5355450236967	426.9654246391407	129.36028368794325	34.56256358087487	40.16393442622951	13.110588235294118	41.1	27.38095238095238
	# checklists reporting species - (Red-winged Blackbird)	765	456	532	704	464	511	1164	4108	8142	17691	25036	37787	29857	29863	30876	46014	49012	52080	45766	46241	25900	23689	21549	24344	16781	13216	11268	14445	9267	6976	6077	7766	5766	4977	5282	7843	7151	9304	8439	9631	5064	2979	1410	983	610	425	620	630
	
