

	Week starting on...	1/1	1/8	1/15	1/22	2/1	2/8	2/15	2/22	3/1	3/8	3/15	3/22	4/1	4/8	4/15	4/22	5/1	5/8	5/15	5/22	6/1	6/8	6/15	6/22	7/1	7/8	7/15	7/22	8/1	8/8	8/15	8/22	9/1	9/8	9/15	9/22	10/1	10/8	10/15	10/22	11/1	11/8	11/15	11/22	12/1	12/8	12/15	12/22
Frequency (%)
	Black Scoter	0.3372456049551731	0.26951606363441216	0.31783339120215803	0.1468961043916212	0.13538155495385976	0.08049215201517852	0.08333557353692304	0.12894749647219114	0.09357454772301933	0.12339585389930897	0.1151624347567658	0.11434279180411898	0.11057287278854254	0.07133972342137997	0.06717989686977995	0.1584371030888688	0.19914292916561635	0.15868235730170496	0.08737552200449727	0.05426404390454461	0.0059696740557965535	0.01029230135858378	0.014943215780035862	0.005600044800358403	0.020527558246946527	0.00675812664729337	0.2023408053957548	0.2466755507669625	0.3033367037411527	0.3394668826910465	0.2608088748484737	0.21272018929706732	0.1697123980967967	0.09791921664626684	0.0121580547112462	0.09146928557673792	0.3019895783988631	0.610600706713781	1.3712344143433546	2.8577733642281804	2.7904745781840754	1.7784537074397095	1.594746716697936	1.1266447368421053	1.0091571668846944	0.507505360972123	0.42156645218548927	0.2463000972237226
	Total # checklists submitted - (Black Scoter)	59897	41927	37441	52418	36194	52179	74398	41102	41678	48624	53837	76087	56976	54668	55076	76371	79340	86336	77825	81085	50254	48580	46844	53571	38972	29594	25205	35269	26703	25923	27223	41839	32997	32680	32900	41544	33776	35375	32963	45315	35442	32219	29848	36480	32106	27980	31549	46285
	
Abundance
	Black Scoter	0.01380703541078852	0.010422877859136117	0.016399134638497903	0.00515090236178412	0.0032602088743990715	0.0031046972920140284	0.0021102717814995026	0.004014403192058781	0.0037189884351456403	0.004935834155972359	0.0034920222152051562	0.0027862841221233587	0.0037384161752316764	0.003201141435574742	0.0030140169946982352	0.00819682863914313	0.007209478195109655	0.004065511489992587	0.0037263090266623834	0.003391502744034038	7.959565407728738E-5	7.204610951008645E-4	0.00832550593459141	2.2400179201433613E-4	0.0030534742892332958	0.034500236534432654	0.344693513191827	0.6858430916669029	1.5054488259746095	1.4160398102071519	0.9374058700363663	0.6432276106025479	0.25284116737885265	0.0941860465116279	0.0015805471124620061	0.0037791257461968035	0.012257224064424444	0.03310247349823322	0.07678305979431484	0.30073926955754166	0.40863946729868517	0.14646637077500854	0.10868399892790137	0.06373355263157894	0.05958387840279076	0.021837026447462472	0.02773463501220324	0.009419898455223074
	Total # checklists submitted - (Black Scoter)	59897	41927	37441	52418	36194	52179	74398	41102	41678	48624	53837	76087	56976	54668	55076	76371	79340	86336	77825	81085	50254	48580	46844	53571	38972	29594	25205	35269	26703	25923	27223	41839	32997	32680	32900	41544	33776	35375	32963	45315	35442	32219	29848	36480	32106	27980	31549	46285
	
Birds Per Party Hour
	Black Scoter	13.057444646135576	11.745238594940178	17.33101660580915	10.297717524813745	10.882356665361474	11.303711653841466	9.965552177315251	17.090877050049382	12.221297575205712	11.906353395705283	5.407990338245201	5.004634526344618	9.161454242992694	7.174903466794162	5.943253530404257	2.538115794686444	4.912311720360429	2.0723363087714914	8.61730278217472	3.40639060652802	0.23464592984778293	15.780576758130326	17.64668901168584	1.1076923076923078	7.606540447504303	67.92857142857143	21.203005236062197	32.25666105494643	69.38757586869369	78.6587916157421	39.733559494682666	35.901339231097054	16.622273107786363	8.916335168503338	1.4696969696969697	1.7645389671820648	6.807639452313369	10.655348223941935	7.909880253422276	32.65280789658716	27.118786811447094	17.717557295792354	17.783011857580647	13.183360976343069	20.14916726439456	9.39755046922391	11.114092537026146	7.7348815838078036
	# checklists reporting species - (Black Scoter)	204	123	128	77	51	46	66	54	38	61	63	84	60	49	47	133	156	125	65	43	3	4	7	5	3	2	50	89	81	83	71	89	58	31	3	44	104	227	469	1351	1040	592	476	422	346	145	136	128
	
High Count
	Black Scoter	50	50	100	20	20	30	19	18	25	50	20	30	29	20	65	60	30	30	28	120	2	25	150	7	102	951	1514	2500	4000	5000	2840	5500	1500	640	30	25	50	50	170	1100	500	350	263	102	70	45	40	87
	# checklists reporting species - (Black Scoter)	236	135	135	91	58	53	75	65	48	75	74	109	69	61	63	163	196	167	82	55	4	7	8	5	9	2	51	92	81	89	71	90	59	34	6	50	115	247	527	1462	1133	643	545	480	391	161	149	144
	
Totals
	Black Scoter	932	580	754	311	170	222	226	201	162	360	211	281	237	237	399	761	658	490	334	308	4	40	391	16	120	1021	8688	24291	40200	36738	25519	26927	8476	3079	54	226	447	1259	2959	17250	16991	5996	3981	2884	2469	643	964	581
	# checklists reporting species - (Black Scoter)	223	129	131	87	56	51	73	64	45	73	73	106	68	57	62	154	172	146	74	51	3	5	7	5	9	2	50	90	81	89	71	89	59	33	6	50	113	241	508	1416	1098	622	516	451	371	158	145	139
	
Average Count
	Black Scoter	4.179372197309417	4.496124031007752	5.755725190839694	3.574712643678161	3.0357142857142856	4.352941176470588	3.095890410958904	3.140625	3.6	4.931506849315069	2.8904109589041096	2.650943396226415	3.485294117647059	4.157894736842105	6.435483870967742	4.941558441558442	3.8255813953488373	3.356164383561644	4.513513513513513	6.03921568627451	1.3333333333333333	8.0	55.857142857142854	3.2	13.333333333333334	510.5	173.76	269.9	496.2962962962963	412.7865168539326	359.4225352112676	302.55056179775283	143.66101694915255	93.3030303030303	9.0	4.52	3.9557522123893807	5.224066390041494	5.824803149606299	12.182203389830509	15.474499089253188	9.639871382636656	7.715116279069767	6.394678492239468	6.654986522911051	4.069620253164557	6.6482758620689655	4.179856115107913
	# checklists reporting species - (Black Scoter)	223	129	131	87	56	51	73	64	45	73	73	106	68	57	62	154	172	146	74	51	3	5	7	5	9	2	50	90	81	89	71	89	59	33	6	50	113	241	508	1416	1098	622	516	451	371	158	145	139
	
