

	Week starting on...	1/1	1/8	1/15	1/22	2/1	2/8	2/15	2/22	3/1	3/8	3/15	3/22	4/1	4/8	4/15	4/22	5/1	5/8	5/15	5/22	6/1	6/8	6/15	6/22	7/1	7/8	7/15	7/22	8/1	8/8	8/15	8/22	9/1	9/8	9/15	9/22	10/1	10/8	10/15	10/22	11/1	11/8	11/15	11/22	12/1	12/8	12/15	12/22
Frequency (%)
	Golden-winged Warbler	0.0	0.0	0.0	0.0	0.0	0.0	0.0	0.0	0.0	0.0	0.0	0.0	0.0	0.0	0.0	0.005237590184755994	0.5381900680615074	1.2208117123795403	1.5419209765499517	1.6538200653635073	1.3411867712022925	1.0580485796624124	0.8645717701306463	0.48720389763118105	0.23863286462075337	0.22977630600797458	0.17853600476096013	0.18429782528566163	0.17226528854435832	0.2198819581067006	0.27917569702090145	0.22945099070245464	0.1303148771100403	0.11627906976744186	0.060790273556231005	0.007221259387637203	0.0	0.0	0.0	0.0	0.0	0.0	0.0	0.0	0.0	0.0	0.0	0.0
	Total # checklists submitted - (Golden-winged Warbler)	59897	41927	37441	52418	36194	52179	74398	41102	41678	48624	53837	76087	56976	54668	55076	76371	79340	86336	77825	81085	50254	48580	46844	53571	38972	29594	25205	35269	26703	25923	27223	41839	32997	32680	32900	41544	33776	35375	32963	45315	35442	32219	29848	36480	32106	27980	31549	46285
	
Abundance
	Golden-winged Warbler	0.0	0.0	0.0	0.0	0.0	0.0	0.0	0.0	0.0	0.0	0.0	0.0	0.0	0.0	0.0	5.2375901847559934E-5	0.005734812200655407	0.014362490733876946	0.02364278830709926	0.028278966516618362	0.02188880487125403	0.01753808151502676	0.013384851848689266	0.007709395008493401	0.0035410037975982757	0.003987294721903088	0.002697877405276731	0.002608523065581672	0.002434183425083324	0.0027774563129267446	0.0033060279910369908	0.0024618179210784195	0.0013940661272236871	0.0011627906976744186	5.47112462006079E-4	1.2035432312728673E-4	0.0	0.0	0.0	0.0	0.0	0.0	0.0	0.0	0.0	0.0	0.0	0.0
	Total # checklists submitted - (Golden-winged Warbler)	59897	41927	37441	52418	36194	52179	74398	41102	41678	48624	53837	76087	56976	54668	55076	76371	79340	86336	77825	81085	50254	48580	46844	53571	38972	29594	25205	35269	26703	25923	27223	41839	32997	32680	32900	41544	33776	35375	32963	45315	35442	32219	29848	36480	32106	27980	31549	46285
	
Birds Per Party Hour
	Golden-winged Warbler	0.0	0.0	0.0	0.0	0.0	0.0	0.0	0.0	0.0	0.0	0.0	0.0	0.0	0.0	0.0	0.5480480480480481	0.8698291533424786	0.9797752115150876	1.9138252366439317	2.5896215128687303	2.5940933904766066	3.049212553105711	3.4668495288519665	4.518974474039964	2.6056400023818522	2.8514517998019295	1.702729763330262	1.2034139028106077	0.7452142274198774	0.9046424101640015	2.0178317729739375	1.0152768350550165	1.079919531983157	0.6964179399285513	0.45785660445914483	0.22345803842264914	0.0	0.0	0.0	0.0	0.0	0.0	0.0	0.0	0.0	0.0	0.0	0.0
	# checklists reporting species - (Golden-winged Warbler)	0.0	0.0	0.0	0.0	0.0	0.0	0.0	0.0	0.0	0.0	0.0	0.0	0.0	0.0	0.0	7	424	1049	1274	1376	684	539	425	270	98	68	46	64	48	60	76	102	48	37	19	3	0.0	0.0	0.0	0.0	0.0	0.0	0.0	0.0	0.0	0.0	0.0	0.0
	
High Count
	Golden-winged Warbler	0.0	0.0	0.0	0.0	0.0	0.0	0.0	0.0	0.0	0.0	0.0	0.0	0.0	0.0	0.0	2	8	11	15	11	12	12	8	10	10	5	4	8	4	8	3	4	3	2	1	3	0.0	0.0	0.0	0.0	0.0	0.0	0.0	0.0	0.0	0.0	0.0	0.0
	# checklists reporting species - (Golden-winged Warbler)	0.0	0.0	0.0	0.0	0.0	0.0	0.0	0.0	0.0	0.0	0.0	0.0	0.0	0.0	0.0	13	525	1316	1448	1586	774	580	468	300	112	74	49	70	49	63	90	116	49	41	24	5	0.0	0.0	0.0	0.0	0.0	0.0	0.0	0.0	0.0	0.0	0.0	0.0
	
Totals
	Golden-winged Warbler	0.0	0.0	0.0	0.0	0.0	0.0	0.0	0.0	0.0	0.0	0.0	0.0	0.0	0.0	0.0	14	554	1504	2114	2606	1228	955	698	461	156	128	72	97	68	78	104	122	52	41	22	9	0.0	0.0	0.0	0.0	0.0	0.0	0.0	0.0	0.0	0.0	0.0	0.0
	# checklists reporting species - (Golden-winged Warbler)	0.0	0.0	0.0	0.0	0.0	0.0	0.0	0.0	0.0	0.0	0.0	0.0	0.0	0.0	0.0	13	490	1189	1376	1495	745	565	457	285	106	71	47	67	49	62	89	114	49	40	22	5	0.0	0.0	0.0	0.0	0.0	0.0	0.0	0.0	0.0	0.0	0.0	0.0
	
Average Count
	Golden-winged Warbler	0.0	0.0	0.0	0.0	0.0	0.0	0.0	0.0	0.0	0.0	0.0	0.0	0.0	0.0	0.0	1.0769230769230769	1.1306122448979592	1.2649285113540791	1.5363372093023255	1.7431438127090302	1.6483221476510068	1.6902654867256637	1.5273522975929978	1.6175438596491227	1.471698113207547	1.8028169014084507	1.5319148936170213	1.4477611940298507	1.3877551020408163	1.2580645161290323	1.1685393258426966	1.0701754385964912	1.0612244897959184	1.025	1.0	1.8	0.0	0.0	0.0	0.0	0.0	0.0	0.0	0.0	0.0	0.0	0.0	0.0
	# checklists reporting species - (Golden-winged Warbler)	0.0	0.0	0.0	0.0	0.0	0.0	0.0	0.0	0.0	0.0	0.0	0.0	0.0	0.0	0.0	13	490	1189	1376	1495	745	565	457	285	106	71	47	67	49	62	89	114	49	40	22	5	0.0	0.0	0.0	0.0	0.0	0.0	0.0	0.0	0.0	0.0	0.0	0.0
	
