

	Week starting on...	1/1	1/8	1/15	1/22	2/1	2/8	2/15	2/22	3/1	3/8	3/15	3/22	4/1	4/8	4/15	4/22	5/1	5/8	5/15	5/22	6/1	6/8	6/15	6/22	7/1	7/8	7/15	7/22	8/1	8/8	8/15	8/22	9/1	9/8	9/15	9/22	10/1	10/8	10/15	10/22	11/1	11/8	11/15	11/22	12/1	12/8	12/15	12/22
Frequency (%)
	Black Vulture	0.15526654089520342	0.10732940587211105	0.10416388451163162	0.066770956541646	0.04420622202575013	0.019164798098852028	0.030914809537890803	0.05839131915721863	0.035990210662699744	0.051414939124712074	0.0724408863792559	0.07359995794288118	0.04563324908733502	0.04390136825931075	0.04902316798605563	0.030116143562346962	0.012603982858583314	0.028956634544106748	0.024413748795374238	0.006166368625516433	0.0	0.006175380815150267	0.004269490222867389	0.0074667264004778695	0.015395668685209895	0.01351625329458674	0.011902400317397342	0.011341404632963794	0.0037448975770512675	0.015430312849593026	0.018366822172427726	0.007170343459451708	0.003030578537442798	0.0	0.00911854103343465	0.019256691700365876	0.0029606821411653247	0.039575971731448764	0.08494372478233171	0.0816506675493766	0.050787201625190445	0.07138644898972656	0.13066202090592335	0.2494517543859649	0.373761913660998	0.12508934953538242	0.0348663983010555	0.08858161391379496
	Total # checklists submitted - (Black Vulture)	59897	41927	37441	52418	36194	52179	74398	41102	41678	48624	53837	76087	56976	54668	55076	76371	79340	86336	77825	81085	50254	48580	46844	53571	38972	29594	25205	35269	26703	25923	27223	41839	32997	32680	32900	41544	33776	35375	32963	45315	35442	32219	29848	36480	32106	27980	31549	46285
	
Abundance
	Black Vulture	0.003439237357463646	0.002575905740930665	0.0025373253919500015	0.002251135106261208	0.0013538155495385975	5.174495486690048E-4	8.064732922928036E-4	0.0011921560994598802	6.958107394788618E-4	0.0011105626850937808	0.001003027657558928	0.0012879992640004207	7.020499859590003E-4	7.133972342137997E-4	5.810153242791779E-4	4.582891411661495E-4	1.2603982858583313E-4	3.590622683469237E-4	3.3408287825248954E-4	6.166368625516433E-5	0.0	1.029230135858378E-4	4.2694902228673894E-5	1.1200089600716806E-4	2.0527558246946525E-4	2.0274379941880111E-4	2.3804800634794683E-4	1.701210694944569E-4	1.497959030820507E-4	2.7003047486787797E-4	2.5713551041398817E-4	9.56045794593561E-5	3.030578537442798E-5	0.0	2.127659574468085E-4	4.573464278836896E-4	5.921364282330649E-5	7.067137809187279E-4	0.0012741558717349756	0.0010151164073706278	0.0014107556006997348	0.0022036686427263415	0.00378584829804342	0.008580043859649123	0.013019373325858095	0.003002144388849178	7.290246917493423E-4	0.0017284217349033163
	Total # checklists submitted - (Black Vulture)	59897	41927	37441	52418	36194	52179	74398	41102	41678	48624	53837	76087	56976	54668	55076	76371	79340	86336	77825	81085	50254	48580	46844	53571	38972	29594	25205	35269	26703	25923	27223	41839	32997	32680	32900	41544	33776	35375	32963	45315	35442	32219	29848	36480	32106	27980	31549	46285
	
Birds Per Party Hour
	Black Vulture	16.652886309567517	13.567445215046297	8.386667060698343	14.179563072764974	16.433525130451248	24.527290060140622	8.296243432383664	10.388667048263546	11.820655402905357	15.066122823421384	6.3356397652951415	4.164245440994915	2.9234619456851725	3.4134142399120058	3.8568266957734116	3.0681443555292964	1.6610364353775866	0.8968503244257313	3.780790076949483	0.3052111959484925	0.0	13.14653102025387	0.774899546175205	1.4591551191334817	4.842557617110516	6.254305646391978	13.270311820693072	4.40036231884058	12.618296529968454	3.469773200255381	2.8861842597578673	2.672705314009662	1.996007984031936	0.0	6.05	9.415597054791178	2.9940119760479043	6.809170884253272	5.019412129198189	4.4718926380058726	9.89094167755845	8.744137526628956	13.089853316341092	16.488102797970626	18.074015174257415	12.512542991624365	11.919465445792326	11.830614864970697
	# checklists reporting species - (Black Vulture)	109	55	45	39	22	10	24	28	16	29	52	69	33	27	36	33	17	37	24	6	3	5	3	12	7	4	4	4	1	6	7	6	3	2	4	10	2	17	35	52	21	27	40	113	155	41	16	50
	
High Count
	Black Vulture	8	9	8	13	8	5	6	8	4	6	4	8	4	6	4	4	1	3	5	3	1	2	3	2	2	2	2	3	4	3	3	3	1	1	5	5	2	3	6	9	11	10	12	11	11	8	8	8
	# checklists reporting species - (Black Vulture)	120	66	54	58	32	17	31	35	26	44	69	89	47	44	44	46	23	55	26	11	4	7	5	13	7	5	4	4	4	7	7	7	3	4	4	12	3	19	35	53	25	31	42	121	166	44	16	60
	
Totals
	Black Vulture	253	147	121	143	91	34	68	61	41	81	84	137	61	62	52	65	23	58	33	13	4	9	7	15	9	7	7	6	7	10	11	10	3	4	8	23	4	32	49	67	61	84	127	429	519	108	44	112
	# checklists reporting species - (Black Vulture)	120	66	54	58	32	17	31	35	26	44	69	89	47	44	43	45	23	52	26	11	4	7	5	13	7	5	4	4	4	7	7	7	3	4	4	12	3	19	35	53	24	30	42	121	164	44	16	60
	
Average Count
	Black Vulture	2.1083333333333334	2.227272727272727	2.240740740740741	2.4655172413793105	2.84375	2.0	2.193548387096774	1.7428571428571429	1.5769230769230769	1.8409090909090908	1.2173913043478262	1.5393258426966292	1.297872340425532	1.4090909090909092	1.2093023255813953	1.4444444444444444	1.0	1.1153846153846154	1.2692307692307692	1.1818181818181819	1.0	1.2857142857142858	1.4	1.1538461538461537	1.2857142857142858	1.4	1.75	1.5	1.75	1.4285714285714286	1.5714285714285714	1.4285714285714286	1.0	1.0	2.0	1.9166666666666667	1.3333333333333333	1.6842105263157894	1.4	1.2641509433962264	2.5416666666666665	2.8	3.0238095238095237	3.5454545454545454	3.1646341463414633	2.4545454545454546	2.75	1.8666666666666667
	# checklists reporting species - (Black Vulture)	120	66	54	58	32	17	31	35	26	44	69	89	47	44	43	45	23	52	26	11	4	7	5	13	7	5	4	4	4	7	7	7	3	4	4	12	3	19	35	53	24	30	42	121	164	44	16	60
	
