

	Week starting on...	1/1	1/8	1/15	1/22	2/1	2/8	2/15	2/22	3/1	3/8	3/15	3/22	4/1	4/8	4/15	4/22	5/1	5/8	5/15	5/22	6/1	6/8	6/15	6/22	7/1	7/8	7/15	7/22	8/1	8/8	8/15	8/22	9/1	9/8	9/15	9/22	10/1	10/8	10/15	10/22	11/1	11/8	11/15	11/22	12/1	12/8	12/15	12/22
Frequency (%)
	Black-bellied Whistling-Duck	0.11853682154364995	0.06201254561499749	0.024037819502684226	0.0324316074630852	0.0	0.0	0.0	0.0	0.0	0.0	0.0	0.0	0.0	0.0	0.02723509332558646	0.0	0.0	0.0	0.0	0.0	0.0	0.01029230135858378	0.0405601571172402	0.0018666816001194674	0.0	0.45617354869230253	0.07141440190438406	0.07655448127250561	0.022469385462307607	0.027003047486787796	0.11387429746905192	0.11472549535122732	0.05151983513652757	0.0397796817625459	0.02127659574468085	0.024070864625457346	0.0	0.028268551236749116	0.027303340108606623	0.011033873993158999	0.005643022402798939	0.0372451038207269	0.020101849370142054	0.041118421052631575	0.1806515916028157	0.08934953538241601	0.06339345145646455	0.041050016203953765
	Total # checklists submitted - (Black-bellied Whistling-Duck)	59897	41927	37441	52418	36194	52179	74398	41102	41678	48624	53837	76087	56976	54668	55076	76371	79340	86336	77825	81085	50254	48580	46844	53571	38972	29594	25205	35269	26703	25923	27223	41839	32997	32680	32900	41544	33776	35375	32963	45315	35442	32219	29848	36480	32106	27980	31549	46285
	
Abundance
	Black-bellied Whistling-Duck	0.0011853682154364994	5.962744770672836E-4	2.4037819502684225E-4	3.24316074630852E-4	0.0	0.0	0.0	0.0	0.0	0.0	0.0	0.0	0.0	0.0	5.447018665117292E-4	0.0	0.0	0.0	0.0	0.0	0.0	2.058460271716756E-4	0.0033728972760652376	3.733363200238935E-5	0.0	0.058964654997634654	7.141440190438405E-4	0.0011908474864611982	2.2469385462307607E-4	2.7003047486787797E-4	0.0011387429746905191	0.0011472549535122732	5.151983513652757E-4	3.97796817625459E-4	2.127659574468085E-4	2.4070864625457347E-4	0.0	2.826855123674912E-4	2.730334010860662E-4	1.1033873993158998E-4	5.643022402798939E-5	3.72451038207269E-4	2.0101849370142053E-4	4.1118421052631577E-4	0.0018065159160281568	8.934953538241601E-4	6.339345145646455E-4	4.1050016203953766E-4
	Total # checklists submitted - (Black-bellied Whistling-Duck)	59897	41927	37441	52418	36194	52179	74398	41102	41678	48624	53837	76087	56976	54668	55076	76371	79340	86336	77825	81085	50254	48580	46844	53571	38972	29594	25205	35269	26703	25923	27223	41839	32997	32680	32900	41544	33776	35375	32963	45315	35442	32219	29848	36480	32106	27980	31549	46285
	
Birds Per Party Hour
	Black-bellied Whistling-Duck	4.2368361983461105	4.310792528431174	2.9357397907145932	6.025463398638331	0.0	0.0	0.0	0.0	0.0	0.0	0.0	0.0	0.0	0.0	7.457397852943861	1.6	0.0	0.0	30.03003003003003	0.0	0.0	5.524342660326213	47.565159034983225	13.506820944577012	0.0	65.50794351127334	1.559727717752693	3.141888741527743	2.4643336712098676	2.590537734377009	5.9376681047041036	2.4085649221663403	2.964691624860774	3.3067429319043775	1.7931256920313259	3.4507423659423595	0.0	3.114605153190812	1.9899074644942327	3.090891248917913	4.326194326194326	2.0131588366280138	4.873037560360896	2.9270795430369017	4.037475935902045	2.281744587749867	3.206533449147888	2.8340897868348476
	# checklists reporting species - (Black-bellied Whistling-Duck)	81	28	15	18	0.0	0.0	0.0	0.0	0.0	0.0	0.0	0.0	0.0	0.0	18	1	0	0.0	1	0.0	0.0	7	28	2	0.0	177	32	41	8	10	40	55	20	14	8	14	0.0	12	10	6	3	13	8	18	66	28	22	22
	
High Count
	Black-bellied Whistling-Duck	2	1	1	1	0.0	0.0	0.0	0.0	0.0	0.0	0.0	0.0	0.0	0.0	2	2	13	0.0	10	0.0	0.0	2	9	2	0.0	16	5	3	1	1	1	1	1	1	1	1	0.0	1	1	1	1	1	1	1	1	1	1	1
	# checklists reporting species - (Black-bellied Whistling-Duck)	81	29	15	18	0.0	0.0	0.0	0.0	0.0	0.0	0.0	0.0	0.0	0.0	18	1	2	0.0	2	0.0	0.0	7	28	2	0.0	181	49	52	18	17	48	57	20	14	8	14	0.0	12	10	6	3	13	8	18	66	28	22	22
	
Totals
	Black-bellied Whistling-Duck	82	28	15	18	0.0	0.0	0.0	0.0	0.0	0.0	0.0	0.0	0.0	0.0	36	2	26	0.0	20	0.0	0.0	13	224	4	0.0	2135	52	75	18	17	48	57	20	14	8	14	0.0	12	10	6	3	13	8	18	66	28	22	22
	# checklists reporting species - (Black-bellied Whistling-Duck)	81	28	15	18	0.0	0.0	0.0	0.0	0.0	0.0	0.0	0.0	0.0	0.0	18	1	2	0.0	2	0.0	0.0	7	28	2	0.0	180	48	52	18	17	48	57	20	14	8	14	0.0	12	10	6	3	13	8	18	66	28	22	22
	
Average Count
	Black-bellied Whistling-Duck	1.0123456790123457	1.0	1.0	1.0	0.0	0.0	0.0	0.0	0.0	0.0	0.0	0.0	0.0	0.0	2.0	2.0	13.0	0.0	10.0	0.0	0.0	1.8571428571428572	8.0	2.0	0.0	11.86111111111111	1.0833333333333333	1.4423076923076923	1.0	1.0	1.0	1.0	1.0	1.0	1.0	1.0	0.0	1.0	1.0	1.0	1.0	1.0	1.0	1.0	1.0	1.0	1.0	1.0
	# checklists reporting species - (Black-bellied Whistling-Duck)	81	28	15	18	0.0	0.0	0.0	0.0	0.0	0.0	0.0	0.0	0.0	0.0	18	1	2	0.0	2	0.0	0.0	7	28	2	0.0	180	48	52	18	17	48	57	20	14	8	14	0.0	12	10	6	3	13	8	18	66	28	22	22
	
