

	Week starting on...	1/1	1/8	1/15	1/22	2/1	2/8	2/15	2/22	3/1	3/8	3/15	3/22	4/1	4/8	4/15	4/22	5/1	5/8	5/15	5/22	6/1	6/8	6/15	6/22	7/1	7/8	7/15	7/22	8/1	8/8	8/15	8/22	9/1	9/8	9/15	9/22	10/1	10/8	10/15	10/22	11/1	11/8	11/15	11/22	12/1	12/8	12/15	12/22
Frequency (%)
	Pied-billed Grebe	0.37731438970232234	0.3816156653230615	0.23770732619321067	0.22129802739516957	0.29839199867381333	0.12265470783265299	0.10484152799806445	0.23599824826042526	0.30711646432170453	0.7012997696610728	1.3633746308300982	2.4393128918212046	4.619488907610222	5.312065559376601	5.30358050693587	4.62741092823192	3.1509957146458283	2.3883432171979244	2.5878573723096694	2.602207559967935	1.9779520038205913	1.8114450391107453	1.6095978140210059	1.5194788224972466	1.7679359540182695	2.101777387308238	2.2931957944852215	2.719101760753069	3.10077519379845	3.3946688269104657	3.629284061271719	3.9293482157795356	4.742855411097978	5.039779681762546	5.474164133738602	5.690352397458117	5.643060161061109	5.828975265017668	5.597184722264357	4.620986428334988	3.5381750465549344	2.116763400477979	1.1558563387831682	0.7428728070175439	0.5762162835607052	0.39313795568263044	0.4088877618941963	0.28735011342767636
	Total # checklists submitted - (Pied-billed Grebe)	59897	41927	37441	52418	36194	52179	74398	41102	41678	48624	53837	76087	56976	54668	55076	76371	79340	86336	77825	81085	50254	48580	46844	53571	38972	29594	25205	35269	26703	25923	27223	41839	32997	32680	32900	41544	33776	35375	32963	45315	35442	32219	29848	36480	32106	27980	31549	46285
	
Abundance
	Pied-billed Grebe	0.00661134948327963	0.004412431130297899	0.003285168665366844	0.003681941317867908	0.003508868873293916	0.001954809406082907	0.0014919755907416867	0.0028222470925989003	0.0035510341187197083	0.009563178677196447	0.017125768523506137	0.034854837225807296	0.08238556585228868	0.1056559596107412	0.09826421671871595	0.07826269133571644	0.049369800857070836	0.036508524833209786	0.03750722775457758	0.043596226182401186	0.035002188880487124	0.03787566899958831	0.03392109982068141	0.0378563028504228	0.04818844298470697	0.053693316212745826	0.06391588970442373	0.08321755649437183	0.09178743961352658	0.10785788681865525	0.10351540976380266	0.10561915915772366	0.13216353001788042	0.16395348837209303	0.1833434650455927	0.2044579241286347	0.20926101373756514	0.22481978798586572	0.2058065103297637	0.14908970539556438	0.12369505106935275	0.0748316210931438	0.027908067542213883	0.016419956140350876	0.011181710583691521	0.007505360972122945	0.006814796031569939	0.005185265204709949
	Total # checklists submitted - (Pied-billed Grebe)	59897	41927	37441	52418	36194	52179	74398	41102	41678	48624	53837	76087	56976	54668	55076	76371	79340	86336	77825	81085	50254	48580	46844	53571	38972	29594	25205	35269	26703	25923	27223	41839	32997	32680	32900	41544	33776	35375	32963	45315	35442	32219	29848	36480	32106	27980	31549	46285
	
Birds Per Party Hour
	Pied-billed Grebe	8.09211681937504	3.307619025282747	3.713768867264077	4.651449588562507	4.621315058651553	6.47306270271929	7.33719141848154	4.422115200246188	2.6113838035221555	4.147358404837646	2.8566194592599765	3.791117174377391	4.346190662804248	4.34911345947949	3.670771540198956	3.0025918838638384	2.422349187221636	2.036233416255268	2.0390309775980637	2.2909426505091743	3.032439521510103	4.172748656339292	3.7644884235967435	5.004195054725411	4.7735819197373575	4.701714275108465	4.357154457786539	5.224475445883452	4.951897699770888	4.952978246361649	4.254184848362398	4.244213773436957	3.7789757687422085	4.975104388944815	4.5916956476464525	5.600237193955199	5.261926423339255	6.944437663488364	6.278772025497521	5.446079598143163	5.2336024060927935	5.94674527371097	3.8101407293525904	6.129137975056738	4.586248409648086	6.03741359440035	2.4002053934350185	7.5180009599569635
	# checklists reporting species - (Pied-billed Grebe)	248	167	98	119	115	67	78	99	138	363	788	1920	2739	2980	2987	3692	2522	2076	1958	2130	1012	886	785	832	711	625	587	980	858	902	1016	1699	1609	1669	1849	2411	1951	2080	1901	2168	1298	721	358	301	200	121	136	153
	
High Count
	Pied-billed Grebe	67	9	20	45	4	39	15	5	7	10	15	12	34	35	35	21	37	45	16	21	23	16	25	28	25	38	30	30	31	100	102	60	91	195	290	200	220	425	100	120	100	133	45	30	23	18	15	31
	# checklists reporting species - (Pied-billed Grebe)	272	177	107	125	128	74	81	109	149	383	832	2066	2940	3193	3194	3892	2743	2316	2234	2354	1099	963	864	909	782	700	643	1066	910	964	1077	1828	1716	1804	2010	2582	2063	2200	2002	2281	1381	747	385	324	232	131	145	169
	
Totals
	Pied-billed Grebe	447	202	145	203	159	111	114	126	169	517	1026	2942	5134	6206	5821	6445	4233	3480	3214	3836	1880	1977	1762	2201	2103	1812	1735	3226	2659	3020	3019	4917	4709	5690	6644	9099	7696	8633	7134	7373	4724	2555	935	682	423	242	236	293
	# checklists reporting species - (Pied-billed Grebe)	266	175	105	125	128	71	81	106	147	379	820	2029	2886	3122	3118	3798	2631	2163	2047	2219	1051	936	831	882	752	662	616	1023	887	940	1051	1766	1670	1737	1939	2510	2027	2158	1966	2242	1357	738	378	313	227	131	142	168
	
Average Count
	Pied-billed Grebe	1.6804511278195489	1.1542857142857144	1.380952380952381	1.624	1.2421875	1.5633802816901408	1.4074074074074074	1.1886792452830188	1.1496598639455782	1.3641160949868074	1.251219512195122	1.4499753573188763	1.778932778932779	1.9878283151825753	1.8669018601667735	1.6969457609268035	1.6088939566704674	1.608876560332871	1.5701025891548608	1.7287066246056781	1.7887725975261655	2.1121794871794872	2.1203369434416364	2.49546485260771	2.796542553191489	2.7371601208459215	2.8165584415584415	3.15347018572825	2.9977452085682073	3.2127659574468086	2.872502378686965	2.7842582106455267	2.819760479041916	3.275762809441566	3.4265085095410006	3.6250996015936257	3.796743956586088	4.0004633920296575	3.6286876907426246	3.2885816235504013	3.481208548268239	3.462059620596206	2.4735449735449735	2.1789137380191694	1.8634361233480177	1.8473282442748091	1.6619718309859155	1.744047619047619
	# checklists reporting species - (Pied-billed Grebe)	266	175	105	125	128	71	81	106	147	379	820	2029	2886	3122	3118	3798	2631	2163	2047	2219	1051	936	831	882	752	662	616	1023	887	940	1051	1766	1670	1737	1939	2510	2027	2158	1966	2242	1357	738	378	313	227	131	142	168
	
