

	Week starting on...	1/1	1/8	1/15	1/22	2/1	2/8	2/15	2/22	3/1	3/8	3/15	3/22	4/1	4/8	4/15	4/22	5/1	5/8	5/15	5/22	6/1	6/8	6/15	6/22	7/1	7/8	7/15	7/22	8/1	8/8	8/15	8/22	9/1	9/8	9/15	9/22	10/1	10/8	10/15	10/22	11/1	11/8	11/15	11/22	12/1	12/8	12/15	12/22
Frequency (%)
	Bohemian Waxwing	0.8898609279262735	0.834784267894197	0.8199567319248952	0.9939333816627877	0.9228048847875339	0.7474271258552291	0.6384580230651362	0.8247773830957131	0.9285474350976535	0.7403751233958539	0.6426806842877575	0.6571424816328677	0.8003369839932603	0.643886734469891	0.5392548478466119	0.16105589818124683	0.0604991177211999	0.005791326908821349	0.00770960488274976	0.0024665474502065733	0.0	0.0020584602717167557	0.006404235334301085	0.009333408000597338	0.03079133737041979	0.02027437994188011	0.015869867089863123	0.019847458107686636	0.10860202973448675	0.03471820391158431	0.011020093303456636	0.007170343459451708	0.003030578537442798	0.012239902080783354	0.0	0.004814172925091469	0.03848886783514922	0.031095406360424026	0.17292115402117525	0.40163301335098756	0.7674510467806557	0.7914584561904466	0.8777807558295363	1.0334429824561402	0.8191615274403539	0.9506790564689064	1.3534501885955181	1.0024846062439234
	Total # checklists submitted - (Bohemian Waxwing)	59897	41927	37441	52418	36194	52179	74398	41102	41678	48624	53837	76087	56976	54668	55076	76371	79340	86336	77825	81085	50254	48580	46844	53571	38972	29594	25205	35269	26703	25923	27223	41839	32997	32680	32900	41544	33776	35375	32963	45315	35442	32219	29848	36480	32106	27980	31549	46285
	
Abundance
	Bohemian Waxwing	0.4584536788152996	0.44107615617621104	0.3730135413049865	0.47435995268800796	0.4230259158976626	0.36409283428199085	0.27795102018871476	0.41983358474040194	0.47531071548538795	0.28017028627838103	0.25099838401099617	0.2736078436526608	0.3049003089019938	0.3086449110997293	0.33255864623429443	0.03192311217608778	0.0023191328459793293	8.107857672349888E-5	1.2849341471249598E-4	3.69982117530986E-5	0.0	4.1169205434335116E-5	1.4943215780035862E-4	2.6133542401672545E-4	8.467617776865442E-4	7.771845644387376E-4	4.7609601269589367E-4	4.536561853185517E-4	0.0017601018612140957	0.001157273463719477	2.2040186606913273E-4	7.170343459451707E-5	3.030578537442798E-5	1.529987760097919E-4	0.0	7.221259387637204E-5	0.0014211274277593558	0.002176678445229682	0.011346054667354307	0.0719849939313693	0.13794368263642007	0.1464974083615258	0.277740552130796	0.43722587719298245	0.30075375319254966	0.4081129378127234	0.8187898190116961	0.49011558820352163
	Total # checklists submitted - (Bohemian Waxwing)	59897	41927	37441	52418	36194	52179	74398	41102	41678	48624	53837	76087	56976	54668	55076	76371	79340	86336	77825	81085	50254	48580	46844	53571	38972	29594	25205	35269	26703	25923	27223	41839	32997	32680	32900	41544	33776	35375	32963	45315	35442	32219	29848	36480	32106	27980	31549	46285
	
Birds Per Party Hour
	Bohemian Waxwing	149.61852568471167	173.2475412292165	164.37417049692974	156.72552688209407	165.22844923092572	151.78855981903357	140.52633019858936	237.5339228150445	163.48863199147291	106.84656036607083	103.52862207787787	157.589782768883	71.08993924289824	110.12351054371325	120.87799864313517	33.42451335586182	14.828357140166665	0.7565594617915339	4.955704772649934	20.22222222222222	0.0	0.25	6.533333400234287	3.441666666666667	5.000939373925663	0.5749443214274254	2.1719903359913384	0.4379056087058357	1.3487219973162963	0.3084126984126984	0.32222222222222224	0.1346780443704641	0.1304291117777488	0.293859649122807	0.0	0.7117819447639738	4.034441781527883	5.323936955651674	20.47388890319315	45.4051931438489	44.57373616302848	45.508420833512034	93.93608928242206	149.33669061873135	141.6762601115217	126.87214464802446	136.4769494776306	177.47001264915724
	# checklists reporting species - (Bohemian Waxwing)	606	404	336	567	364	418	510	368	405	377	366	532	482	350	304	133	48	5	6	2	0.0	1	3	4	8	3	4	6	28	8	3	3	1	5	0.0	4	14	12	63	204	287	260	270	381	280	286	461	535
	
High Count
	Bohemian Waxwing	1610	2026	1300	1100	500	800	570	1200	700	700	1000	800	529	5500	1500	200	27	2	5	2	0.0	2	5	4	9	14	7	5	5	15	4	1	1	8	0.0	2	20	22	200	350	325	250	560	500	500	500	3000	750
	# checklists reporting species - (Bohemian Waxwing)	695	476	399	682	455	498	608	476	496	448	454	644	559	424	359	163	55	6	7	2	0.0	1	3	6	13	6	5	7	29	9	3	3	1	5	0.0	4	15	13	69	227	342	331	340	472	349	348	520	619
	
Totals
	Bohemian Waxwing	36813	26240	17207	33093	21683	23590	26188	23747	24442	17762	17790	28965	22319	26570	20300	3414	237	7	10	3	0.0	2	7	15	35	23	12	16	47	30	6	3	1	13	0.0	5	58	92	726	3912	6250	6662	11660	19689	13922	15767	34808	30616
	# checklists reporting species - (Bohemian Waxwing)	672	457	387	665	437	485	585	462	483	436	441	631	542	407	348	152	55	5	6	2	0.0	1	3	6	11	5	4	7	29	8	3	3	1	5	0.0	4	15	13	69	221	325	313	327	458	339	343	511	604
	
Average Count
	Bohemian Waxwing	54.78125	57.41794310722101	44.4625322997416	49.76390977443609	49.617848970251714	48.63917525773196	44.76581196581196	51.400432900432904	50.60455486542443	40.73853211009175	40.34013605442177	45.90332805071316	41.178966789667896	65.28255528255528	58.333333333333336	22.460526315789473	4.3090909090909095	1.4	1.6666666666666667	1.5	0.0	2.0	2.3333333333333335	2.5	3.1818181818181817	4.6	3.0	2.2857142857142856	1.6206896551724137	3.75	2.0	1.0	1.0	2.6	0.0	1.25	3.8666666666666667	7.076923076923077	10.521739130434783	17.70135746606335	19.23076923076923	21.284345047923324	35.657492354740064	42.98908296943232	41.067846607669615	45.967930029154516	68.1174168297456	50.688741721854306
	# checklists reporting species - (Bohemian Waxwing)	672	457	387	665	437	485	585	462	483	436	441	631	542	407	348	152	55	5	6	2	0.0	1	3	6	11	5	4	7	29	8	3	3	1	5	0.0	4	15	13	69	221	325	313	327	458	339	343	511	604
	
