

	Week starting on...	1/1	1/8	1/15	1/22	2/1	2/8	2/15	2/22	3/1	3/8	3/15	3/22	4/1	4/8	4/15	4/22	5/1	5/8	5/15	5/22	6/1	6/8	6/15	6/22	7/1	7/8	7/15	7/22	8/1	8/8	8/15	8/22	9/1	9/8	9/15	9/22	10/1	10/8	10/15	10/22	11/1	11/8	11/15	11/22	12/1	12/8	12/15	12/22
Frequency (%)
	Yellow-billed Cuckoo	0.0	0.0	0.0	0.0	0.0	0.0	0.0	0.0	0.0	0.0	0.0	0.0	0.0	0.0018292236774712814	0.0	0.0013093975461889984	0.09452987143937484	0.4575148257968866	1.1358817860584645	2.099031880125794	2.555020495880925	2.5483738163853435	2.1496883272137306	1.8218812417166004	1.552396592425331	1.3482462661350274	1.4163856377702837	1.2418838073095353	1.1833876343482006	1.0338309609227327	1.1167027880836058	0.8078586964315592	0.7424917416734854	0.6548347613219094	0.44072948328267475	0.35384170999422304	0.1954050213169114	0.2657243816254417	0.1031459515214028	0.033101621979477	0.028215112013994695	0.0	0.0	0.0	0.0	0.0	0.0	0.0
	Total # checklists submitted - (Yellow-billed Cuckoo)	59897	41927	37441	52418	36194	52179	74398	41102	41678	48624	53837	76087	56976	54668	55076	76371	79340	86336	77825	81085	50254	48580	46844	53571	38972	29594	25205	35269	26703	25923	27223	41839	32997	32680	32900	41544	33776	35375	32963	45315	35442	32219	29848	36480	32106	27980	31549	46285
	
Abundance
	Yellow-billed Cuckoo	0.0	0.0	0.0	0.0	0.0	0.0	0.0	0.0	0.0	0.0	0.0	0.0	0.0	1.8292236774712813E-5	0.0	1.3093975461889984E-5	9.579026972523318E-4	0.004656226834692365	0.013864439447478318	0.029832891410248506	0.03422613125323357	0.036969946480032934	0.030313380582358468	0.023762856769520824	0.019860412603920765	0.017233222950598093	0.016861733782979567	0.01576455243981967	0.014455304647417892	0.014080160475253636	0.013848583918010506	0.010086283132962068	0.009122041397702821	0.007405140758873929	0.004802431610942249	0.003730984016945889	0.0026350071056371388	0.0028833922261484097	0.0010314595152140279	3.3101621979476995E-4	2.8215112013994694E-4	0.0	0.0	0.0	0.0	0.0	0.0	0.0
	Total # checklists submitted - (Yellow-billed Cuckoo)	59897	41927	37441	52418	36194	52179	74398	41102	41678	48624	53837	76087	56976	54668	55076	76371	79340	86336	77825	81085	50254	48580	46844	53571	38972	29594	25205	35269	26703	25923	27223	41839	32997	32680	32900	41544	33776	35375	32963	45315	35442	32219	29848	36480	32106	27980	31549	46285
	
Birds Per Party Hour
	Yellow-billed Cuckoo	0.0	0.0	0.0	0.0	0.0	0.0	0.0	0.0	0.0	0.0	0.0	0.0	0.0	2.0	0.0	0.23998080153587714	2.453800549164626	0.6510009074998369	0.9703017088215858	1.3147509154332668	2.0470399223183153	2.342762731082217	1.7559611461894113	2.7114802854238613	2.088490082678218	1.7470687118574	1.4192009532495378	1.4212771924207634	1.169757295542068	1.6264407236798257	1.4083850988778996	1.144080156039365	1.0527687688745146	0.6974547541810011	0.8955709437254142	0.6241238252045371	0.8514248871644036	0.6670766028892468	0.6672484158302427	1.0192311538921064	0.5418263771912556	0.0	0.0	0.0	0.0	0.0	0.2	0.0
	# checklists reporting species - (Yellow-billed Cuckoo)	0.0	0.0	0.0	0.0	0.0	0.0	0.0	0.0	0.0	0.0	0.0	0.0	0.0	1	0.0	1	83	394	897	1825	1409	1340	1097	1047	645	431	381	487	341	305	318	343	249	225	154	176	78	107	39	17	10	0.0	0.0	0	0.0	0.0	1	0.0
	
High Count
	Yellow-billed Cuckoo	0.0	0.0	0.0	0.0	0.0	0.0	0.0	0.0	0.0	0.0	0.0	0.0	0.0	1	0.0	1	3	5	10	15	7	11	9	13	8	7	5	7	5	6	5	15	6	6	3	2	8	5	2	1	1	0.0	0.0	1	0.0	0.0	1	0.0
	# checklists reporting species - (Yellow-billed Cuckoo)	0.0	0.0	0.0	0.0	0.0	0.0	0.0	0.0	0.0	0.0	0.0	0.0	0.0	1	0.0	2	96	510	1056	1968	1507	1431	1187	1117	694	459	405	513	366	315	335	376	274	233	171	189	90	114	42	21	10	0.0	0.0	1	0.0	0.0	1	0.0
	
Totals
	Yellow-billed Cuckoo	0.0	0.0	0.0	0.0	0.0	0.0	0.0	0.0	0.0	0.0	0.0	0.0	0.0	1	0.0	2	94	489	1254	2718	1985	2028	1620	1435	875	578	474	642	445	411	414	475	337	262	185	198	116	123	42	21	10	0.0	0.0	1	0.0	0.0	1	0.0
	# checklists reporting species - (Yellow-billed Cuckoo)	0.0	0.0	0.0	0.0	0.0	0.0	0.0	0.0	0.0	0.0	0.0	0.0	0.0	1	0.0	2	90	445	954	1910	1491	1404	1160	1099	685	455	397	507	361	313	332	358	265	231	167	186	90	114	41	21	10	0.0	0.0	1	0.0	0.0	1	0.0
	
Average Count
	Yellow-billed Cuckoo	0.0	0.0	0.0	0.0	0.0	0.0	0.0	0.0	0.0	0.0	0.0	0.0	0.0	1.0	0.0	1.0	1.0444444444444445	1.098876404494382	1.3144654088050314	1.4230366492146598	1.3313212608987257	1.4444444444444444	1.396551724137931	1.305732484076433	1.2773722627737227	1.2703296703296703	1.1939546599496222	1.2662721893491125	1.2326869806094183	1.3130990415335464	1.2469879518072289	1.3268156424581006	1.271698113207547	1.1341991341991342	1.1077844311377245	1.064516129032258	1.288888888888889	1.0789473684210527	1.024390243902439	1.0	1.0	0.0	0.0	1.0	0.0	0.0	1.0	0.0
	# checklists reporting species - (Yellow-billed Cuckoo)	0.0	0.0	0.0	0.0	0.0	0.0	0.0	0.0	0.0	0.0	0.0	0.0	0.0	1	0.0	2	90	445	954	1910	1491	1404	1160	1099	685	455	397	507	361	313	332	358	265	231	167	186	90	114	41	21	10	0.0	0.0	1	0.0	0.0	1	0.0
	
