

	Week starting on...	1/1	1/8	1/15	1/22	2/1	2/8	2/15	2/22	3/1	3/8	3/15	3/22	4/1	4/8	4/15	4/22	5/1	5/8	5/15	5/22	6/1	6/8	6/15	6/22	7/1	7/8	7/15	7/22	8/1	8/8	8/15	8/22	9/1	9/8	9/15	9/22	10/1	10/8	10/15	10/22	11/1	11/8	11/15	11/22	12/1	12/8	12/15	12/22
Frequency (%)
	Marbled Godwit	0.0	0.0	0.0	0.0	0.0	0.0	0.0	0.0	0.0	0.0	0.0	0.0	0.0	0.0	0.032682111990703755	0.13355854971127784	0.12730022687169146	0.05559673832468495	0.07709604882749758	0.11222790898439909	0.16317109085843912	0.1214491560312886	0.03629066689437281	0.014933452800955739	0.046187006055629684	0.047306886531053596	0.23804800634794684	0.2069806345515892	0.3145713964723065	0.47062454191258724	0.7603864379385079	0.6477210258371376	0.3182107464314938	0.09485924112607098	0.16109422492401215	0.09146928557673792	0.059213642823306496	0.014134275618374558	0.006067408913023693	0.004413549597263599	0.0	0.0	0.0	0.0	0.0	0.0	0.0	0.0
	Total # checklists submitted - (Marbled Godwit)	59897	41927	37441	52418	36194	52179	74398	41102	41678	48624	53837	76087	56976	54668	55076	76371	79340	86336	77825	81085	50254	48580	46844	53571	38972	29594	25205	35269	26703	25923	27223	41839	32997	32680	32900	41544	33776	35375	32963	45315	35442	32219	29848	36480	32106	27980	31549	46285
	
Abundance
	Marbled Godwit	0.0	0.0	0.0	0.0	0.0	0.0	0.0	0.0	0.0	0.0	0.0	0.0	0.0	0.0	3.2682111990703757E-4	0.00910031294601354	0.0038190068061507436	7.876204595997035E-4	0.0013234821715387085	0.0012702719368563853	0.0021888804871254028	0.001955537258130918	9.819827512594997E-4	3.173358720203095E-4	0.0017191830031817715	0.0012502534297492735	0.24630033723467565	0.24982279055260995	0.03808560835861139	0.019750800447479074	0.016677074532564375	0.011687659838906284	0.004030669454798921	0.0012239902080783353	0.0015501519756838905	8.665511265164644E-4	5.921364282330649E-4	2.2614840989399292E-4	6.067408913023693E-5	4.413549597263599E-5	0.0	0.0	0.0	0.0	0.0	0.0	0.0	0.0
	Total # checklists submitted - (Marbled Godwit)	59897	41927	37441	52418	36194	52179	74398	41102	41678	48624	53837	76087	56976	54668	55076	76371	79340	86336	77825	81085	50254	48580	46844	53571	38972	29594	25205	35269	26703	25923	27223	41839	32997	32680	32900	41544	33776	35375	32963	45315	35442	32219	29848	36480	32106	27980	31549	46285
	
Birds Per Party Hour
	Marbled Godwit	0.0	0.0	0.0	0.0	0.0	0.0	0.0	0.0	0.0	0.0	0.0	0.0	0.0	0.0	0.8933479355659145	17.823163553889092	3.8341895323996096	1.9851965177707298	2.0605217144358274	4.118160261205036	2.9067491909217114	12.668092758516114	20.459759969371024	3.9581346277308356	8.049000214649165	16.04820972046944	13.987581848710143	22.54332504281248	1.699936336801311	1.4057313841041912	2.5275806687201707	1.5413299541765064	1.5881803881295682	1.113368375923105	1.0469780340264137	1.4368405653595222	1.765960150045901	2.8444353444353445	0.43703703703703706	0.75	1.0	11.982035928143713	0.0	0.0	0.0	0.0	0.0	0.0
	# checklists reporting species - (Marbled Godwit)	0.0	0.0	0.0	0.0	0.0	0.0	0.0	0.0	0.0	0.0	0.0	0.0	0.0	1	22	122	120	61	92	109	101	70	18	12	16	16	59	76	84	128	237	320	124	34	68	46	23	6	3	4	1	2	0.0	0.0	0.0	0.0	0.0	0.0
	
High Count
	Marbled Godwit	0.0	0.0	0.0	0.0	0.0	0.0	0.0	0.0	0.0	0.0	0.0	0.0	0.0	6	11	25	21	3	15	4	9	14	7	4	26	12	801	1182	215	45	29	37	10	3	1	1	1	2	1	1	1	3	0.0	0.0	0.0	0.0	0.0	0.0
	# checklists reporting species - (Marbled Godwit)	0.0	0.0	0.0	0.0	0.0	0.0	0.0	0.0	0.0	0.0	0.0	0.0	0.0	1	23	128	149	75	104	132	116	75	20	15	20	16	60	77	84	134	247	324	127	35	82	57	24	8	4	4	1	2	0.0	0.0	0.0	0.0	0.0	0.0
	
Totals
	Marbled Godwit	0.0	0.0	0.0	0.0	0.0	0.0	0.0	0.0	0.0	0.0	0.0	0.0	0.0	6	34	898	380	95	152	149	155	124	51	25	69	39	6208	9316	1017	524	495	574	155	44	76	53	24	13	4	4	1	6	0.0	0.0	0.0	0.0	0.0	0.0
	# checklists reporting species - (Marbled Godwit)	0.0	0.0	0.0	0.0	0.0	0.0	0.0	0.0	0.0	0.0	0.0	0.0	0.0	1	23	127	144	71	101	130	113	75	20	15	20	16	59	77	84	134	243	324	127	35	76	53	24	8	4	4	1	2	0.0	0.0	0.0	0.0	0.0	0.0
	
Average Count
	Marbled Godwit	0.0	0.0	0.0	0.0	0.0	0.0	0.0	0.0	0.0	0.0	0.0	0.0	0.0	6.0	1.4782608695652173	7.070866141732283	2.638888888888889	1.3380281690140845	1.504950495049505	1.146153846153846	1.3716814159292035	1.6533333333333333	2.55	1.6666666666666667	3.45	2.4375	105.22033898305085	120.98701298701299	12.107142857142858	3.91044776119403	2.037037037037037	1.771604938271605	1.220472440944882	1.2571428571428571	1.0	1.0	1.0	1.625	1.0	1.0	1.0	3.0	0.0	0.0	0.0	0.0	0.0	0.0
	# checklists reporting species - (Marbled Godwit)	0.0	0.0	0.0	0.0	0.0	0.0	0.0	0.0	0.0	0.0	0.0	0.0	0.0	1	23	127	144	71	101	130	113	75	20	15	20	16	59	77	84	134	243	324	127	35	76	53	24	8	4	4	1	2	0.0	0.0	0.0	0.0	0.0	0.0
	
