

	Week starting on...	1/1	1/8	1/15	1/22	2/1	2/8	2/15	2/22	3/1	3/8	3/15	3/22	4/1	4/8	4/15	4/22	5/1	5/8	5/15	5/22	6/1	6/8	6/15	6/22	7/1	7/8	7/15	7/22	8/1	8/8	8/15	8/22	9/1	9/8	9/15	9/22	10/1	10/8	10/15	10/22	11/1	11/8	11/15	11/22	12/1	12/8	12/15	12/22
Frequency (%)
	Horned Lark	1.6528373708199076	1.2641018913826412	1.7307230041932642	2.285474455339769	3.0944355418025085	2.891968033116771	3.285034543939353	6.418179164030947	6.610202025049186	7.1569595261599215	4.994706242918439	3.631369353503226	2.881915192361696	2.7237140557547375	2.3331396615585738	2.1853845045894382	1.9687421225107133	2.0385470719051146	1.7141021522646964	1.9892705185916015	2.3003144028336053	2.904487443392343	2.6385449577320466	2.5853540161654625	1.8757056348147387	1.2299790498073935	0.9085498908946638	0.8307578893645978	0.7639591057184586	0.648073139682907	0.6354920471659993	0.8126389254045269	0.884928932933297	0.9424724602203182	1.243161094224924	2.2361833237049873	2.6764566556134533	2.8918727915194347	2.9366259139034674	3.23733862959285	3.0331245415044297	2.3309227474471585	1.882873224336639	1.343201754385965	0.8845698623310284	1.0686204431736954	1.8447494373831184	1.5188505995462893
	Total # checklists submitted - (Horned Lark)	59897	41927	37441	52418	36194	52179	74398	41102	41678	48624	53837	76087	56976	54668	55076	76371	79340	86336	77825	81085	50254	48580	46844	53571	38972	29594	25205	35269	26703	25923	27223	41839	32997	32680	32900	41544	33776	35375	32963	45315	35442	32219	29848	36480	32106	27980	31549	46285
	
Abundance
	Horned Lark	0.2761240128887924	0.16221050874138385	0.2810822360513875	0.3646075775496967	0.502928662209206	0.468981774277008	0.4376327320626899	0.6529852561919128	0.8368923652766448	0.5138820335636722	0.23370544421123018	0.145333631237925	0.09739188430216231	0.08696129362698471	0.08357542305178299	0.0644616411988844	0.05423493824048399	0.0540099147516679	0.0432637327336974	0.04413886662144663	0.045687905440362955	0.06527377521613832	0.05686960976859363	0.05420843366746934	0.04652057887714257	0.033452726904102184	0.030271771473913908	0.02574498851682781	0.03119499681683706	0.03880723681672646	0.04922308342210631	0.07571882693181003	0.147073976422099	0.2641370869033048	0.1202127659574468	0.21861159252840362	0.40466603505447657	0.29817667844522966	0.3131389740011528	0.6748538011695906	0.6485525647536821	0.4577423259567336	0.3992227284910212	0.2908991228070175	0.09886002616333396	0.1842744817726948	0.421534755459761	0.2800691368693961
	Total # checklists submitted - (Horned Lark)	59897	41927	37441	52418	36194	52179	74398	41102	41678	48624	53837	76087	56976	54668	55076	76371	79340	86336	77825	81085	50254	48580	46844	53571	38972	29594	25205	35269	26703	25923	27223	41839	32997	32680	32900	41544	33776	35375	32963	45315	35442	32219	29848	36480	32106	27980	31549	46285
	
Birds Per Party Hour
	Horned Lark	60.36620806281026	48.00475717670855	53.64922011895605	57.02110688078003	54.897537549321505	59.10508313615463	43.5198420654755	32.708207789738935	33.162567716364286	30.849973746033587	13.64994064518196	12.321542874011584	9.986244054257009	8.085097606864638	9.497010108606101	7.99241100240047	6.90017639794739	6.145728081716788	6.929407824528882	8.843119804413654	12.216505304172326	14.046899837369756	14.672006162870373	14.401606700552987	16.157438752834686	16.074829407416612	10.119368840353065	7.255090114816346	14.310293408762686	10.653567458787194	16.808427210583897	20.281578216606214	19.280270954316684	18.998906564709603	11.678006014333961	12.41678133181543	27.416322707066737	18.18896635176337	19.253827064624975	17.647274667065723	19.12259495207005	26.03091276499164	34.9342332438229	24.725005962853963	30.53401753694628	33.29590255804545	28.074486593851447	38.046303709420876
	# checklists reporting species - (Horned Lark)	1027	545	689	1357	1221	1617	2595	2844	2954	3521	2742	2746	1620	1474	1267	1670	1523	1676	1283	1632	1157	1435	1255	1402	744	364	233	297	196	172	170	345	293	314	407	948	911	1046	1015	1476	1105	782	579	535	304	312	625	745
	
High Count
	Horned Lark	250	200	500	500	400	350	500	600	1500	800	300	200	250	220	280	140	200	150	100	235	25	59	30	35	32	30	55	48	75	120	160	131	775	620	1200	400	2000	700	300	1500	3850	1200	2000	1615	300	270	850	550
	# checklists reporting species - (Horned Lark)	1162	654	781	1491	1351	1779	2816	3124	3209	3885	2989	3049	1825	1627	1435	1856	1793	2109	1513	1797	1259	1522	1344	1484	796	407	263	334	222	185	191	377	315	338	473	1042	999	1156	1089	1596	1181	824	627	568	335	357	671	826
	
Totals
	Horned Lark	19545	8524	12368	24244	22212	28093	37213	31323	40172	29343	13581	11860	6089	5056	5023	5477	4872	5225	3823	4098	2462	3358	2857	3066	1943	1120	869	1097	941	1139	1387	3468	5041	8853	4384	9769	14316	11399	11630	32347	26406	15511	16299	13967	4072	6296	15575	16538
	# checklists reporting species - (Horned Lark)	1123	623	754	1452	1303	1731	2745	3047	3129	3790	2891	2922	1732	1540	1354	1752	1610	1816	1353	1702	1205	1484	1300	1451	776	381	252	316	210	178	180	359	311	325	444	1007	964	1110	1064	1558	1149	806	608	557	323	341	658	804
	
Average Count
	Horned Lark	17.40427426536064	13.682182985553773	16.40318302387268	16.696969696969695	17.046815042210284	16.22934719815136	13.55664845173042	10.279947489333772	12.838606583573027	7.74221635883905	4.697682462815635	4.05886379192334	3.5155889145496535	3.2831168831168833	3.709748892171344	3.1261415525114153	3.026086956521739	2.877202643171806	2.8255728011825574	2.407755581668625	2.043153526970954	2.2628032345013476	2.1976923076923076	2.11302549965541	2.5038659793814433	2.9396325459317585	3.4484126984126986	3.471518987341772	4.480952380952381	6.398876404494382	7.705555555555556	9.66016713091922	16.209003215434084	27.24	9.873873873873874	9.701092353525322	14.850622406639005	10.26936936936937	10.930451127819548	20.761874197689345	22.98172323759791	19.244416873449133	26.807565789473685	25.0754039497307	12.606811145510836	18.4633431085044	23.670212765957448	20.569651741293534
	# checklists reporting species - (Horned Lark)	1123	623	754	1452	1303	1731	2745	3047	3129	3790	2891	2922	1732	1540	1354	1752	1610	1816	1353	1702	1205	1484	1300	1451	776	381	252	316	210	178	180	359	311	325	444	1007	964	1110	1064	1558	1149	806	608	557	323	341	658	804
	
