

	Week starting on...	1/1	1/8	1/15	1/22	2/1	2/8	2/15	2/22	3/1	3/8	3/15	3/22	4/1	4/8	4/15	4/22	5/1	5/8	5/15	5/22	6/1	6/8	6/15	6/22	7/1	7/8	7/15	7/22	8/1	8/8	8/15	8/22	9/1	9/8	9/15	9/22	10/1	10/8	10/15	10/22	11/1	11/8	11/15	11/22	12/1	12/8	12/15	12/22
Frequency (%)
	Ovenbird	0.0	0.011925489541345672	0.005341737667263161	0.0	0.0	0.0	0.0	0.0	0.0	0.0	0.0	0.0	0.0	0.0036584473549425628	0.009078364441862155	0.28806746016157964	6.57927905218049	13.513482209043737	17.42242210086733	16.333477215267926	19.04724002069487	20.234664470975712	20.29715651951157	19.07375259002072	16.81976803859181	11.367169020747449	6.276532434040864	2.194561796478494	1.2507957907351235	1.3000038575782125	1.704441097601293	2.9015989865914578	3.5094099463587596	2.891676866585067	1.8996960486322187	0.9820912767186597	0.4796305068687826	0.13851590106007067	0.0515729757607014	0.006620324395895399	0.0	0.012415034606908968	0.02680246582685607	0.0027412280701754384	0.0	0.014295925661186561	0.0	0.015123690180404017
	Total # checklists submitted - (Ovenbird)	59897	41927	37441	52418	36194	52179	74398	41102	41678	48624	53837	76087	56976	54668	55076	76371	79340	86336	77825	81085	50254	48580	46844	53571	38972	29594	25205	35269	26703	25923	27223	41839	32997	32680	32900	41544	33776	35375	32963	45315	35442	32219	29848	36480	32106	27980	31549	46285
	
Abundance
	Ovenbird	0.0	1.1925489541345673E-4	5.341737667263161E-5	0.0	0.0	0.0	0.0	0.0	0.0	0.0	0.0	0.0	0.0	3.6584473549425625E-5	9.078364441862155E-5	0.003273493865472496	0.12029241240231914	0.27410350259451444	0.4068743976871185	0.39900104828266636	0.447387272654913	0.45699876492383695	0.4190077704722056	0.3899124526329544	0.3432720927845633	0.2083530445360546	0.10140845070422536	0.028778814256145625	0.016290304460173013	0.017667708212784013	0.023068728648569226	0.04134898061617152	0.05076219050216686	0.0394124847001224	0.02370820668693009	0.011120739456961294	0.00565490288962577	0.0015265017667844523	6.067408913023693E-4	8.827099194527198E-5	0.0	1.2415034606908968E-4	2.680246582685607E-4	2.7412280701754386E-5	0.0	1.429592566118656E-4	0.0	1.5123690180404018E-4
	Total # checklists submitted - (Ovenbird)	59897	41927	37441	52418	36194	52179	74398	41102	41678	48624	53837	76087	56976	54668	55076	76371	79340	86336	77825	81085	50254	48580	46844	53571	38972	29594	25205	35269	26703	25923	27223	41839	32997	32680	32900	41544	33776	35375	32963	45315	35442	32219	29848	36480	32106	27980	31549	46285
	
Birds Per Party Hour
	Ovenbird	0.0	0.7249179255570205	0.6118721461187214	0.0	0.0	0.0	0.0	0.0	0.0	0.0	0.0	0.0	0.0	6.294366655812439	0.4	0.8303148197197335	1.4326252095646084	1.7342962852880655	2.5052286135808575	5.685882470215839	10.306198932570753	11.801298347785453	12.024565926470608	11.506633189088356	9.395747078622277	6.7597511677439055	2.4017846533736353	1.3859717113659493	1.3100466041303056	1.3444099079809415	1.1163919246732656	1.0397694530641204	1.0608587117132273	0.9151456858705584	0.962838426190298	0.9650208847209358	0.982052898543815	1.9646344227711092	1.303256475865025	0.4049366550490988	0.0	0.9125882307825354	7.369642439220752	1.0186965811965811	0.0	1.5665405585846224	0.0	3.791640008942717
	# checklists reporting species - (Ovenbird)	0.0	5	2	0.0	0.0	0.0	0	0.0	0.0	0.0	0.0	0.0	0.0	2	8	238	5320	11530	13428	13101	9536	9763	9539	10160	6595	3352	1556	771	339	353	501	1273	1220	1005	659	457	173	50	21	10	1	4	10	6	1	4	0	10
	
High Count
	Ovenbird	0.0	1	1	0.0	0.0	0.0	1	0.0	0.0	0.0	0.0	0.0	0.0	1	1	6	43	52	56	100	61	78	51	34	41	29	20	8	5	7	6	18	18	15	8	6	10	3	3	2	1	1	1	1	1	1	1	1
	# checklists reporting species - (Ovenbird)	0.0	6	2	0.0	0.0	0.0	1	0.0	0.0	0.0	0.0	0.0	0.0	2	10	275	5877	13068	14787	14414	10371	10463	10371	11392	7465	3775	1760	851	380	387	545	1380	1298	1073	713	486	189	61	24	10	1	4	10	7	1	6	2	10
	
Totals
	Ovenbird	0.0	6	2	0.0	0.0	0.0	1	0.0	0.0	0.0	0.0	0.0	0.0	2	10	308	10375	25634	33671	34186	23630	23019	20748	22268	14524	6659	2747	1084	480	514	731	1937	1863	1446	877	557	224	66	29	11	1	4	10	7	1	6	2	10
	# checklists reporting species - (Ovenbird)	0.0	6	2	0.0	0.0	0.0	1	0.0	0.0	0.0	0.0	0.0	0.0	2	10	264	5556	12000	13869	13595	9973	10149	10034	10963	7234	3631	1653	805	359	375	530	1339	1269	1045	695	477	189	61	24	10	1	4	10	7	1	6	2	10
	
Average Count
	Ovenbird	0.0	1.0	1.0	0.0	0.0	0.0	1.0	0.0	0.0	0.0	0.0	0.0	0.0	1.0	1.0	1.1666666666666667	1.867350611951044	2.1361666666666665	2.4277885932655563	2.5146009562339096	2.3693973729068487	2.268105232042566	2.0677695834163843	2.031195840554593	2.0077412220071884	1.833930046819058	1.661826981246219	1.346583850931677	1.3370473537604457	1.3706666666666667	1.379245283018868	1.4466019417475728	1.4680851063829787	1.383732057416268	1.2618705035971223	1.1677148846960168	1.1851851851851851	1.0819672131147542	1.2083333333333333	1.1	1.0	1.0	1.0	1.0	1.0	1.0	1.0	1.0
	# checklists reporting species - (Ovenbird)	0.0	6	2	0.0	0.0	0.0	1	0.0	0.0	0.0	0.0	0.0	0.0	2	10	264	5556	12000	13869	13595	9973	10149	10034	10963	7234	3631	1653	805	359	375	530	1339	1269	1045	695	477	189	61	24	10	1	4	10	7	1	6	2	10
	
