

	Week starting on...	1/1	1/8	1/15	1/22	2/1	2/8	2/15	2/22	3/1	3/8	3/15	3/22	4/1	4/8	4/15	4/22	5/1	5/8	5/15	5/22	6/1	6/8	6/15	6/22	7/1	7/8	7/15	7/22	8/1	8/8	8/15	8/22	9/1	9/8	9/15	9/22	10/1	10/8	10/15	10/22	11/1	11/8	11/15	11/22	12/1	12/8	12/15	12/22
Frequency (%)
	American Avocet	0.0	0.0	0.0	0.0	0.0	0.0	0.0	0.0	0.0	0.0	0.0	0.0	0.0	0.03658447354942562	0.0998620088604837	0.19902842702072776	0.3264431560373078	0.20964603409933283	0.1374879537423707	0.05426404390454461	0.007959565407728738	0.012350761630300534	0.023482196225770642	0.10640085120680964	0.010263779123473264	0.016895316618233427	0.015869867089863123	0.04253026737361422	0.15354080065910197	0.13887281564633724	0.0734672886897109	0.019120915891871218	0.02727520683698518	0.021419828641370868	0.0182370820668693	0.03610629693818602	0.011842728564661299	0.01696113074204947	0.0030337044565118465	0.23391812865497078	0.028215112013994695	0.021726310562090692	0.003350308228357009	0.008223684210526315	0.012458730455366598	0.0	0.0	0.0
	Total # checklists submitted - (American Avocet)	59897	41927	37441	52418	36194	52179	74398	41102	41678	48624	53837	76087	56976	54668	55076	76371	79340	86336	77825	81085	50254	48580	46844	53571	38972	29594	25205	35269	26703	25923	27223	41839	32997	32680	32900	41544	33776	35375	32963	45315	35442	32219	29848	36480	32106	27980	31549	46285
	
Abundance
	American Avocet	0.0	0.0	0.0	0.0	0.0	0.0	0.0	0.0	0.0	0.0	0.0	0.0	0.0	4.7559815614253313E-4	0.015832667586607597	0.03735711199277213	0.026443156037307788	0.0033242216456634546	0.0021201413427561835	7.769624468150706E-4	7.959565407728738E-5	1.2350761630300534E-4	2.3482196225770643E-4	0.0010640085120680964	1.0263779123473263E-4	1.6895316618233426E-4	6.347946835945249E-4	4.536561853185517E-4	0.0015354080065910197	0.002546001620182849	8.816074642765309E-4	3.585171729725854E-4	3.6366942449313574E-4	2.141982864137087E-4	1.82370820668693E-4	8.424802618910071E-4	1.1842728564661298E-4	3.1095406360424026E-4	3.0337044565118466E-5	0.006532053403950127	4.796569042379098E-4	2.1726310562090691E-4	3.350308228357009E-5	8.223684210526316E-5	1.2458730455366598E-4	0.0	0.0	0.0
	Total # checklists submitted - (American Avocet)	59897	41927	37441	52418	36194	52179	74398	41102	41678	48624	53837	76087	56976	54668	55076	76371	79340	86336	77825	81085	50254	48580	46844	53571	38972	29594	25205	35269	26703	25923	27223	41839	32997	32680	32900	41544	33776	35375	32963	45315	35442	32219	29848	36480	32106	27980	31549	46285
	
Birds Per Party Hour
	American Avocet	0.0	0.0	0.0	0.0	0.0	0.0	0.0	0.0	0.0	0.0	0.0	0.0	0.0	1.5458125847599593	29.610394256486973	35.491008392478754	16.334743274661488	2.6075226845522805	2.074653447188586	2.137006909829979	4.988369060853443	4.815058431925902	3.7765441925903227	2.128710464333961	7.7863754227826085	1.2136912010102376	3.372161618972373	1.5819080160278267	4.792738868866014	4.727680050332024	1.2930279410258676	1.8707599957720524	1.1804382895291987	4.3134008511379704	3.5342172797262617	3.3915249508179564	6.5410027302060065	1.9561441704281137	1.7	3.640990158244201	5.993906605533367	1.743658587561081	1.0	0.9333333333333333	1.7725808070281077	0.0	0.0	0.0
	# checklists reporting species - (American Avocet)	0.0	0.0	0.0	0.0	0.0	0.0	0.0	0.0	0.0	0.0	0.0	0.0	0.0	30	78	195	331	227	123	54	6	10	19	86	10	8	5	18	50	43	25	9	11	9	8	26	10	9	4	140	16	8	1	3	5	0.0	0.0	0.0
	
High Count
	American Avocet	0.0	0.0	0.0	0.0	0.0	0.0	0.0	0.0	0.0	0.0	0.0	0.0	0.0	2	36	47	36	8	4	4	1	1	1	1	2	2	4	2	2	6	10	8	3	1	8	11	2	5	2	14	8	2	1	1	1	0.0	0.0	0.0
	# checklists reporting species - (American Avocet)	0.0	0.0	0.0	0.0	0.0	0.0	0.0	0.0	0.0	0.0	0.0	0.0	0.0	34	80	201	355	250	136	57	7	22	20	90	11	9	7	20	51	45	28	15	12	16	11	30	14	10	4	143	20	9	4	5	9	0.0	0.0	0.0
	
Totals
	American Avocet	0.0	0.0	0.0	0.0	0.0	0.0	0.0	0.0	0.0	0.0	0.0	0.0	0.0	41	1296	3354	2717	419	214	80	7	21	20	90	12	10	19	22	53	76	41	21	14	16	17	51	13	15	6	368	55	10	4	5	8	0.0	0.0	0.0
	# checklists reporting species - (American Avocet)	0.0	0.0	0.0	0.0	0.0	0.0	0.0	0.0	0.0	0.0	0.0	0.0	0.0	34	79	201	346	243	133	57	7	21	20	90	11	9	7	20	51	45	28	14	11	16	10	29	12	10	4	143	20	9	4	5	8	0.0	0.0	0.0
	
Average Count
	American Avocet	0.0	0.0	0.0	0.0	0.0	0.0	0.0	0.0	0.0	0.0	0.0	0.0	0.0	1.2058823529411764	16.40506329113924	16.686567164179106	7.8526011560693645	1.7242798353909465	1.6090225563909775	1.4035087719298245	1.0	1.0	1.0	1.0	1.0909090909090908	1.1111111111111112	2.7142857142857144	1.1	1.0392156862745099	1.6888888888888889	1.4642857142857142	1.5	1.2727272727272727	1.0	1.7	1.7586206896551724	1.0833333333333333	1.5	1.5	2.5734265734265733	2.75	1.1111111111111112	1.0	1.0	1.0	0.0	0.0	0.0
	# checklists reporting species - (American Avocet)	0.0	0.0	0.0	0.0	0.0	0.0	0.0	0.0	0.0	0.0	0.0	0.0	0.0	34	79	201	346	243	133	57	7	21	20	90	11	9	7	20	51	45	28	14	11	16	10	29	12	10	4	143	20	9	4	5	8	0.0	0.0	0.0
	
