

	Week starting on...	1/1	1/8	1/15	1/22	2/1	2/8	2/15	2/22	3/1	3/8	3/15	3/22	4/1	4/8	4/15	4/22	5/1	5/8	5/15	5/22	6/1	6/8	6/15	6/22	7/1	7/8	7/15	7/22	8/1	8/8	8/15	8/22	9/1	9/8	9/15	9/22	10/1	10/8	10/15	10/22	11/1	11/8	11/15	11/22	12/1	12/8	12/15	12/22
Frequency (%)
	Baltimore Oriole	0.015025794280180976	0.014310587449614805	0.0026708688336315803	0.0	0.002762888876609383	0.005749439429655609	0.0	0.0	0.0023993473775133166	0.002056597564988483	0.0	0.0	0.0	0.0036584473549425628	0.0054470186651172925	0.6324390148092862	16.173430804134107	36.27339696071164	45.33376164471571	35.20009866189801	24.688582003422614	22.111980238781392	20.12851165570831	15.808926471411771	12.550035923226933	11.674663783199298	10.430470144812537	9.609005075278573	10.819009100101113	12.348107857886818	15.218748852073613	12.870766509715814	4.867109131133134	0.8537331701346389	0.1519756838905775	0.06499133448873484	0.020724774988157273	0.01696113074204947	0.03640445347814216	0.026481297583581597	0.01975057840979629	0.024830069213817935	0.02680246582685607	0.024671052631578948	0.04672023920762475	0.0035739814152966403	0.0348663983010555	0.017284217349033165
	Total # checklists submitted - (Baltimore Oriole)	59897	41927	37441	52418	36194	52179	74398	41102	41678	48624	53837	76087	56976	54668	55076	76371	79340	86336	77825	81085	50254	48580	46844	53571	38972	29594	25205	35269	26703	25923	27223	41839	32997	32680	32900	41544	33776	35375	32963	45315	35442	32219	29848	36480	32106	27980	31549	46285
	
Abundance
	Baltimore Oriole	1.5025794280180976E-4	1.4310587449614806E-4	2.6708688336315805E-5	0.0	2.762888876609383E-5	5.749439429655609E-5	0.0	0.0	2.3993473775133165E-5	2.056597564988483E-5	0.0	0.0	0.0	3.6584473549425625E-5	5.447018665117292E-5	0.011784577915700986	0.4591126796067557	1.7072252594514454	1.868114359139094	0.9717456989578837	0.5052931109961396	0.4356113627006999	0.3994108103492443	0.2950290268988819	0.2440470081083855	0.24295465297019667	0.21007736560206308	0.19345600952677988	0.23004905815825938	0.265517108359372	0.3557286118355802	0.28755467386887834	0.08079522380822499	0.010465116279069767	0.0016717325227963526	7.221259387637204E-4	2.0724774988157272E-4	1.696113074204947E-4	3.640445347814216E-4	2.64812975835816E-4	1.9750578409796288E-4	2.4830069213817936E-4	2.680246582685607E-4	2.467105263157895E-4	4.6720239207624745E-4	3.57398141529664E-5	3.48663983010555E-4	1.7284217349033165E-4
	Total # checklists submitted - (Baltimore Oriole)	59897	41927	37441	52418	36194	52179	74398	41102	41678	48624	53837	76087	56976	54668	55076	76371	79340	86336	77825	81085	50254	48580	46844	53571	38972	29594	25205	35269	26703	25923	27223	41839	32997	32680	32900	41544	33776	35375	32963	45315	35442	32219	29848	36480	32106	27980	31549	46285
	
Birds Per Party Hour
	Baltimore Oriole	1.6385427325682815	1.1082686095574446	0.125	0.0	1.0	0.2777777777777778	11.904761904761905	0.0	0.5	0.983284169124877	0.0	0.0	0.0	0.5833333333333334	0.0	1.8837562233790652	2.7000343869184213	3.664194278965742	3.7409650597338864	3.447994518863295	3.75364995178322	4.2624230515029415	4.192376993747737	4.450790899350827	3.543172056654752	3.1106238939411845	2.469982197870413	2.3976275999525742	2.3058471176069695	2.3760887330026286	2.318483733198954	2.1240289543840545	1.7603105430098456	0.9017098464385287	1.970680287256233	3.9612023556935623	5.164742600389716	1.3233323097116696	2.2039024958832663	1.6852909885631469	0.7594342094477295	4.134214625007914	0.7045737234475767	1.3913091930849244	1.858769486987794	4.0	0.9174127578513679	1.6764608249115887
	# checklists reporting species - (Baltimore Oriole)	10	7	1	0.0	1	3	1	0.0	1	1	0	0.0	0.0	2	0	564	13123	30673	35066	28546	12501	10719	9513	8505	4881	3452	2612	3386	2939	3225	4255	5466	1654	308	58	29	7	7	13	12	8	10	8	10	13	1	14	9
	
High Count
	Baltimore Oriole	1	1	1	0.0	1	1	1	0.0	1	1	1	0.0	0.0	1	1	60	450	950	785	111	32	30	33	20	30	16	16	25	35	27	84	40	28	5	4	3	1	1	1	1	1	1	1	1	1	1	1	1
	# checklists reporting species - (Baltimore Oriole)	11	7	1	0.0	1	3	1	0.0	1	1	1	0.0	0.0	4	5	637	14571	34697	38498	30787	13250	11408	10123	9097	5298	3738	2828	3655	3124	3477	4494	5787	1760	322	65	30	9	11	16	12	8	10	9	10	18	2	14	9
	
Totals
	Baltimore Oriole	11	7	1	0.0	1	3	1	0.0	1	1	1	0.0	0.0	4	5	1111	39798	157300	153512	83221	26623	22094	19712	16647	10148	7688	5636	7235	6552	7447	10432	12833	2945	392	73	33	9	11	16	12	8	10	9	10	18	2	14	9
	# checklists reporting species - (Baltimore Oriole)	11	7	1	0.0	1	3	1	0.0	1	1	1	0.0	0.0	4	5	622	13665	31758	35934	29238	12803	11004	9756	8764	5074	3599	2731	3545	3035	3361	4376	5643	1720	318	61	29	9	11	16	12	8	10	9	10	18	2	14	9
	
Average Count
	Baltimore Oriole	1.0	1.0	1.0	0.0	1.0	1.0	1.0	0.0	1.0	1.0	1.0	0.0	0.0	1.0	1.0	1.7861736334405145	2.912403951701427	4.953082687826689	4.272054321812211	2.846330118339148	2.0794345075372958	2.0078153398764087	2.02050020500205	1.899475125513464	2.0	2.136148930258405	2.0637129256682534	2.0409026798307477	2.1588138385502473	2.215709610235049	2.3839122486288846	2.2741449583554845	1.7122093023255813	1.2327044025157232	1.1967213114754098	1.1379310344827587	1.0	1.0	1.0	1.0	1.0	1.0	1.0	1.0	1.0	1.0	1.0	1.0
	# checklists reporting species - (Baltimore Oriole)	11	7	1	0.0	1	3	1	0.0	1	1	1	0.0	0.0	4	5	622	13665	31758	35934	29238	12803	11004	9756	8764	5074	3599	2731	3545	3035	3361	4376	5643	1720	318	61	29	9	11	16	12	8	10	9	10	18	2	14	9
	
