

	Week starting on...	1/1	1/8	1/15	1/22	2/1	2/8	2/15	2/22	3/1	3/8	3/15	3/22	4/1	4/8	4/15	4/22	5/1	5/8	5/15	5/22	6/1	6/8	6/15	6/22	7/1	7/8	7/15	7/22	8/1	8/8	8/15	8/22	9/1	9/8	9/15	9/22	10/1	10/8	10/15	10/22	11/1	11/8	11/15	11/22	12/1	12/8	12/15	12/22
Frequency (%)
	Broad-winged Hawk	0.0	0.0	0.0	0.0	0.0	0.0	0.0	0.0	0.0	0.0	0.0	0.0	0.010530749789385004	0.22499451232896758	1.116638826349045	3.130769532937895	3.871943534156794	2.531968124536694	2.6161259235464183	2.596041191342419	2.4276674493572648	2.284890901605599	2.245751857228247	2.148550521737507	2.7173355229395466	2.514023112793134	2.6701051378694705	2.186055743003771	1.9698161255289666	2.3106893492265557	2.5787018330088527	3.0139343674562014	3.394247961935933	5.003059975520196	4.644376899696049	2.286732139418448	0.8408337280909521	0.3901060070671378	0.19112338076024635	0.07944389275074479	0.022572089611195757	0.012415034606908968	0.0	0.0027412280701754384	0.0	0.0	0.0	0.0
	Total # checklists submitted - (Broad-winged Hawk)	59897	41927	37441	52418	36194	52179	74398	41102	41678	48624	53837	76087	56976	54668	55076	76371	79340	86336	77825	81085	50254	48580	46844	53571	38972	29594	25205	35269	26703	25923	27223	41839	32997	32680	32900	41544	33776	35375	32963	45315	35442	32219	29848	36480	32106	27980	31549	46285
	
Abundance
	Broad-winged Hawk	0.0	0.0	0.0	0.0	0.0	0.0	0.0	0.0	0.0	0.0	0.0	0.0	1.0530749789385004E-4	0.014688666130094388	0.09347084029341274	0.3774338426889788	0.19198386690194102	0.033775018532246105	0.040449726951493736	0.03665289511006968	0.030067258327695308	0.029888843145327294	0.027025873110750578	0.02467753075357936	0.03181771528276711	0.03024261674663783	0.03201745685379885	0.025858402563157447	0.023405609856570423	0.028931836592986922	0.036807111633545164	0.04859102751021774	0.14186138133769738	4.772796817625459	10.545866261398176	0.5255873290968611	0.12343083846518238	0.010968197879858657	0.003185389679337439	0.0011254551473022178	2.5393600812595224E-4	1.2415034606908968E-4	0.0	2.7412280701754386E-5	0.0	0.0	0.0	0.0
	Total # checklists submitted - (Broad-winged Hawk)	59897	41927	37441	52418	36194	52179	74398	41102	41678	48624	53837	76087	56976	54668	55076	76371	79340	86336	77825	81085	50254	48580	46844	53571	38972	29594	25205	35269	26703	25923	27223	41839	32997	32680	32900	41544	33776	35375	32963	45315	35442	32219	29848	36480	32106	27980	31549	46285
	
Birds Per Party Hour
	Broad-winged Hawk	0.0	0.0	0.0	0.0	0.0	0.0	0.0	0.0	0.0	0.0	0.0	0.0	1.8716519681824209	3.994138645976687	7.463498402703768	7.768084098568181	4.695338211599275	1.7685703627527078	1.6356116136053573	2.1300224015944944	2.74292987351292	2.8864031273885375	3.054857444981111	3.0989411352751595	2.683154072445536	2.637866323589213	2.3466199413106135	2.0958553426174547	1.517252613618056	2.0572906895926075	1.6768819842667246	2.33299342318792	2.927162032627113	43.2972705228709	87.74722025870591	19.134383251618047	6.299086086148369	1.3021991852757093	0.5322312751732577	0.4220707963030174	0.5319993260010292	0.24149788680170892	0.0	0.25	0.0	0.0	0.0	0.0
	# checklists reporting species - (Broad-winged Hawk)	0.0	0.0	0.0	0.0	0.0	0.0	0.0	0.0	0.0	0.0	0.0	0.0	6	133	674	2796	3324	2375	2150	2280	1315	1214	1134	1256	1185	812	762	855	600	700	793	1410	1284	1903	1831	1144	360	178	83	48	11	6	0.0	1	0.0	0.0	0.0	0.0
	
High Count
	Broad-winged Hawk	0.0	0.0	0.0	0.0	0.0	0.0	0.0	0.0	0.0	0.0	0.0	0.0	1	212	2664	5512	2200	146	80	109	16	40	50	4	11	6	5	5	4	8	30	110	769	20000	81814	4330	1447	55	10	12	2	1	0.0	1	0.0	0.0	0.0	0.0
	# checklists reporting species - (Broad-winged Hawk)	0.0	0.0	0.0	0.0	0.0	0.0	0.0	0.0	0.0	0.0	0.0	0.0	6	159	839	3159	3746	2686	2440	2572	1463	1355	1295	1466	1360	965	897	1027	708	810	913	1607	1442	2080	2031	1242	399	200	90	53	11	6	0.0	1	0.0	0.0	0.0	0.0
	
Totals
	Broad-winged Hawk	0.0	0.0	0.0	0.0	0.0	0.0	0.0	0.0	0.0	0.0	0.0	0.0	6	1095	17303	64573	19316	3693	3721	3641	1777	1744	1588	1665	1561	1140	1066	1198	827	976	1261	2640	7170	207235	504976	44262	7520	760	141	89	12	6	0.0	1	0.0	0.0	0.0	0.0
	# checklists reporting species - (Broad-winged Hawk)	0.0	0.0	0.0	0.0	0.0	0.0	0.0	0.0	0.0	0.0	0.0	0.0	6	158	812	3099	3618	2545	2318	2455	1401	1292	1236	1382	1313	921	847	974	679	774	892	1562	1396	2039	1989	1203	391	195	90	53	11	6	0.0	1	0.0	0.0	0.0	0.0
	
Average Count
	Broad-winged Hawk	0.0	0.0	0.0	0.0	0.0	0.0	0.0	0.0	0.0	0.0	0.0	0.0	1.0	6.930379746835443	21.309113300492612	20.836721523071958	5.33886124930901	1.4510805500982318	1.605263157894737	1.4830957230142565	1.2683797287651677	1.3498452012383901	1.284789644012945	1.2047756874095514	1.1888804265041888	1.237785016286645	1.2585596221959858	1.2299794661190966	1.2179675994108983	1.2609819121447028	1.413677130044843	1.6901408450704225	5.136103151862464	101.63560568906327	253.88436400201107	36.7930174563591	19.232736572890026	3.8974358974358974	1.5666666666666667	1.679245283018868	1.0909090909090908	1.0	0.0	1.0	0.0	0.0	0.0	0.0
	# checklists reporting species - (Broad-winged Hawk)	0.0	0.0	0.0	0.0	0.0	0.0	0.0	0.0	0.0	0.0	0.0	0.0	6	158	812	3099	3618	2545	2318	2455	1401	1292	1236	1382	1313	921	847	974	679	774	892	1562	1396	2039	1989	1203	391	195	90	53	11	6	0.0	1	0.0	0.0	0.0	0.0
	
