

	Week starting on...	1/1	1/8	1/15	1/22	2/1	2/8	2/15	2/22	3/1	3/8	3/15	3/22	4/1	4/8	4/15	4/22	5/1	5/8	5/15	5/22	6/1	6/8	6/15	6/22	7/1	7/8	7/15	7/22	8/1	8/8	8/15	8/22	9/1	9/8	9/15	9/22	10/1	10/8	10/15	10/22	11/1	11/8	11/15	11/22	12/1	12/8	12/15	12/22
Frequency (%)
	Canada Goose	24.51040953637077	23.175996374651177	20.89153601666622	20.372772711663934	19.73531524562082	15.155522336572183	14.773246592650342	28.52172643666975	32.71510149239407	44.774185587364265	50.13652320894552	51.96814173249044	52.4589300758214	50.856076681056564	49.38630256373012	49.35512170850192	46.44441643559365	42.99017790956264	41.79890780597494	38.00209656533268	28.3479921996259	20.13174145738987	14.24088463837418	11.629426368744284	12.059940470081083	16.712847198756506	21.829002182106723	25.95763985369588	27.68602778714002	27.612544844346722	28.964478565918522	31.09538946915557	36.670000303057854	42.481640146878824	45.73860182370821	46.938186019641826	44.45464234959734	44.081978798586576	42.05321117616722	40.39280591415646	40.09931719428926	38.589031316924796	36.02921468775127	33.390899122807014	33.47037936834237	30.271622587562547	27.221148055405877	24.73155449929783
	Total # checklists submitted - (Canada Goose)	59897	41927	37441	52418	36194	52179	74398	41102	41678	48624	53837	76087	56976	54668	55076	76371	79340	86336	77825	81085	50254	48580	46844	53571	38972	29594	25205	35269	26703	25923	27223	41839	32997	32680	32900	41544	33776	35375	32963	45315	35442	32219	29848	36480	32106	27980	31549	46285
	
Abundance
	Canada Goose	31.377781858857706	29.44126696400887	25.796185999305575	23.666774772024876	21.04605735757308	17.378447268058032	13.204051184171618	20.524281056882877	26.812682950237534	41.90397745969069	74.13024499879265	73.80802239541578	56.57125807357484	46.82276651788981	19.738869925194276	16.939780806850766	11.114141668767331	5.682137231282431	4.015676196594924	6.059086144169698	7.116667329963784	4.371778509674764	3.107954060285202	2.8630229041832336	3.170147798419378	4.642157194025816	6.827137472723666	7.469505798293119	8.979815002059693	9.527562396327586	9.356500018366821	10.831186213819642	13.399915143800952	15.876009791921664	20.219057750759877	39.125409204698634	40.30497986736144	46.94275618374558	48.053302187300915	53.735716650115855	58.565515490096494	71.39780874639187	67.03403913160011	56.46280153508772	51.58879960132062	46.493066476054324	38.260293511680246	31.777487306902884
	Total # checklists submitted - (Canada Goose)	59897	41927	37441	52418	36194	52179	74398	41102	41678	48624	53837	76087	56976	54668	55076	76371	79340	86336	77825	81085	50254	48580	46844	53571	38972	29594	25205	35269	26703	25923	27223	41839	32997	32680	32900	41544	33776	35375	32963	45315	35442	32219	29848	36480	32106	27980	31549	46285
	
Birds Per Party Hour
	Canada Goose	395.57903801458434	459.7678105350079	393.601124264587	339.6292052542675	323.0608453929325	349.12607236608477	238.82035687058004	249.01786072681165	266.63711389467295	295.50918721490757	411.8147359063501	441.3433422370194	296.6490795215125	220.3509328857565	108.4221336695629	98.56032877364932	49.006591353126396	20.85803437046043	15.258219963890896	30.628467098688702	48.94254177601947	41.91085862238637	47.136413251749445	43.59942557759258	48.15450042870692	52.47722520089434	48.12565210119666	43.35937506818275	46.006841850044566	50.45555059173698	54.6132158332732	62.38279413251701	53.89993564617342	72.0341471149764	90.67095545224254	171.74126159533182	211.74111661830455	254.40446599635771	301.37471354660784	333.6550509414585	388.5624187200527	501.12764030635987	541.8808046744452	463.1734861472943	446.45484821382377	473.87724367884044	303.6769135166447	321.2777298816268
	# checklists reporting species - (Canada Goose)	14102	9254	7326	9977	6645	7550	10690	11382	13378	21328	26382	38582	28819	26685	26046	36460	35179	35048	30622	29561	13764	9438	6391	6056	4561	4760	5317	8865	7189	6953	7555	12411	11520	13266	14071	18650	14433	14949	13297	17514	13605	11909	10243	11673	10215	8110	8389	11102
	
High Count
	Canada Goose	8000	12200	5000	6000	6500	3500	4700	10000	8500	20000	50000	50000	25000	100000	17000	25000	10000	10000	3000	1400	1500	800	850	1000	1000	1500	2385	2620	3000	1390	2838	5387	9000	4236	5000	20000	10000	13000	15000	100000	20000	50000	25000	21000	15000	20000	10000	19000
	# checklists reporting species - (Canada Goose)	15977	10473	8410	11468	7679	8499	11858	12732	14816	23530	29235	42627	32210	29975	29246	40249	39363	39885	34688	33157	15477	10628	7275	6862	5219	5396	6004	9954	8042	7861	8584	14092	13114	14942	16302	21197	16284	16774	14942	19801	15265	13376	11529	13105	11678	9131	9206	12355
	
Totals
	Canada Goose	2005259	1327589	1028119	1310455	823590	976045	1037468	897128	1188237	2195157	4248435	5960489	3407231	2769779	1177829	1396353	916389	520842	328121	528092	382986	226329	153979	162223	132537	144435	179194	277550	250083	259122	268636	476685	469496	549565	708508	1735164	1436323	1758786	1684246	2602865	2233911	2452624	2160965	2176530	1773862	1388138	1278205	1577139
	# checklists reporting species - (Canada Goose)	14623	9560	7628	10398	6904	7843	11063	11894	13887	22123	27209	39970	30054	27785	27074	37448	36081	35892	31307	30376	14228	9767	6611	6267	4760	4906	5503	9176	7411	7211	7821	12829	11945	13794	14980	19257	14980	15433	13780	18165	14034	12252	10630	12123	10666	8463	8658	11469
	
Average Count
	Canada Goose	137.1304793817958	138.86914225941422	134.7822496067121	126.02952490863628	119.29171494785632	124.44791533851843	93.77817951730995	75.42693795190853	85.56470079930871	99.2251050942458	156.14079900033076	149.12406805103828	113.37030012643908	99.68612560734209	43.50406293861269	37.28778572954497	25.398104265402843	14.511367435640254	10.480755102692688	17.385172504608903	26.917767781838627	23.17282686597727	23.291332627439118	25.885272059996808	27.84390756302521	29.440481043620057	32.56296565509722	30.247384481255448	33.7448387532047	35.934267091942864	34.34803733537911	37.156832177098764	39.304813729593974	39.84087284326519	47.296929238985314	90.1056239289609	95.88271028037383	113.96267737964102	122.22394775036284	143.29011835948253	159.17849508336897	200.1815213842638	203.2892756349953	179.53724325661966	166.30995687230453	164.0243412501477	147.63282513282513	137.51320952131834
	# checklists reporting species - (Canada Goose)	14623	9560	7628	10398	6904	7843	11063	11894	13887	22123	27209	39970	30054	27785	27074	37448	36081	35892	31307	30376	14228	9767	6611	6267	4760	4906	5503	9176	7411	7211	7821	12829	11945	13794	14980	19257	14980	15433	13780	18165	14034	12252	10630	12123	10666	8463	8658	11469
	
