

	Week starting on...	1/1	1/8	1/15	1/22	2/1	2/8	2/15	2/22	3/1	3/8	3/15	3/22	4/1	4/8	4/15	4/22	5/1	5/8	5/15	5/22	6/1	6/8	6/15	6/22	7/1	7/8	7/15	7/22	8/1	8/8	8/15	8/22	9/1	9/8	9/15	9/22	10/1	10/8	10/15	10/22	11/1	11/8	11/15	11/22	12/1	12/8	12/15	12/22
Frequency (%)
	Bobolink	0.0066781307911915454	0.0071552937248074025	0.0	0.0	0.0	0.0	0.0	0.0	0.0	0.0	0.0	0.0	0.0	0.0	0.010894037330234585	0.0877296355946629	2.09982354423998	4.841549295774648	7.879216190170253	9.179256335943762	9.662912404982688	9.540963359407163	8.58594483818632	7.216591066061861	4.31078723185877	3.0107454213691964	2.2495536599880976	1.8259661459071708	2.269407931693068	2.3994136481117154	3.350108364250817	3.439374746050336	2.351728945055611	0.850673194614443	0.3495440729483283	0.24792990564221065	0.06217432496447181	0.011307420494699646	0.0	0.006620324395895399	0.0	0.012415034606908968	0.0	0.0	0.0	0.0	0.0	0.004321054337258291
	Total # checklists submitted - (Bobolink)	59897	41927	37441	52418	36194	52179	74398	41102	41678	48624	53837	76087	56976	54668	55076	76371	79340	86336	77825	81085	50254	48580	46844	53571	38972	29594	25205	35269	26703	25923	27223	41839	32997	32680	32900	41544	33776	35375	32963	45315	35442	32219	29848	36480	32106	27980	31549	46285
	
Abundance
	Bobolink	6.678130791191546E-5	7.155293724807403E-5	0.0	0.0	0.0	0.0	0.0	0.0	0.0	0.0	0.0	0.0	0.0	0.0	1.2709710218607016E-4	0.0020033782456691674	0.055621376354928156	0.16849286508524833	0.2836749116607774	0.3291854227045693	0.33032196442074263	0.3458830794565665	0.311267184698147	0.25422336712027027	0.17448424509904548	0.14786781104277893	0.12755405673477485	0.12075760582948199	0.14402876081339175	0.16402422559117386	0.2702126878007567	0.3515141375271876	0.21850471254962572	0.06572827417380661	0.014164133738601824	0.012805699980743308	7.401705352913311E-4	1.1307420494699646E-4	0.0	6.6203243958954E-5	0.0	1.2415034606908968E-4	0.0	0.0	0.0	0.0	0.0	4.321054337258291E-5
	Total # checklists submitted - (Bobolink)	59897	41927	37441	52418	36194	52179	74398	41102	41678	48624	53837	76087	56976	54668	55076	76371	79340	86336	77825	81085	50254	48580	46844	53571	38972	29594	25205	35269	26703	25923	27223	41839	32997	32680	32900	41544	33776	35375	32963	45315	35442	32219	29848	36480	32106	27980	31549	46285
	
Birds Per Party Hour
	Bobolink	1.2916666666666667	1.88988988988989	0.0	0.0	0.0	0.0	0.0	0.0	0.0	0.0	0.0	0.0	0.0	0.0	1.8455491205491206	4.941774830749345	3.8214202706119407	5.274974688309229	6.703008576160477	9.939070662890712	12.178599279299757	13.748071893774563	15.814768648017747	15.202148536098397	14.012973272034447	14.154309059467812	8.032826986825395	12.718366842921547	9.294891262348042	9.306289008514046	9.104301465893895	13.450291111890756	8.011011477852948	8.48334788590718	4.319337712474376	4.5348620772665855	0.9033310273609155	0.20436507936507936	0.0	1.1471784189904308	0.0	0.43135147986077027	0.0	0.0	0.0	0.0	0.0	1.5
	# checklists reporting species - (Bobolink)	4	3	0.0	0.0	0.0	0.0	0.0	0.0	0.0	0.0	0.0	0.0	0.0	0.0	8	68	1723	4231	6140	7452	4895	4716	4189	3930	1700	898	572	670	606	629	922	1440	787	287	119	106	24	6	0.0	4	0.0	5	0.0	0.0	0.0	0.0	0.0	2
	
High Count
	Bobolink	1	1	0.0	0.0	0.0	0.0	0.0	0.0	0.0	0.0	0.0	0.0	0.0	0.0	7	14	108	200	140	91	85	118	150	100	320	110	85	330	150	275	300	1000	1150	150	75	201	5	1	0.0	1	0.0	1	0.0	0.0	0.0	0.0	0.0	1
	# checklists reporting species - (Bobolink)	5	3	0.0	0.0	0.0	0.0	0.0	0.0	0.0	0.0	0.0	0.0	0.0	0.0	11	86	1974	4872	6901	8412	5539	5301	4712	4372	1903	998	626	731	655	688	1002	1553	851	307	133	115	27	7	0.0	5	0.0	5	0.0	0.0	0.0	0.0	0.0	3
	
Totals
	Bobolink	5	3	0.0	0.0	0.0	0.0	0.0	0.0	0.0	0.0	0.0	0.0	0.0	0.0	19	194	5077	16047	24038	28805	17977	18081	16042	14715	7396	4798	3481	4964	4362	4833	8635	16164	8396	2220	526	562	33	7	0.0	5	0.0	5	0.0	0.0	0.0	0.0	0.0	3
	# checklists reporting species - (Bobolink)	5	3	0.0	0.0	0.0	0.0	0.0	0.0	0.0	0.0	0.0	0.0	0.0	0.0	11	85	1887	4505	6435	7844	5296	5083	4525	4199	1811	963	596	710	639	665	965	1504	833	304	130	113	25	7	0.0	5	0.0	5	0.0	0.0	0.0	0.0	0.0	3
	
Average Count
	Bobolink	1.0	1.0	0.0	0.0	0.0	0.0	0.0	0.0	0.0	0.0	0.0	0.0	0.0	0.0	1.7272727272727273	2.2823529411764705	2.6905140434552197	3.5620421753607103	3.7355089355089355	3.672233554309026	3.394448640483384	3.5571512886090892	3.545193370165746	3.504405810907359	4.083931529541689	4.982346832814122	5.840604026845638	6.9915492957746475	6.826291079812207	7.26766917293233	8.94818652849741	10.747340425531915	10.079231692677071	7.302631578947368	4.046153846153846	4.9734513274336285	1.32	1.0	0.0	1.0	0.0	1.0	0.0	0.0	0.0	0.0	0.0	1.0
	# checklists reporting species - (Bobolink)	5	3	0.0	0.0	0.0	0.0	0.0	0.0	0.0	0.0	0.0	0.0	0.0	0.0	11	85	1887	4505	6435	7844	5296	5083	4525	4199	1811	963	596	710	639	665	965	1504	833	304	130	113	25	7	0.0	5	0.0	5	0.0	0.0	0.0	0.0	0.0	3
	
