

	Week starting on...	1/1	1/8	1/15	1/22	2/1	2/8	2/15	2/22	3/1	3/8	3/15	3/22	4/1	4/8	4/15	4/22	5/1	5/8	5/15	5/22	6/1	6/8	6/15	6/22	7/1	7/8	7/15	7/22	8/1	8/8	8/15	8/22	9/1	9/8	9/15	9/22	10/1	10/8	10/15	10/22	11/1	11/8	11/15	11/22	12/1	12/8	12/15	12/22
Frequency (%)
	Piping Plover	0.0	0.0	0.0	0.0	0.0	0.0	0.0	0.0	0.0	0.0	0.0	0.0	0.0	0.010975342064827687	0.030866439102331323	0.07856385277133991	0.18275775144945802	0.27566716085989623	0.20301959524574364	0.40574705555898133	0.24475663628765867	0.19349526554137506	0.2860558449321151	0.22773515521457505	0.19757774812686033	0.246671622626208	0.18250347153342591	0.15027361138677026	0.12358162004269184	0.10801218994715119	0.09550747529662418	0.02629125935132293	0.003030578537442798	0.0	0.0	0.0	0.0	0.0	0.0	0.0	0.005643022402798939	0.0	0.0	0.005482456140350877	0.0	0.0	0.0	0.0
	Total # checklists submitted - (Piping Plover)	59897	41927	37441	52418	36194	52179	74398	41102	41678	48624	53837	76087	56976	54668	55076	76371	79340	86336	77825	81085	50254	48580	46844	53571	38972	29594	25205	35269	26703	25923	27223	41839	32997	32680	32900	41544	33776	35375	32963	45315	35442	32219	29848	36480	32106	27980	31549	46285
	
Abundance
	Piping Plover	0.0	0.0	0.0	0.0	0.0	0.0	0.0	0.0	0.0	0.0	0.0	0.0	0.0	1.0975342064827688E-4	3.2682111990703757E-4	0.0013224915216508884	0.0032140156289387446	0.0033589696071163826	0.0032894314166398973	0.0073133131898624896	0.004218569666096231	0.004610951008645533	0.009670395354794638	0.008530734912545967	0.008595915015908858	0.008819355274717848	0.007339813529061694	0.005273753154328164	0.00322061191626409	0.0013887281564633723	0.0015795467068287846	2.868137383780683E-4	6.061157074885596E-5	0.0	0.0	0.0	0.0	0.0	0.0	0.0	5.643022402798939E-5	0.0	0.0	5.482456140350877E-5	0.0	0.0	0.0	0.0
	Total # checklists submitted - (Piping Plover)	59897	41927	37441	52418	36194	52179	74398	41102	41678	48624	53837	76087	56976	54668	55076	76371	79340	86336	77825	81085	50254	48580	46844	53571	38972	29594	25205	35269	26703	25923	27223	41839	32997	32680	32900	41544	33776	35375	32963	45315	35442	32219	29848	36480	32106	27980	31549	46285
	
Birds Per Party Hour
	Piping Plover	0.0	0.0	0.0	0.0	0.0	0.0	0.0	0.0	0.0	0.0	0.0	0.0	0.0	2.6554906214329885	2.1670216108294076	2.4542838888429226	5.037076829196915	2.137086373908292	2.481835674782121	3.95967179395532	4.038496912318035	5.560222121108897	6.111926141015386	5.048785054353459	5.961039674906729	5.380287960156783	4.503840875024447	2.708051993302916	2.596225276415057	1.3872056155438268	2.95822526014162	2.9991456134009735	2.6666666666666665	0.0	0.0	1.249625187406297	0.0	0.0	0.0	0.0	0.25006251562890724	0.0	0.0	0.3	0.0	0.0	0.0	0.0
	# checklists reporting species - (Piping Plover)	0.0	0.0	0.0	0.0	0.0	0.0	0.0	0.0	0.0	0.0	0.0	0.0	0.0	6	24	74	206	294	203	432	158	124	162	151	100	97	60	69	43	34	35	13	1	0.0	0.0	2	0	1	0	0	3	1	0.0	4	0.0	0.0	0.0	0.0
	
High Count
	Piping Plover	0.0	0.0	0.0	0.0	0.0	0.0	0.0	0.0	0.0	0.0	0.0	0.0	0.0	1	15	15	15	15	15	15	15	15	15	15	15	15	15	15	15	15	2	2	2	0.0	0.0	1	1	1	1	1	1	1	0.0	1	0.0	0.0	0.0	0.0
	# checklists reporting species - (Piping Plover)	0.0	0.0	0.0	0.0	0.0	0.0	0.0	0.0	0.0	0.0	0.0	0.0	0.0	6	30	89	249	354	269	544	211	175	223	211	150	147	112	132	72	39	41	14	5	0.0	0.0	2	1	8	11	10	11	6	0.0	4	0.0	0.0	0.0	0.0
	
Totals
	Piping Plover	0.0	0.0	0.0	0.0	0.0	0.0	0.0	0.0	0.0	0.0	0.0	0.0	0.0	6	102	291	584	694	704	1320	642	665	980	1068	800	720	634	758	357	81	67	16	6	0.0	0.0	2	1	8	11	10	11	6	0.0	4	0.0	0.0	0.0	0.0
	# checklists reporting species - (Piping Plover)	0.0	0.0	0.0	0.0	0.0	0.0	0.0	0.0	0.0	0.0	0.0	0.0	0.0	6	29	89	246	348	265	538	210	173	219	210	146	146	112	132	72	39	41	14	5	0.0	0.0	2	1	8	11	10	11	6	0.0	4	0.0	0.0	0.0	0.0
	
Average Count
	Piping Plover	0.0	0.0	0.0	0.0	0.0	0.0	0.0	0.0	0.0	0.0	0.0	0.0	0.0	1.0	3.5172413793103448	3.269662921348315	2.3739837398373984	1.9942528735632183	2.6566037735849055	2.453531598513011	3.057142857142857	3.8439306358381504	4.474885844748859	5.085714285714285	5.47945205479452	4.931506849315069	5.660714285714286	5.742424242424242	4.958333333333333	2.076923076923077	1.6341463414634145	1.1428571428571428	1.2	0.0	0.0	1.0	1.0	1.0	1.0	1.0	1.0	1.0	0.0	1.0	0.0	0.0	0.0	0.0
	# checklists reporting species - (Piping Plover)	0.0	0.0	0.0	0.0	0.0	0.0	0.0	0.0	0.0	0.0	0.0	0.0	0.0	6	29	89	246	348	265	538	210	173	219	210	146	146	112	132	72	39	41	14	5	0.0	0.0	2	1	8	11	10	11	6	0.0	4	0.0	0.0	0.0	0.0
	
