

	Week starting on...	1/1	1/8	1/15	1/22	2/1	2/8	2/15	2/22	3/1	3/8	3/15	3/22	4/1	4/8	4/15	4/22	5/1	5/8	5/15	5/22	6/1	6/8	6/15	6/22	7/1	7/8	7/15	7/22	8/1	8/8	8/15	8/22	9/1	9/8	9/15	9/22	10/1	10/8	10/15	10/22	11/1	11/8	11/15	11/22	12/1	12/8	12/15	12/22
Frequency (%)
	Long-billed Dowitcher	0.0	0.0	0.0	0.0	0.0	0.0	0.0	0.0	0.0	0.0	0.0	0.0026285699265314708	0.0017551249648975007	0.0018292236774712814	0.003631345776744862	0.09558602087179689	0.3667759011847744	0.11582653817642699	0.023128814648249275	0.0012332737251032867	0.0	0.0	0.0	0.0	0.0	0.010137189970940055	0.047609601269589366	0.06237772548130086	0.04868366850166648	0.13887281564633724	0.09918083973110972	0.12189583881067902	0.6030851289511168	0.34577723378212977	0.33738601823708203	0.589736183323705	0.692799621032686	0.4438162544169611	0.5096623486939902	0.22950457905770716	0.06207324643078833	0.043452621124181384	0.0	0.0	0.0	0.0	0.0	0.0
	Total # checklists submitted - (Long-billed Dowitcher)	59897	41927	37441	52418	36194	52179	74398	41102	41678	48624	53837	76087	56976	54668	55076	76371	79340	86336	77825	81085	50254	48580	46844	53571	38972	29594	25205	35269	26703	25923	27223	41839	32997	32680	32900	41544	33776	35375	32963	45315	35442	32219	29848	36480	32106	27980	31549	46285
	
Abundance
	Long-billed Dowitcher	0.0	0.0	0.0	0.0	0.0	0.0	0.0	0.0	0.0	0.0	0.0	2.6285699265314706E-5	1.7551249648975007E-5	1.8292236774712813E-5	3.631345776744862E-5	0.0029330505034633565	0.021325938996722964	0.0028956634544106746	2.955348538387408E-4	0.0	0.0	0.0	0.0	0.0	0.0	1.0137189970940056E-4	6.347946835945249E-4	0.0018713317644390257	7.864284911807662E-4	0.0016201828492072676	0.0015428130624839291	0.0013145629675661464	0.006849107494620723	0.004865361077111383	0.005805471124620061	0.00970055844405931	0.011191378493604926	0.008113074204946997	0.010769650820617056	0.005494869248593181	9.028835844478302E-4	6.828269033799932E-4	0.0	0.0	0.0	0.0	0.0	0.0
	Total # checklists submitted - (Long-billed Dowitcher)	59897	41927	37441	52418	36194	52179	74398	41102	41678	48624	53837	76087	56976	54668	55076	76371	79340	86336	77825	81085	50254	48580	46844	53571	38972	29594	25205	35269	26703	25923	27223	41839	32997	32680	32900	41544	33776	35375	32963	45315	35442	32219	29848	36480	32106	27980	31549	46285
	
Birds Per Party Hour
	Long-billed Dowitcher	0.0	0.0	0.0	0.0	0.0	0.0	0.0	0.0	0.0	0.0	0.0	1.8303393213572854	1.5	0.0	0.25	4.588899104009823	14.842995532232862	4.388975525539248	1.6887557104018622	0.0	0.0	0.0	0.0	0.0	0.0	1.0455926421445894	0.994682380278993	0.903515532955061	1.2059167799756667	1.28494202001653	1.4060190073024605	1.5750600274949345	1.2561868258763371	2.2880769151658003	1.8939795135323994	2.0629205595880844	2.394872306311368	3.0801200129909176	2.8436500316231252	3.159401488971449	1.4002646653890003	1.0905281193867138	0.0	0.0	0.0	0.0	0.0	0.0
	# checklists reporting species - (Long-billed Dowitcher)	0.0	0.0	0.0	0.0	0.0	0.0	0.0	0.0	0.0	0.0	1	4	2	1	2	88	349	117	17	0	0.0	0.0	0.0	0.0	0.0	4	12	23	15	45	28	60	219	122	128	289	273	176	186	138	33	22	0.0	0.0	0.0	0.0	0.0	0.0
	
High Count
	Long-billed Dowitcher	0.0	0.0	0.0	0.0	0.0	0.0	0.0	0.0	0.0	0.0	1	1	1	1	1	27	27	19	5	1	0.0	0.0	0.0	0.0	0.0	1	3	12	5	4	5	4	2	4	7	8	8	15	14	23	8	3	0.0	0.0	0.0	0.0	0.0	0.0
	# checklists reporting species - (Long-billed Dowitcher)	0.0	0.0	0.0	0.0	0.0	0.0	0.0	0.0	0.0	0.0	1	4	2	1	3	94	372	139	28	1	0.0	0.0	0.0	0.0	0.0	4	12	23	19	46	31	65	234	133	145	328	295	199	199	150	35	23	0.0	0.0	0.0	0.0	0.0	0.0
	
Totals
	Long-billed Dowitcher	0.0	0.0	0.0	0.0	0.0	0.0	0.0	0.0	0.0	0.0	1	4	2	1	3	263	2067	313	30	0	0.0	0.0	0.0	0.0	0.0	4	16	69	36	58	55	74	267	180	240	539	502	385	448	377	76	36	0.0	0.0	0.0	0.0	0.0	0.0
	# checklists reporting species - (Long-billed Dowitcher)	0.0	0.0	0.0	0.0	0.0	0.0	0.0	0.0	0.0	0.0	1	4	2	1	3	94	363	129	22	0	0.0	0.0	0.0	0.0	0.0	4	12	23	19	46	31	65	230	129	144	319	284	194	199	149	34	23	0.0	0.0	0.0	0.0	0.0	0.0
	
Average Count
	Long-billed Dowitcher	0.0	0.0	0.0	0.0	0.0	0.0	0.0	0.0	0.0	0.0	1.0	1.0	1.0	1.0	1.0	2.797872340425532	5.694214876033058	2.4263565891472867	1.3636363636363635	0.0	0.0	0.0	0.0	0.0	0.0	1.0	1.3333333333333333	3.0	1.894736842105263	1.2608695652173914	1.7741935483870968	1.1384615384615384	1.1608695652173913	1.3953488372093024	1.6666666666666667	1.6896551724137931	1.767605633802817	1.9845360824742269	2.251256281407035	2.530201342281879	2.235294117647059	1.565217391304348	0.0	0.0	0.0	0.0	0.0	0.0
	# checklists reporting species - (Long-billed Dowitcher)	0.0	0.0	0.0	0.0	0.0	0.0	0.0	0.0	0.0	0.0	1	4	2	1	3	94	363	129	22	0	0.0	0.0	0.0	0.0	0.0	4	12	23	19	46	31	65	230	129	144	319	284	194	199	149	34	23	0.0	0.0	0.0	0.0	0.0	0.0
	
