

	Week starting on...	1/1	1/8	1/15	1/22	2/1	2/8	2/15	2/22	3/1	3/8	3/15	3/22	4/1	4/8	4/15	4/22	5/1	5/8	5/15	5/22	6/1	6/8	6/15	6/22	7/1	7/8	7/15	7/22	8/1	8/8	8/15	8/22	9/1	9/8	9/15	9/22	10/1	10/8	10/15	10/22	11/1	11/8	11/15	11/22	12/1	12/8	12/15	12/22
Frequency (%)
	Northern Saw-whet Owl	0.46913868808120607	0.3243733155246023	0.2750994898640528	0.26899156778205957	0.2901033320439852	0.16673374346001266	0.18548885722734484	0.4087392341005304	0.4726714333701233	0.31054623231326095	0.369634266396716	0.21685701893884632	0.2299213704015726	0.2451159727811517	0.19246132616747766	0.1793874638278928	0.07184270229392488	0.04053928836174945	0.06810150979762286	0.08139606585681693	0.06168663190989772	0.045286125977768626	0.05550337289727607	0.018666816001194676	0.015395668685209895	0.02027437994188011	0.007934933544931562	0.03118886274065043	0.03370407819346141	0.027003047486787796	0.018366822172427726	0.031071488324290734	0.05151983513652757	0.04895960832313342	0.0911854103343465	0.21423069516657037	0.2871861676930365	0.40141342756183745	0.4884264174984073	0.5185920776784729	0.44579876982111616	0.37555479685899623	0.20436880192977752	0.20833333333333334	0.1370460350090326	0.17869907076483202	0.25040413325303496	0.28735011342767636
	Total # checklists submitted - (Northern Saw-whet Owl)	59897	41927	37441	52418	36194	52179	74398	41102	41678	48624	53837	76087	56976	54668	55076	76371	79340	86336	77825	81085	50254	48580	46844	53571	38972	29594	25205	35269	26703	25923	27223	41839	32997	32680	32900	41544	33776	35375	32963	45315	35442	32219	29848	36480	32106	27980	31549	46285
	
Abundance
	Northern Saw-whet Owl	0.006494482194433778	0.004150070360388294	0.0032050426003578966	0.00314777366553474	0.0033154666519312594	0.001993139002280611	0.002500067206107691	0.006398715390978541	0.0072940160276404814	0.004627344521224087	0.004179281906495533	0.0024708557309395824	0.0030012636899747263	0.0033657715665471573	0.0022695911104655387	0.0022128818530594073	8.318628686664986E-4	3.9381022979985175E-4	7.966591712174751E-4	9.496207683295307E-4	7.163608866955864E-4	4.940304652120214E-4	5.336862778584237E-4	1.8666816001194675E-4	1.796161346607821E-4	2.3653443265526797E-4	7.934933544931561E-5	2.835351158240948E-4	4.4938770924615214E-4	3.8575782123982563E-4	2.2040186606913273E-4	3.585171729725854E-4	6.970330636118436E-4	0.0013769889840881274	0.003951367781155016	0.01877527440785673	0.017231170061582188	0.021908127208480566	0.01783818220428966	0.016903894957519584	0.011032108797471926	0.00962165182035445	0.0020771911015813457	0.0021655701754385963	0.0015573413069208248	0.0018227305218012867	0.0028527053155409047	0.0034784487414929242
	Total # checklists submitted - (Northern Saw-whet Owl)	59897	41927	37441	52418	36194	52179	74398	41102	41678	48624	53837	76087	56976	54668	55076	76371	79340	86336	77825	81085	50254	48580	46844	53571	38972	29594	25205	35269	26703	25923	27223	41839	32997	32680	32900	41544	33776	35375	32963	45315	35442	32219	29848	36480	32106	27980	31549	46285
	
Birds Per Party Hour
	Northern Saw-whet Owl	1.5986312406402121	1.3746017707718021	1.2381951463486374	1.992194012027749	1.250009675901947	1.7253492708310745	1.9715962174746207	2.9709930275729777	3.6910853600228117	2.4403898234870995	2.7530805161640752	2.73068642472826	6.355585420597517	2.9150800107298416	3.6209054086547567	2.5615546363457034	2.005239614508876	2.1167561871951532	2.6651864751127183	3.713225800311988	7.303846909176807	3.4665657932908323	4.654213776668462	8.095808494837215	2.97100224582239	2.5703645437606952	1.4900024512378751	2.016162291170237	0.7091159001277876	6.901998221269512	0.5299985000749963	0.8411493853292431	1.439829683812859	0.993849542977537	1.6656393863666887	3.2486127139312604	2.3337878830039345	1.7626838891107672	1.8414550428730234	2.2863661405955287	0.949496632008261	1.746852486877802	0.6835045316659533	1.8388454241054215	2.1621026470352946	0.8021084459140838	1.9739185160914725	1.293290252092984
	# checklists reporting species - (Northern Saw-whet Owl)	328	161	118	163	116	95	171	198	227	188	243	205	147	155	116	161	59	40	62	72	30	22	26	14	9	6	5	10	10	10	5	19	19	24	33	87	124	182	185	295	186	150	80	91	56	61	95	165
	
High Count
	Northern Saw-whet Owl	10	4	4	5	4	4	8	5	8	5	3	5	5	8	5	8	5	3	3	4	3	4	4	1	2	2	3	3	3	4	2	2	2	17	35	111	98	52	36	36	55	80	5	4	4	3	5	5
	# checklists reporting species - (Northern Saw-whet Owl)	371	193	150	204	147	126	213	218	248	225	277	249	174	198	137	177	79	51	73	94	43	28	37	17	9	9	6	17	12	10	7	21	21	27	39	104	148	223	218	350	241	177	96	104	69	78	114	192
	
Totals
	Northern Saw-whet Owl	497	237	171	232	162	148	282	324	368	302	306	273	219	263	165	211	92	50	82	103	46	34	34	17	10	9	9	18	15	14	8	24	26	68	167	810	702	940	739	1133	622	480	107	109	81	80	132	218
	# checklists reporting species - (Northern Saw-whet Owl)	362	189	144	199	142	123	208	218	247	223	275	243	172	191	136	174	73	48	71	88	40	27	28	17	9	8	5	16	12	10	7	21	20	25	36	100	142	213	209	341	228	174	93	102	69	73	114	184
	
Average Count
	Northern Saw-whet Owl	1.37292817679558	1.253968253968254	1.1875	1.1658291457286432	1.1408450704225352	1.2032520325203253	1.3557692307692308	1.4862385321100917	1.4898785425101215	1.3542600896860986	1.1127272727272728	1.123456790123457	1.2732558139534884	1.3769633507853403	1.213235294117647	1.2126436781609196	1.2602739726027397	1.0416666666666667	1.1549295774647887	1.1704545454545454	1.15	1.2592592592592593	1.2142857142857142	1.0	1.1111111111111112	1.125	1.8	1.125	1.25	1.4	1.1428571428571428	1.1428571428571428	1.3	2.72	4.638888888888889	8.1	4.943661971830986	4.413145539906103	3.535885167464115	3.3225806451612905	2.7280701754385963	2.7586206896551726	1.1505376344086022	1.0686274509803921	1.173913043478261	1.095890410958904	1.1578947368421053	1.184782608695652
	# checklists reporting species - (Northern Saw-whet Owl)	362	189	144	199	142	123	208	218	247	223	275	243	172	191	136	174	73	48	71	88	40	27	28	17	9	8	5	16	12	10	7	21	20	25	36	100	142	213	209	341	228	174	93	102	69	73	114	184
	
