

	Week starting on...	1/1	1/8	1/15	1/22	2/1	2/8	2/15	2/22	3/1	3/8	3/15	3/22	4/1	4/8	4/15	4/22	5/1	5/8	5/15	5/22	6/1	6/8	6/15	6/22	7/1	7/8	7/15	7/22	8/1	8/8	8/15	8/22	9/1	9/8	9/15	9/22	10/1	10/8	10/15	10/22	11/1	11/8	11/15	11/22	12/1	12/8	12/15	12/22
Frequency (%)
	Winter Wren	0.8197405546187623	0.7059889808476638	0.6890841590769478	0.6257392498759968	0.6244128861137205	0.4005442802660074	0.2889862630715879	0.3430490000486594	0.3359086328518643	0.36607436656795	0.48293924252837267	1.16182790752691	2.8661190676776185	5.205970586083266	5.675793449052219	5.682785350460253	5.475170153768591	3.837333209785026	3.6954706071313845	3.6763889745328973	5.320969475066661	6.272128447920955	7.309367261548971	7.841929402101884	9.011598070409525	5.663310130431844	3.9754017060107123	2.7502906234937194	1.5878365726697374	1.0569764301971223	0.6354920471659993	0.6740122851884606	0.8485619904839833	1.0342717258261933	1.9756838905775076	4.137781629116118	6.557910942681194	6.258657243816254	4.811455268027789	3.577181948582147	2.237458382709779	1.8156988112604362	1.3803269900830877	1.3788377192982455	1.5043917024855167	1.411722659042173	2.034929791752512	1.1839688884087718
	Total # checklists submitted - (Winter Wren)	59897	41927	37441	52418	36194	52179	74398	41102	41678	48624	53837	76087	56976	54668	55076	76371	79340	86336	77825	81085	50254	48580	46844	53571	38972	29594	25205	35269	26703	25923	27223	41839	32997	32680	32900	41544	33776	35375	32963	45315	35442	32219	29848	36480	32106	27980	31549	46285
	
Abundance
	Winter Wren	0.010000500859809339	0.008061630929949675	0.008066023877567373	0.007192185890343012	0.007515057744377521	0.004503727553230226	0.0033737466060915614	0.003892754610481242	0.003814962330246173	0.004113195129976966	0.005925293014098111	0.015679419611760222	0.04424670036506599	0.08785761322894564	0.09902679933183238	0.08796532715297692	0.07988404335770104	0.052469421793921424	0.05257950530035336	0.05195782203860147	0.07328769849166236	0.09261012762453685	0.10332166339339083	0.10557951130275708	0.13196654008005748	0.08555788335473406	0.06351914302717715	0.04082905667866965	0.020184997940306332	0.013347220614897968	0.008228336333247621	0.008939028179449795	0.010243355456556656	0.012576499388004895	0.02541033434650456	0.071105334103601	0.12440786357176693	0.11395053003533569	0.08363923186603162	0.05730994152046784	0.030867332543310196	0.023185077128402495	0.016919056553202895	0.01787280701754386	0.020992960817292718	0.019442458899213724	0.03353513582046975	0.015620611429188722
	Total # checklists submitted - (Winter Wren)	59897	41927	37441	52418	36194	52179	74398	41102	41678	48624	53837	76087	56976	54668	55076	76371	79340	86336	77825	81085	50254	48580	46844	53571	38972	29594	25205	35269	26703	25923	27223	41839	32997	32680	32900	41544	33776	35375	32963	45315	35442	32219	29848	36480	32106	27980	31549	46285
	
Birds Per Party Hour
	Winter Wren	1.4463030270900348	1.3679635517409368	1.6211804935387895	1.4942247854686166	1.413301518944818	1.3804736346080908	1.684611306447531	1.0419683954995176	1.157293959455791	1.1270068078831907	1.6047063060180389	1.689764953723069	1.6596331340365924	1.8519357668769465	1.8495707362370375	1.6078851590083638	1.492329953901087	1.340777481913332	1.6226345847911061	3.2979976999890295	7.605220403757949	8.71270904245477	10.640868209650026	9.857288085105344	10.0106278616971	7.173770127082645	2.481864009893713	1.6181467938749996	1.3819017934598754	1.177169993661506	0.9672696009707337	1.2157164360278114	1.0357601860144163	1.0437517739610973	1.058541151526832	1.2911183020499177	1.5208095913152195	1.4596892283037348	1.435434456058806	1.1839525220025835	1.035199639322593	1.1623800572805532	1.2184961916461654	1.4836743025456975	1.5242701979252584	1.285829763214297	1.179981289046987	1.2247455885588205
	# checklists reporting species - (Winter Wren)	509	308	275	342	232	217	216	148	147	182	268	931	1717	3001	3203	4524	4409	3322	2863	2926	2660	3029	3453	4219	3522	1704	1003	1001	441	281	175	290	285	346	654	1771	2324	2286	1659	1677	838	610	429	543	512	419	673	570
	
High Count
	Winter Wren	6	9	6	5	5	4	4	4	3	4	10	10	19	24	43	22	23	23	16	25	19	21	19	14	18	15	18	11	7	5	5	6	5	6	10	35	48	30	30	35	12	11	6	11	8	7	17	37
	# checklists reporting species - (Winter Wren)	531	318	292	361	240	226	224	155	151	185	290	995	1829	3193	3488	4804	4747	3652	3148	3216	2808	3239	3669	4532	3761	1827	1124	1114	485	305	195	308	308	376	733	1928	2480	2447	1760	1762	874	633	445	556	527	439	699	592
	
Totals
	Winter Wren	650	372	335	412	289	252	261	178	170	206	351	1329	2846	5346	5994	7314	6831	4934	4406	4465	3819	4696	5114	5982	5454	2718	1749	1599	607	388	246	405	370	457	950	3336	4662	4447	3054	2840	1181	804	548	726	725	604	1138	843
	# checklists reporting species - (Winter Wren)	528	313	290	359	240	223	224	155	151	184	286	985	1803	3121	3379	4673	4564	3459	2977	3039	2725	3130	3551	4379	3669	1766	1050	1051	465	299	190	302	300	368	716	1885	2435	2401	1732	1737	864	631	442	554	525	435	692	590
	
Average Count
	Winter Wren	1.231060606060606	1.1884984025559104	1.1551724137931034	1.1476323119777159	1.2041666666666666	1.1300448430493273	1.1651785714285714	1.1483870967741936	1.1258278145695364	1.1195652173913044	1.2272727272727273	1.349238578680203	1.5784803105934553	1.712912528035886	1.7738976028410773	1.5651615664455383	1.4967134092900964	1.4264238219138479	1.4800134363453141	1.4692333004277722	1.4014678899082569	1.5003194888178915	1.440157702055759	1.3660653117150034	1.4865085854456255	1.5390713476783693	1.6657142857142857	1.521408182683159	1.3053763440860215	1.2976588628762542	1.2947368421052632	1.3410596026490067	1.2333333333333334	1.2418478260869565	1.3268156424581006	1.7697612732095491	1.9145790554414786	1.8521449396084964	1.7632794457274827	1.6350028785261945	1.3668981481481481	1.2741679873217115	1.239819004524887	1.3104693140794224	1.380952380952381	1.3885057471264368	1.6445086705202312	1.428813559322034
	# checklists reporting species - (Winter Wren)	528	313	290	359	240	223	224	155	151	184	286	985	1803	3121	3379	4673	4564	3459	2977	3039	2725	3130	3551	4379	3669	1766	1050	1051	465	299	190	302	300	368	716	1885	2435	2401	1732	1737	864	631	442	554	525	435	692	590
	
