

	Week starting on...	1/1	1/8	1/15	1/22	2/1	2/8	2/15	2/22	3/1	3/8	3/15	3/22	4/1	4/8	4/15	4/22	5/1	5/8	5/15	5/22	6/1	6/8	6/15	6/22	7/1	7/8	7/15	7/22	8/1	8/8	8/15	8/22	9/1	9/8	9/15	9/22	10/1	10/8	10/15	10/22	11/1	11/8	11/15	11/22	12/1	12/8	12/15	12/22
Frequency (%)
	Sora	0.0016695326977978864	0.0	0.0026708688336315803	0.0	0.0	0.0	0.0	0.0	0.0	0.0	0.0	0.014457134595923087	0.02808199943836001	0.1536547889075876	0.48115331541869416	1.0776341805135456	1.8212755230652886	1.7744625648628614	1.9402505621586894	1.8190787445273477	1.2576113344211406	1.0127624536846438	0.8176073776791051	0.6682720128427694	0.7261623729857334	0.9664121105629521	1.0751834953382267	1.2957554793161135	1.400591693817174	1.0762643212591134	0.9367079307938141	0.7504959487559454	0.8606843046337546	0.700734394124847	0.5835866261398176	0.6691700365877142	0.45002368545712934	0.29116607773851594	0.12438188271698572	0.052962595167163194	0.016929067208396816	0.0	0.0	0.0	0.0	0.0	0.009509017718469681	0.004321054337258291
	Total # checklists submitted - (Sora)	59897	41927	37441	52418	36194	52179	74398	41102	41678	48624	53837	76087	56976	54668	55076	76371	79340	86336	77825	81085	50254	48580	46844	53571	38972	29594	25205	35269	26703	25923	27223	41839	32997	32680	32900	41544	33776	35375	32963	45315	35442	32219	29848	36480	32106	27980	31549	46285
	
Abundance
	Sora	1.6695326977978864E-5	0.0	2.6708688336315805E-5	0.0	0.0	0.0	0.0	0.0	0.0	0.0	0.0	1.5771419559188824E-4	3.5102499297950013E-4	0.0019206848613448453	0.006009877260512746	0.01564730067695853	0.028447189311822534	0.027103409933283914	0.03077417282364279	0.0273170130110378	0.019122855892068292	0.01475916014820914	0.012530953804115789	0.011424091392731142	0.01064867084060351	0.01716564168412516	0.01860741916286451	0.02520627179676203	0.024566528105456314	0.01701191991667631	0.014473055871873048	0.011424747245393054	0.01572870260932812	0.012056303549571603	0.011306990881458966	0.012348353552859619	0.007431312174324965	0.003901060070671378	0.0015168522282559232	8.385744234800838E-4	1.6929067208396818E-4	0.0	0.0	0.0	0.0	0.0	9.509017718469682E-5	4.321054337258291E-5
	Total # checklists submitted - (Sora)	59897	41927	37441	52418	36194	52179	74398	41102	41678	48624	53837	76087	56976	54668	55076	76371	79340	86336	77825	81085	50254	48580	46844	53571	38972	29594	25205	35269	26703	25923	27223	41839	32997	32680	32900	41544	33776	35375	32963	45315	35442	32219	29848	36480	32106	27980	31549	46285
	
Birds Per Party Hour
	Sora	0.2585983966899405	0.0	0.6666666666666666	0.0	0.0	0.0	0.0	0.0	0.0	0.0	0.0	1.3209111479251021	1.8573539114591768	2.2863806156436937	2.343701414742022	2.2583466589478562	1.862144779653804	2.441960635379438	2.4024988998004315	2.5401589118339496	2.6263016015378597	2.914878209703257	3.143909707863863	3.0420148014743025	2.4626294271098756	2.555540690764998	2.0708813485640607	1.3545718373248328	1.1855370177834055	1.055906270502731	1.0948000475680395	1.1956745292909239	1.7637641543246902	1.6291431552394715	1.683680488112317	1.3603968999119855	1.1943235673093842	1.432341340945144	0.820799039604602	2.631433559018373	1.4893959270364818	0.0	0.0	0.0	0.0	0.0	1.3390430512732672	0.20638297872340425
	# checklists reporting species - (Sora)	1	0.0	1	0.0	0.0	0.0	0.0	0.0	0.0	0.0	0.0	11	17	89	277	892	1525	1580	1554	1509	653	511	404	371	284	294	283	477	379	289	268	340	291	242	204	292	166	105	44	25	4	0	0.0	0.0	0.0	1	3	2
	
High Count
	Sora	1	0.0	1	0.0	0.0	0.0	0.0	0.0	0.0	0.0	0.0	2	2	4	4	9	23	14	12	14	21	10	9	24	6	11	11	11	12	9	12	50	14	30	30	25	19	9	6	7	1	1	0.0	0.0	0.0	1	1	1
	# checklists reporting species - (Sora)	1	0.0	1	0.0	0.0	0.0	0.0	0.0	0.0	0.0	0.0	12	17	97	298	951	1644	1747	1711	1655	726	562	459	412	323	328	301	497	393	300	301	373	322	274	222	315	176	114	44	25	9	1	0.0	0.0	0.0	1	4	2
	
Totals
	Sora	1	0.0	1	0.0	0.0	0.0	0.0	0.0	0.0	0.0	0.0	13	21	121	367	1358	2514	2593	2628	2416	1064	802	666	671	472	562	519	949	680	467	477	622	583	526	457	599	306	151	58	39	9	1	0.0	0.0	0.0	1	4	2
	# checklists reporting species - (Sora)	1	0.0	1	0.0	0.0	0.0	0.0	0.0	0.0	0.0	0.0	12	17	95	295	935	1592	1660	1632	1576	705	551	437	396	309	322	296	487	387	297	287	361	309	270	214	310	173	110	44	25	9	1	0.0	0.0	0.0	1	4	2
	
Average Count
	Sora	1.0	0.0	1.0	0.0	0.0	0.0	0.0	0.0	0.0	0.0	0.0	1.0833333333333333	1.2352941176470589	1.2736842105263158	1.2440677966101694	1.4524064171122995	1.579145728643216	1.5620481927710843	1.6102941176470589	1.532994923857868	1.5092198581560283	1.455535390199637	1.5240274599542334	1.6944444444444444	1.5275080906148868	1.7453416149068324	1.7533783783783783	1.948665297741273	1.7571059431524547	1.5723905723905724	1.6620209059233448	1.7229916897506925	1.8867313915857604	1.9481481481481482	2.135514018691589	1.9322580645161291	1.76878612716763	1.3727272727272728	1.3181818181818181	1.56	1.0	1.0	0.0	0.0	0.0	1.0	1.0	1.0
	# checklists reporting species - (Sora)	1	0.0	1	0.0	0.0	0.0	0.0	0.0	0.0	0.0	0.0	12	17	95	295	935	1592	1660	1632	1576	705	551	437	396	309	322	296	487	387	297	287	361	309	270	214	310	173	110	44	25	9	1	0.0	0.0	0.0	1	4	2
	
