

	Week starting on...	1/1	1/8	1/15	1/22	2/1	2/8	2/15	2/22	3/1	3/8	3/15	3/22	4/1	4/8	4/15	4/22	5/1	5/8	5/15	5/22	6/1	6/8	6/15	6/22	7/1	7/8	7/15	7/22	8/1	8/8	8/15	8/22	9/1	9/8	9/15	9/22	10/1	10/8	10/15	10/22	11/1	11/8	11/15	11/22	12/1	12/8	12/15	12/22
Frequency (%)
	Olive-sided Flycatcher	0.0	0.0	0.0	0.0	0.0	0.0	0.0	0.0	0.0	0.0	0.0	0.0	0.0	0.0	0.0	0.0	0.036551550289891606	0.23628613787991104	0.6681657565049791	1.1469445643460565	0.9730568710948382	0.9592424866200082	0.7492955341132269	0.5357376192342872	0.46187006055629687	0.31087382577549505	0.325332275342194	0.2892058181405767	0.36699996255102424	0.8988157234887937	1.4840392315321602	1.9455531919978966	1.4274024911355578	0.7313341493268054	0.3100303951367781	0.07461968033891778	0.014803410705826624	0.005653710247349823	0.0	0.0	0.0	0.0	0.0	0.0	0.0	0.0	0.0	0.0
	Total # checklists submitted - (Olive-sided Flycatcher)	59897	41927	37441	52418	36194	52179	74398	41102	41678	48624	53837	76087	56976	54668	55076	76371	79340	86336	77825	81085	50254	48580	46844	53571	38972	29594	25205	35269	26703	25923	27223	41839	32997	32680	32900	41544	33776	35375	32963	45315	35442	32219	29848	36480	32106	27980	31549	46285
	
Abundance
	Olive-sided Flycatcher	0.0	0.0	0.0	0.0	0.0	0.0	0.0	0.0	0.0	0.0	0.0	0.0	0.0	0.0	0.0	0.0	3.6551550289891605E-4	0.002339696071163825	0.006681657565049791	0.012419066411790096	0.010765312213953118	0.010765747221078634	0.008197421227905389	0.005525377536353624	0.004900954531458483	0.003953504088666622	0.004086490775639754	0.0041112591794493746	0.004793468898625622	0.01099409790533503	0.017338280130771773	0.022371471593489328	0.015395338970209413	0.007558139534883721	0.0031914893617021275	7.461968033891777E-4	1.4803410705826624E-4	5.653710247349823E-5	0.0	0.0	0.0	0.0	0.0	0.0	0.0	0.0	0.0	0.0
	Total # checklists submitted - (Olive-sided Flycatcher)	59897	41927	37441	52418	36194	52179	74398	41102	41678	48624	53837	76087	56976	54668	55076	76371	79340	86336	77825	81085	50254	48580	46844	53571	38972	29594	25205	35269	26703	25923	27223	41839	32997	32680	32900	41544	33776	35375	32963	45315	35442	32219	29848	36480	32106	27980	31549	46285
	
Birds Per Party Hour
	Olive-sided Flycatcher	0.0	0.0	0.0	0.0	0.0	0.0	0.0	0.0	0.0	0.0	0.0	0.0	0.0	0.0	0.0	0.0	1.0678927837478205	0.7036764503024976	0.8890044313210649	1.806982521633914	4.402380982955533	7.057541748289291	9.113292513187483	8.14948009246566	7.722980232512373	4.8517812218412555	2.0287443030174095	1.6397029110589325	0.9026801843345449	1.5302055343446317	1.3406636952471633	1.2319824344337902	1.0740472544949584	1.1301693506779338	0.812964297776258	2.7131198241474617	0.9622348350090072	0.22549019607843138	0.0	0.0	0.0	0.0	0.0	0.0	0.0	0.0	0.0	0.0
	# checklists reporting species - (Olive-sided Flycatcher)	0.0	0.0	0.0	0.0	0.0	0.0	0.0	0.0	0.0	0.0	0.0	0.0	0.0	0.0	0.0	1	30	213	541	1026	516	468	360	297	188	94	90	106	112	256	438	883	492	260	103	33	7	2	0.0	0.0	0.0	0.0	0.0	0.0	0.0	0.0	0.0	0.0
	
High Count
	Olive-sided Flycatcher	0.0	0.0	0.0	0.0	0.0	0.0	0.0	0.0	0.0	0.0	0.0	0.0	0.0	0.0	0.0	1	1	3	2	5	3	6	4	3	3	3	4	5	7	5	6	5	4	2	2	1	1	1	0.0	0.0	0.0	0.0	0.0	0.0	0.0	0.0	0.0	0.0
	# checklists reporting species - (Olive-sided Flycatcher)	0.0	0.0	0.0	0.0	0.0	0.0	0.0	0.0	0.0	0.0	0.0	0.0	0.0	0.0	0.0	1	33	261	640	1138	573	525	396	326	204	104	100	120	134	279	480	972	539	279	114	36	7	2	0.0	0.0	0.0	0.0	0.0	0.0	0.0	0.0	0.0	0.0
	
Totals
	Olive-sided Flycatcher	0.0	0.0	0.0	0.0	0.0	0.0	0.0	0.0	0.0	0.0	0.0	0.0	0.0	0.0	0.0	1	32	251	632	1206	617	582	429	324	215	128	122	164	174	340	565	1114	584	285	116	36	7	2	0.0	0.0	0.0	0.0	0.0	0.0	0.0	0.0	0.0	0.0
	# checklists reporting species - (Olive-sided Flycatcher)	0.0	0.0	0.0	0.0	0.0	0.0	0.0	0.0	0.0	0.0	0.0	0.0	0.0	0.0	0.0	1	32	237	598	1096	540	500	377	306	195	101	96	115	129	277	478	955	528	277	110	36	7	2	0.0	0.0	0.0	0.0	0.0	0.0	0.0	0.0	0.0	0.0
	
Average Count
	Olive-sided Flycatcher	0.0	0.0	0.0	0.0	0.0	0.0	0.0	0.0	0.0	0.0	0.0	0.0	0.0	0.0	0.0	1.0	1.0	1.0590717299578059	1.0568561872909699	1.1003649635036497	1.1425925925925926	1.164	1.1379310344827587	1.0588235294117647	1.1025641025641026	1.2673267326732673	1.2708333333333333	1.4260869565217391	1.3488372093023255	1.227436823104693	1.1820083682008369	1.1664921465968587	1.106060606060606	1.0288808664259927	1.0545454545454545	1.0	1.0	1.0	0.0	0.0	0.0	0.0	0.0	0.0	0.0	0.0	0.0	0.0
	# checklists reporting species - (Olive-sided Flycatcher)	0.0	0.0	0.0	0.0	0.0	0.0	0.0	0.0	0.0	0.0	0.0	0.0	0.0	0.0	0.0	1	32	237	598	1096	540	500	377	306	195	101	96	115	129	277	478	955	528	277	110	36	7	2	0.0	0.0	0.0	0.0	0.0	0.0	0.0	0.0	0.0	0.0
	
