

	Week starting on...	1/1	1/8	1/15	1/22	2/1	2/8	2/15	2/22	3/1	3/8	3/15	3/22	4/1	4/8	4/15	4/22	5/1	5/8	5/15	5/22	6/1	6/8	6/15	6/22	7/1	7/8	7/15	7/22	8/1	8/8	8/15	8/22	9/1	9/8	9/15	9/22	10/1	10/8	10/15	10/22	11/1	11/8	11/15	11/22	12/1	12/8	12/15	12/22
Frequency (%)
	Alder Flycatcher	0.0	0.0	0.0	0.0	0.0	0.0	0.0	0.0	0.0	0.0	0.0	0.0	0.0	0.0	0.0	0.002618795092377997	0.022687169145449965	0.27566716085989623	1.635721169290074	8.218536104088301	10.651888406892985	10.030876904075752	7.819571343181623	5.1800414403315225	3.88484039823463	2.8181388119213353	3.6064272961713946	4.87396864101619	4.130622027487548	2.4341318520232997	1.4987326892701025	0.8030784674585912	0.38791405279267815	0.2294981640146879	0.0486322188449848	0.016849605237820142	0.0	0.0	0.0	0.0	0.0	0.0	0.0	0.0	0.0	0.0	0.0	0.0
	Total # checklists submitted - (Alder Flycatcher)	59897	41927	37441	52418	36194	52179	74398	41102	41678	48624	53837	76087	56976	54668	55076	76371	79340	86336	77825	81085	50254	48580	46844	53571	38972	29594	25205	35269	26703	25923	27223	41839	32997	32680	32900	41544	33776	35375	32963	45315	35442	32219	29848	36480	32106	27980	31549	46285
	
Abundance
	Alder Flycatcher	0.0	0.0	0.0	0.0	0.0	0.0	0.0	0.0	0.0	0.0	0.0	0.0	0.0	0.0	0.0	2.6187950923779967E-5	2.5207965717166626E-4	0.002733506300963677	0.021702537744940572	0.15045939446260098	0.20426234727583875	0.17853025936599423	0.12802066433267867	0.0747232644527823	0.05388484039823463	0.04092045684936136	0.058083713548899026	0.10244123734724546	0.09414672508706887	0.05311885198472399	0.026484957572640782	0.012332990750256937	0.00463678516228748	0.0027539779681762548	5.167173252279636E-4	1.6849605237820143E-4	0.0	0.0	0.0	0.0	0.0	0.0	0.0	0.0	0.0	0.0	0.0	0.0
	Total # checklists submitted - (Alder Flycatcher)	59897	41927	37441	52418	36194	52179	74398	41102	41678	48624	53837	76087	56976	54668	55076	76371	79340	86336	77825	81085	50254	48580	46844	53571	38972	29594	25205	35269	26703	25923	27223	41839	32997	32680	32900	41544	33776	35375	32963	45315	35442	32219	29848	36480	32106	27980	31549	46285
	
Birds Per Party Hour
	Alder Flycatcher	0.0	0.0	0.0	0.0	0.0	0.0	0.0	0.0	0.0	0.0	0.0	0.0	0.0	0.0	0.0	0.4583333333333333	1.8335643440976979	0.9719126891058424	1.6617608936001178	3.2675407392054576	6.236305638587032	7.929541449831069	8.473522366303275	8.411655971295898	8.43111924967151	5.194438146657635	2.835483919583166	3.1849191688851266	2.9417692288750223	2.352907218651906	1.4477201938678605	1.0667747981290783	1.0264941152673839	1.1545637320736248	1.62662819008148	0.7511901831855321	0.0	0.0	0.0	0.0	0.0	0.0	0.0	0.0	0.0	0.0	0.0	0.0
	# checklists reporting species - (Alder Flycatcher)	0.0	0.0	0.0	0.0	0.0	0.0	0.0	0.0	0.0	0.0	0.0	0.0	0.0	0.0	0.0	2	21	231	1322	6828	5420	4889	3696	2781	1505	814	898	1746	1142	666	428	358	138	83	17	6	0.0	0.0	0.0	0.0	0.0	0.0	0.0	0.0	0.0	0.0	0.0	0.0
	
High Count
	Alder Flycatcher	0.0	0.0	0.0	0.0	0.0	0.0	0.0	0.0	0.0	0.0	0.0	0.0	0.0	0.0	0.0	1	2	4	12	30	31	27	21	24	14	15	15	16	19	25	21	13	4	3	2	1	0.0	0.0	0.0	0.0	0.0	0.0	0.0	0.0	0.0	0.0	0.0	0.0
	# checklists reporting species - (Alder Flycatcher)	0.0	0.0	0.0	0.0	0.0	0.0	0.0	0.0	0.0	0.0	0.0	0.0	0.0	0.0	0.0	2	26	294	1483	7376	5792	5227	3942	2996	1616	873	974	1864	1192	692	443	381	143	87	18	8	0.0	0.0	0.0	0.0	0.0	0.0	0.0	0.0	0.0	0.0	0.0	0.0
	
Totals
	Alder Flycatcher	0.0	0.0	0.0	0.0	0.0	0.0	0.0	0.0	0.0	0.0	0.0	0.0	0.0	0.0	0.0	2	26	282	1913	13151	10955	9114	6317	4242	2212	1244	1539	3800	2718	1561	901	623	175	106	19	8	0.0	0.0	0.0	0.0	0.0	0.0	0.0	0.0	0.0	0.0	0.0	0.0
	# checklists reporting species - (Alder Flycatcher)	0.0	0.0	0.0	0.0	0.0	0.0	0.0	0.0	0.0	0.0	0.0	0.0	0.0	0.0	0.0	2	22	253	1400	7078	5558	5059	3795	2886	1558	843	929	1800	1171	677	436	370	142	85	18	8	0.0	0.0	0.0	0.0	0.0	0.0	0.0	0.0	0.0	0.0	0.0	0.0
	
Average Count
	Alder Flycatcher	0.0	0.0	0.0	0.0	0.0	0.0	0.0	0.0	0.0	0.0	0.0	0.0	0.0	0.0	0.0	1.0	1.1818181818181819	1.1146245059288538	1.3664285714285713	1.8580107374964678	1.9710327455919396	1.8015418066811624	1.664558629776021	1.4698544698544698	1.4197689345314506	1.4756820877817318	1.6566200215285254	2.111111111111111	2.3210930828351835	2.3057607090103396	2.06651376146789	1.6837837837837837	1.232394366197183	1.2470588235294118	1.0555555555555556	1.0	0.0	0.0	0.0	0.0	0.0	0.0	0.0	0.0	0.0	0.0	0.0	0.0
	# checklists reporting species - (Alder Flycatcher)	0.0	0.0	0.0	0.0	0.0	0.0	0.0	0.0	0.0	0.0	0.0	0.0	0.0	0.0	0.0	2	22	253	1400	7078	5558	5059	3795	2886	1558	843	929	1800	1171	677	436	370	142	85	18	8	0.0	0.0	0.0	0.0	0.0	0.0	0.0	0.0	0.0	0.0	0.0	0.0
	
