

	Week starting on...	1/1	1/8	1/15	1/22	2/1	2/8	2/15	2/22	3/1	3/8	3/15	3/22	4/1	4/8	4/15	4/22	5/1	5/8	5/15	5/22	6/1	6/8	6/15	6/22	7/1	7/8	7/15	7/22	8/1	8/8	8/15	8/22	9/1	9/8	9/15	9/22	10/1	10/8	10/15	10/22	11/1	11/8	11/15	11/22	12/1	12/8	12/15	12/22
Frequency (%)
	American Redstart	0.0	0.0	0.0	0.0	0.0	0.0	0.0	0.0	0.0	0.0	0.0	0.0	0.0	0.0036584473549425628	0.0	0.037972528839480955	3.329972271237711	15.123471089696071	29.714102152264697	25.106986495652713	18.768655231424365	16.87731576780568	15.773631628383573	14.79905172574714	13.863799651031512	11.607082516726363	10.013886133703629	7.697978394624175	7.920458375463431	9.011302704162327	11.75843955478823	16.15717392863118	18.61987453404855	16.99204406364749	10.240121580547113	5.979202772963605	2.137612505921364	0.6247349823321555	0.24876376543397144	0.07723711795211298	0.04232266802099204	0.024830069213817935	0.020101849370142054	0.0	0.0031146826138416495	0.0	0.0	0.0
	Total # checklists submitted - (American Redstart)	59897	41927	37441	52418	36194	52179	74398	41102	41678	48624	53837	76087	56976	54668	55076	76371	79340	86336	77825	81085	50254	48580	46844	53571	38972	29594	25205	35269	26703	25923	27223	41839	32997	32680	32900	41544	33776	35375	32963	45315	35442	32219	29848	36480	32106	27980	31549	46285
	
Abundance
	American Redstart	0.0	0.0	0.0	0.0	0.0	0.0	0.0	0.0	0.0	0.0	0.0	0.0	0.0	3.6584473549425625E-5	0.0	4.582891411661495E-4	0.07040584824804638	0.3705754262416605	0.9579826533890138	0.8073379786643645	0.48565288335256895	0.39359818855496087	0.3564170438049697	0.3284426275410203	0.32466899312326797	0.27748868013786576	0.22570918468557827	0.18055516175678357	0.19304947009699286	0.25193843305173014	0.3064320611247842	0.4433423360978991	0.528320756432403	0.433078335373317	0.20364741641337386	0.10841517427305988	0.03170890573188063	0.007632508833922262	0.0026393228771653065	7.944389275074479E-4	4.232266802099204E-4	2.1726310562090691E-4	2.0101849370142053E-4	0.0	3.1146826138416496E-5	0.0	0.0	0.0
	Total # checklists submitted - (American Redstart)	59897	41927	37441	52418	36194	52179	74398	41102	41678	48624	53837	76087	56976	54668	55076	76371	79340	86336	77825	81085	50254	48580	46844	53571	38972	29594	25205	35269	26703	25923	27223	41839	32997	32680	32900	41544	33776	35375	32963	45315	35442	32219	29848	36480	32106	27980	31549	46285
	
Birds Per Party Hour
	American Redstart	0.0	0.0	0.0	0.0	0.0	0.0	0.0	0.0	0.0	0.0	0.0	0.0	0.0	0.7222222222222222	0.0	0.7176569689837757	1.2730645389486672	1.5606784980476138	2.6436957530064373	3.9525178853694922	5.279493440704108	5.974044803511115	6.585326287202341	6.43093683614399	5.789231217285518	4.586133393167894	3.2228765428480335	2.48511632050966	2.2951462706719985	2.5117186747104947	2.2631780085693958	2.1580908324967476	2.1495186338023773	1.9681541780025882	1.4904084190342337	1.3981385362844383	1.2879860908856056	0.8207692086144744	2.235232187983278	0.6663990840694336	0.9674230127473309	1.1718557957969422	0.8461713145186367	0.0	0.0	0.0	0.0	0.0
	# checklists reporting species - (American Redstart)	0.0	0.0	0.0	0.0	0.0	0.0	0.0	0.0	0.0	0.0	0.0	0.0	0.0	2	0.0	33	2591	12608	23321	20645	9561	8195	7411	7965	5467	3467	2515	2766	2164	2430	3309	6994	6353	5752	3516	2570	756	234	90	40	17	9	8	0.0	0	0.0	0.0	0.0
	
High Count
	American Redstart	0.0	0.0	0.0	0.0	0.0	0.0	0.0	0.0	0.0	0.0	0.0	0.0	0.0	1	0.0	3	155	200	85	70	73	51	61	41	60	40	36	50	40	43	45	50	70	40	45	34	15	6	3	3	1	1	1	0.0	1	0.0	0.0	0.0
	# checklists reporting species - (American Redstart)	0.0	0.0	0.0	0.0	0.0	0.0	0.0	0.0	0.0	0.0	0.0	0.0	0.0	2	0.0	34	2946	14619	25443	22353	10253	8827	8070	8767	5978	3781	2722	2957	2284	2558	3497	7383	6679	6060	3704	2713	802	254	96	48	21	11	8	0.0	1	0.0	0.0	0.0
	
Totals
	American Redstart	0.0	0.0	0.0	0.0	0.0	0.0	0.0	0.0	0.0	0.0	0.0	0.0	0.0	2	0.0	42	5990	34918	79691	69863	25956	20011	17668	18681	13540	8744	6024	6820	5576	7011	9101	20043	18727	15378	7509	4897	1204	308	101	49	21	10	8	0.0	1	0.0	0.0	0.0
	# checklists reporting species - (American Redstart)	0.0	0.0	0.0	0.0	0.0	0.0	0.0	0.0	0.0	0.0	0.0	0.0	0.0	2	0.0	34	2700	13133	23906	21239	9834	8502	7734	8386	5729	3638	2572	2863	2219	2493	3406	7215	6517	5905	3613	2648	789	250	96	47	21	10	8	0.0	1	0.0	0.0	0.0
	
Average Count
	American Redstart	0.0	0.0	0.0	0.0	0.0	0.0	0.0	0.0	0.0	0.0	0.0	0.0	0.0	1.0	0.0	1.2352941176470589	2.2185185185185183	2.658798446661083	3.333514598845478	3.289373322661142	2.6394142769981697	2.3536814867090095	2.2844582363589345	2.2276413069401384	2.3634142084133356	2.4035184167124792	2.3421461897356144	2.3821166608452673	2.5128436232537177	2.812274368231047	2.6720493247210806	2.777962577962578	2.8735614546570507	2.604233700254022	2.0783282590644894	1.8493202416918428	1.525982256020279	1.232	1.0520833333333333	1.0425531914893618	1.0	1.0	1.0	0.0	1.0	0.0	0.0	0.0
	# checklists reporting species - (American Redstart)	0.0	0.0	0.0	0.0	0.0	0.0	0.0	0.0	0.0	0.0	0.0	0.0	0.0	2	0.0	34	2700	13133	23906	21239	9834	8502	7734	8386	5729	3638	2572	2863	2219	2493	3406	7215	6517	5905	3613	2648	789	250	96	47	21	10	8	0.0	1	0.0	0.0	0.0
	
