

	Week starting on...	1/1	1/8	1/15	1/22	2/1	2/8	2/15	2/22	3/1	3/8	3/15	3/22	4/1	4/8	4/15	4/22	5/1	5/8	5/15	5/22	6/1	6/8	6/15	6/22	7/1	7/8	7/15	7/22	8/1	8/8	8/15	8/22	9/1	9/8	9/15	9/22	10/1	10/8	10/15	10/22	11/1	11/8	11/15	11/22	12/1	12/8	12/15	12/22
Frequency (%)
	Purple Finch	1.4925622318313105	1.5479285424666682	2.190112443577896	2.457171200732573	2.8568270984141018	2.324690009390751	3.03099545686712	3.311274390540606	3.0807620327270984	2.9923494570582427	2.6171592027787582	3.3080552525398557	3.268042684639146	4.232823589668545	6.260440119108142	7.193830118762358	8.101840181497353	6.990131578947369	6.224221008673306	5.304310291669236	4.968758705774665	5.3046521202140795	5.0849628554350605	5.144574489929253	5.511649389305142	5.335540988038115	5.4711366792303116	5.29360061243585	5.9543871475115155	5.701500597924623	5.48433310068692	4.902124811778484	4.606479376913053	4.892900856793146	5.148936170212766	5.401502021952628	6.347702510658455	6.69399293286219	6.42235233443558	6.2208981573430435	4.249195869307601	3.1068624103789686	2.201152506030555	1.8037280701754386	1.4016071762287423	1.4653323802716227	1.7528289327712447	1.9077454898995354
	Total # checklists submitted - (Purple Finch)	59897	41927	37441	52418	36194	52179	74398	41102	41678	48624	53837	76087	56976	54668	55076	76371	79340	86336	77825	81085	50254	48580	46844	53571	38972	29594	25205	35269	26703	25923	27223	41839	32997	32680	32900	41544	33776	35375	32963	45315	35442	32219	29848	36480	32106	27980	31549	46285
	
Abundance
	Purple Finch	0.06997011536470941	0.056145204760655425	0.08885980609492268	0.11358693578541722	0.14894733933801182	0.13340615956610896	0.15513857899405897	0.17278964527273613	0.1448486011804789	0.11516946363935505	0.09227854449542136	0.11714221877587498	0.10339441168211176	0.12091168508085169	0.1785895853003123	0.20960835919393486	0.24770607511973783	0.21205522609340252	0.18068743976871185	0.1225874082752667	0.09678831535798145	0.09884726224783862	0.09087609939373238	0.09693677549420396	0.11274761367135379	0.13127661012367373	0.12830787542154334	0.13853525759165272	0.15672396359959556	0.1531072792500868	0.14399588583183337	0.13214942995769496	0.1149195381398309	0.11979804161566708	0.13911854103343466	0.14651935297515886	0.19330293699668405	0.21961837455830388	0.2365682735187938	0.3130530729339071	0.13111562552903336	0.08159781495390918	0.05849638166711337	0.04638157894736842	0.03251728648850682	0.04546104360257327	0.06643633712637484	0.08544884951928271
	Total # checklists submitted - (Purple Finch)	59897	41927	37441	52418	36194	52179	74398	41102	41678	48624	53837	76087	56976	54668	55076	76371	79340	86336	77825	81085	50254	48580	46844	53571	38972	29594	25205	35269	26703	25923	27223	41839	32997	32680	32900	41544	33776	35375	32963	45315	35442	32219	29848	36480	32106	27980	31549	46285
	
Birds Per Party Hour
	Purple Finch	10.413094462935769	8.837156988628744	10.04250235696441	11.5038190946464	10.112915951040366	12.039402591441783	9.553367463436524	11.594780686805144	7.900657791910008	8.237479068147941	8.300816945845938	8.688856777283416	6.593519179842112	4.883292419695318	4.750048289345595	5.383010074516896	4.807284658779839	5.454697666844688	4.774527211349558	4.022376209650635	4.337239515123483	4.3184858957511265	5.244224439508879	5.439483744844256	4.829774980478871	5.050868374280571	3.9591704961608527	3.6803451251660424	3.3231652540040884	3.2304016440261494	3.7427259174308083	3.63389425446718	2.82942584930239	2.6110731375142877	2.7692830471508567	3.246961617275293	3.225910731513728	3.6264553445613545	3.8869064370079056	3.8310609817106465	2.9287364841833305	3.0482176432402555	4.03696308977958	4.515666099425405	5.582172368646469	4.737246266287714	6.6666939403256205	6.375263253954439
	# checklists reporting species - (Purple Finch)	911	667	835	1311	1041	1219	2297	1373	1316	1506	1456	2565	1865	2307	3496	5594	6610	6162	4873	4276	2482	2541	2312	2648	2113	1558	1373	1843	1570	1449	1480	2039	1505	1620	1707	2281	2188	2396	2176	2926	1525	1012	669	672	464	422	556	909
	
High Count
	Purple Finch	80	64	70	120	300	252	104	110	75	72	50	103	100	110	130	142	160	120	250	55	80	60	20	30	30	50	40	30	66	35	225	30	68	27	62	59	100	312	180	600	133	80	120	27	19	34	50	170
	# checklists reporting species - (Purple Finch)	1011	739	941	1445	1138	1309	2393	1471	1409	1610	1577	2800	2087	2641	3946	6200	7180	6686	5351	4792	2768	2832	2645	3067	2402	1762	1555	2074	1755	1615	1642	2232	1650	1758	1841	2458	2336	2605	2381	3172	1659	1101	740	719	512	479	614	1003
	
Totals
	Purple Finch	4692	2908	3876	6731	6253	7562	12183	7572	6567	6239	5499	10187	6439	7375	11246	18776	22198	20714	15561	11352	5353	5242	4634	5646	4763	4194	3534	5308	4574	4248	4397	5889	4015	4245	4850	6596	7189	8595	8837	16018	5169	2901	2035	1851	1217	1500	2376	4460
	# checklists reporting species - (Purple Finch)	996	730	931	1425	1122	1294	2366	1456	1397	1581	1557	2747	2042	2553	3819	5999	6960	6425	5096	4501	2625	2697	2478	2850	2271	1677	1462	1979	1684	1544	1572	2156	1582	1689	1777	2400	2283	2558	2325	3110	1628	1083	730	716	503	473	606	991
	
Average Count
	Purple Finch	4.710843373493976	3.9835616438356163	4.163265306122449	4.723508771929825	5.573083778966132	5.843894899536322	5.149196956889265	5.200549450549451	4.700787401574803	3.946236559139785	3.531791907514451	3.7084091736439753	3.153281096963761	2.8887583235409324	2.944749934537837	3.129854975829305	3.189367816091954	3.2239688715953307	3.0535714285714284	2.522106198622528	2.0392380952380953	1.9436410826844641	1.8700564971751412	1.9810526315789474	2.0973139586085425	2.5008944543828266	2.417236662106703	2.6821627084386055	2.7161520190023754	2.7512953367875648	2.7970737913486006	2.731447124304267	2.5379266750948166	2.5133214920071048	2.7293190770962297	2.7483333333333335	3.1489268506351293	3.3600469116497265	3.8008602150537634	5.15048231511254	3.175061425061425	2.6786703601108033	2.787671232876712	2.585195530726257	2.4194831013916502	3.171247357293869	3.9207920792079207	4.50050454086781
	# checklists reporting species - (Purple Finch)	996	730	931	1425	1122	1294	2366	1456	1397	1581	1557	2747	2042	2553	3819	5999	6960	6425	5096	4501	2625	2697	2478	2850	2271	1677	1462	1979	1684	1544	1572	2156	1582	1689	1777	2400	2283	2558	2325	3110	1628	1083	730	716	503	473	606	991
	
