

	Week starting on...	1/1	1/8	1/15	1/22	2/1	2/8	2/15	2/22	3/1	3/8	3/15	3/22	4/1	4/8	4/15	4/22	5/1	5/8	5/15	5/22	6/1	6/8	6/15	6/22	7/1	7/8	7/15	7/22	8/1	8/8	8/15	8/22	9/1	9/8	9/15	9/22	10/1	10/8	10/15	10/22	11/1	11/8	11/15	11/22	12/1	12/8	12/15	12/22
Frequency (%)
	Nelson's Sparrow	0.0066781307911915454	0.004770195816538269	0.0	0.0	0.0	0.0	0.0	0.0	0.0	0.0	0.0	0.0	0.0	0.0	0.0	0.0	0.0	0.005791326908821349	0.014134275618374558	0.01109946352592958	0.027858478927050585	0.05351996706463566	0.029886431560071723	0.03733363200238935	0.09237401211125937	0.09799283638575386	0.5911525490974013	0.7031670872437551	0.7789386960266637	0.5593488407977472	0.22774859493810384	0.14340686918903417	0.09394793466072673	0.02753977968176255	0.04559270516717325	0.5488157134604276	0.7549739459971577	0.5512367491166078	0.3519097169553742	0.14564713670969878	0.011286044805597879	0.003103758651727242	0.02680246582685607	0.0027412280701754384	0.0031146826138416495	0.02501786990707648	0.019018035436939362	0.008642108674516582
	Total # checklists submitted - (Nelson's Sparrow)	59897	41927	37441	52418	36194	52179	74398	41102	41678	48624	53837	76087	56976	54668	55076	76371	79340	86336	77825	81085	50254	48580	46844	53571	38972	29594	25205	35269	26703	25923	27223	41839	32997	32680	32900	41544	33776	35375	32963	45315	35442	32219	29848	36480	32106	27980	31549	46285
	
Abundance
	Nelson's Sparrow	6.678130791191546E-5	4.770195816538269E-5	0.0	0.0	0.0	0.0	0.0	0.0	0.0	0.0	0.0	0.0	0.0	0.0	0.0	0.0	0.0	5.791326908821349E-5	1.413427561837456E-4	1.2332737251032866E-4	3.183826163091495E-4	7.410456978180322E-4	4.909913756297498E-4	5.226708480334509E-4	0.005003592322693215	0.005034804352233561	0.06375719103352509	0.05355978337917151	0.06347601393101898	0.024919955252092736	0.00606105131690115	0.0031310499772939124	0.0020910991908355304	4.895960832313342E-4	6.68693009118541E-4	0.010518967841324861	0.018948365703458078	0.012098939929328622	0.007584261141279617	0.0017874875868917578	1.1286044805597878E-4	3.103758651727242E-5	2.680246582685607E-4	2.7412280701754386E-5	3.1146826138416496E-5	2.501786990707648E-4	1.9018035436939364E-4	8.642108674516582E-5
	Total # checklists submitted - (Nelson's Sparrow)	59897	41927	37441	52418	36194	52179	74398	41102	41678	48624	53837	76087	56976	54668	55076	76371	79340	86336	77825	81085	50254	48580	46844	53571	38972	29594	25205	35269	26703	25923	27223	41839	32997	32680	32900	41544	33776	35375	32963	45315	35442	32219	29848	36480	32106	27980	31549	46285
	
Birds Per Party Hour
	Nelson's Sparrow	0.8242196289335296	0.8108463434675431	0.0	0.0	0.0	0.0	0.0	0.0	0.0	0.0	0.0	0.0	0.0	0.0	0.0	0.0	0.0	0.1413979538979539	0.38834440808972365	0.5901328892958911	0.8167178640001385	8.517988392452095	3.154989642793216	8.893732623260329	9.154260783896984	3.5903470872140963	2.7284633939332483	1.5977445581765992	1.1892550245356337	0.635041113215675	0.39671915329713076	0.3105793164003085	0.2931119530494624	1.251001001001001	1.16156154889931	1.5859410861526495	2.1774723048057125	1.8611155073593908	1.6601239612735725	0.9445386860389111	0.3970238095238095	0.5998800239952009	0.4729832903784286	0.4444444444444444	1.3333333333333333	0.6968004769656219	0.7312940048622177	0.6399897213355951
	# checklists reporting species - (Nelson's Sparrow)	4	2	0.0	0.0	0.0	0.0	0.0	0.0	0.0	0.0	0.0	0.0	0.0	0.0	0.0	0.0	0.0	6	16	17	15	27	14	20	32	27	147	246	203	145	62	62	31	9	23	259	295	225	131	74	4	1	9	1	1	7	6	5
	
High Count
	Nelson's Sparrow	1	1	0.0	0.0	0.0	0.0	0.0	0.0	0.0	0.0	0.0	0.0	0.0	0.0	0.0	0.0	0.0	1	1	2	3	7	4	4	51	21	154	44	51	22	10	8	9	3	7	13	29	15	12	4	2	1	1	1	1	1	1	1
	# checklists reporting species - (Nelson's Sparrow)	4	2	0.0	0.0	0.0	0.0	0.0	0.0	0.0	0.0	0.0	0.0	0.0	0.0	0.0	0.0	0.0	7	19	20	16	29	15	20	37	32	154	257	208	145	62	62	32	10	28	285	339	262	147	78	7	2	9	1	1	7	6	5
	
Totals
	Nelson's Sparrow	4	2	0.0	0.0	0.0	0.0	0.0	0.0	0.0	0.0	0.0	0.0	0.0	0.0	0.0	0.0	0.0	7	19	21	18	39	24	28	195	152	1618	1912	1695	646	165	133	70	17	35	531	797	589	306	95	8	1	9	1	1	7	6	5
	# checklists reporting species - (Nelson's Sparrow)	4	2	0.0	0.0	0.0	0.0	0.0	0.0	0.0	0.0	0.0	0.0	0.0	0.0	0.0	0.0	0.0	7	19	20	16	29	15	20	33	30	149	252	208	145	62	62	32	10	27	285	330	257	145	78	7	1	9	1	1	7	6	5
	
Average Count
	Nelson's Sparrow	1.0	1.0	0.0	0.0	0.0	0.0	0.0	0.0	0.0	0.0	0.0	0.0	0.0	0.0	0.0	0.0	0.0	1.0	1.0	1.05	1.125	1.3448275862068966	1.6	1.4	5.909090909090909	5.066666666666666	10.859060402684564	7.587301587301587	8.149038461538462	4.455172413793103	2.661290322580645	2.1451612903225805	2.1875	1.7	1.2962962962962963	1.8631578947368421	2.415151515151515	2.291828793774319	2.110344827586207	1.2179487179487178	1.1428571428571428	1.0	1.0	1.0	1.0	1.0	1.0	1.0
	# checklists reporting species - (Nelson's Sparrow)	4	2	0.0	0.0	0.0	0.0	0.0	0.0	0.0	0.0	0.0	0.0	0.0	0.0	0.0	0.0	0.0	7	19	20	16	29	15	20	33	30	149	252	208	145	62	62	32	10	27	285	330	257	145	78	7	1	9	1	1	7	6	5
	
