

	Week starting on...	1/1	1/8	1/15	1/22	2/1	2/8	2/15	2/22	3/1	3/8	3/15	3/22	4/1	4/8	4/15	4/22	5/1	5/8	5/15	5/22	6/1	6/8	6/15	6/22	7/1	7/8	7/15	7/22	8/1	8/8	8/15	8/22	9/1	9/8	9/15	9/22	10/1	10/8	10/15	10/22	11/1	11/8	11/15	11/22	12/1	12/8	12/15	12/22
Frequency (%)
	Pectoral Sandpiper	0.0	0.0	0.0	0.0	0.0	0.0	0.0	0.0	0.0	0.0	0.07058342775414678	0.05651425342042661	0.2193906206121876	0.3493817223970147	0.37947563366983805	0.6717209411949562	0.5268464834887824	0.48415492957746475	0.42531320269836176	0.12949374113584508	0.01790902216738966	0.004116920543433511	0.004269490222867389	0.0018666816001194674	0.028225392589551472	0.15543691288774752	1.7060107121602859	2.4894383169355527	3.3816425120772946	3.7225629749643177	3.419902288506043	3.82179306388776	4.048852926023578	3.194614443084455	3.6261398176291793	3.586558829193145	2.827451444812885	2.334982332155477	2.651457694991354	1.805141785280812	0.7364144235652615	0.19243303640708898	0.08710801393728224	0.010964912280701754	0.0031146826138416495	0.0035739814152966403	0.006339345145646455	0.0021605271686291456
	Total # checklists submitted - (Pectoral Sandpiper)	59897	41927	37441	52418	36194	52179	74398	41102	41678	48624	53837	76087	56976	54668	55076	76371	79340	86336	77825	81085	50254	48580	46844	53571	38972	29594	25205	35269	26703	25923	27223	41839	32997	32680	32900	41544	33776	35375	32963	45315	35442	32219	29848	36480	32106	27980	31549	46285
	
Abundance
	Pectoral Sandpiper	0.0	0.0	0.0	0.0	0.0	0.0	0.0	0.0	0.0	0.0	7.615580362947416E-4	0.0077937098321658104	0.026765655714686885	0.06014487451525573	0.0374210182293558	0.05671000772544552	0.025447441391479707	0.012520848776871757	0.008557661419852232	0.002232225442436949	5.17371751502368E-4	2.0584602717167558E-5	4.2694902228673894E-5	1.8666816001194675E-5	6.158267474083958E-4	0.0053389200513617625	0.7172386431263638	0.895999319515722	1.2676852788076247	0.9587624889094626	0.34948389229695476	0.5771170439064032	0.4966815165015001	0.22812117503059975	0.14367781155015197	0.16430772193337184	0.1460208432022738	0.12152650176678445	0.14188635743105907	0.09904005296259517	0.02897692003837255	0.003569322449486328	0.0012396140444920934	1.0964912280701755E-4	3.1146826138416496E-5	3.57398141529664E-5	6.339345145646455E-5	2.1605271686291456E-5
	Total # checklists submitted - (Pectoral Sandpiper)	59897	41927	37441	52418	36194	52179	74398	41102	41678	48624	53837	76087	56976	54668	55076	76371	79340	86336	77825	81085	50254	48580	46844	53571	38972	29594	25205	35269	26703	25923	27223	41839	32997	32680	32900	41544	33776	35375	32963	45315	35442	32219	29848	36480	32106	27980	31549	46285
	
Birds Per Party Hour
	Pectoral Sandpiper	0.0	0.0	0.0	0.0	0.0	0.0	0.0	0.0	0.0	0.0	1.0834280210455278	26.826357979458184	39.83778386219987	27.422904563210267	24.668525413241998	17.267790968751246	11.543070561873932	6.382121785959737	3.3714651286948696	5.474882176612331	11.14059239942168	2.645602795573675	0.6502400960384154	0.2222222222222222	1.3734503712438169	1.7576003332642907	6.845109190698406	7.638718791699984	8.546819835859692	7.899857508329056	5.590634567157193	5.249770642723423	4.7400897345349815	5.617255857303024	5.671966842050668	6.017202575121048	7.670612910055078	8.409067976341836	10.831139022943622	8.73317639797234	6.635708402869529	1.7174495789444855	2.3342848629460624	1.0842774247029565	3.003003003003003	0.0	0.0	0.0
	# checklists reporting species - (Pectoral Sandpiper)	0.0	0.0	0.0	0.0	0.0	0.0	0.0	0.0	0.0	0.0	40	55	136	212	218	576	453	430	353	111	10	4	2	1	12	53	461	946	945	1028	987	1732	1393	1097	1254	1571	990	876	941	884	275	76	31	3	1	1	2	1
	
High Count
	Pectoral Sandpiper	0.0	0.0	0.0	0.0	0.0	0.0	0.0	0.0	0.0	0.0	4	275	300	250	1600	350	80	45	28	16	6	10	1	1	5	34	736	925	1584	695	275	1490	935	369	230	80	100	100	116	162	50	40	10	1	1	1	1	1
	# checklists reporting species - (Pectoral Sandpiper)	0.0	0.0	0.0	0.0	0.0	0.0	0.0	0.0	0.0	0.0	42	61	145	237	280	612	506	501	381	132	12	5	2	2	12	60	487	1003	1013	1080	1063	1854	1532	1225	1376	1693	1076	970	1017	957	328	84	34	6	1	1	2	1
	
Totals
	Pectoral Sandpiper	0.0	0.0	0.0	0.0	0.0	0.0	0.0	0.0	0.0	0.0	48	1192	1776	3947	4552	5486	2367	1336	723	222	28	13	2	2	25	218	18224	32523	34683	25622	10198	25105	17102	8181	5519	7944	5526	5179	5663	5236	1454	291	59	6	1	1	2	1
	# checklists reporting species - (Pectoral Sandpiper)	0.0	0.0	0.0	0.0	0.0	0.0	0.0	0.0	0.0	0.0	42	61	139	227	264	596	480	456	365	122	11	4	2	2	12	59	478	975	977	1052	1024	1794	1470	1168	1328	1646	1045	943	1002	932	318	84	34	6	1	1	2	1
	
Average Count
	Pectoral Sandpiper	0.0	0.0	0.0	0.0	0.0	0.0	0.0	0.0	0.0	0.0	1.1428571428571428	19.540983606557376	12.776978417266188	17.387665198237887	17.242424242424242	9.204697986577182	4.93125	2.9298245614035086	1.9808219178082191	1.819672131147541	2.5454545454545454	3.25	1.0	1.0	2.0833333333333335	3.694915254237288	38.1255230125523	33.356923076923074	35.49948822927328	24.35551330798479	9.958984375	13.99386845039019	11.634013605442178	7.004280821917808	4.155873493975903	4.826245443499393	5.288038277511962	5.4920466595970305	5.651696606786427	5.618025751072961	4.572327044025157	3.4642857142857144	1.7352941176470589	1.0	1.0	1.0	1.0	1.0
	# checklists reporting species - (Pectoral Sandpiper)	0.0	0.0	0.0	0.0	0.0	0.0	0.0	0.0	0.0	0.0	42	61	139	227	264	596	480	456	365	122	11	4	2	2	12	59	478	975	977	1052	1024	1794	1470	1168	1328	1646	1045	943	1002	932	318	84	34	6	1	1	2	1
	
