

	Week starting on...	1/1	1/8	1/15	1/22	2/1	2/8	2/15	2/22	3/1	3/8	3/15	3/22	4/1	4/8	4/15	4/22	5/1	5/8	5/15	5/22	6/1	6/8	6/15	6/22	7/1	7/8	7/15	7/22	8/1	8/8	8/15	8/22	9/1	9/8	9/15	9/22	10/1	10/8	10/15	10/22	11/1	11/8	11/15	11/22	12/1	12/8	12/15	12/22
Frequency (%)
	Barrow's Goldeneye	0.5242332671085363	0.40546664440575286	0.33652947303757913	0.3205005913999008	0.32049510968668843	0.17056670307978306	0.11828274953627786	0.19707070215561287	0.22313930610873842	0.30026324448831854	0.2321823281386407	0.14719991588576237	0.10881774782364505	0.0384136972268969	0.012709710218607015	0.011784577915700986	0.0	0.0	0.00128493414712496	0.0012332737251032867	0.0	0.0	0.0	0.0	0.0	0.0	0.0	0.0	0.0	0.0	0.0	0.0023901144864839022	0.0	0.0	0.0	0.0	0.0	0.0	0.012134817826047386	0.09489131634116739	0.3414028553693358	0.4376299698935411	0.42213883677298314	0.4276315789473685	0.30523889615648164	0.3752680486061472	0.42156645218548927	0.36296856432969643
	Total # checklists submitted - (Barrow's Goldeneye)	59897	41927	37441	52418	36194	52179	74398	41102	41678	48624	53837	76087	56976	54668	55076	76371	79340	86336	77825	81085	50254	48580	46844	53571	38972	29594	25205	35269	26703	25923	27223	41839	32997	32680	32900	41544	33776	35375	32963	45315	35442	32219	29848	36480	32106	27980	31549	46285
	
Abundance
	Barrow's Goldeneye	0.005726497153446751	0.004460133088463282	0.004059720627120002	0.0036628639017131518	0.003840415538487042	0.0018206558193909427	0.0013306809322831258	0.0023843121989197604	0.0024233408512884494	0.0032494241526818033	0.0026375912476549585	0.0016428562040821692	0.0011583824768323504	4.024292090436819E-4	1.6341055995351878E-4	1.0475180369511987E-4	0.0	0.0	1.2849341471249599E-5	1.2332737251032867E-5	0.0	0.0	0.0	0.0	0.0	0.0	0.0	0.0	0.0	0.0	0.0	2.3901144864839024E-5	0.0	0.0	0.0	0.0	0.0	0.0	1.2134817826047386E-4	9.930486593843098E-4	0.0034704587777213474	0.004841863496694497	0.004623425355132672	0.004632675438596491	0.0032392699183953154	0.004467476769120801	0.004659418682050144	0.0039753699902776276
	Total # checklists submitted - (Barrow's Goldeneye)	59897	41927	37441	52418	36194	52179	74398	41102	41678	48624	53837	76087	56976	54668	55076	76371	79340	86336	77825	81085	50254	48580	46844	53571	38972	29594	25205	35269	26703	25923	27223	41839	32997	32680	32900	41544	33776	35375	32963	45315	35442	32219	29848	36480	32106	27980	31549	46285
	
Birds Per Party Hour
	Barrow's Goldeneye	2.647023697900667	2.5421135380068156	2.6281221554035437	3.5370352810667454	2.751032161887559	2.5257476325722124	3.1657714941166657	4.0321586435987395	2.448956117121287	2.8923988805431886	2.1938294326584584	2.853728432537655	1.5094387038675667	1.7672401584509894	1.7166309516992915	1.2008358283104503	0.0	0.0	1.0905125408942202	0.18185124568103292	0.0	0.0	0.0	0.0	0.0	0.0	0.0	0.0	0.0	0.0	0.0	0.0	0.0	0.0	0.0	0.0	0.0	0.0	0.75	4.628417119465403	2.365322545681035	1.3647457753385328	3.357342482531534	1.6397255446200831	1.9446468056069168	1.596856679812251	1.7522240545193795	1.6983048187634866
	# checklists reporting species - (Barrow's Goldeneye)	336	183	136	180	130	93	91	86	96	157	139	115	66	19	7	10	0.0	0.0	1	3	0.0	0.0	0.0	0.0	0.0	0.0	0.0	0.0	0.0	0.0	0.0	0	0.0	0.0	0.0	0.0	0.0	0.0	4	50	140	160	135	161	117	114	143	181
	
High Count
	Barrow's Goldeneye	3	3	3	3	4	2	3	4	3	3	4	3	3	2	2	1	0.0	0.0	1	1	0.0	0.0	0.0	0.0	0.0	0.0	0.0	0.0	0.0	0.0	0.0	1	0.0	0.0	0.0	0.0	0.0	0.0	1	2	3	4	3	2	2	3	3	2
	# checklists reporting species - (Barrow's Goldeneye)	348	199	144	186	134	103	96	89	102	167	145	124	70	21	7	12	0.0	0.0	1	3	0.0	0.0	0.0	0.0	0.0	0.0	0.0	0.0	0.0	0.0	0.0	1	0.0	0.0	0.0	0.0	0.0	0.0	5	53	145	174	144	175	122	120	152	194
	
Totals
	Barrow's Goldeneye	380	213	170	211	160	110	106	105	110	178	164	134	73	22	9	11	0.0	0.0	1	3	0.0	0.0	0.0	0.0	0.0	0.0	0.0	0.0	0.0	0.0	0.0	1	0.0	0.0	0.0	0.0	0.0	0.0	5	55	150	189	156	187	128	141	167	209
	# checklists reporting species - (Barrow's Goldeneye)	346	195	141	186	133	102	95	88	101	164	144	121	69	21	7	11	0.0	0.0	1	3	0.0	0.0	0.0	0.0	0.0	0.0	0.0	0.0	0.0	0.0	0.0	1	0.0	0.0	0.0	0.0	0.0	0.0	5	53	145	173	143	173	122	119	149	190
	
Average Count
	Barrow's Goldeneye	1.0982658959537572	1.0923076923076922	1.2056737588652482	1.1344086021505377	1.2030075187969924	1.0784313725490196	1.1157894736842104	1.1931818181818181	1.0891089108910892	1.0853658536585367	1.1388888888888888	1.1074380165289257	1.0579710144927537	1.0476190476190477	1.2857142857142858	1.0	0.0	0.0	1.0	1.0	0.0	0.0	0.0	0.0	0.0	0.0	0.0	0.0	0.0	0.0	0.0	1.0	0.0	0.0	0.0	0.0	0.0	0.0	1.0	1.0377358490566038	1.0344827586206897	1.092485549132948	1.0909090909090908	1.0809248554913296	1.0491803278688525	1.184873949579832	1.1208053691275168	1.1
	# checklists reporting species - (Barrow's Goldeneye)	346	195	141	186	133	102	95	88	101	164	144	121	69	21	7	11	0.0	0.0	1	3	0.0	0.0	0.0	0.0	0.0	0.0	0.0	0.0	0.0	0.0	0.0	1	0.0	0.0	0.0	0.0	0.0	0.0	5	53	145	173	143	173	122	119	149	190
	
