

	Week starting on...	1/1	1/8	1/15	1/22	2/1	2/8	2/15	2/22	3/1	3/8	3/15	3/22	4/1	4/8	4/15	4/22	5/1	5/8	5/15	5/22	6/1	6/8	6/15	6/22	7/1	7/8	7/15	7/22	8/1	8/8	8/15	8/22	9/1	9/8	9/15	9/22	10/1	10/8	10/15	10/22	11/1	11/8	11/15	11/22	12/1	12/8	12/15	12/22
Frequency (%)
	Mallard	24.872698131792912	24.566508455172084	21.66875884725301	21.124422908161318	20.296181687572528	14.624657429233984	13.39686550713729	23.125395357890127	24.506934113921012	30.986755511681473	34.3574121886435	37.865864076649096	40.980412805391744	42.192873344552574	41.912992955189196	42.25687761061136	38.511469624401315	35.99657153446998	36.331513009958236	33.215761238206824	24.61296613204919	19.602717167558666	16.3393390829135	15.064120512964104	15.87550035923227	20.17300804217071	25.054552668121406	27.931044259831577	29.876792869715015	31.308104771824247	34.121882231936226	34.7140228016922	36.25481104342819	34.56854345165239	33.641337386018236	34.866647409974966	33.98863098057793	35.378091872791515	37.005126960531506	36.853139137151054	37.07747869759043	36.14637325801546	34.20999731975341	32.604166666666664	31.638945991403478	28.227305218012866	25.934260990839647	24.038025278167872
	Total # checklists submitted - (Mallard)	59897	41927	37441	52418	36194	52179	74398	41102	41678	48624	53837	76087	56976	54668	55076	76371	79340	86336	77825	81085	50254	48580	46844	53571	38972	29594	25205	35269	26703	25923	27223	41839	32997	32680	32900	41544	33776	35375	32963	45315	35442	32219	29848	36480	32106	27980	31549	46285
	
Abundance
	Mallard	15.805048666878141	15.770720538078088	13.924040490371517	13.926456560723416	13.33632646294966	9.380363747867916	8.112610554047151	11.45997761666099	10.649791256778157	10.54826834485028	8.330943403235693	6.550133399923771	4.550091266498175	3.568541011194849	2.940464085990268	2.5989970014796193	1.7697882530879758	1.5815534655300223	1.8092643752007709	2.2954923845347475	2.2217932900863615	1.9686496500617539	1.8311203142344803	1.8147318511881427	2.0228882274453452	2.987497465702507	4.765562388414997	5.1459071706030795	5.876118788151144	6.699224626779308	7.586709767476031	8.068142164009656	8.513864896808801	8.379039167686658	7.513100303951368	8.076208357404198	8.281620085267646	8.936565371024734	11.070078572945423	11.394328588767516	12.015377236047627	11.87336664700953	12.591161886893595	13.741365131578947	13.366099794430948	14.087669764117226	15.442422897714666	13.23996975261964
	Total # checklists submitted - (Mallard)	59897	41927	37441	52418	36194	52179	74398	41102	41678	48624	53837	76087	56976	54668	55076	76371	79340	86336	77825	81085	50254	48580	46844	53571	38972	29594	25205	35269	26703	25923	27223	41839	32997	32680	32900	41544	33776	35375	32963	45315	35442	32219	29848	36480	32106	27980	31549	46285
	
Birds Per Party Hour
	Mallard	180.45891418026534	197.01246629711736	198.86020704552126	196.5605517089425	208.85447651920805	182.69652889705617	164.41414856709795	141.7755879469875	130.04298695368854	91.60488212031228	65.18039063355208	50.296561459698395	28.80111279796979	20.772682364707183	16.48034654923972	11.74454013389578	7.430186759793291	6.3721604363761815	7.388963007609272	11.898836804334843	16.608487845414487	19.82942848057401	28.947281690326395	25.130082110388777	22.433097654662177	26.268248755219275	28.28902609277496	29.090873924060507	30.794554778411815	32.347084251065404	36.395237189519726	36.636276014492815	38.947532045809716	38.86713711716791	33.886746753389744	36.838480370349785	39.72389572588068	41.04813000525802	55.583359418234764	56.678341837838914	62.539350927622415	67.7768562376	79.19691917825851	93.42871344188869	114.11271345222544	124.47537571016336	116.08288221054269	126.32766406574322
	# checklists reporting species - (Mallard)	14203	9748	7638	10372	6800	7265	9536	9067	9767	14484	17817	28128	22694	22418	22403	31585	29697	30016	27213	26208	12153	9293	7508	7881	6008	5740	6056	9514	7706	7789	8841	13793	11275	10686	10430	13663	10971	11962	11727	15988	12652	11149	9755	11363	9645	7522	7879	10653
	
High Count
	Mallard	30000	4000	14000	3000	4000	2550	4561	4400	3000	1748	4500	7000	3200	700	800	2000	600	500	450	1000	4072	1130	4100	775	400	800	617	600	428	800	1000	2001	1200	3000	1500	1800	2325	8000	3000	3500	4500	3200	10000	5154	2500	3000	4000	5000
	# checklists reporting species - (Mallard)	15951	10953	8653	11807	7821	8112	10621	10129	10874	16012	19678	30607	24876	24651	24702	34322	32563	33278	30091	28803	13323	10206	8290	8727	6732	6414	6769	10617	8555	8739	9948	15514	12726	11936	11760	15349	12203	13272	12973	17788	13937	12312	10808	12586	10839	8348	8623	11867
	
Totals
	Mallard	990054	696110	540302	750659	499621	503924	630536	492831	461549	529871	465517	520097	274036	205430	170600	206299	146133	143128	147795	197307	118501	101026	89114	101976	82175	91518	123582	189564	162457	180688	214197	350300	291363	281673	257269	345236	288388	327619	378241	535782	442552	402304	401307	522981	447819	410225	509535	641640
	# checklists reporting species - (Mallard)	14610	10039	7887	10718	7026	7485	9853	9374	10065	14907	18305	28899	23474	23252	23253	32455	30524	30776	27852	26919	12517	9609	7750	8120	6210	5925	6229	9783	7906	8023	9082	14120	11580	10939	10710	13973	11266	12262	12031	16440	12958	11391	10025	11695	9925	7730	8094	10946
	
Average Count
	Mallard	67.76550308008214	69.34057177009662	68.50538861417523	70.0372270946072	71.1103045829775	67.3245156980628	63.99431645184208	52.57424791977811	45.856830601092895	35.54511303414503	25.43113903305108	17.997058721755078	11.674022322569652	8.834938929984517	7.336687739216445	6.35646279463873	4.7874787052810905	4.650636859890824	5.306441189142611	7.329655633567369	9.467204601741631	10.5136850868977	11.49858064516129	12.558620689655172	13.232689210950081	15.446075949367088	19.8397816663991	19.376878258203003	20.548570705793068	22.52125140221862	23.584783087425677	24.808781869688385	25.160880829015543	25.749428649785173	24.02138188608777	24.707364202390323	25.59808272678857	26.71823519817322	31.438866262156097	32.59014598540146	34.15280135823429	35.31770696163638	40.03062344139651	44.718341171440784	45.12030226700252	53.06921086675291	62.95218680504077	58.61867348803216
	# checklists reporting species - (Mallard)	14610	10039	7887	10718	7026	7485	9853	9374	10065	14907	18305	28899	23474	23252	23253	32455	30524	30776	27852	26919	12517	9609	7750	8120	6210	5925	6229	9783	7906	8023	9082	14120	11580	10939	10710	13973	11266	12262	12031	16440	12958	11391	10025	11695	9925	7730	8094	10946
	
