

	Week starting on...	1/1	1/8	1/15	1/22	2/1	2/8	2/15	2/22	3/1	3/8	3/15	3/22	4/1	4/8	4/15	4/22	5/1	5/8	5/15	5/22	6/1	6/8	6/15	6/22	7/1	7/8	7/15	7/22	8/1	8/8	8/15	8/22	9/1	9/8	9/15	9/22	10/1	10/8	10/15	10/22	11/1	11/8	11/15	11/22	12/1	12/8	12/15	12/22
Frequency (%)
	Snow Bunting	3.7247274487870845	3.441696281632361	3.359952992708528	3.819298714182151	4.149859092667293	3.670058835930164	3.1707841608645393	3.1142036883849937	2.675272325927348	1.746051332675222	1.1887735200698404	0.9607423081472525	0.7669896096602078	0.5377917611765567	0.43757716609775577	0.20033782456691673	0.05167632972019158	0.016215715344699778	0.00770960488274976	0.0024665474502065733	0.009949456759660922	0.016467682173734045	0.008538980445734779	0.0018666816001194674	0.002565944780868316	0.0	0.0	0.0	0.0	0.0	0.0	0.0	0.003030578537442798	0.0	0.0	0.014442518775274407	0.047370914258645196	0.08197879858657244	0.8403361344537815	4.592298355952775	5.428587551492579	4.233526800955958	3.4106137764674354	2.65625	2.223883386282938	2.6411722659042174	3.540524263843545	3.2731986604731556
	Total # checklists submitted - (Snow Bunting)	59897	41927	37441	52418	36194	52179	74398	41102	41678	48624	53837	76087	56976	54668	55076	76371	79340	86336	77825	81085	50254	48580	46844	53571	38972	29594	25205	35269	26703	25923	27223	41839	32997	32680	32900	41544	33776	35375	32963	45315	35442	32219	29848	36480	32106	27980	31549	46285
	
Abundance
	Snow Bunting	2.9930881346311167	2.9472654852481694	2.9207286130178147	3.183810904651074	2.9845554511797534	2.582839839782288	2.1402994704158713	2.337866770473456	1.3528480253371082	0.9050674564001316	0.7640284562661367	0.48319686674464757	0.297037349059253	0.29556596180580963	0.2075677245987363	0.05557083186026109	0.005621376354928157	0.001876389918458117	0.006334725345326052	7.39964235061972E-5	9.949456759660922E-5	4.116920543433512E-4	0.0	0.0	2.5659447808683157E-5	0.0	0.0	0.0	0.0	0.0	0.0	0.0	6.061157074885596E-5	0.0	0.0	0.0012276140958983246	0.0022797252486973	0.010487632508833923	0.08015047174104299	0.9452278494979587	1.4059026014333278	1.7151059933579564	1.9077660144733315	1.659046052631579	1.768765962748396	2.15421729807005	2.818504548480142	2.960700010802636
	Total # checklists submitted - (Snow Bunting)	59897	41927	37441	52418	36194	52179	74398	41102	41678	48624	53837	76087	56976	54668	55076	76371	79340	86336	77825	81085	50254	48580	46844	53571	38972	29594	25205	35269	26703	25923	27223	41839	32997	32680	32900	41544	33776	35375	32963	45315	35442	32219	29848	36480	32106	27980	31549	46285
	
Birds Per Party Hour
	Snow Bunting	307.8245901581609	308.27910870173093	362.1781395922679	306.22638720065294	259.53420636819413	283.4803914232752	237.28366389938984	259.71336175314985	218.78044955878892	220.5889009405549	272.2831908995353	169.91377890586855	225.60078385953872	222.38222212377062	179.15662747424025	51.191093479069686	19.94259284181922	4.368862490413325	100.4410963868681	2.208317997791682	0.1111111111111111	0.27152777777777776	0.0	0.0	0.34281796366129585	0.0	0.0	0.0	0.0	0.0	0.0	0.0	1.6220600162206003	6.0	0.0	1.7705304343959807	4.681171638142247	7.166592300889954	15.401664095295168	30.389039976477534	60.29271179827744	117.24572392577252	147.3564205758807	238.38710522192025	315.8827039659565	304.72623250182903	257.16396081298126	239.80347540362018
	# checklists reporting species - (Snow Bunting)	2445	1595	1378	2290	1698	2101	2527	1399	1185	889	692	814	419	294	247	156	37	18	6	1	3	6	0	0	1	0.0	0.0	0.0	0.0	0.0	0.0	0.0	1	1	0.0	6	14	31	296	2287	2067	1470	1093	1089	773	788	1178	1631
	
High Count
	Snow Bunting	4000	7300	1500	2500	2500	4000	2850	10000	3000	2500	2000	2400	800	1500	1000	600	80	160	250	6	2	8	1	1	1	0.0	0.0	0.0	0.0	0.0	0.0	0.0	2	6	0.0	40	35	200	350	1500	2000	11200	5600	2500	4100	2000	10000	5000
	# checklists reporting species - (Snow Bunting)	2760	1821	1595	2577	1916	2338	2810	1558	1351	1034	794	913	531	349	295	192	47	18	7	2	6	9	4	1	1	0.0	0.0	0.0	0.0	0.0	0.0	0.0	1	1	0.0	6	18	38	365	2627	2309	1631	1231	1206	870	931	1337	1886
	
Totals
	Snow Bunting	215735	159335	137875	206022	134006	163553	184395	115456	74170	54023	48102	44791	19872	20576	14267	4999	471	326	494	6	6	21	0	0	1	0.0	0.0	0.0	0.0	0.0	0.0	0.0	2	6	0.0	51	83	420	3212	51793	58364	75638	66185	77880	67343	79467	108891	174028
	# checklists reporting species - (Snow Bunting)	2682	1771	1544	2483	1865	2280	2738	1510	1301	991	768	890	519	333	285	185	47	18	7	1	4	6	0	0	1	0.0	0.0	0.0	0.0	0.0	0.0	0.0	1	1	0.0	6	18	34	344	2541	2250	1586	1194	1176	837	891	1299	1833
	
Average Count
	Snow Bunting	80.43810589112603	89.96894409937889	89.29727979274611	82.97301651228352	71.85308310991957	71.73377192982456	67.34660336011687	76.46092715231788	57.00999231360492	54.513622603430875	62.6328125	50.326966292134834	38.28901734104046	61.789789789789786	50.059649122807016	27.021621621621623	10.02127659574468	18.11111111111111	70.57142857142857	6.0	1.5	3.5	0.0	0.0	1.0	0.0	0.0	0.0	0.0	0.0	0.0	0.0	2.0	6.0	0.0	8.5	4.611111111111111	12.352941176470589	9.337209302325581	20.38292011019284	25.939555555555554	47.69104665825977	55.43132328308208	66.22448979591837	80.45758661887695	89.1885521885522	83.82678983833718	94.94162575013638
	# checklists reporting species - (Snow Bunting)	2682	1771	1544	2483	1865	2280	2738	1510	1301	991	768	890	519	333	285	185	47	18	7	1	4	6	0	0	1	0.0	0.0	0.0	0.0	0.0	0.0	0.0	1	1	0.0	6	18	34	344	2541	2250	1586	1194	1176	837	891	1299	1833
	
