

	Week starting on...	1/1	1/8	1/15	1/22	2/1	2/8	2/15	2/22	3/1	3/8	3/15	3/22	4/1	4/8	4/15	4/22	5/1	5/8	5/15	5/22	6/1	6/8	6/15	6/22	7/1	7/8	7/15	7/22	8/1	8/8	8/15	8/22	9/1	9/8	9/15	9/22	10/1	10/8	10/15	10/22	11/1	11/8	11/15	11/22	12/1	12/8	12/15	12/22
Frequency (%)
	Field Sparrow	0.20034392373574636	0.22658430128556778	0.2190112443577896	0.23655996031897442	0.18787644360943803	0.12265470783265299	0.09408855076749376	0.1435453262614958	0.14156149527328568	0.1336788417242514	0.18760332113602168	0.4350283228409584	1.297037349059253	3.949293919660496	5.670346430387101	8.344790561862487	10.1209982354424	7.649184581171238	7.4410536460006425	7.436640562372819	7.038245711784137	6.7641004528612605	6.299632823840834	5.868846950775606	5.511649389305142	5.514631344191391	5.494941479865107	4.9533584734469365	3.7111934988578064	2.573004667669637	2.5603350108364253	1.8093166662683142	1.5243810043337274	1.548347613219094	1.5987841945288752	2.077315617176969	3.040620558976788	3.3215547703180213	3.061007796620453	1.661701423369745	0.6517690875232774	0.40038486607281415	0.24457250067006164	0.16721491228070176	0.19933968728586557	0.16797712651894212	0.348663983010555	0.19660797234525226
	Total # checklists submitted - (Field Sparrow)	59897	41927	37441	52418	36194	52179	74398	41102	41678	48624	53837	76087	56976	54668	55076	76371	79340	86336	77825	81085	50254	48580	46844	53571	38972	29594	25205	35269	26703	25923	27223	41839	32997	32680	32900	41544	33776	35375	32963	45315	35442	32219	29848	36480	32106	27980	31549	46285
	
Abundance
	Field Sparrow	0.003322370068617794	0.0034345409879075538	0.0034721294837210545	0.00448319279636766	0.0029839199867381333	0.0018973150117863509	0.0013037984892066991	0.001727409858401051	0.0024233408512884494	0.0020771635406383678	0.0026375912476549585	0.007451995741716719	0.025642375737152487	0.08332113850881685	0.13230808337569902	0.19901533304526586	0.23638769851273003	0.1556824499629355	0.15411500160616767	0.15603379170006784	0.14814741115135113	0.1553314121037464	0.13961233028776365	0.12320098560788487	0.12439700297649595	0.12796512806649996	0.12497520333267209	0.12206186736227281	0.08339886904093173	0.06179840296262007	0.07251221393674466	0.04906905040751452	0.03667000030305785	0.038616891064871484	0.03954407294832827	0.05615732717119199	0.07342491710090004	0.07460070671378091	0.07023025816824925	0.03656625841332892	0.010524236781220022	0.007790434215835376	0.004187885285446261	0.003837719298245614	0.004235968354824643	0.003359542530378842	0.007004976385939332	0.0029599222210219293
	Total # checklists submitted - (Field Sparrow)	59897	41927	37441	52418	36194	52179	74398	41102	41678	48624	53837	76087	56976	54668	55076	76371	79340	86336	77825	81085	50254	48580	46844	53571	38972	29594	25205	35269	26703	25923	27223	41839	32997	32680	32900	41544	33776	35375	32963	45315	35442	32219	29848	36480	32106	27980	31549	46285
	
Birds Per Party Hour
	Field Sparrow	3.7798376742722586	3.6959575997377243	4.532900623490975	3.964016677646102	2.725953557084594	3.1960332414734687	1.9795567212687801	2.491317150318702	3.7173257793647765	3.564557005362456	1.570218354797714	1.7238221206741668	2.3601320837024273	2.324156527291741	2.995587988402354	2.669414586298182	2.5841881207104658	2.2854102596844657	2.36167103810446	2.7073317980293696	3.770026329312564	4.1641781020869315	4.430155812433744	4.980885004589393	4.306199323869331	3.6832177385495717	2.8984449208261114	3.2597856717222107	2.512443145086737	2.3119428280444487	2.495964363591147	2.15254408106955	1.9471547553145765	1.823004582191021	2.0129287213150295	2.1782994035384164	1.958586604284144	1.7778082316202517	1.7936165991052384	1.601592312919626	1.4088675201559253	1.3785972971208424	1.9224304393478078	2.8946609084935013	2.3238488969859925	2.3124133606094524	2.0864192200248284	3.680371308776032
	# checklists reporting species - (Field Sparrow)	118	90	78	128	70	64	67	54	56	63	97	352	785	2228	3203	6489	8010	6456	5682	5986	3576	3299	2956	3151	2158	1631	1410	1773	1000	687	706	759	514	518	529	883	1033	1185	1040	796	238	136	77	67	67	54	118	86
	
High Count
	Field Sparrow	15	6	8	22	10	9	5	7	14	8	5	47	30	30	25	115	100	35	30	23	23	25	29	28	24	30	20	25	21	30	46	36	25	14	20	40	39	75	23	30	10	20	6	12	10	7	12	6
	# checklists reporting species - (Field Sparrow)	137	108	87	139	78	71	73	61	62	70	115	371	827	2373	3467	6970	8702	7180	6262	6528	3951	3684	3260	3598	2452	1848	1526	1882	1060	715	740	806	533	546	572	937	1088	1262	1094	850	261	143	78	67	69	59	119	105
	
Totals
	Field Sparrow	225	163	140	271	119	107	101	79	105	110	159	660	1606	4878	7853	16249	19759	14203	12616	13314	7978	8093	6915	7119	5230	4037	3341	4522	2295	1662	2069	2148	1305	1366	1449	2465	2615	2923	2501	1830	420	272	131	148	150	122	236	154
	# checklists reporting species - (Field Sparrow)	135	108	86	137	78	70	73	61	62	70	114	365	807	2311	3361	6717	8246	6636	5851	6163	3799	3529	3107	3433	2359	1776	1455	1812	1019	695	722	783	528	538	553	911	1067	1227	1078	826	256	142	78	67	68	59	118	104
	
Average Count
	Field Sparrow	1.6666666666666667	1.5092592592592593	1.627906976744186	1.9781021897810218	1.5256410256410255	1.5285714285714285	1.3835616438356164	1.2950819672131149	1.6935483870967742	1.5714285714285714	1.394736842105263	1.8082191780821917	1.990086741016109	2.110774556469061	2.3365069919666768	2.419085901444097	2.396192093136066	2.140295358649789	2.156212613228508	2.1603115365893233	2.1000263227165044	2.2932842164919243	2.225619568715803	2.07369647538596	2.2170411191182704	2.2730855855855854	2.2962199312714775	2.4955849889624724	2.2522080471050048	2.39136690647482	2.865650969529086	2.743295019157088	2.471590909090909	2.5390334572490705	2.6202531645569622	2.7058177826564216	2.450796626054358	2.382233088834556	2.3200371057513913	2.2154963680387407	1.640625	1.9154929577464788	1.6794871794871795	2.208955223880597	2.2058823529411766	2.0677966101694913	2.0	1.4807692307692308
	# checklists reporting species - (Field Sparrow)	135	108	86	137	78	70	73	61	62	70	114	365	807	2311	3361	6717	8246	6636	5851	6163	3799	3529	3107	3433	2359	1776	1455	1812	1019	695	722	783	528	538	553	911	1067	1227	1078	826	256	142	78	67	68	59	118	104
	
