

	Week starting on...	1/1	1/8	1/15	1/22	2/1	2/8	2/15	2/22	3/1	3/8	3/15	3/22	4/1	4/8	4/15	4/22	5/1	5/8	5/15	5/22	6/1	6/8	6/15	6/22	7/1	7/8	7/15	7/22	8/1	8/8	8/15	8/22	9/1	9/8	9/15	9/22	10/1	10/8	10/15	10/22	11/1	11/8	11/15	11/22	12/1	12/8	12/15	12/22
Frequency (%)
	Blue Jay	30.091657345109102	29.494120733656114	30.33572821238749	31.19157541302606	30.640437641598055	33.38316180839035	35.65821661872631	30.370784876648337	30.92998704352416	29.8926456071076	30.378735813659752	30.48483972294873	29.709000280819996	30.134630862661886	29.880528723945094	32.91956370873761	43.76607007814469	47.07769644180875	48.409893992932865	41.84991058765493	35.15143073188204	32.76862906545904	30.266416189906924	29.592503406693922	29.441650415683057	30.03311482057174	33.19182701844872	35.18103717145368	38.441373628431265	38.34432743123867	42.8461227638394	46.028824780707	52.22899051428917	55.10097919216646	60.98480243161094	61.89341421143848	60.107768829938415	58.75053003533569	54.01814155264994	51.30310051859208	48.786750183398226	46.95366088332971	43.03470919324578	40.9375	36.00573101600947	36.32594710507505	37.39579701416844	35.406719239494436
	Total # checklists submitted - (Blue Jay)	59897	41927	37441	52418	36194	52179	74398	41102	41678	48624	53837	76087	56976	54668	55076	76371	79340	86336	77825	81085	50254	48580	46844	53571	38972	29594	25205	35269	26703	25923	27223	41839	32997	32680	32900	41544	33776	35375	32963	45315	35442	32219	29848	36480	32106	27980	31549	46285
	
Abundance
	Blue Jay	1.2588443494665844	1.133064612302335	1.2399241473251248	1.312106528291808	1.3169862408133945	1.4308246612621935	1.552219145675959	1.1726679966911586	1.1926436009405441	1.0440111878907536	0.9413971803778071	0.868781789267549	0.8023202752035945	0.769298309797322	0.7638535841382816	1.5373374710295793	3.099395008822788	2.700426241660489	2.823437198843559	1.4599124375655177	0.830341863334262	0.7064635652531907	0.6136538297327299	0.5696552239084579	0.6056399466283485	0.6637494086639184	0.7689347351715929	0.8819076242592645	1.0352020372242818	1.0388843883809744	1.2547110898872278	1.4655464996773346	1.9466315119556323	2.7973072215422277	18.88465045592705	55.668616406701325	52.69078635717669	37.302558303886926	7.26760307010891	2.9703188789584023	1.7886970261271937	1.560787113194078	1.4478692039667649	1.3969298245614035	1.2716314707531302	1.4189063616869193	1.8235126311452028	1.5751971481041374
	Total # checklists submitted - (Blue Jay)	59897	41927	37441	52418	36194	52179	74398	41102	41678	48624	53837	76087	56976	54668	55076	76371	79340	86336	77825	81085	50254	48580	46844	53571	38972	29594	25205	35269	26703	25923	27223	41839	32997	32680	32900	41544	33776	35375	32963	45315	35442	32219	29848	36480	32106	27980	31549	46285
	
Birds Per Party Hour
	Blue Jay	9.164115330803538	8.636213328124155	8.789508251677466	9.258666152499371	9.026473812360914	9.006704791347671	8.348170782065754	8.374108644674966	8.52867789278296	7.2023273175687255	6.247518645214316	5.646797767363691	4.935309833880486	4.2463456691478765	3.9995717320371256	4.759436845437477	6.811392278436242	5.785403252262236	5.470536291721941	4.578930822585888	5.552556451223276	6.156402110182263	6.253852627123452	6.441227364548314	5.193312728392968	4.614811339298094	3.8063684187111817	4.090149131295205	4.1530704919508885	4.102852171442576	4.422735535884314	4.692624227555491	4.95222254004888	6.106120635004324	14.656716462581144	30.173307361491137	28.279408088258375	17.125017403692773	7.91703903637287	6.187186543843949	5.931639768482156	6.026800623263834	6.392549894369819	6.5800213223453206	7.001397582245191	7.015904455235868	7.1566034167247805	7.683317159562146
	# checklists reporting species - (Blue Jay)	18187	12393	11376	16422	11075	17561	26848	12509	12951	14537	16318	23217	16980	16326	16336	25153	34315	39631	36842	33490	17584	15787	14159	15716	11488	8876	8333	12414	10335	10006	11723	19216	17114	17945	20163	25729	20331	20782	17889	23365	17408	15263	12791	14880	11567	10154	11815	16441
	
High Count
	Blue Jay	135	180	105	85	156	120	100	100	150	90	130	65	80	70	460	4500	4800	1500	2500	900	215	225	200	25	28	30	46	50	45	75	80	52	123	3000	50000	81920	158300	99715	11410	4070	555	83	66	75	72	118	174	161
	# checklists reporting species - (Blue Jay)	19463	13235	12149	17451	11884	18383	27840	13337	13732	15443	17367	24699	18110	17482	17558	26703	37027	43593	40209	36234	18792	16893	15158	16947	12398	9616	9086	13520	11169	10828	12642	20741	18548	19339	21762	27888	22057	22485	19182	25049	18534	16238	13684	15882	12417	10837	12543	17561
	
Totals
	Blue Jay	79302	50073	49026	72438	50423	77763	120176	50606	52332	53225	53184	69851	48405	44208	44539	122681	264132	246320	228880	124461	43686	35901	30146	32002	25019	20818	20595	33108	29440	28755	36270	64599	67557	99104	670260	2588029	1963536	1431694	264013	142094	67364	53289	45522	53486	43227	41755	60659	77621
	# checklists reporting species - (Blue Jay)	18959	12906	11844	17070	11569	18063	27481	13047	13469	15091	16884	24042	17579	16920	16930	25834	35252	40677	37750	34384	18021	16254	14545	16170	11863	9213	8661	12934	10734	10400	12175	19923	17790	18616	20917	26747	21192	21621	18559	24279	18040	15846	13346	15482	12088	10587	12300	17159
	
Average Count
	Blue Jay	4.18281554934332	3.8798233379823337	4.139311043566363	4.243585237258348	4.3584579479643875	4.305098820793888	4.373057748990211	3.878746071893922	3.8853663969114263	3.526936584719369	3.1499644633972994	2.9053739289576574	2.7535696000910175	2.6127659574468085	2.6307737743650326	4.748819385306185	7.4926812663111315	6.055510485040687	6.063046357615894	3.619735923685435	2.4241717995671714	2.20874861572536	2.0726022688209005	1.9790970933828076	2.1089943521874734	2.259633127103007	2.377900935226879	2.559764960569043	2.742686789640395	2.764903846153846	2.9790554414784394	3.242433368468604	3.797470489038786	5.323592608508809	32.04379213080269	96.75959920738775	92.65458663646659	66.21775126034873	14.225604827846327	5.852547469006137	3.734146341463415	3.362930708065127	3.4109096358459463	3.454721612194807	3.5760258107213767	3.943987909700576	4.931626016260163	4.52363191328166
	# checklists reporting species - (Blue Jay)	18959	12906	11844	17070	11569	18063	27481	13047	13469	15091	16884	24042	17579	16920	16930	25834	35252	40677	37750	34384	18021	16254	14545	16170	11863	9213	8661	12934	10734	10400	12175	19923	17790	18616	20917	26747	21192	21621	18559	24279	18040	15846	13346	15482	12088	10587	12300	17159
	
