

	Week starting on...	1/1	1/8	1/15	1/22	2/1	2/8	2/15	2/22	3/1	3/8	3/15	3/22	4/1	4/8	4/15	4/22	5/1	5/8	5/15	5/22	6/1	6/8	6/15	6/22	7/1	7/8	7/15	7/22	8/1	8/8	8/15	8/22	9/1	9/8	9/15	9/22	10/1	10/8	10/15	10/22	11/1	11/8	11/15	11/22	12/1	12/8	12/15	12/22
Frequency (%)
	Chipping Sparrow	0.146918877406214	0.16457175567057028	0.15491039235063167	0.16788126216185278	0.15472177709012544	0.12265470783265299	0.08871206215220839	0.1216485815775388	0.1295647583857191	0.0863770977295163	0.13187956238274792	0.2957141167347905	1.167158101656838	6.118753201141436	14.63977049894691	24.64417121682314	33.63372825812957	32.60401223128243	31.456472855766144	28.28019979034347	26.48943367692124	26.85878962536023	26.590385108018104	26.85408149931866	27.31704813712409	27.059539095762652	26.264630033723467	23.269726955683463	19.892895929296333	16.120819349612315	14.366528303272968	11.071010301393438	9.119010819165378	7.958996328029376	8.085106382978724	8.942326208357404	9.110018948365703	7.960424028268551	6.452689379000698	3.758137482069955	1.3994695558941368	0.8504298705732642	0.4924953095684803	0.3207236842105263	0.2803214352457485	0.28591851322373124	0.27576151383562075	0.1663605919844442
	Total # checklists submitted - (Chipping Sparrow)	59897	41927	37441	52418	36194	52179	74398	41102	41678	48624	53837	76087	56976	54668	55076	76371	79340	86336	77825	81085	50254	48580	46844	53571	38972	29594	25205	35269	26703	25923	27223	41839	32997	32680	32900	41544	33776	35375	32963	45315	35442	32219	29848	36480	32106	27980	31549	46285
	
Abundance
	Chipping Sparrow	0.0020201345643354423	0.0019319293056979988	0.0017894821185331588	0.003128696249379984	0.0022931977675857878	0.0016865022326989785	9.812091722895776E-4	0.0022869933336577297	0.0014396084265079897	9.460348798947022E-4	0.0019317569701134908	0.004113711935021752	0.021939062061218758	0.1333504060876564	0.40549422616021497	0.730539078969766	1.0122762793042601	0.8370899740548554	0.7269129457115323	0.5686625146451255	0.5032634218171688	0.5040139975298477	0.4976090854751943	0.5087827369285621	0.5325874987170276	0.5460566331013044	0.5528664947431066	0.523405823811279	0.4893083174175186	0.45600432048759787	0.45373397494765455	0.3807452376968857	0.3520320029093554	0.29761321909424726	0.3219756838905775	0.3286154438667437	0.32842846991946945	0.2794063604240283	0.267087340351303	0.13876199933796757	0.0388239941312567	0.03376889413079239	0.01112302331814527	0.004660087719298245	0.0036753254843331466	0.003288062902072909	0.004025484167485499	0.001944474451766231
	Total # checklists submitted - (Chipping Sparrow)	59897	41927	37441	52418	36194	52179	74398	41102	41678	48624	53837	76087	56976	54668	55076	76371	79340	86336	77825	81085	50254	48580	46844	53571	38972	29594	25205	35269	26703	25923	27223	41839	32997	32680	32900	41544	33776	35375	32963	45315	35442	32219	29848	36480	32106	27980	31549	46285
	
Birds Per Party Hour
	Chipping Sparrow	4.762140251398388	3.036903385937532	3.344330990274413	3.857628094305916	4.813064086640522	3.7041190394912635	3.0052482110139724	3.6056390372989657	3.5913521835681705	3.867477966640129	3.3820002507211386	2.3422482606659103	2.6192612374150612	3.75357019675537	4.3828300602498516	4.231187341097559	4.349268259740209	3.638712994016466	3.378331891475856	3.972515324368553	5.698968691960601	6.65744698178608	7.190501547836629	7.596654983256934	6.578823132638239	5.110693084132772	4.124538230082838	4.1897718126662795	3.9655908984332005	4.184977030180396	4.648776521525096	5.264464050989497	5.74210715949281	6.347043747198006	5.59382574392669	5.256167120674592	4.958276324832612	4.824729481339966	5.022549939464998	3.6162697817114853	2.9665039561273816	3.2857881316992312	2.537285972111532	2.326513806402663	1.8299803919976374	4.856534030980062	2.2566806050992163	2.159871433387281
	# checklists reporting species - (Chipping Sparrow)	90	69	65	96	66	70	68	51	62	50	81	238	723	3541	8224	19021	26459	27442	23982	22703	13220	12948	12402	14310	10604	7920	6544	8179	5282	4148	3896	4610	3026	2586	2718	3783	3100	2878	2198	1758	522	303	165	134	102	86	93	81
	
High Count
	Chipping Sparrow	11	5	7	8	5	8	5	40	3	3	6	23	45	220	500	700	200	600	80	35	60	40	54	50	38	44	48	40	52	55	80	250	60	50	50	80	80	150	208	200	235	60	21	9	8	4	5	5
	# checklists reporting species - (Chipping Sparrow)	100	73	71	104	71	70	72	54	62	53	93	264	804	3854	9104	20601	28932	30487	26385	24721	14248	13918	13356	15442	11511	8618	7217	8949	5803	4563	4233	5020	3245	2833	2906	4016	3360	3071	2344	1889	574	314	179	139	110	96	100	89
	
Totals
	Chipping Sparrow	132	86	93	191	99	95	80	101	71	58	127	402	1463	8692	24857	59888	85215	76511	59959	48773	26504	25737	24564	28721	21956	17017	14774	19685	13991	12536	13069	17022	12364	10510	11394	14555	11949	10680	9589	7103	1823	1204	410	205	141	112	143	102
	# checklists reporting species - (Chipping Sparrow)	99	73	71	104	71	70	71	54	62	53	93	261	781	3771	8799	19833	27412	28378	24764	23441	13651	13403	12792	14808	11031	8277	6872	8590	5560	4369	4081	4850	3144	2730	2834	3933	3262	3005	2295	1844	564	312	177	139	108	95	99	89
	
Average Count
	Chipping Sparrow	1.3333333333333333	1.178082191780822	1.3098591549295775	1.8365384615384615	1.3943661971830985	1.3571428571428572	1.1267605633802817	1.8703703703703705	1.1451612903225807	1.0943396226415094	1.3655913978494623	1.5402298850574712	1.8732394366197183	2.3049588968443384	2.8249801113762927	3.019613775021429	3.1086750328323363	2.696137853266615	2.4212162816992406	2.080670619854102	1.9415427441213098	1.9202417369245692	1.9202626641651033	1.939559697460832	1.9903907170700752	2.0559381418388303	2.14988358556461	2.291618160651921	2.51636690647482	2.869306477454795	3.202401372212693	3.5096907216494846	3.9325699745547076	3.84981684981685	4.0204657727593505	3.700737350622934	3.663090128755365	3.5540765391014975	4.178213507625272	3.8519522776572668	3.232269503546099	3.858974358974359	2.3163841807909606	1.474820143884892	1.3055555555555556	1.1789473684210525	1.4444444444444444	1.146067415730337
	# checklists reporting species - (Chipping Sparrow)	99	73	71	104	71	70	71	54	62	53	93	261	781	3771	8799	19833	27412	28378	24764	23441	13651	13403	12792	14808	11031	8277	6872	8590	5560	4369	4081	4850	3144	2730	2834	3933	3262	3005	2295	1844	564	312	177	139	108	95	99	89
	
