

	Week starting on...	1/1	1/8	1/15	1/22	2/1	2/8	2/15	2/22	3/1	3/8	3/15	3/22	4/1	4/8	4/15	4/22	5/1	5/8	5/15	5/22	6/1	6/8	6/15	6/22	7/1	7/8	7/15	7/22	8/1	8/8	8/15	8/22	9/1	9/8	9/15	9/22	10/1	10/8	10/15	10/22	11/1	11/8	11/15	11/22	12/1	12/8	12/15	12/22
Frequency (%)
	Barn Swallow	0.010017196186787317	0.014310587449614805	0.005341737667263161	0.0	0.0	0.0	0.0	0.0	0.0	0.0	0.0	0.045999973714300736	0.4914349901713002	2.646886661300944	6.7779068922942844	14.958557567663119	23.6690194101336	27.37560229799852	26.91680051397366	24.870197940432877	20.00437776097425	18.26060107039934	17.481427717530526	18.19641223796457	18.916144924561223	22.09907413664932	23.06288434834358	24.199722135586494	26.098191214470283	23.936272807931182	23.689527237997282	16.912450106360094	10.767645543534261	5.379436964504284	1.6838905775075987	0.661948777200077	0.2812648034107058	0.15830388692579506	0.13955040499954496	0.07503034315348119	0.025393600812595223	0.015518793258636207	0.006700616456714018	0.0027412280701754384	0.0	0.01072194424588992	0.0031696725728232273	0.004321054337258291
	Total # checklists submitted - (Barn Swallow)	59897	41927	37441	52418	36194	52179	74398	41102	41678	48624	53837	76087	56976	54668	55076	76371	79340	86336	77825	81085	50254	48580	46844	53571	38972	29594	25205	35269	26703	25923	27223	41839	32997	32680	32900	41544	33776	35375	32963	45315	35442	32219	29848	36480	32106	27980	31549	46285
	
Abundance
	Barn Swallow	1.3356261582383091E-4	2.146588117442221E-4	8.012606500894742E-5	0.0	0.0	0.0	0.0	0.0	0.0	0.0	0.0	5.388568349389514E-4	0.007740101095197978	0.06746176922514086	0.32727503812913067	1.0614762147935735	1.9787244769347114	2.6050430874722017	1.912174751044009	1.330899673182463	0.9057189477454531	0.7555578427336352	0.7194304500042695	0.8307106456851655	1.0169352355537309	1.456207339325539	1.6411426304304702	2.3175876832345685	5.155825188181103	14.424526482274429	10.48675752121368	4.097062549296111	1.2172924811346486	0.8074051407588739	0.12151975683890577	0.030305218563450798	0.006128612032212222	0.0044098939929328625	0.0023056153869490032	0.0011254551473022178	3.9501156819592576E-4	1.862255191036345E-4	6.700616456714018E-5	2.7412280701754386E-5	0.0	1.7869907076483203E-4	6.339345145646455E-5	8.642108674516582E-5
	Total # checklists submitted - (Barn Swallow)	59897	41927	37441	52418	36194	52179	74398	41102	41678	48624	53837	76087	56976	54668	55076	76371	79340	86336	77825	81085	50254	48580	46844	53571	38972	29594	25205	35269	26703	25923	27223	41839	32997	32680	32900	41544	33776	35375	32963	45315	35442	32219	29848	36480	32106	27980	31549	46285
	
Birds Per Party Hour
	Barn Swallow	10.321590253228482	18.726060256267314	18.072289156626507	0.0	0.0	0.0	0.0	0.0	0.0	0.0	0.0	1.0869453232867785	1.7583023506196382	4.308432694091872	8.720003819904576	11.967201349976893	10.815790520997064	11.714337295780162	9.573091570279892	9.773088279565876	11.246807511408248	11.385101257595869	12.501053035286025	14.220323389552483	14.339747965954134	14.637636576534693	13.412089951705978	15.58568999234364	24.367794783395407	122.78130446580985	61.40345043761182	39.362802811694046	12.01011106832274	12.623390419992374	6.3789916123621975	3.071765078135564	2.2651544601854643	3.6086507984583758	1.8973467296152333	2.1145469060403648	0.8747779696195239	0.22677204796548187	0.03636231409766918	1.6666666666666667	0.0	3.253003003003003	2.05	6.130881094952951
	# checklists reporting species - (Barn Swallow)	8	5	2	0.0	0.0	0.0	0.0	0.0	0.0	0.0	0	46	299	1507	3651	11168	17413	21152	19094	18965	9750	8610	8112	9561	7246	6399	5631	8357	6804	6135	6260	6894	3460	1734	534	281	92	60	48	40	11	9	3	1	0.0	2	2	2
	
High Count
	Barn Swallow	2	2	2	0.0	0.0	0.0	0.0	0.0	0.0	0.0	2	3	10	100	430	2200	4000	7500	2800	600	150	225	160	200	500	300	250	5000	16870	75000	40000	20000	500	5000	200	115	18	75	6	4	4	2	1	1	0.0	2	2	2
	# checklists reporting species - (Barn Swallow)	8	6	2	0.0	0.0	0.0	0.0	0.0	0.0	0.0	1	49	341	1668	4131	12385	20169	25455	22413	21635	10863	9559	8953	10613	8100	7077	6314	9305	7581	6806	7026	7592	3815	1891	596	307	105	65	50	46	12	9	5	1	0.0	4	3	4
	
Totals
	Barn Swallow	12	9	3	0.0	0.0	0.0	0.0	0.0	0.0	0.0	2	56	521	4251	19950	87526	166688	238248	156493	113837	48115	38780	36173	47360	42473	45830	44685	88297	149688	394485	294782	180719	43308	27388	4135	1360	222	170	88	68	19	13	5	1	0.0	7	5	8
	# checklists reporting species - (Barn Swallow)	8	6	2	0.0	0.0	0.0	0.0	0.0	0.0	0.0	1	49	336	1619	3921	11576	17945	21792	19609	19601	10087	8922	8412	9950	7552	6638	5866	8701	7070	6395	6538	7136	3593	1798	561	296	99	65	50	45	12	9	5	1	0.0	4	3	4
	
Average Count
	Barn Swallow	1.5	1.5	1.5	0.0	0.0	0.0	0.0	0.0	0.0	0.0	2.0	1.1428571428571428	1.5505952380952381	2.6256948733786287	5.087987758224942	7.560988251554941	9.288826971301198	10.932819383259911	7.98067214034372	5.80771389214836	4.770000991375037	4.3465590674736605	4.300166428911079	4.759798994974874	5.624073093220339	6.904188008436276	7.617627003068531	10.147914032869785	21.172277227722773	61.68647380766224	45.087488528602016	25.324971973094172	12.053437239075981	15.232480533926585	7.3707664884135475	4.594594594594595	2.242424242424242	2.6153846153846154	1.76	1.511111111111111	1.5833333333333333	1.4444444444444444	1.0	1.0	0.0	1.75	1.6666666666666667	2.0
	# checklists reporting species - (Barn Swallow)	8	6	2	0.0	0.0	0.0	0.0	0.0	0.0	0.0	1	49	336	1619	3921	11576	17945	21792	19609	19601	10087	8922	8412	9950	7552	6638	5866	8701	7070	6395	6538	7136	3593	1798	561	296	99	65	50	45	12	9	5	1	0.0	4	3	4
	
