

	Week starting on...	1/1	1/8	1/15	1/22	2/1	2/8	2/15	2/22	3/1	3/8	3/15	3/22	4/1	4/8	4/15	4/22	5/1	5/8	5/15	5/22	6/1	6/8	6/15	6/22	7/1	7/8	7/15	7/22	8/1	8/8	8/15	8/22	9/1	9/8	9/15	9/22	10/1	10/8	10/15	10/22	11/1	11/8	11/15	11/22	12/1	12/8	12/15	12/22
Frequency (%)
	Black-and-white Warbler	0.0	0.0	0.0	0.0	0.0	0.0	0.0	0.0	0.0	0.0	0.0	0.0026285699265314708	0.0	0.009146118387356406	0.05810153242791779	1.6144871744510352	14.736576758255609	20.614807264640476	19.35496305814327	11.184559412961708	9.221156524853743	8.888431453272952	8.52190248484331	8.388867110936888	7.35656368674946	4.9469487058187465	4.713350525689347	4.318239814000964	5.4188667939931845	7.009219611927632	9.172390992910406	10.578646717177753	11.110100918265296	9.452264381884945	5.25531914893617	2.2915463123435393	0.6217432496447182	0.15830388692579506	0.08494372478233171	0.030894847180845193	0.0028215112013994697	0.006207517303454484	0.003350308228357009	0.008223684210526315	0.006229365227683299	0.007147962830593281	0.009509017718469681	0.0
	Total # checklists submitted - (Black-and-white Warbler)	59897	41927	37441	52418	36194	52179	74398	41102	41678	48624	53837	76087	56976	54668	55076	76371	79340	86336	77825	81085	50254	48580	46844	53571	38972	29594	25205	35269	26703	25923	27223	41839	32997	32680	32900	41544	33776	35375	32963	45315	35442	32219	29848	36480	32106	27980	31549	46285
	
Abundance
	Black-and-white Warbler	0.0	0.0	0.0	0.0	0.0	0.0	0.0	0.0	0.0	0.0	0.0	3.942854889797206E-5	0.0	1.0975342064827688E-4	5.810153242791779E-4	0.022141912506055964	0.31545248298462314	0.43043458117123795	0.36240282685512365	0.1788000246654745	0.1422971305766705	0.13898723754631537	0.12524549568781487	0.11480091840734725	0.10279174792158473	0.06889910116915592	0.0645110097202936	0.06492954152371772	0.08939070516421375	0.12205377464028083	0.1587260772141204	0.1870981620019599	0.18238021638330756	0.15128518971848226	0.07221884498480244	0.029607163489312537	0.007283278067266698	0.00192226148409894	8.494372478233171E-4	3.089484718084519E-4	2.8215112013994695E-5	6.207517303454484E-5	3.350308228357009E-5	8.223684210526316E-5	6.229365227683299E-5	7.14796283059328E-5	9.509017718469682E-5	0.0
	Total # checklists submitted - (Black-and-white Warbler)	59897	41927	37441	52418	36194	52179	74398	41102	41678	48624	53837	76087	56976	54668	55076	76371	79340	86336	77825	81085	50254	48580	46844	53571	38972	29594	25205	35269	26703	25923	27223	41839	32997	32680	32900	41544	33776	35375	32963	45315	35442	32219	29848	36480	32106	27980	31549	46285
	
Birds Per Party Hour
	Black-and-white Warbler	0.0	0.0	0.0	0.0	0.0	0.0	0.0	0.0	0.0	0.0	0.0	0.2702702702702703	0.0	0.34427109144181184	0.5866692939689455	0.9946931245292843	1.639741519538499	1.4934460618396632	1.6351294657248403	2.8765167823647624	5.232588544173768	5.844527183880678	6.195743052134821	6.391256337333687	5.310442556082578	3.586762562136759	2.0003193705144984	1.6541744413639736	1.7202037172911004	1.6506892545126401	1.4764408492657464	1.474708081696196	1.298992318227858	1.1748249045315133	1.158785224539815	0.9916867862338538	0.8125546834423862	0.6706671564761102	0.8520093525877389	0.6361123124379245	0.6666666666666666	1.315855969677827	0.0	0.4520241070850185	0.7726281352235551	0.2749355907250644	0.22220720172643177	0.0
	# checklists reporting species - (Black-and-white Warbler)	0.0	0.0	0.0	0.0	0.0	0.0	0.0	0.0	0.0	0.0	0.0	2	0.0	7	36	1288	11928	17474	14989	8928	4573	4268	3997	4448	2858	1431	1181	1533	1467	1859	2594	4514	3719	3170	1805	971	217	61	29	14	1	2	0	3	2	2	4	0.0
	
High Count
	Black-and-white Warbler	0.0	0.0	0.0	0.0	0.0	0.0	0.0	0.0	0.0	0.0	0.0	2	0.0	2	2	15	69	80	50	25	25	16	20	15	30	15	11	18	21	20	20	30	17	20	30	7	6	6	1	1	1	1	1	1	1	1	1	0.0
	# checklists reporting species - (Black-and-white Warbler)	0.0	0.0	0.0	0.0	0.0	0.0	0.0	0.0	0.0	0.0	0.0	2	0.0	7	46	1447	13081	19799	16449	9843	4961	4620	4330	4883	3116	1581	1299	1670	1606	2026	2781	4856	3941	3365	1920	1048	230	65	29	14	1	2	1	3	2	2	4	0.0
	
Totals
	Black-and-white Warbler	0.0	0.0	0.0	0.0	0.0	0.0	0.0	0.0	0.0	0.0	0.0	3	0.0	8	46	1970	27169	40131	30224	15444	7506	7072	6264	6566	4267	2157	1750	2458	2637	3475	4769	8566	6388	5324	2648	1340	268	76	29	14	1	2	1	3	2	2	4	0.0
	# checklists reporting species - (Black-and-white Warbler)	0.0	0.0	0.0	0.0	0.0	0.0	0.0	0.0	0.0	0.0	0.0	2	0.0	7	43	1386	12381	18091	15406	9255	4739	4461	4162	4656	2998	1504	1236	1604	1547	1952	2696	4715	3825	3265	1864	1017	228	63	29	14	1	2	1	3	2	2	4	0.0
	
Average Count
	Black-and-white Warbler	0.0	0.0	0.0	0.0	0.0	0.0	0.0	0.0	0.0	0.0	0.0	1.5	0.0	1.1428571428571428	1.069767441860465	1.4213564213564214	2.194410790727728	2.2182853352495715	1.96183305205764	1.6687196110210696	1.5838784553703313	1.5852947769558394	1.5050456511292647	1.4102233676975946	1.423282188125417	1.4341755319148937	1.4158576051779934	1.532418952618454	1.7045895281189398	1.7802254098360655	1.7689169139465875	1.8167550371155885	1.6700653594771242	1.6306278713629403	1.4206008583690988	1.3176007866273354	1.1754385964912282	1.2063492063492063	1.0	1.0	1.0	1.0	1.0	1.0	1.0	1.0	1.0	0.0
	# checklists reporting species - (Black-and-white Warbler)	0.0	0.0	0.0	0.0	0.0	0.0	0.0	0.0	0.0	0.0	0.0	2	0.0	7	43	1386	12381	18091	15406	9255	4739	4461	4162	4656	2998	1504	1236	1604	1547	1952	2696	4715	3825	3265	1864	1017	228	63	29	14	1	2	1	3	2	2	4	0.0
	
