

	Week starting on...	1/1	1/8	1/15	1/22	2/1	2/8	2/15	2/22	3/1	3/8	3/15	3/22	4/1	4/8	4/15	4/22	5/1	5/8	5/15	5/22	6/1	6/8	6/15	6/22	7/1	7/8	7/15	7/22	8/1	8/8	8/15	8/22	9/1	9/8	9/15	9/22	10/1	10/8	10/15	10/22	11/1	11/8	11/15	11/22	12/1	12/8	12/15	12/22
Frequency (%)
	Brown Creeper	3.5577741790072963	3.3033606029527514	3.41337036938116	3.208821397229959	3.083383986296071	2.271028574713965	2.173445522729106	2.605712617390881	2.4833245357262825	2.461747285291214	2.663595668406486	4.122911929764612	6.783557989328841	10.664374039657568	10.29304960418331	8.844980424506685	5.754978573229141	2.7914195700518905	2.1496948281400576	1.5625578097058643	1.7312054761810005	1.8423219431864966	1.7270087951498592	1.7434806145115826	1.7705018987991379	1.3550043927823208	1.503669906764531	1.4999007627094616	1.733887578174737	1.7937738687651892	1.8440289461117438	1.988575252754607	2.5214413431524076	2.763157894736842	4.528875379939209	6.547275178124398	8.885007105637138	8.678445229681978	7.156508812911447	6.128213615800507	5.101292252130241	4.587355287252863	4.194585901902975	4.166666666666666	4.22973898959696	4.09578270192995	5.924118038606612	4.431241222858377
	Total # checklists submitted - (Brown Creeper)	59897	41927	37441	52418	36194	52179	74398	41102	41678	48624	53837	76087	56976	54668	55076	76371	79340	86336	77825	81085	50254	48580	46844	53571	38972	29594	25205	35269	26703	25923	27223	41839	32997	32680	32900	41544	33776	35375	32963	45315	35442	32219	29848	36480	32106	27980	31549	46285
	
Abundance
	Brown Creeper	0.052189592133161926	0.04505449948720395	0.048449560642076867	0.043038650845129534	0.043874675360556996	0.031142796910634547	0.02868356676254738	0.03598365043063598	0.03375881760161236	0.03337857847976308	0.04034400133737021	0.0682639609920223	0.13598708228025835	0.2679995609863174	0.26737598954172415	0.17365230257558498	0.0885177716158306	0.03738880652335063	0.02857693543205911	0.0211629771227724	0.023759302742070283	0.026492383696994647	0.023076594654598243	0.024173526721547104	0.025069280509083445	0.0182469419476921	0.02166236857766316	0.020868184524653378	0.027075609482080664	0.025382864637580528	0.02464827535539801	0.027295107435646167	0.03415462011698033	0.03751529987760098	0.06486322188449849	0.11168881186212208	0.16567977261961156	0.17051590106007067	0.13918636046476351	0.10758027143330023	0.07680153490209356	0.06868617896272386	0.058697400160814796	0.0637609649122807	0.06132810066654208	0.061651179413867045	0.10792735110463089	0.06753807929134709
	Total # checklists submitted - (Brown Creeper)	59897	41927	37441	52418	36194	52179	74398	41102	41678	48624	53837	76087	56976	54668	55076	76371	79340	86336	77825	81085	50254	48580	46844	53571	38972	29594	25205	35269	26703	25923	27223	41839	32997	32680	32900	41544	33776	35375	32963	45315	35442	32219	29848	36480	32106	27980	31549	46285
	
Birds Per Party Hour
	Brown Creeper	1.993617236501187	2.020341754599105	2.121066282248792	2.0773265758418074	2.334813036312238	2.0018782280555185	1.9690744533104991	1.9538268295358072	1.8513760964520263	1.8859967742709383	1.98483246875763	2.1670276169248686	2.23627538511121	2.4137989221621097	2.341566863122007	1.7863979705222843	1.3099153065977602	1.233398707607484	1.2264321110573806	2.1379438471352747	4.609274084306105	4.901716284225866	5.672939639788791	6.0091185979709545	5.782737071647126	3.1507347148449742	1.8819011260531673	1.2315400724564265	1.8771793591472161	1.3728900377970021	1.4388030386136361	1.0920803511379162	1.1597691669669306	1.3994842344736285	1.2625228551100507	1.459577140295047	1.6262691820104829	1.6210618140384585	1.7763214704856942	1.5040993105523202	1.5761059683942522	1.8255991030830785	2.138998032162189	2.103407684880119	1.777581525461087	1.7089592530765985	1.607363848076226	1.632416695578579
	# checklists reporting species - (Brown Creeper)	2171	1427	1326	1735	1143	1240	1634	1114	1069	1227	1475	3247	3986	6035	5727	6902	4583	2417	1672	1262	863	905	820	931	703	408	384	541	470	467	508	857	849	902	1519	2771	3098	3166	2434	2907	1839	1545	1282	1570	1401	1185	1879	2123
	
High Count
	Brown Creeper	18	12	14	14	15	10	8	8	10	10	25	65	80	150	100	110	20	60	9	9	14	14	8	12	11	7	17	7	6	6	5	10	9	20	115	140	55	65	200	75	16	10	13	15	13	16	22	16
	# checklists reporting species - (Brown Creeper)	2281	1501	1394	1814	1201	1295	1700	1173	1116	1289	1565	3441	4267	6493	6223	7321	4937	2617	1808	1378	958	1006	914	1087	802	468	431	601	522	507	565	928	901	979	1640	2983	3316	3374	2583	3055	1945	1619	1334	1630	1481	1245	1973	2206
	
Totals
	Brown Creeper	3306	2008	1948	2402	1683	1743	2227	1602	1495	1732	2334	5650	8431	16468	16043	14442	7442	3482	2369	1827	1275	1396	1196	1442	1086	608	600	819	787	699	741	1249	1211	1321	2448	5173	6286	6573	5304	5394	2927	2381	1853	2450	2103	1857	3536	3316
	# checklists reporting species - (Brown Creeper)	2248	1476	1372	1797	1186	1279	1685	1162	1106	1266	1538	3384	4164	6305	6002	7126	4718	2483	1714	1321	928	963	877	1036	781	448	404	577	501	486	546	902	882	944	1583	2908	3245	3305	2535	3007	1912	1601	1320	1613	1463	1226	1955	2178
	
Average Count
	Brown Creeper	1.4706405693950177	1.3604336043360434	1.4198250728862973	1.3366722314969393	1.4190556492411468	1.36278342455043	1.3216617210682493	1.378657487091222	1.3517179023508137	1.368088467614534	1.517555266579974	1.6696217494089836	2.0247358309317964	2.6118953211736717	2.6729423525491502	2.0266629245018244	1.5773632895294616	1.4023358840112767	1.382147024504084	1.3830431491294475	1.3739224137931034	1.4496365524402908	1.3637400228050172	1.3918918918918919	1.3905249679897567	1.3571428571428572	1.4851485148514851	1.4194107452339688	1.5708582834331337	1.4382716049382716	1.3571428571428572	1.3847006651884701	1.373015873015873	1.3993644067796611	1.5464308275426406	1.7788858321870702	1.9371340523882896	1.988804841149773	2.0923076923076924	1.7938144329896908	1.530857740585774	1.4871955028107433	1.4037878787878788	1.518908865468072	1.4374572795625427	1.5146818923327896	1.808695652173913	1.522497704315886
	# checklists reporting species - (Brown Creeper)	2248	1476	1372	1797	1186	1279	1685	1162	1106	1266	1538	3384	4164	6305	6002	7126	4718	2483	1714	1321	928	963	877	1036	781	448	404	577	501	486	546	902	882	944	1583	2908	3245	3305	2535	3007	1912	1601	1320	1613	1463	1226	1955	2178
	
