

	Week starting on...	1/1	1/8	1/15	1/22	2/1	2/8	2/15	2/22	3/1	3/8	3/15	3/22	4/1	4/8	4/15	4/22	5/1	5/8	5/15	5/22	6/1	6/8	6/15	6/22	7/1	7/8	7/15	7/22	8/1	8/8	8/15	8/22	9/1	9/8	9/15	9/22	10/1	10/8	10/15	10/22	11/1	11/8	11/15	11/22	12/1	12/8	12/15	12/22
Frequency (%)
	Ring-necked Duck	1.158655692271733	0.9492689674911156	0.681071552576053	0.9004540425044832	0.6990108857821739	0.5941087410644129	0.5201752735288583	1.7785022626636176	2.327366956187917	6.159509707140507	9.45260694318034	10.855993796574975	11.98048301039034	11.29179776103022	10.496404967681022	8.488824291943278	4.910511721704058	2.3895014825796883	1.6023128814648249	1.4404637109206389	1.1183189397858877	0.9468917249897078	0.6553667492101443	0.6178716096395438	0.585035410037976	0.6048523349327566	0.6466970839119223	0.6578014687118999	0.7639591057184586	0.8332368938780234	0.8742607354075598	1.0349195726475298	1.136466951541049	1.1474908200734393	1.5015197568389058	2.6429809358752165	3.813358597820938	4.146996466431095	4.9995449443315225	5.0336533156791345	5.0166469160882565	3.7741705205003258	2.5529348700080408	1.7982456140350878	1.5791440852177163	1.1972837741243745	1.1252337633522458	0.905260883655612
	Total # checklists submitted - (Ring-necked Duck)	59897	41927	37441	52418	36194	52179	74398	41102	41678	48624	53837	76087	56976	54668	55076	76371	79340	86336	77825	81085	50254	48580	46844	53571	38972	29594	25205	35269	26703	25923	27223	41839	32997	32680	32900	41544	33776	35375	32963	45315	35442	32219	29848	36480	32106	27980	31549	46285
	
Abundance
	Ring-necked Duck	0.12825350184483364	0.07606077229470269	0.04644640901685318	0.07707276126521424	0.05440128198043875	0.034132505414055464	0.02748729804564639	0.1937132013040728	0.2988867028168338	1.1955824284304046	2.55302115645374	3.320764388134635	3.0134969109800616	2.656544962317992	1.946528433437432	1.2125937855992457	0.46559112679606757	0.15146636397331356	0.06375843238034051	0.04896096688660048	0.0439964977912206	0.04147797447509263	0.031679617453676034	0.02710421683373467	0.03818125833932054	0.05085490302088261	0.06082126562190042	0.04624457739090986	0.05576152492229337	0.07171237896848359	0.03952540131506447	0.05475752288534621	0.0630360335788102	0.07594859241126072	0.15398176291793314	0.3429376083188908	1.3126480341070583	1.185922261484099	2.118314473803962	3.2970980911397993	4.368602223350827	3.4141965920730004	2.3508777807558294	1.1845394736842105	0.2830623559459291	0.13123659756969264	0.15112998827221147	0.07043318569731015
	Total # checklists submitted - (Ring-necked Duck)	59897	41927	37441	52418	36194	52179	74398	41102	41678	48624	53837	76087	56976	54668	55076	76371	79340	86336	77825	81085	50254	48580	46844	53571	38972	29594	25205	35269	26703	25923	27223	41839	32997	32680	32900	41544	33776	35375	32963	45315	35442	32219	29848	36480	32106	27980	31549	46285
	
Birds Per Party Hour
	Ring-necked Duck	23.33052698653852	18.89931604018408	16.598461241289236	20.330425168545585	17.140849850531964	17.14574374377381	13.379232493535795	31.158967042826884	33.38640873709394	45.92348317915446	64.39518749046098	80.60268029974027	65.25340492296115	57.40330202412848	44.63970353560411	33.21194039559232	19.114849593695208	12.467874735337599	6.200681964232116	6.959249714948359	7.698491585487943	7.879565638905739	8.87474453600874	7.064903971088212	11.308715799840202	19.07654430205577	18.277128745749597	10.784498365889277	15.746365913644008	15.220564125273901	11.283815869842426	17.109206805607116	10.799191984810657	10.06936525595882	16.33769580929275	23.3743622581628	36.31598146024409	38.432548092113166	65.64367077096809	105.7884437071553	127.83378931984043	142.8938697520024	98.3123578205071	48.207896067882295	26.801740635360865	24.209907138697254	31.170812513591173	18.512946751945094
	# checklists reporting species - (Ring-necked Duck)	700	396	253	470	257	316	397	731	989	3019	5072	8220	6753	6022	5628	6449	3865	2075	1246	1199	582	468	311	337	239	174	163	228	212	211	251	451	388	377	510	1070	1255	1447	1606	2229	1736	1175	736	640	522	340	353	418
	
High Count
	Ring-necked Duck	275	212	100	114	78	100	83	226	450	500	1050	2500	2500	3500	5000	1855	422	300	70	68	58	130	86	62	138	130	250	75	83	150	54	75	160	120	200	600	3700	1800	3500	4500	8000	4240	6760	2725	1200	225	510	178
	# checklists reporting species - (Ring-necked Duck)	763	436	286	527	281	336	426	798	1056	3215	5501	8934	7390	6706	6251	7068	4203	2266	1364	1307	646	508	354	378	270	190	178	248	225	232	266	480	415	410	542	1169	1385	1587	1786	2474	1919	1295	823	712	570	372	379	472
	
Totals
	Ring-necked Duck	8486	3800	1941	4579	2076	2000	2210	8304	13023	61955	144869	267950	185428	155563	114643	99132	39116	13900	5229	4299	2478	2127	1584	1568	1600	1547	1588	1685	1555	1946	1277	2590	2311	2633	5772	15329	46525	43155	73079	154211	164625	111252	76115	44768	9396	4032	4829	4007
	# checklists reporting species - (Ring-necked Duck)	734	420	265	498	267	325	414	759	1025	3116	5246	8535	7019	6307	5885	6679	3999	2150	1296	1257	609	491	332	358	253	182	173	241	222	224	255	467	404	395	524	1115	1314	1512	1679	2319	1799	1208	764	670	545	359	368	441
	
Average Count
	Ring-necked Duck	11.561307901907357	9.047619047619047	7.324528301886793	9.194779116465863	7.775280898876405	6.153846153846154	5.338164251207729	10.940711462450594	12.705365853658536	19.88286264441592	27.61513534121235	31.394258933801993	26.41800826328537	24.66513397811955	19.480543755310112	14.842341667914358	9.781445361340335	6.465116279069767	4.034722222222222	3.420047732696897	4.068965517241379	4.3319755600814664	4.771084337349397	4.379888268156424	6.324110671936759	8.5	9.179190751445086	6.991701244813278	7.004504504504505	8.6875	5.007843137254902	5.546038543897216	5.72029702970297	6.665822784810127	11.01526717557252	13.747982062780268	35.40715372907154	28.541666666666668	43.52531268612269	66.498921949116	91.50917176209005	92.09602649006622	99.62696335078535	66.8179104477612	17.240366972477066	11.231197771587743	13.122282608695652	9.086167800453515
	# checklists reporting species - (Ring-necked Duck)	734	420	265	498	267	325	414	759	1025	3116	5246	8535	7019	6307	5885	6679	3999	2150	1296	1257	609	491	332	358	253	182	173	241	222	224	255	467	404	395	524	1115	1314	1512	1679	2319	1799	1208	764	670	545	359	368	441
	
