

	Week starting on...	1/1	1/8	1/15	1/22	2/1	2/8	2/15	2/22	3/1	3/8	3/15	3/22	4/1	4/8	4/15	4/22	5/1	5/8	5/15	5/22	6/1	6/8	6/15	6/22	7/1	7/8	7/15	7/22	8/1	8/8	8/15	8/22	9/1	9/8	9/15	9/22	10/1	10/8	10/15	10/22	11/1	11/8	11/15	11/22	12/1	12/8	12/15	12/22
Frequency (%)
	Blue-winged Warbler	0.0	0.0	0.0	0.0	0.0	0.0	0.0	0.0	0.0	0.0	0.0	0.0	0.0	0.0	0.010894037330234585	0.1951002343821608	2.443912276279304	3.0682449962935507	2.515901060070671	1.9226737374360239	1.5361961236916464	1.103334705640181	0.8859192212449833	0.5898713856377518	0.38232577234937903	0.25680881259714805	0.22217813925808372	0.18429782528566163	0.14230610792794815	0.19287891061991283	0.35264298571061237	0.3537369439996176	0.4667090947661909	0.21113831089351284	0.04559270516717325	0.016849605237820142	0.0	0.0028268551236749115	0.0	0.004413549597263599	0.0	0.0	0.0	0.0	0.0	0.0	0.0	0.0
	Total # checklists submitted - (Blue-winged Warbler)	59897	41927	37441	52418	36194	52179	74398	41102	41678	48624	53837	76087	56976	54668	55076	76371	79340	86336	77825	81085	50254	48580	46844	53571	38972	29594	25205	35269	26703	25923	27223	41839	32997	32680	32900	41544	33776	35375	32963	45315	35442	32219	29848	36480	32106	27980	31549	46285
	
Abundance
	Blue-winged Warbler	0.0	0.0	0.0	0.0	0.0	0.0	0.0	0.0	0.0	0.0	0.0	0.0	0.0	0.0	1.2709710218607016E-4	0.0022521637794450772	0.03137131333501386	0.03880189028910304	0.037545775778991326	0.03389036196583832	0.023898595136705537	0.01669411280362289	0.01419605499103407	0.0094640757126057	0.005722056861336344	0.004358991687504224	0.0035310454274945446	0.002523462530834444	0.0018349998127551212	0.0027003047486787793	0.004959041986555487	0.004612920958913932	0.0063945207140043035	0.002233782129742962	4.8632218844984804E-4	2.166377816291161E-4	0.0	2.8268551236749116E-5	0.0	4.413549597263599E-5	0.0	0.0	0.0	0.0	0.0	0.0	0.0	0.0
	Total # checklists submitted - (Blue-winged Warbler)	59897	41927	37441	52418	36194	52179	74398	41102	41678	48624	53837	76087	56976	54668	55076	76371	79340	86336	77825	81085	50254	48580	46844	53571	38972	29594	25205	35269	26703	25923	27223	41839	32997	32680	32900	41544	33776	35375	32963	45315	35442	32219	29848	36480	32106	27980	31549	46285
	
Birds Per Party Hour
	Blue-winged Warbler	0.0	0.0	0.0	0.0	0.0	0.0	0.0	0.0	0.0	0.0	0.0	0.0	0.0	0.0	0.9488834162719232	0.5187813759133675	0.8666487861632621	0.8641917435621097	1.2498875728998449	1.686555243506155	1.928602813771656	2.2814493996400853	1.9753940945551192	2.369522325895431	1.5593883231181176	1.4751292158054885	1.5009667883908964	1.121194694540078	1.3142391556603108	0.9111488218909101	0.8494215218968665	0.858743377333108	0.5244951090562627	0.5946836595699455	1.3690130775033458	0.44294728120949556	0.0	0.0	0.0	0.4444444444444444	0.0	0.0	0.0	0.0	0.0	0.0	0.0	0.0
	# checklists reporting species - (Blue-winged Warbler)	0.0	0.0	0.0	0.0	0.0	0.0	0.0	0.0	0.0	0.0	0.0	0.0	0.0	0.0	10	170	1901	2569	2000	1656	816	566	427	337	156	71	59	67	37	52	99	153	154	77	16	7	0	0	0.0	2	0.0	0.0	0.0	0.0	0.0	0.0	0.0	0.0
	
High Count
	Blue-winged Warbler	0.0	0.0	0.0	0.0	0.0	0.0	0.0	0.0	0.0	0.0	0.0	0.0	0.0	0.0	2	4	11	14	13	21	10	14	9	8	10	5	5	5	6	7	8	6	5	3	2	2	1	1	0.0	1	0.0	0.0	0.0	0.0	0.0	0.0	0.0	0.0
	# checklists reporting species - (Blue-winged Warbler)	0.0	0.0	0.0	0.0	0.0	0.0	0.0	0.0	0.0	0.0	0.0	0.0	0.0	0.0	10	206	2227	3118	2245	1791	893	650	469	387	202	84	62	68	43	57	112	170	176	81	21	8	1	1	0.0	2	0.0	0.0	0.0	0.0	0.0	0.0	0.0	0.0
	
Totals
	Blue-winged Warbler	0.0	0.0	0.0	0.0	0.0	0.0	0.0	0.0	0.0	0.0	0.0	0.0	0.0	0.0	11	232	2796	3811	3230	3036	1351	940	733	578	285	138	96	92	53	84	163	216	236	88	21	10	1	1	0.0	2	0.0	0.0	0.0	0.0	0.0	0.0	0.0	0.0
	# checklists reporting species - (Blue-winged Warbler)	0.0	0.0	0.0	0.0	0.0	0.0	0.0	0.0	0.0	0.0	0.0	0.0	0.0	0.0	10	195	2031	2760	2099	1736	869	637	453	376	196	81	60	68	40	55	111	166	174	81	20	8	1	1	0.0	2	0.0	0.0	0.0	0.0	0.0	0.0	0.0	0.0
	
Average Count
	Blue-winged Warbler	0.0	0.0	0.0	0.0	0.0	0.0	0.0	0.0	0.0	0.0	0.0	0.0	0.0	0.0	1.1	1.1897435897435897	1.3766617429837518	1.3807971014492753	1.5388280133396857	1.7488479262672811	1.5546605293440736	1.4756671899529041	1.6181015452538632	1.5372340425531914	1.4540816326530612	1.7037037037037037	1.6	1.3529411764705883	1.325	1.5272727272727273	1.4684684684684686	1.3012048192771084	1.3563218390804597	1.0864197530864197	1.05	1.25	1.0	1.0	0.0	1.0	0.0	0.0	0.0	0.0	0.0	0.0	0.0	0.0
	# checklists reporting species - (Blue-winged Warbler)	0.0	0.0	0.0	0.0	0.0	0.0	0.0	0.0	0.0	0.0	0.0	0.0	0.0	0.0	10	195	2031	2760	2099	1736	869	637	453	376	196	81	60	68	40	55	111	166	174	81	20	8	1	1	0.0	2	0.0	0.0	0.0	0.0	0.0	0.0	0.0	0.0
	
