

	Week starting on...	1/1	1/8	1/15	1/22	2/1	2/8	2/15	2/22	3/1	3/8	3/15	3/22	4/1	4/8	4/15	4/22	5/1	5/8	5/15	5/22	6/1	6/8	6/15	6/22	7/1	7/8	7/15	7/22	8/1	8/8	8/15	8/22	9/1	9/8	9/15	9/22	10/1	10/8	10/15	10/22	11/1	11/8	11/15	11/22	12/1	12/8	12/15	12/22
Frequency (%)
	LeConte's Sparrow	0.0	0.0	0.0	0.0	0.0	0.0	0.0	0.0	0.0	0.0	0.0	0.0	0.0	0.0	0.016341055995351877	0.010475180369511988	0.04411394000504159	0.08223684210526315	0.03597815611949887	0.050564222729234755	0.1552115254507104	0.13379991766158914	0.13448894202032277	0.14186780160907955	0.2617263676485682	0.35480164898290195	0.6744693513191827	0.711673140718478	0.7302550275249972	0.5516336843729507	0.31223597693127136	0.1983795023781639	0.1303148771100403	0.12851897184822522	0.054711246200607896	0.04573464278836896	0.11250592136428234	0.13568904593639575	0.15471892728210418	0.026481297583581597	0.014107556006997347	0.003103758651727242	0.0	0.005482456140350877	0.0	0.0	0.0	0.0
	Total # checklists submitted - (LeConte's Sparrow)	59897	41927	37441	52418	36194	52179	74398	41102	41678	48624	53837	76087	56976	54668	55076	76371	79340	86336	77825	81085	50254	48580	46844	53571	38972	29594	25205	35269	26703	25923	27223	41839	32997	32680	32900	41544	33776	35375	32963	45315	35442	32219	29848	36480	32106	27980	31549	46285
	
Abundance
	LeConte's Sparrow	0.0	0.0	0.0	0.0	0.0	0.0	0.0	0.0	0.0	0.0	0.0	0.0	0.0	0.0	1.6341055995351878E-4	1.0475180369511987E-4	4.411394000504159E-4	7.992031134173462E-4	4.625762929649855E-4	7.39964235061972E-4	0.0030047359414175985	0.003355290242898312	0.0031594227649218683	0.003509361408224599	0.007082007595196551	0.010779212002432925	0.037333862328903	0.030820267090079106	0.02617683406358836	0.016086101145700728	0.009183411086213863	0.005043141566481034	0.00315180167894051	0.002723378212974296	5.47112462006079E-4	6.017716156364336E-4	0.0011546660350544766	0.0016395759717314487	0.0015775263173861602	2.64812975835816E-4	1.4107556006997347E-4	3.103758651727242E-5	0.0	5.482456140350877E-5	0.0	0.0	0.0	0.0
	Total # checklists submitted - (LeConte's Sparrow)	59897	41927	37441	52418	36194	52179	74398	41102	41678	48624	53837	76087	56976	54668	55076	76371	79340	86336	77825	81085	50254	48580	46844	53571	38972	29594	25205	35269	26703	25923	27223	41839	32997	32680	32900	41544	33776	35375	32963	45315	35442	32219	29848	36480	32106	27980	31549	46285
	
Birds Per Party Hour
	LeConte's Sparrow	0.0	0.0	0.0	0.0	0.0	0.0	0.0	0.0	0.0	1.0	0.0	0.0	0.0	0.0	0.5981995702700019	3.59197771829001	1.1030081038696466	1.0129259035167155	4.261892472147231	3.4066391575389354	5.895935671033125	4.243132168070353	9.206400096828961	6.362214281626777	23.124212618019893	20.23240330321324	3.377074425855826	0.9474121990664655	0.9865185460240766	0.4543532343884657	0.3652365789753316	0.36780737513342104	0.4018003464569162	0.6677749869952514	0.7412481781123624	0.6134222450292421	0.5638735444550566	0.4873731189738233	1.3308892552165232	0.4923595408139762	1.1344358206603105	0.37777777777777777	0.0	0.6330834582708645	0.0	0.0	2.3980815347721824	0.0
	# checklists reporting species - (LeConte's Sparrow)	0.0	0.0	0.0	0.0	0.0	0.0	0.0	0.0	0.0	1	0.0	1	0.0	0.0	12	9	44	89	32	38	78	61	60	65	92	95	170	251	190	137	85	85	45	48	23	22	43	59	60	14	7	3	0.0	3	0.0	0.0	1	0.0
	
High Count
	LeConte's Sparrow	0.0	0.0	0.0	0.0	0.0	0.0	0.0	0.0	0.0	1	0.0	1	0.0	0.0	1	1	1	2	5	5	10	17	15	34	15	36	81	32	19	15	9	12	14	10	1	6	2	4	2	1	1	1	0.0	1	0.0	0.0	1	0.0
	# checklists reporting species - (LeConte's Sparrow)	0.0	0.0	0.0	0.0	0.0	0.0	0.0	0.0	0.0	1	0.0	1	0.0	0.0	12	14	48	103	39	53	101	75	76	81	108	109	179	267	196	144	86	85	45	49	24	26	48	67	64	14	9	4	0.0	3	0.0	0.0	1	0.0
	
Totals
	LeConte's Sparrow	0.0	0.0	0.0	0.0	0.0	0.0	0.0	0.0	0.0	1	0.0	1	0.0	0.0	12	13	48	99	48	69	177	173	171	196	286	325	954	1109	700	418	252	213	106	99	23	31	50	76	65	14	9	4	0.0	3	0.0	0.0	1	0.0
	# checklists reporting species - (LeConte's Sparrow)	0.0	0.0	0.0	0.0	0.0	0.0	0.0	0.0	0.0	1	0.0	1	0.0	0.0	12	13	48	97	34	46	89	72	73	78	105	108	173	262	196	144	86	85	45	49	23	25	47	65	64	14	9	4	0.0	3	0.0	0.0	1	0.0
	
Average Count
	LeConte's Sparrow	0.0	0.0	0.0	0.0	0.0	0.0	0.0	0.0	0.0	1.0	0.0	1.0	0.0	0.0	1.0	1.0	1.0	1.0206185567010309	1.411764705882353	1.5	1.9887640449438202	2.4027777777777777	2.3424657534246576	2.5128205128205128	2.723809523809524	3.009259259259259	5.514450867052023	4.232824427480916	3.5714285714285716	2.9027777777777777	2.9302325581395348	2.5058823529411764	2.3555555555555556	2.020408163265306	1.0	1.24	1.0638297872340425	1.1692307692307693	1.015625	1.0	1.0	1.0	0.0	1.0	0.0	0.0	1.0	0.0
	# checklists reporting species - (LeConte's Sparrow)	0.0	0.0	0.0	0.0	0.0	0.0	0.0	0.0	0.0	1	0.0	1	0.0	0.0	12	13	48	97	34	46	89	72	73	78	105	108	173	262	196	144	86	85	45	49	23	25	47	65	64	14	9	4	0.0	3	0.0	0.0	1	0.0
	
