

	Week starting on...	1/1	1/8	1/15	1/22	2/1	2/8	2/15	2/22	3/1	3/8	3/15	3/22	4/1	4/8	4/15	4/22	5/1	5/8	5/15	5/22	6/1	6/8	6/15	6/22	7/1	7/8	7/15	7/22	8/1	8/8	8/15	8/22	9/1	9/8	9/15	9/22	10/1	10/8	10/15	10/22	11/1	11/8	11/15	11/22	12/1	12/8	12/15	12/22
Frequency (%)
	Virginia Rail	0.028382055862564072	0.023850979082691345	0.00801260650089474	0.0057232248464268	0.055257777532187656	0.02108127790873723	0.006720610769106697	0.0	0.04078890541772638	0.030848963474827244	0.007429834500436503	0.015771419559188826	0.15971637180567255	0.546937879563913	0.9241775001815673	1.571277055426798	1.8968994202167886	1.7582468495181616	2.012206874397687	2.218659431460813	1.98591156922832	1.7949773569370113	1.5583639313465971	1.4112112896903175	1.3830442368880222	1.5171994323173617	1.6385637770283674	1.8458136040148572	1.8275100176010184	1.4697372989237356	1.1681298901664035	0.9225841917827864	0.748552898748371	0.44981640146878826	0.5592705167173253	0.426054303870595	0.2427759355755566	0.17809187279151942	0.08797742923884355	0.05075582036853139	0.022572089611195757	0.031037586517272415	0.013401232913428035	0.0	0.0031146826138416495	0.007147962830593281	0.009509017718469681	0.010802635843145727
	Total # checklists submitted - (Virginia Rail)	59897	41927	37441	52418	36194	52179	74398	41102	41678	48624	53837	76087	56976	54668	55076	76371	79340	86336	77825	81085	50254	48580	46844	53571	38972	29594	25205	35269	26703	25923	27223	41839	32997	32680	32900	41544	33776	35375	32963	45315	35442	32219	29848	36480	32106	27980	31549	46285
	
Abundance
	Virginia Rail	3.3390653955957727E-4	2.3850979082691345E-4	8.012606500894742E-5	5.7232248464267996E-5	9.67011106813284E-4	2.2997757718622435E-4	6.720610769106697E-5	0.0	4.078890541772638E-4	3.0848963474827245E-4	7.429834500436503E-5	2.1028559412251765E-4	0.0017200224655995508	0.007390063656983976	0.013000217880746606	0.02328108837124039	0.02861104108898412	0.025701908821349147	0.028641182139415355	0.033532712585558365	0.03149998010108648	0.03194730341704405	0.02785842370420972	0.026357544193686883	0.023683670327414554	0.028316550652159222	0.031541360841102956	0.04482690181178939	0.040369995880612665	0.02781313891139143	0.019505565147118247	0.013193431965391142	0.010122132315058945	0.00587515299877601	0.006990881458966565	0.005704794916233391	0.0029310753197536715	0.0018939929328621909	0.0010314595152140279	5.516936996579499E-4	2.2572089611195756E-4	3.1037586517272415E-4	1.0050924685071027E-4	0.0	3.1146826138416496E-5	7.14796283059328E-5	9.509017718469682E-5	1.0802635843145727E-4
	Total # checklists submitted - (Virginia Rail)	59897	41927	37441	52418	36194	52179	74398	41102	41678	48624	53837	76087	56976	54668	55076	76371	79340	86336	77825	81085	50254	48580	46844	53571	38972	29594	25205	35269	26703	25923	27223	41839	32997	32680	32900	41544	33776	35375	32963	45315	35442	32219	29848	36480	32106	27980	31549	46285
	
Birds Per Party Hour
	Virginia Rail	2.375006808162719	1.183529865635754	1.5299209719022713	0.775234521575985	1.4241821379368607	1.4088871960695364	1.842091020566523	0.0	5.517903389246935	4.451275382545061	1.381458643215896	1.5275605519305349	1.492581440492232	2.5915562433270303	2.8574292554050795	2.3241174363933608	2.0418913490740405	2.184605558987344	2.4200061295368043	2.4852847794575	2.8666871588826925	2.8372701744252407	3.5932370772771702	2.9617800290603222	2.8273294615994518	2.3736417182905494	2.6425876768322496	2.506268046660621	2.181558243072591	1.8246168392628244	1.7034548590920926	1.5082681689897826	1.4411385782870303	1.2369949082604703	1.2817481009178	1.3843172845837075	1.2028994965862778	1.4636650976396075	0.8083569810415925	1.2926610722889385	0.44294628575781625	1.736505234170704	0.47727173557325187	0.0	0.12764871074802145	0.0	0.738531560665948	0.7969525892200919
	# checklists reporting species - (Virginia Rail)	18	11	3	5	21	13	6	0.0	20	16	4	13	96	316	546	1250	1567	1553	1616	1840	1043	896	772	770	549	465	421	672	507	403	329	398	260	151	191	179	85	62	31	24	11	12	4	3	2	3	5	7
	
High Count
	Virginia Rail	2	1	1	1	3	2	1	0.0	1	1	1	3	3	7	8	12	15	12	10	8	10	14	20	23	13	9	13	12	10	9	7	9	8	5	5	6	5	3	3	3	1	1	1	1	1	1	1	1
	# checklists reporting species - (Virginia Rail)	20	11	3	5	21	13	6	0.0	20	17	4	16	104	323	594	1342	1677	1693	1790	2051	1132	1025	900	899	626	529	454	716	520	426	353	426	271	167	211	189	93	69	32	25	13	16	5	3	2	3	5	7
	
Totals
	Virginia Rail	24	11	3	5	36	14	6	0.0	20	17	4	21	113	435	813	1967	2506	2436	2524	3038	1773	1778	1533	1611	1046	948	859	1692	1148	801	584	602	366	215	258	253	115	72	39	27	13	16	4	3	2	3	5	7
	# checklists reporting species - (Virginia Rail)	20	11	3	5	21	13	6	0.0	20	17	4	16	104	321	586	1312	1631	1630	1706	1955	1107	997	861	858	602	513	439	695	512	419	340	415	268	160	200	186	90	65	32	25	13	16	4	3	2	3	5	7
	
Average Count
	Virginia Rail	1.2	1.0	1.0	1.0	1.7142857142857142	1.0769230769230769	1.0	0.0	1.0	1.0	1.0	1.3125	1.0865384615384615	1.355140186915888	1.3873720136518772	1.4992378048780488	1.536480686695279	1.494478527607362	1.4794841735052755	1.5539641943734015	1.6016260162601625	1.7833500501504513	1.7804878048780488	1.8776223776223777	1.7375415282392026	1.847953216374269	1.9567198177676537	2.434532374100719	2.2421875	1.9116945107398569	1.7176470588235293	1.4506024096385541	1.3656716417910448	1.34375	1.29	1.3602150537634408	1.2777777777777777	1.1076923076923078	1.21875	1.08	1.0	1.0	1.0	1.0	1.0	1.0	1.0	1.0
	# checklists reporting species - (Virginia Rail)	20	11	3	5	21	13	6	0.0	20	17	4	16	104	321	586	1312	1631	1630	1706	1955	1107	997	861	858	602	513	439	695	512	419	340	415	268	160	200	186	90	65	32	25	13	16	4	3	2	3	5	7
	
