

	Week starting on...	1/1	1/8	1/15	1/22	2/1	2/8	2/15	2/22	3/1	3/8	3/15	3/22	4/1	4/8	4/15	4/22	5/1	5/8	5/15	5/22	6/1	6/8	6/15	6/22	7/1	7/8	7/15	7/22	8/1	8/8	8/15	8/22	9/1	9/8	9/15	9/22	10/1	10/8	10/15	10/22	11/1	11/8	11/15	11/22	12/1	12/8	12/15	12/22
Frequency (%)
	Solitary Sandpiper	0.0	0.0	0.0	0.0	0.0	0.0	0.0	0.0	0.0	0.0	0.0	0.0	0.0	0.020121460452184093	0.08533662575350424	0.5001898626441974	2.537181749432821	3.1748054114158637	2.504336652746547	0.5007091323919344	0.08556532813308393	0.06175380815150268	0.07471607890017933	0.11760094080752645	0.3771938827876424	1.4766506724336013	3.213648085697282	4.386288241798747	5.100550499943827	5.342745824171585	5.561473753811116	4.816080690265063	3.9124768918386517	2.597919216646267	1.9817629179331306	1.3166762950125168	0.6513500710563714	0.3957597173144876	0.15168522282559233	0.039721946375372394	0.005643022402798939	0.003103758651727242	0.0	0.0	0.0	0.0	0.0	0.0
	Total # checklists submitted - (Solitary Sandpiper)	59897	41927	37441	52418	36194	52179	74398	41102	41678	48624	53837	76087	56976	54668	55076	76371	79340	86336	77825	81085	50254	48580	46844	53571	38972	29594	25205	35269	26703	25923	27223	41839	32997	32680	32900	41544	33776	35375	32963	45315	35442	32219	29848	36480	32106	27980	31549	46285
	
Abundance
	Solitary Sandpiper	0.0	0.0	0.0	0.0	0.0	0.0	0.0	0.0	0.0	0.0	0.0	0.0	0.0	2.0121460452184094E-4	9.623066308373883E-4	0.006926713019339802	0.0379884043357701	0.044917531504818385	0.03581111468037263	0.006104704939261269	9.551478489274486E-4	7.616303005351997E-4	0.0010033302023738366	0.0013440107520860166	0.004541722262136919	0.02524160302764074	0.07185082324935528	0.10655249652669484	0.11792682470134441	0.11113682829919376	0.11776806376960658	0.09189990200530605	0.06979422371730763	0.038280293757649936	0.028541033434650455	0.01848642403235124	0.008289909995262908	0.004833922261484099	0.0017595485847768711	4.4135495972635994E-4	5.643022402798939E-5	3.103758651727242E-5	0.0	0.0	0.0	0.0	0.0	0.0
	Total # checklists submitted - (Solitary Sandpiper)	59897	41927	37441	52418	36194	52179	74398	41102	41678	48624	53837	76087	56976	54668	55076	76371	79340	86336	77825	81085	50254	48580	46844	53571	38972	29594	25205	35269	26703	25923	27223	41839	32997	32680	32900	41544	33776	35375	32963	45315	35442	32219	29848	36480	32106	27980	31549	46285
	
Birds Per Party Hour
	Solitary Sandpiper	0.0	0.0	0.0	0.0	0.0	0.0	0.0	0.0	0.0	0.0	0.0	0.0	3.0	2.7233661601473464	2.37271444490019	3.2170016512657	2.5224259602302235	2.227941187625749	2.4146629058788123	1.6204124152311186	1.8953571624645302	2.416866097239314	6.830641712071304	6.004812618059615	3.9582017447230258	3.642604941801798	3.4115239526499455	3.3555803970761637	3.3123871857819993	2.6107413548850777	3.0771685043867656	2.676728371070155	2.1827235342786837	2.275618727165679	2.181562402371576	2.0725580726248345	2.2768541446341715	1.6391369529533302	1.3767000209133844	1.6579347286613513	1.1743605115907274	0.9372071227741331	0.0	0.0	0.0	0.0	0.0	0.0
	# checklists reporting species - (Solitary Sandpiper)	0.0	0.0	0.0	0.0	0.0	0.0	0.0	0.0	0.0	0.0	0.0	0.0	1	12	54	428	2170	2863	2094	437	50	32	40	72	152	455	862	1664	1461	1504	1650	2176	1407	935	713	599	238	153	53	18	3	1	0.0	0.0	0.0	0.0	0.0	0.0
	
High Count
	Solitary Sandpiper	0.0	0.0	0.0	0.0	0.0	0.0	0.0	0.0	0.0	0.0	0.0	0.0	3	1	3	10	21	15	15	5	3	3	3	3	7	62	35	33	25	28	20	23	15	10	30	11	6	5	2	2	1	1	0.0	0.0	0.0	0.0	0.0	0.0
	# checklists reporting species - (Solitary Sandpiper)	0.0	0.0	0.0	0.0	0.0	0.0	0.0	0.0	0.0	0.0	0.0	0.0	1	13	63	456	2366	3223	2250	493	54	41	46	78	173	493	923	1765	1544	1585	1735	2308	1487	987	772	642	261	165	59	20	4	1	0.0	0.0	0.0	0.0	0.0	0.0
	
Totals
	Solitary Sandpiper	0.0	0.0	0.0	0.0	0.0	0.0	0.0	0.0	0.0	0.0	0.0	0.0	3	12	69	630	3503	4562	3182	586	61	49	56	90	210	952	2097	4348	3510	3269	3617	4372	2636	1438	1124	910	327	204	67	21	3	1	0.0	0.0	0.0	0.0	0.0	0.0
	# checklists reporting species - (Solitary Sandpiper)	0.0	0.0	0.0	0.0	0.0	0.0	0.0	0.0	0.0	0.0	0.0	0.0	1	12	63	452	2253	3034	2172	469	51	40	43	74	164	474	897	1722	1506	1558	1700	2259	1454	971	746	630	255	165	59	19	3	1	0.0	0.0	0.0	0.0	0.0	0.0
	
Average Count
	Solitary Sandpiper	0.0	0.0	0.0	0.0	0.0	0.0	0.0	0.0	0.0	0.0	0.0	0.0	3.0	1.0	1.0952380952380953	1.3938053097345133	1.554815801154017	1.5036255767963085	1.4650092081031307	1.2494669509594882	1.196078431372549	1.225	1.302325581395349	1.2162162162162162	1.2804878048780488	2.0084388185654007	2.3377926421404682	2.5249709639953544	2.3306772908366535	2.0982028241335047	2.1276470588235292	1.9353696325807879	1.81292984869326	1.4809474768280124	1.5067024128686326	1.4444444444444444	1.2823529411764707	1.2363636363636363	1.1355932203389831	1.105263157894737	1.0	1.0	0.0	0.0	0.0	0.0	0.0	0.0
	# checklists reporting species - (Solitary Sandpiper)	0.0	0.0	0.0	0.0	0.0	0.0	0.0	0.0	0.0	0.0	0.0	0.0	1	12	63	452	2253	3034	2172	469	51	40	43	74	164	474	897	1722	1506	1558	1700	2259	1454	971	746	630	255	165	59	19	3	1	0.0	0.0	0.0	0.0	0.0	0.0
	
