

	Week starting on...	1/1	1/8	1/15	1/22	2/1	2/8	2/15	2/22	3/1	3/8	3/15	3/22	4/1	4/8	4/15	4/22	5/1	5/8	5/15	5/22	6/1	6/8	6/15	6/22	7/1	7/8	7/15	7/22	8/1	8/8	8/15	8/22	9/1	9/8	9/15	9/22	10/1	10/8	10/15	10/22	11/1	11/8	11/15	11/22	12/1	12/8	12/15	12/22
Frequency (%)
	Black-bellied Plover	0.0	0.0	0.0	0.0	0.0	0.0	0.0	0.0	0.0	0.0	0.0	0.0	0.0	0.014633789419770251	0.045391822209310775	0.3129460135391706	1.1961179732795562	2.446256486286138	2.465788628332798	2.107664796201517	0.441755880128945	0.1214491560312886	0.053368627785842365	0.02426686080155308	0.012829723904341579	0.01351625329458674	0.21424320571315214	0.6152712013382857	1.2470508931580722	1.6317555838444624	2.108511185394703	2.11286120605177	2.1092826620601874	2.206242350061199	3.264437689969605	3.076256499133449	2.4129559450497395	2.1003533568904595	1.5441555683645298	1.2026922652543308	0.7589865131764574	0.25761196809336107	0.0737067810238542	0.008223684210526315	0.0	0.0035739814152966403	0.0	0.0
	Total # checklists submitted - (Black-bellied Plover)	59897	41927	37441	52418	36194	52179	74398	41102	41678	48624	53837	76087	56976	54668	55076	76371	79340	86336	77825	81085	50254	48580	46844	53571	38972	29594	25205	35269	26703	25923	27223	41839	32997	32680	32900	41544	33776	35375	32963	45315	35442	32219	29848	36480	32106	27980	31549	46285
	
Abundance
	Black-bellied Plover	0.0	0.0	0.0	0.0	0.0	0.0	0.0	0.0	0.0	0.0	0.0	0.0	0.0	1.463378941977025E-4	0.0015433219551165662	0.03286587840934386	0.33682883791278045	1.453125	2.094789592033408	1.3949435777270764	0.04843395550602937	0.0025524907369287773	8.965929468021519E-4	4.2933676802747755E-4	1.282972390434158E-4	1.6895316618233426E-4	0.00487998413013291	0.03365561824832006	0.17159120698048907	0.3395440342552945	0.3097380891158212	0.2922631994072516	0.21001909264478588	0.10211138310893512	0.1265045592705167	0.17340650876179473	0.12005566082425391	0.1314487632508834	0.09198191912143919	0.07167604545956086	0.03213701258393996	0.00924920078214718	0.0020101849370142053	8.223684210526316E-5	0.0	3.57398141529664E-5	0.0	0.0
	Total # checklists submitted - (Black-bellied Plover)	59897	41927	37441	52418	36194	52179	74398	41102	41678	48624	53837	76087	56976	54668	55076	76371	79340	86336	77825	81085	50254	48580	46844	53571	38972	29594	25205	35269	26703	25923	27223	41839	32997	32680	32900	41544	33776	35375	32963	45315	35442	32219	29848	36480	32106	27980	31549	46285
	
Birds Per Party Hour
	Black-bellied Plover	0.0	0.0	0.0	0.0	0.0	0.0	20.0	0.0	0.0	0.0	0.0	0.0	2.0	3.38763752318748	4.357414615467924	18.482171039153283	53.82881225737765	121.73228537838065	161.35147717092573	123.52011069405683	11.237949298432806	2.173652174965169	1.809706964485337	1.7687790154293057	1.786704647553704	2.1251106143475114	0.3594941055002008	1.1898088818490453	3.000450338419899	13.462213610663396	6.365569058255355	6.726718979772063	4.926849039071142	3.739335606566635	3.770172438090227	6.694901373776721	6.218765982061403	7.435715417832305	11.197834894450216	7.967121975492191	4.050119863239984	2.400049217711366	2.1709099010752606	0.5998800239952009	0.0	0.07692307692307693	0.0	0.0
	# checklists reporting species - (Black-bellied Plover)	0.0	0.0	0.0	0	0.0	0.0	1	0.0	0.0	0.0	0.0	0.0	1	13	31	265	963	2027	1982	1955	257	71	29	19	7	13	56	229	352	457	650	995	764	801	1168	1436	891	795	541	609	302	99	25	1	0.0	2	0.0	0.0
	
High Count
	Black-bellied Plover	0.0	0.0	0.0	1	0.0	0.0	20	0.0	0.0	0.0	0.0	0.0	2	2	10	250	1700	4000	5544	6100	1000	14	7	7	2	50	11	41	212	605	256	998	1250	130	180	110	150	400	250	150	79	35	10	1	0.0	1	0.0	0.0
	# checklists reporting species - (Black-bellied Plover)	0.0	0.0	0.0	1	0.0	0.0	1	0.0	0.0	0.0	0.0	0.0	1	14	35	299	1174	2660	2384	2218	307	85	32	21	7	15	56	235	381	495	718	1086	857	917	1328	1595	987	894	623	691	341	119	36	4	0.0	2	0.0	0.0
	
Totals
	Black-bellied Plover	0.0	0.0	0.0	1	0.0	0.0	20	0.0	0.0	0.0	0.0	0.0	2	15	106	3090	31871	151835	228705	167353	3608	184	51	37	8	73	125	1231	4660	8984	8992	12760	7322	4033	5008	8630	5169	5497	3677	4010	1390	403	88	4	0.0	2	0.0	0.0
	# checklists reporting species - (Black-bellied Plover)	0.0	0.0	0.0	1	0.0	0.0	1	0.0	0.0	0.0	0.0	0.0	1	14	32	280	1025	2219	2097	2112	293	81	31	21	7	15	56	235	374	487	693	1048	831	881	1284	1547	965	874	614	685	335	119	35	4	0.0	2	0.0	0.0
	
Average Count
	Black-bellied Plover	0.0	0.0	0.0	1.0	0.0	0.0	20.0	0.0	0.0	0.0	0.0	0.0	2.0	1.0714285714285714	3.3125	11.035714285714286	31.093658536585366	68.42496620099143	109.06294706723891	79.23910984848484	12.313993174061434	2.271604938271605	1.6451612903225807	1.7619047619047619	1.1428571428571428	4.866666666666666	2.232142857142857	5.238297872340426	12.459893048128341	18.4476386036961	12.975468975468976	12.17557251908397	8.81107099879663	4.577752553916005	3.9003115264797508	5.578539107950872	5.3564766839378235	6.2894736842105265	5.988599348534202	5.854014598540146	4.149253731343284	3.3865546218487395	2.5142857142857142	1.0	0.0	1.0	0.0	0.0
	# checklists reporting species - (Black-bellied Plover)	0.0	0.0	0.0	1	0.0	0.0	1	0.0	0.0	0.0	0.0	0.0	1	14	32	280	1025	2219	2097	2112	293	81	31	21	7	15	56	235	374	487	693	1048	831	881	1284	1547	965	874	614	685	335	119	35	4	0.0	2	0.0	0.0
	
