

	Week starting on...	1/1	1/8	1/15	1/22	2/1	2/8	2/15	2/22	3/1	3/8	3/15	3/22	4/1	4/8	4/15	4/22	5/1	5/8	5/15	5/22	6/1	6/8	6/15	6/22	7/1	7/8	7/15	7/22	8/1	8/8	8/15	8/22	9/1	9/8	9/15	9/22	10/1	10/8	10/15	10/22	11/1	11/8	11/15	11/22	12/1	12/8	12/15	12/22
Frequency (%)
	Bufflehead	10.050586840743277	9.724044172013262	8.204909056916215	7.800755465679729	7.260871967729458	5.172579006880163	4.30522325868975	7.213760887548052	8.344930178991314	11.868624547548535	14.0851087542025	16.410162051335973	19.385355237292895	19.84158922953099	20.09223618272932	17.42546254468319	11.85908747164104	6.131856931060044	2.7112110504336653	0.7498304248627983	0.280574680622438	0.2573075339645945	0.19212706002903254	0.15306789120979636	0.17448424509904548	0.15543691288774752	0.1428288038087681	0.2410048484504806	0.322061191626409	0.39733055587702043	0.484884105352092	0.48758335524271607	0.37882231718034975	0.4345165238678091	0.35562310030395133	0.29125746196803387	0.6335859782093795	1.6734982332155475	5.754937354002973	11.570120269226525	18.695333220472886	19.538160712622986	18.50375234521576	15.619517543859649	15.3304678253286	12.512508934953539	9.648483311673903	9.45662741708977
	Total # checklists submitted - (Bufflehead)	59897	41927	37441	52418	36194	52179	74398	41102	41678	48624	53837	76087	56976	54668	55076	76371	79340	86336	77825	81085	50254	48580	46844	53571	38972	29594	25205	35269	26703	25923	27223	41839	32997	32680	32900	41544	33776	35375	32963	45315	35442	32219	29848	36480	32106	27980	31549	46285
	
Abundance
	Bufflehead	1.0681002387431757	1.242492904333723	1.184957666728987	0.7790072112633065	0.9384980936066751	0.45113934724697674	0.3975510094357375	0.658313464065009	0.7255146600124766	1.0470755182625864	1.327098463881717	1.68742360718651	2.163033557989329	2.5714860613155777	2.534025709928099	2.101203336344948	1.2316864129064784	0.45626389918458116	0.13112752971410216	0.016488869704630944	0.003979782703864369	0.004261012762453685	0.0026043890359491078	0.0023893524481529184	0.0028738581545725136	0.002230181793606812	0.0026185280698274153	0.004196319714196603	0.008201325693742276	0.015121706592601165	0.013150644675458251	0.017208824302684098	0.01063733066642422	0.01288249694002448	0.011337386018237082	0.01143366069709224	0.02288607295120796	0.09845936395759718	0.6205139095349331	1.9527970870572657	4.24544325940974	4.268195785095751	4.53819351380327	3.7258497807017545	3.5576216283560704	2.228091493924232	1.4282544613141464	1.2198552446797017
	Total # checklists submitted - (Bufflehead)	59897	41927	37441	52418	36194	52179	74398	41102	41678	48624	53837	76087	56976	54668	55076	76371	79340	86336	77825	81085	50254	48580	46844	53571	38972	29594	25205	35269	26703	25923	27223	41839	32997	32680	32900	41544	33776	35375	32963	45315	35442	32219	29848	36480	32106	27980	31549	46285
	
Birds Per Party Hour
	Bufflehead	26.933730506498243	26.512216364781324	34.517031306593864	24.3993570820738	25.886474451308935	20.64402143851745	18.501409556991852	20.28106063459565	17.10992228394563	18.119038179801283	19.604830634582477	23.237048461887635	24.166390200943784	27.919046452870305	24.943050917467065	21.97619084772446	17.32991662847915	11.925758587555638	7.406182162404016	3.0684558199876095	1.7086881631264812	3.5087773679225616	2.159191231699411	4.507385927954952	2.187235494918428	3.533071459477838	2.0422736664647547	1.7600497321972182	4.027782524582225	5.181563816035759	5.650690877719269	9.806958492790523	3.993959417234648	4.747814989993005	6.7691803051170965	5.6438081566952025	6.115546328714386	7.101288483975253	16.439065898510414	31.34302737997321	46.02715068876152	49.771643974957506	59.50367012694832	57.18511230795454	65.1737489430548	41.770273528082654	18.39688891539717	23.8088399280642
	# checklists reporting species - (Bufflehead)	5699	3869	2878	3831	2430	2567	3032	2827	3316	5545	7317	12266	10931	10573	10797	13109	9245	5251	2070	645	150	123	100	86	67	48	42	95	90	109	144	213	133	144	119	126	218	613	1947	5290	6615	6194	5364	5511	4723	3334	2956	4287
	
High Count
	Bufflehead	2000	3000	2500	1000	5000	225	400	2200	1000	700	933	1530	1300	1230	559	600	562	400	92	60	9	12	5	10	11	12	10	15	18	55	30	34	16	40	30	30	50	200	400	850	4200	2000	5000	3240	5000	7000	3000	2000
	# checklists reporting species - (Bufflehead)	6412	4324	3275	4326	2780	2850	3414	3147	3668	6089	8056	13334	11880	11703	11935	14313	10129	5708	2286	713	169	140	108	98	80	53	45	103	97	119	155	232	147	163	133	143	234	653	2096	5700	7131	6752	5883	6052	5274	3689	3225	4698
	
Totals
	Bufflehead	69408	54413	45735	43089	36126	24856	31058	28410	31216	52404	76486	134384	130022	148548	147145	169285	102343	41523	10969	1513	233	228	141	146	125	85	78	178	236	420	439	748	382	461	427	535	841	3996	23332	94837	159657	147513	147228	141315	122395	64258	46345	59081
	# checklists reporting species - (Bufflehead)	5871	4001	2967	3963	2511	2644	3131	2926	3409	5685	7500	12597	11261	10999	11216	13520	9504	5387	2144	686	164	134	107	94	79	52	45	103	96	117	155	226	145	154	125	137	227	644	2036	5479	6826	6394	5559	5688	4897	3424	3049	4421
	
Average Count
	Bufflehead	11.822176801226368	13.599850037490627	15.414560161779574	10.872823618470855	14.387096774193548	9.40090771558245	9.919514532098372	9.7095010252905	9.156937518333823	9.217941952506596	10.198133333333333	10.667936810351671	11.546221472338159	13.505591417401583	13.119204707560627	12.521079881656805	10.7684132996633	7.708000742528309	5.116138059701493	2.205539358600583	1.420731707317073	1.7014925373134329	1.3177570093457944	1.553191489361702	1.5822784810126582	1.6346153846153846	1.7333333333333334	1.7281553398058251	2.4583333333333335	3.58974358974359	2.832258064516129	3.309734513274336	2.6344827586206896	2.9935064935064934	3.416	3.9051094890510947	3.7048458149779737	6.204968944099379	11.459724950884086	17.30918050739186	23.38953999414005	23.07053487644667	26.48461953588775	24.844409282700422	24.99387380028589	18.76693925233645	15.20006559527714	13.363718615697806
	# checklists reporting species - (Bufflehead)	5871	4001	2967	3963	2511	2644	3131	2926	3409	5685	7500	12597	11261	10999	11216	13520	9504	5387	2144	686	164	134	107	94	79	52	45	103	96	117	155	226	145	154	125	137	227	644	2036	5479	6826	6394	5559	5688	4897	3424	3049	4421
	
