

	Week starting on...	1/1	1/8	1/15	1/22	2/1	2/8	2/15	2/22	3/1	3/8	3/15	3/22	4/1	4/8	4/15	4/22	5/1	5/8	5/15	5/22	6/1	6/8	6/15	6/22	7/1	7/8	7/15	7/22	8/1	8/8	8/15	8/22	9/1	9/8	9/15	9/22	10/1	10/8	10/15	10/22	11/1	11/8	11/15	11/22	12/1	12/8	12/15	12/22
Frequency (%)
	Clay-colored Sparrow	0.0	0.0	0.0	0.0	0.0	0.0	0.0	0.0	0.0	0.0	0.0	0.0	0.0	0.02359046945034206	0.0	0.0610593802472905	1.3290956370991043	1.215547703180212	0.8942103667778114	0.16183848519177862	0.0	0.04302925989672978	0.0	0.03938558487593541	0.0	0.0	0.0	0.0	0.0	0.0	0.0	0.0	0.0	0.0390015600624025	0.0	0.2495321272613849	0.07145409074669525	0.03536067892503536	0.035739814152966405	0.05350454788657035	0.0746268656716418	0.0	0.0	0.0	0.0	0.0	0.0	0.0
	Total # checklists submitted - (Clay-colored Sparrow)	4647	3500	3030	4287	2903	3748	5456	3029	3408	3753	4232	5749	4440	4239	4476	6551	6922	7075	6598	6179	2698	2324	2065	2539	1804	1603	1555	2203	1630	1698	1916	2940	2617	2564	2597	3206	2799	2828	2798	3738	2680	2700	2440	2955	2284	2331	2683	4466
	
Abundance
	Clay-colored Sparrow	0.0	0.0	0.0	0.0	0.0	0.0	0.0	0.0	0.0	0.0	0.0	0.0	0.0	2.3590469450342062E-4	0.0	6.10593802472905E-4	0.015169026292978907	0.013286219081272085	0.009245225826007881	0.0017802233371095647	0.0	4.302925989672978E-4	0.0	3.9385584875935406E-4	0.0	0.0	0.0	0.0	0.0	0.0	0.0	0.0	0.0	3.90015600624025E-4	0.0	0.0037429819089207735	7.145409074669524E-4	3.536067892503536E-4	3.5739814152966406E-4	5.350454788657035E-4	7.462686567164179E-4	0.0	0.0	0.0	0.0	0.0	0.0	0.0
	Total # checklists submitted - (Clay-colored Sparrow)	4647	3500	3030	4287	2903	3748	5456	3029	3408	3753	4232	5749	4440	4239	4476	6551	6922	7075	6598	6179	2698	2324	2065	2539	1804	1603	1555	2203	1630	1698	1916	2940	2617	2564	2597	3206	2799	2828	2798	3738	2680	2700	2440	2955	2284	2331	2683	4466
	
Birds Per Party Hour
	Clay-colored Sparrow	0.0	0.0	0.0	0.0	0.0	0.0	0.0	0.0	0.0	0.0	0.0	0.0	0.0	0.5	0.0	0.2367765567765568	1.4023732999950487	0.9105380558845427	0.7123991027368591	0.2919426172672926	0.0	0.3333333333333333	0.0	0.25	0.0	0.0	0.0	0.0	0.0	0.0	0.0	0.0	0.0	1.0	0.0	0.477429105516763	0.29941578468859975	0.20132876988121604	0.6666666666666666	1.1137595812301364	0.8191623991854307	0.0	0.0	0.0	0.0	0.0	0.0	0.0
	# checklists reporting species - (Clay-colored Sparrow)	0.0	0.0	0.0	0.0	0.0	0.0	0.0	0.0	0.0	0.0	0.0	0.0	0.0	1	0.0	5	100	95	72	11	0.0	1	0	1	0.0	0.0	0.0	0.0	0.0	0.0	0.0	0.0	0.0	1	0.0	8	2	1	1	2	3	0.0	0.0	0.0	0.0	0.0	0.0	0.0
	
High Count
	Clay-colored Sparrow	0.0	0.0	0.0	0.0	0.0	0.0	0.0	0.0	0.0	0.0	0.0	0.0	0.0	1	0.0	1	4	3	2	2	0.0	1	1	1	0.0	0.0	0.0	0.0	0.0	0.0	0.0	0.0	0.0	1	0.0	3	1	1	1	1	1	0.0	0.0	0.0	0.0	0.0	0.0	0.0
	# checklists reporting species - (Clay-colored Sparrow)	0.0	0.0	0.0	0.0	0.0	0.0	0.0	0.0	0.0	0.0	0.0	0.0	0.0	1	0.0	6	103	101	74	11	0.0	1	1	2	0.0	0.0	0.0	0.0	0.0	0.0	0.0	0.0	0.0	1	0.0	8	2	1	1	2	3	0.0	0.0	0.0	0.0	0.0	0.0	0.0
	
Totals
	Clay-colored Sparrow	0.0	0.0	0.0	0.0	0.0	0.0	0.0	0.0	0.0	0.0	0.0	0.0	0.0	1	0.0	6	116	109	75	12	0.0	1	1	2	0.0	0.0	0.0	0.0	0.0	0.0	0.0	0.0	0.0	1	0.0	12	2	1	1	2	3	0.0	0.0	0.0	0.0	0.0	0.0	0.0
	# checklists reporting species - (Clay-colored Sparrow)	0.0	0.0	0.0	0.0	0.0	0.0	0.0	0.0	0.0	0.0	0.0	0.0	0.0	1	0.0	6	103	101	73	11	0.0	1	1	2	0.0	0.0	0.0	0.0	0.0	0.0	0.0	0.0	0.0	1	0.0	8	2	1	1	2	3	0.0	0.0	0.0	0.0	0.0	0.0	0.0
	
Average Count
	Clay-colored Sparrow	0.0	0.0	0.0	0.0	0.0	0.0	0.0	0.0	0.0	0.0	0.0	0.0	0.0	1.0	0.0	1.0	1.1262135922330097	1.0792079207920793	1.0273972602739727	1.0909090909090908	0.0	1.0	1.0	1.0	0.0	0.0	0.0	0.0	0.0	0.0	0.0	0.0	0.0	1.0	0.0	1.5	1.0	1.0	1.0	1.0	1.0	0.0	0.0	0.0	0.0	0.0	0.0	0.0
	# checklists reporting species - (Clay-colored Sparrow)	0.0	0.0	0.0	0.0	0.0	0.0	0.0	0.0	0.0	0.0	0.0	0.0	0.0	1	0.0	6	103	101	73	11	0.0	1	1	2	0.0	0.0	0.0	0.0	0.0	0.0	0.0	0.0	0.0	1	0.0	8	2	1	1	2	3	0.0	0.0	0.0	0.0	0.0	0.0	0.0
	
