

	Week starting on...	1/1	1/8	1/15	1/22	2/1	2/8	2/15	2/22	3/1	3/8	3/15	3/22	4/1	4/8	4/15	4/22	5/1	5/8	5/15	5/22	6/1	6/8	6/15	6/22	7/1	7/8	7/15	7/22	8/1	8/8	8/15	8/22	9/1	9/8	9/15	9/22	10/1	10/8	10/15	10/22	11/1	11/8	11/15	11/22	12/1	12/8	12/15	12/22
Frequency (%)
	Snow Goose	0.10759629868732515	0.05714285714285715	0.066006600660066	0.0	0.03444712366517396	0.18676627534685164	0.07331378299120235	0.06602839220864973	0.17605633802816903	0.2664535038635758	0.14177693761814747	0.052182988345799264	0.13513513513513514	0.14154281670205238	0.3127792672028597	0.04579453518546787	0.028893383415197923	0.0	0.01515610791148833	0.17802233371095647	0.0	0.0	0.0	0.0	0.05543237250554324	0.0	0.0	0.0	0.0	0.0	0.0	0.0	0.0	0.0	0.07701193685021178	0.0	0.3929974991068239	0.10608203677510608	0.25017869907076484	0.08025682182985554	0.18656716417910446	0.25925925925925924	0.12295081967213116	0.1353637901861252	0.13134851138353765	0.1716001716001716	0.03727171077152441	0.044782803403493054
	Total # checklists submitted - (Snow Goose)	4647	3500	3030	4287	2903	3748	5456	3029	3408	3753	4232	5749	4440	4239	4476	6551	6922	7075	6598	6179	2698	2324	2065	2539	1804	1603	1555	2203	1630	1698	1916	2940	2617	2564	2597	3206	2799	2828	2798	3738	2680	2700	2440	2955	2284	2331	2683	4466
	
Abundance
	Snow Goose	6.455777921239509E-4	0.001142857142857143	6.600660066006601E-4	0.0	3.444712366517396E-4	0.0021344717182497333	0.001282991202346041	0.0019808517662594917	0.002347417840375587	0.004263256061817213	0.001890359168241966	0.004870412245607932	0.0022522522522522522	0.010143901863647086	0.00290437890974084	4.5794535185467866E-4	4.334007512279688E-4	0.0	0.006062443164595332	0.0033986081890273506	0.0	0.0	0.0	0.0	0.0011086474501108647	0.0	0.0	0.0	0.0	0.0	0.0	0.0	0.0	0.0	7.701193685021178E-4	0.0	0.004644515898535191	0.0021216407355021216	0.005003573981415297	0.020599250936329586	0.027611940298507463	0.03925925925925926	0.004508196721311476	0.0020304568527918783	8.756567425569177E-4	0.001716001716001716	3.727171077152441E-4	6.717420510523958E-4
	Total # checklists submitted - (Snow Goose)	4647	3500	3030	4287	2903	3748	5456	3029	3408	3753	4232	5749	4440	4239	4476	6551	6922	7075	6598	6179	2698	2324	2065	2539	1804	1603	1555	2203	1630	1698	1916	2940	2617	2564	2597	3206	2799	2828	2798	3738	2680	2700	2440	2955	2284	2331	2683	4466
	
Birds Per Party Hour
	Snow Goose	0.6738828029907842	5.082344320368272	0.8	0.0	0.0	1.7150150948226615	12.698795180722891	1.991076791076791	1.6169049069404942	0.780431885261099	1.4402719869072205	4.596214755288691	1.067965367965368	2.6893939393939394	0.24736806907017433	0.35454545454545455	0.4868686868686869	2.25	40.0	0.6875046363547889	0.0	0.0	0.0	0.0	1.1428571428571428	0.0	0.0	0.0	0.0	0.0	0.0	0.0	0.0	0.0	2.1910584638899504	0.0	0.4717266000443574	0.27936507936507937	2.8447262962727504	4.554621848739496	2.9232993197278914	9.928693497218738	1.0030606038488674	4.658013477549406	0.9962952726889872	2.390613881631846	0.15384615384615385	0.5333333333333333
	# checklists reporting species - (Snow Goose)	3	3	2	0	1	7	3	5	5	13	5	6	6	4	14	3	3	1	1	12	0.0	0.0	0.0	0.0	1	0.0	0.0	0.0	0.0	0.0	0.0	0.0	0.0	0.0	2	0.0	11	7	6	4	7	8	3	4	4	4	1	4
	
High Count
	Snow Goose	1	4	2	2	1	2	2	3	3	2	4	25	3	25	1	1	2	9	40	2	0.0	0.0	0.0	0.0	2	0.0	0.0	0.0	0.0	0.0	0.0	0.0	0.0	0.0	1	0.0	2	3	8	75	54	96	4	2	4	1	1	2
	# checklists reporting species - (Snow Goose)	6	4	3	1	1	8	5	5	6	16	7	6	7	7	15	3	3	1	1	12	0.0	0.0	0.0	0.0	1	0.0	0.0	0.0	0.0	0.0	0.0	0.0	0.0	0.0	2	0.0	12	9	7	4	8	9	3	4	5	4	1	4
	
Totals
	Snow Goose	3	9	4	2	1	9	7	10	8	21	9	31	12	45	14	3	4	9	40	23	0.0	0.0	0.0	0.0	2	0.0	0.0	0.0	0.0	0.0	0.0	0.0	0.0	0.0	2	0.0	14	15	14	82	90	110	11	6	7	4	1	6
	# checklists reporting species - (Snow Goose)	3	4	2	1	1	8	4	5	5	15	5	6	7	6	14	3	3	1	1	12	0.0	0.0	0.0	0.0	1	0.0	0.0	0.0	0.0	0.0	0.0	0.0	0.0	0.0	2	0.0	12	9	6	4	8	9	3	4	4	4	1	4
	
Average Count
	Snow Goose	1.0	2.25	2.0	2.0	1.0	1.125	1.75	2.0	1.6	1.4	1.8	5.166666666666667	1.7142857142857142	7.5	1.0	1.0	1.3333333333333333	9.0	40.0	1.9166666666666667	0.0	0.0	0.0	0.0	2.0	0.0	0.0	0.0	0.0	0.0	0.0	0.0	0.0	0.0	1.0	0.0	1.1666666666666667	1.6666666666666667	2.3333333333333335	20.5	11.25	12.222222222222221	3.6666666666666665	1.5	1.75	1.0	1.0	1.5
	# checklists reporting species - (Snow Goose)	3	4	2	1	1	8	4	5	5	15	5	6	7	6	14	3	3	1	1	12	0.0	0.0	0.0	0.0	1	0.0	0.0	0.0	0.0	0.0	0.0	0.0	0.0	0.0	2	0.0	12	9	6	4	8	9	3	4	4	4	1	4
	
