

	Week starting on...	1/1	1/8	1/15	1/22	2/1	2/8	2/15	2/22	3/1	3/8	3/15	3/22	4/1	4/8	4/15	4/22	5/1	5/8	5/15	5/22	6/1	6/8	6/15	6/22	7/1	7/8	7/15	7/22	8/1	8/8	8/15	8/22	9/1	9/8	9/15	9/22	10/1	10/8	10/15	10/22	11/1	11/8	11/15	11/22	12/1	12/8	12/15	12/22
Frequency (%)
	Northern Goshawk	0.19367333763718528	0.05714285714285715	0.066006600660066	0.18661068346162818	0.06889424733034792	0.0	0.036656891495601175	0.033014196104324864	0.11737089201877934	0.10658140154543032	0.023629489603024575	0.13915463558879806	0.13513513513513514	0.09436187780136825	0.06702412868632708	0.122118760494581	0.014446691707598961	0.028268551236749116	0.0	0.0	0.0	0.0	0.0	0.0	0.0	0.0	0.0	0.0	0.0	0.0	0.0	0.0	0.0	0.078003120124805	0.03850596842510589	0.09357454772301933	0.17863522686673813	0.7072135785007072	1.608291636883488	1.2038523274478332	0.7835820895522387	0.7037037037037037	0.32786885245901637	0.23688663282571912	0.13134851138353765	0.1287001287001287	0.14908684308609765	0.8284818629646217
	Total # checklists submitted - (Northern Goshawk)	4647	3500	3030	4287	2903	3748	5456	3029	3408	3753	4232	5749	4440	4239	4476	6551	6922	7075	6598	6179	2698	2324	2065	2539	1804	1603	1555	2203	1630	1698	1916	2940	2617	2564	2597	3206	2799	2828	2798	3738	2680	2700	2440	2955	2284	2331	2683	4466
	
Abundance
	Northern Goshawk	0.001936733376371853	8.571428571428571E-4	6.600660066006601E-4	0.0018661068346162819	6.889424733034792E-4	0.0	3.6656891495601173E-4	3.301419610432486E-4	0.0011737089201877935	0.0010658140154543032	2.3629489603024575E-4	0.0013915463558879806	0.0018018018018018018	9.436187780136825E-4	6.702412868632708E-4	0.00122118760494581	1.444669170759896E-4	2.826855123674912E-4	0.0	0.0	0.0	0.0	0.0	0.0	0.0	0.0	0.0	0.0	0.0	0.0	0.0	0.0	0.0	7.8003120124805E-4	3.850596842510589E-4	9.357454772301934E-4	0.0017863522686673813	0.007072135785007072	0.020014295925661188	0.016853932584269662	0.011194029850746268	0.008518518518518519	0.003278688524590164	0.0023688663282571912	0.0013134851138353765	0.001287001287001287	0.0014908684308609765	0.009180474697716077
	Total # checklists submitted - (Northern Goshawk)	4647	3500	3030	4287	2903	3748	5456	3029	3408	3753	4232	5749	4440	4239	4476	6551	6922	7075	6598	6179	2698	2324	2065	2539	1804	1603	1555	2203	1630	1698	1916	2940	2617	2564	2597	3206	2799	2828	2798	3738	2680	2700	2440	2955	2284	2331	2683	4466
	
Birds Per Party Hour
	Northern Goshawk	0.20459071204986717	0.3111111111111111	0.5225806451612903	0.29523809523809524	0.0	0.0	1.5651816084220977	0.23529411764705882	0.16666666666666666	0.23055555555555557	0.1	0.4039532260974507	0.3603115655698424	0.9673949579831933	0.18282828282828284	0.3628109380292825	0.75	0.7556644044002432	0.0	0.0	0.0	5.9880239520958085	0.0	0.0	0.0	0.0	0.0	0.0	0.0	0.0	0.0	0.0	1.0	0.49303190994511115	1.0833333333333333	0.6334249777324704	0.676244647261517	0.2762270632837476	0.40721743000621946	0.6752875800589506	0.8630343996313025	0.4673898046937878	0.6003769444148244	0.48761022927689596	0.43334333433343336	0.25277941849903646	0.1419642857142857	0.21167284399438652
	# checklists reporting species - (Northern Goshawk)	8	2	2	7	0	0	4	1	2	4	4	7	5	5	3	8	2	2	0.0	0.0	0.0	1	0.0	0.0	0.0	0.0	0.0	0.0	0.0	0.0	0.0	0	1	3	2	6	11	20	59	66	44	27	17	9	3	4	4	38
	
High Count
	Northern Goshawk	1	2	2	1	1	1	1	1	1	1	1	1	3	1	1	1	1	1	0.0	0.0	0.0	1	0.0	0.0	0.0	0.0	0.0	0.0	0.0	0.0	0.0	1	1	1	1	1	1	1	4	4	4	3	2	1	1	1	2	3
	# checklists reporting species - (Northern Goshawk)	13	5	6	12	4	2	6	2	6	7	6	10	6	6	3	9	2	2	0.0	0.0	0.0	1	0.0	0.0	0.0	0.0	0.0	0.0	0.0	0.0	0.0	1	1	4	4	8	14	24	61	74	46	33	18	11	3	7	8	40
	
Totals
	Northern Goshawk	13	7	8	12	4	2	6	2	5	7	6	10	8	6	3	9	2	2	0.0	0.0	0.0	1	0.0	0.0	0.0	0.0	0.0	0.0	0.0	0.0	0.0	1	1	4	4	8	14	24	74	92	59	38	19	11	3	7	10	44
	# checklists reporting species - (Northern Goshawk)	13	5	6	12	4	2	6	2	5	7	6	10	6	6	3	9	2	2	0.0	0.0	0.0	1	0.0	0.0	0.0	0.0	0.0	0.0	0.0	0.0	0.0	1	1	4	4	8	14	24	61	72	45	32	18	11	3	7	8	40
	
Average Count
	Northern Goshawk	1.0	1.4	1.3333333333333333	1.0	1.0	1.0	1.0	1.0	1.0	1.0	1.0	1.0	1.3333333333333333	1.0	1.0	1.0	1.0	1.0	0.0	0.0	0.0	1.0	0.0	0.0	0.0	0.0	0.0	0.0	0.0	0.0	0.0	1.0	1.0	1.0	1.0	1.0	1.0	1.0	1.2131147540983607	1.2777777777777777	1.3111111111111111	1.1875	1.0555555555555556	1.0	1.0	1.0	1.25	1.1
	# checklists reporting species - (Northern Goshawk)	13	5	6	12	4	2	6	2	5	7	6	10	6	6	3	9	2	2	0.0	0.0	0.0	1	0.0	0.0	0.0	0.0	0.0	0.0	0.0	0.0	0.0	1	1	4	4	8	14	24	61	72	45	32	18	11	3	7	8	40
	
