

	Week starting on...	1/1	1/8	1/15	1/22	2/1	2/8	2/15	2/22	3/1	3/8	3/15	3/22	4/1	4/8	4/15	4/22	5/1	5/8	5/15	5/22	6/1	6/8	6/15	6/22	7/1	7/8	7/15	7/22	8/1	8/8	8/15	8/22	9/1	9/8	9/15	9/22	10/1	10/8	10/15	10/22	11/1	11/8	11/15	11/22	12/1	12/8	12/15	12/22
Frequency (%)
	Great Crested Flycatcher	0.0	0.0	0.0	0.0	0.0	0.0	0.0	0.0	0.0	0.0	0.0	0.0	0.0	0.0	0.0	0.2137078308655167	5.388616006934412	8.537102473498233	15.413761745983631	14.872956789124453	15.159377316530765	11.919104991394148	10.847457627118644	7.71957463568334	7.982261640798225	6.862133499688085	6.173633440514469	6.4911484339537004	5.705521472392638	4.829210836277975	6.524008350730689	9.387755102040817	10.737485670615209	7.3712948517940715	2.0793222949557184	0.3431066749844042	0.10718113612004287	0.03536067892503536	0.14295925661186562	0.0	0.0	0.0	0.0	0.0	0.0	0.0	0.0	0.0
	Total # checklists submitted - (Great Crested Flycatcher)	4647	3500	3030	4287	2903	3748	5456	3029	3408	3753	4232	5749	4440	4239	4476	6551	6922	7075	6598	6179	2698	2324	2065	2539	1804	1603	1555	2203	1630	1698	1916	2940	2617	2564	2597	3206	2799	2828	2798	3738	2680	2700	2440	2955	2284	2331	2683	4466
	
Abundance
	Great Crested Flycatcher	0.0	0.0	0.0	0.0	0.0	0.0	0.0	0.0	0.0	0.0	0.0	0.0	0.0	0.0	0.0	0.0029003205617462984	0.06688818260618318	0.12127208480565371	0.24825704759017883	0.24550898203592814	0.24203113417346184	0.17857142857142858	0.17627118644067796	0.13194170933438362	0.10254988913525499	0.10355583281347473	0.09710610932475884	0.106218792555606	0.09447852760736196	0.06007067137809187	0.09707724425887265	0.13163265306122449	0.13068398930072603	0.08892355694227769	0.02502887947631883	0.0034310667498440423	0.0010718113612004287	3.536067892503536E-4	0.0014295925661186562	0.0	0.0	0.0	0.0	0.0	0.0	0.0	0.0	0.0
	Total # checklists submitted - (Great Crested Flycatcher)	4647	3500	3030	4287	2903	3748	5456	3029	3408	3753	4232	5749	4440	4239	4476	6551	6922	7075	6598	6179	2698	2324	2065	2539	1804	1603	1555	2203	1630	1698	1916	2940	2617	2564	2597	3206	2799	2828	2798	3738	2680	2700	2440	2955	2284	2331	2683	4466
	
Birds Per Party Hour
	Great Crested Flycatcher	0.0	0.0	0.0	0.0	0.0	0.0	0.0	0.0	0.0	0.0	0.0	0.0	0.0	0.0	0.0	0.8129700255828346	0.7861706425504797	0.9630840305560043	0.9456005287422918	1.1188173608477017	1.898024141109882	2.205286572746953	2.2679004118021764	1.7066211702927188	2.223119974903013	1.206363157701965	1.2421521812852625	1.3875369071008685	1.5042011667604087	1.5325960543660822	1.0260478371524875	0.7591993995915072	0.6460534543757468	0.6141338536122384	0.440563946143789	0.49319361066143563	0.3171395818025234	0.2857142857142857	0.3541666666666667	0.0	0.0	0.0	0.0	0.0	0.0	0.0	0.0	0.0
	# checklists reporting species - (Great Crested Flycatcher)	0.0	0.0	0.0	0.0	0.0	0.0	0.0	0.0	0.0	0.0	0.0	0.0	0.0	0.0	0.0	16	399	604	1049	920	424	274	225	193	145	108	95	135	89	83	129	280	282	198	65	12	3	1	4	0.0	0.0	0.0	0.0	0.0	0.0	0.0	0.0	0.0
	
High Count
	Great Crested Flycatcher	0.0	0.0	0.0	0.0	0.0	0.0	0.0	0.0	0.0	0.0	0.0	0.0	0.0	0.0	0.0	6	5	15	17	15	11	7	13	10	5	4	12	10	9	4	6	12	12	4	3	1	1	1	1	0.0	0.0	0.0	0.0	0.0	0.0	0.0	0.0	0.0
	# checklists reporting species - (Great Crested Flycatcher)	0.0	0.0	0.0	0.0	0.0	0.0	0.0	0.0	0.0	0.0	0.0	0.0	0.0	0.0	0.0	18	425	664	1117	1037	507	334	315	288	205	128	100	150	102	88	139	313	303	202	68	13	3	1	6	0.0	0.0	0.0	0.0	0.0	0.0	0.0	0.0	0.0
	
Totals
	Great Crested Flycatcher	0.0	0.0	0.0	0.0	0.0	0.0	0.0	0.0	0.0	0.0	0.0	0.0	0.0	0.0	0.0	24	521	912	1742	1651	759	481	467	425	248	182	156	251	168	108	199	438	364	242	79	13	3	1	6	0.0	0.0	0.0	0.0	0.0	0.0	0.0	0.0	0.0
	# checklists reporting species - (Great Crested Flycatcher)	0.0	0.0	0.0	0.0	0.0	0.0	0.0	0.0	0.0	0.0	0.0	0.0	0.0	0.0	0.0	18	417	639	1074	998	486	320	307	279	200	122	95	140	94	85	138	304	290	199	67	13	3	1	6	0.0	0.0	0.0	0.0	0.0	0.0	0.0	0.0	0.0
	
Average Count
	Great Crested Flycatcher	0.0	0.0	0.0	0.0	0.0	0.0	0.0	0.0	0.0	0.0	0.0	0.0	0.0	0.0	0.0	1.3333333333333333	1.249400479616307	1.4272300469483568	1.621973929236499	1.654308617234469	1.5617283950617284	1.503125	1.521172638436482	1.5232974910394266	1.24	1.4918032786885247	1.6421052631578947	1.792857142857143	1.7872340425531914	1.2705882352941176	1.4420289855072463	1.4407894736842106	1.2551724137931035	1.2160804020100502	1.1791044776119404	1.0	1.0	1.0	1.0	0.0	0.0	0.0	0.0	0.0	0.0	0.0	0.0	0.0
	# checklists reporting species - (Great Crested Flycatcher)	0.0	0.0	0.0	0.0	0.0	0.0	0.0	0.0	0.0	0.0	0.0	0.0	0.0	0.0	0.0	18	417	639	1074	998	486	320	307	279	200	122	95	140	94	85	138	304	290	199	67	13	3	1	6	0.0	0.0	0.0	0.0	0.0	0.0	0.0	0.0	0.0
	
