

	Week starting on...	1/1	1/8	1/15	1/22	2/1	2/8	2/15	2/22	3/1	3/8	3/15	3/22	4/1	4/8	4/15	4/22	5/1	5/8	5/15	5/22	6/1	6/8	6/15	6/22	7/1	7/8	7/15	7/22	8/1	8/8	8/15	8/22	9/1	9/8	9/15	9/22	10/1	10/8	10/15	10/22	11/1	11/8	11/15	11/22	12/1	12/8	12/15	12/22
Frequency (%)
	Chimney Swift	0.0	0.0	0.0	0.0	0.0	0.0	0.0	0.0	0.0	0.0	0.0	0.0	0.0	0.0	0.17873100983020554	2.9461150969317664	13.608783588558222	19.491166077738516	27.371930888147922	32.01165237093381	32.72794662713121	34.20826161790017	32.00968523002422	28.554549035053174	26.108647450110865	28.758577666874608	25.337620578778136	27.190195188379484	32.45398773006135	28.150765606595996	26.40918580375783	21.904761904761905	15.170042032862055	7.917316692667707	2.194840200231036	0.6862133499688085	0.10718113612004287	0.0	0.0	0.0	0.0	0.0	0.0	0.0	0.0	0.0	0.0	0.0
	Total # checklists submitted - (Chimney Swift)	4647	3500	3030	4287	2903	3748	5456	3029	3408	3753	4232	5749	4440	4239	4476	6551	6922	7075	6598	6179	2698	2324	2065	2539	1804	1603	1555	2203	1630	1698	1916	2940	2617	2564	2597	3206	2799	2828	2798	3738	2680	2700	2440	2955	2284	2331	2683	4466
	
Abundance
	Chimney Swift	0.0	0.0	0.0	0.0	0.0	0.0	0.0	0.0	0.0	0.0	0.0	0.0	0.0	0.0	0.004691689008042895	0.14348954358113264	0.9495810459404797	1.552226148409894	1.9080024249772658	2.31574688460916	1.7531504818383987	1.4789156626506024	1.1065375302663438	1.044505710909807	0.9656319290465631	1.1441048034934498	1.2141479099678456	1.3068542896050839	1.6030674846625768	2.106007067137809	2.019311064718163	1.8258503401360544	0.9583492548719909	0.5198907956318253	0.16557566422795533	0.021210230817217717	7.145409074669524E-4	0.0	0.0	0.0	0.0	0.0	0.0	0.0	0.0	0.0	0.0	0.0
	Total # checklists submitted - (Chimney Swift)	4647	3500	3030	4287	2903	3748	5456	3029	3408	3753	4232	5749	4440	4239	4476	6551	6922	7075	6598	6179	2698	2324	2065	2539	1804	1603	1555	2203	1630	1698	1916	2940	2617	2564	2597	3206	2799	2828	2798	3738	2680	2700	2440	2955	2284	2331	2683	4466
	
Birds Per Party Hour
	Chimney Swift	0.0	0.0	0.0	0.0	0.0	0.0	0.0	0.0	0.0	0.0	0.0	0.0	0.0	0.0	16.77475075610278	4.195013111561631	6.799637692470336	9.954353362176494	12.465301193351928	7.711972508096487	7.826425306281058	9.72029321810213	8.251564802250869	11.17792234013628	8.799285858050094	7.822664629416854	12.842795476182024	7.096508363893343	12.524264913911868	13.229774526452506	12.039397377170488	8.34097053639083	5.835896129864601	5.350245320509624	11.395722137085718	2.092145319027751	6.550412175015853	0.0	0.0	0.0	0.0	0.0	0.0	0.0	0.0	0.0	0.0	0.0
	# checklists reporting species - (Chimney Swift)	0.0	0.0	0.0	0.0	0.0	0.0	0.0	0.0	0.0	0.0	0.0	0.0	0.0	0.0	6	209	973	1325	1809	1977	916	800	664	722	478	471	400	613	522	507	491	626	382	194	54	21	2	0.0	0.0	0.0	0.0	0.0	0.0	0.0	0.0	0.0	0.0	0.0
	
High Count
	Chimney Swift	0.0	0.0	0.0	0.0	0.0	0.0	0.0	0.0	0.0	0.0	0.0	0.0	0.0	0.0	10	250	320	500	604	920	656	160	49	115	65	60	100	210	98	333	308	300	120	200	200	20	1	0.0	0.0	0.0	0.0	0.0	0.0	0.0	0.0	0.0	0.0	0.0
	# checklists reporting species - (Chimney Swift)	0.0	0.0	0.0	0.0	0.0	0.0	0.0	0.0	0.0	0.0	0.0	0.0	0.0	0.0	10	235	1180	1552	2018	2232	1047	900	746	837	566	542	462	706	600	574	570	727	426	215	72	25	3	0.0	0.0	0.0	0.0	0.0	0.0	0.0	0.0	0.0	0.0	0.0
	
Totals
	Chimney Swift	0.0	0.0	0.0	0.0	0.0	0.0	0.0	0.0	0.0	0.0	0.0	0.0	0.0	0.0	27	1446	7336	13404	13708	15320	5549	3785	2474	3023	1951	2112	2181	3555	3171	4211	4305	6493	2689	1400	549	75	2	0.0	0.0	0.0	0.0	0.0	0.0	0.0	0.0	0.0	0.0	0.0
	# checklists reporting species - (Chimney Swift)	0.0	0.0	0.0	0.0	0.0	0.0	0.0	0.0	0.0	0.0	0.0	0.0	0.0	0.0	9	231	1118	1442	1901	2089	975	853	708	797	515	501	439	661	547	545	535	683	400	201	65	22	2	0.0	0.0	0.0	0.0	0.0	0.0	0.0	0.0	0.0	0.0	0.0
	
Average Count
	Chimney Swift	0.0	0.0	0.0	0.0	0.0	0.0	0.0	0.0	0.0	0.0	0.0	0.0	0.0	0.0	3.0	6.259740259740259	6.561717352415027	9.295423023578364	7.210941609679116	7.333652465294399	5.691282051282052	4.437280187573271	3.494350282485876	3.79297365119197	3.788349514563107	4.2155688622754495	4.968109339407745	5.37821482602118	5.797074954296161	7.726605504587156	8.046728971962617	9.506588579795022	6.7225	6.965174129353234	8.446153846153846	3.409090909090909	1.0	0.0	0.0	0.0	0.0	0.0	0.0	0.0	0.0	0.0	0.0	0.0
	# checklists reporting species - (Chimney Swift)	0.0	0.0	0.0	0.0	0.0	0.0	0.0	0.0	0.0	0.0	0.0	0.0	0.0	0.0	9	231	1118	1442	1901	2089	975	853	708	797	515	501	439	661	547	545	535	683	400	201	65	22	2	0.0	0.0	0.0	0.0	0.0	0.0	0.0	0.0	0.0	0.0	0.0
	
