

	Week starting on...	1/1	1/8	1/15	1/22	2/1	2/8	2/15	2/22	3/1	3/8	3/15	3/22	4/1	4/8	4/15	4/22	5/1	5/8	5/15	5/22	6/1	6/8	6/15	6/22	7/1	7/8	7/15	7/22	8/1	8/8	8/15	8/22	9/1	9/8	9/15	9/22	10/1	10/8	10/15	10/22	11/1	11/8	11/15	11/22	12/1	12/8	12/15	12/22
Frequency (%)
	Canada Warbler	0.0	0.0	0.0	0.0	0.0	0.0	0.0	0.0	0.0	0.0	0.0	0.0	0.0	0.0	0.0	0.0	0.15891360878358857	1.9646643109540636	10.06365565322825	9.920699142256028	1.1119347664936992	0.774526678141136	0.387409200968523	0.19692792437967704	0.11086474501108648	0.0	0.12861736334405144	0.0	0.0	1.4723203769140165	4.018789144050104	5.170068027210884	5.158578525028658	3.0421216848673946	0.8471313053523296	0.280723643169058	0.03572704537334762	0.0	0.0	0.0	0.0	0.0	0.0	0.0	0.0	0.0	0.0	0.0
	Total # checklists submitted - (Canada Warbler)	4647	3500	3030	4287	2903	3748	5456	3029	3408	3753	4232	5749	4440	4239	4476	6551	6922	7075	6598	6179	2698	2324	2065	2539	1804	1603	1555	2203	1630	1698	1916	2940	2617	2564	2597	3206	2799	2828	2798	3738	2680	2700	2440	2955	2284	2331	2683	4466
	
Abundance
	Canada Warbler	0.0	0.0	0.0	0.0	0.0	0.0	0.0	0.0	0.0	0.0	0.0	0.0	0.0	0.0	0.0	0.0	0.0013002022536839064	0.024593639575971733	0.13185813882994846	0.1785078491665318	0.012972572275759823	0.016351118760757316	0.006779661016949152	0.0027569909413154787	0.0016629711751662971	0.0	6.430868167202572E-4	0.0	0.0	0.022968197879858657	0.05688935281837161	0.06972789115646258	0.07871608712265954	0.040171606864274574	0.01424720831728918	0.0031191515907673115	0.0053590568060021436	0.0	0.0	0.0	0.0	0.0	0.0	0.0	0.0	0.0	0.0	0.0
	Total # checklists submitted - (Canada Warbler)	4647	3500	3030	4287	2903	3748	5456	3029	3408	3753	4232	5749	4440	4239	4476	6551	6922	7075	6598	6179	2698	2324	2065	2539	1804	1603	1555	2203	1630	1698	1916	2940	2617	2564	2597	3206	2799	2828	2798	3738	2680	2700	2440	2955	2284	2331	2683	4466
	
Birds Per Party Hour
	Canada Warbler	0.0	0.0	0.0	0.0	0.0	0.0	0.0	0.0	0.0	0.0	0.0	0.0	0.0	0.0	0.0	0.0	1.3750413900050402	1.3363373141221127	1.0569170185931958	1.4315060614334232	1.50411209185049	1.500052065574016	0.5395415070274757	0.5021757438901785	0.4	0.0	0.6666666666666666	0.0	0.0	0.7364343909028903	0.7363972933747017	1.0567505039084066	0.8472279106312413	0.9819261469814564	0.6166012619489892	0.946538549827895	4.285714285714286	0.0	0.0	0.0	0.0	0.0	0.0	0.0	0.0	0.0	0.0	0.0
	# checklists reporting species - (Canada Warbler)	0.0	0.0	0.0	0.0	0.0	0.0	0.0	0.0	0.0	0.0	0.0	0.0	0.0	0.0	0.0	0.0	17	226	1013	1284	125	17	9	5	1	0.0	1	0.0	1	30	80	160	142	85	25	9	1	0.0	0.0	0.0	0.0	0.0	0.0	0.0	0.0	0.0	0.0	0.0
	
High Count
	Canada Warbler	0.0	0.0	0.0	0.0	0.0	0.0	0.0	0.0	0.0	0.0	0.0	0.0	0.0	0.0	0.0	0.0	4	5	11	25	8	6	5	2	2	0.0	1	0.0	1	4	4	6	12	7	4	2	15	0.0	0.0	0.0	0.0	0.0	0.0	0.0	0.0	0.0	0.0	0.0
	# checklists reporting species - (Canada Warbler)	0.0	0.0	0.0	0.0	0.0	0.0	0.0	0.0	0.0	0.0	0.0	0.0	0.0	0.0	0.0	0.0	20	242	1094	1370	136	19	9	6	2	0.0	2	0.0	1	33	92	181	158	90	29	10	1	0.0	0.0	0.0	0.0	0.0	0.0	0.0	0.0	0.0	0.0	0.0
	
Totals
	Canada Warbler	0.0	0.0	0.0	0.0	0.0	0.0	0.0	0.0	0.0	0.0	0.0	0.0	0.0	0.0	0.0	0.0	22	301	1476	2501	209	39	15	8	3	0.0	1	0.0	1	47	125	243	223	116	47	11	15	0.0	0.0	0.0	0.0	0.0	0.0	0.0	0.0	0.0	0.0	0.0
	# checklists reporting species - (Canada Warbler)	0.0	0.0	0.0	0.0	0.0	0.0	0.0	0.0	0.0	0.0	0.0	0.0	0.0	0.0	0.0	0.0	17	236	1044	1332	130	17	9	6	2	0.0	1	0.0	1	31	91	174	147	86	29	10	1	0.0	0.0	0.0	0.0	0.0	0.0	0.0	0.0	0.0	0.0	0.0
	
Average Count
	Canada Warbler	0.0	0.0	0.0	0.0	0.0	0.0	0.0	0.0	0.0	0.0	0.0	0.0	0.0	0.0	0.0	0.0	1.2941176470588236	1.2754237288135593	1.4137931034482758	1.8776276276276276	1.6076923076923078	2.2941176470588234	1.6666666666666667	1.3333333333333333	1.5	0.0	1.0	0.0	1.0	1.5161290322580645	1.3736263736263736	1.396551724137931	1.5170068027210883	1.3488372093023255	1.6206896551724137	1.1	15.0	0.0	0.0	0.0	0.0	0.0	0.0	0.0	0.0	0.0	0.0	0.0
	# checklists reporting species - (Canada Warbler)	0.0	0.0	0.0	0.0	0.0	0.0	0.0	0.0	0.0	0.0	0.0	0.0	0.0	0.0	0.0	0.0	17	236	1044	1332	130	17	9	6	2	0.0	1	0.0	1	31	91	174	147	86	29	10	1	0.0	0.0	0.0	0.0	0.0	0.0	0.0	0.0	0.0	0.0	0.0
	
