

	Week starting on...	1/1	1/8	1/15	1/22	2/1	2/8	2/15	2/22	3/1	3/8	3/15	3/22	4/1	4/8	4/15	4/22	5/1	5/8	5/15	5/22	6/1	6/8	6/15	6/22	7/1	7/8	7/15	7/22	8/1	8/8	8/15	8/22	9/1	9/8	9/15	9/22	10/1	10/8	10/15	10/22	11/1	11/8	11/15	11/22	12/1	12/8	12/15	12/22
Frequency (%)
	Common Grackle	0.38734667527437056	0.37142857142857144	0.528052805280528	0.3965477023559599	0.20668274199104375	0.18676627534685164	0.21994134897360706	2.806206668867613	7.012910798122066	25.41966426858513	37.92533081285444	43.65976691598539	47.590090090090094	47.51120547298891	48.65951742627346	51.274614562662194	54.1173071366657	53.89399293286219	53.94058805698697	58.035280789771804	52.520385470719056	50.94664371772806	46.05326876513317	42.30011815675463	43.8470066518847	36.18215845290081	35.62700964630225	34.316840671811164	33.74233128834356	32.44994110718492	31.576200417536533	28.843537414965986	24.11157814291173	18.330733229329173	18.213323065075087	18.091079226450404	16.184351554126476	17.503536067892504	13.116511794138672	6.260032102728733	4.477611940298507	2.5185185185185186	1.0655737704918031	0.40609137055837563	0.5253940455341506	0.3003003003003003	0.37271710771524413	0.9180474697716077
	Total # checklists submitted - (Common Grackle)	4647	3500	3030	4287	2903	3748	5456	3029	3408	3753	4232	5749	4440	4239	4476	6551	6922	7075	6598	6179	2698	2324	2065	2539	1804	1603	1555	2203	1630	1698	1916	2940	2617	2564	2597	3206	2799	2828	2798	3738	2680	2700	2440	2955	2284	2331	2683	4466
	
Abundance
	Common Grackle	0.004949429739616957	0.004	0.005940594059405941	0.004432003732213669	0.0020668274199104374	0.0018676627534685165	0.0023826979472140763	0.07362165731264443	0.2232981220657277	1.6405542232880361	3.3055293005671076	4.598538876326318	4.046171171171171	4.320594479830149	4.035075960679178	3.6947030987635476	3.5468072811326206	3.1373851590106008	3.0153076689906033	3.136915358472245	2.3117123795404004	2.3205679862306368	2.188377723970944	1.697518708152816	2.022172949002217	1.46849656893325	1.6090032154340836	1.519291874716296	1.5134969325153373	1.245583038869258	1.4399791231732777	1.3659863945578232	1.395491020252197	1.2929017160686427	1.5475548710050058	1.48378041172801	1.670596641657735	2.1117397454031117	2.3338098641887064	2.215355805243446	6.664925373134328	0.2074074074074074	0.08483606557377049	0.0054145516074450084	0.006567425569176883	0.003003003003003003	0.005218039508013418	0.014778325123152709
	Total # checklists submitted - (Common Grackle)	4647	3500	3030	4287	2903	3748	5456	3029	3408	3753	4232	5749	4440	4239	4476	6551	6922	7075	6598	6179	2698	2324	2065	2539	1804	1603	1555	2203	1630	1698	1916	2940	2617	2564	2597	3206	2799	2828	2798	3738	2680	2700	2440	2955	2284	2331	2683	4466
	
Birds Per Party Hour
	Common Grackle	1.220320578103884	0.9380737378628672	3.588114324280305	1.4240432329744013	8.526508326508326	2.0686564379789028	1.836376470893139	3.820915877829508	4.568194954153799	9.526782934464835	9.78409614204423	14.262964125392713	10.088901424629768	9.080805197079945	8.417973363537557	6.931122067701206	5.289561656725259	5.337802013541344	5.0289408313830615	4.8202788791037285	6.578779880226423	7.502796195848209	7.255855967982651	8.605107930911451	7.788064992303507	4.9145863668920144	6.164932188880955	4.319367248841974	5.234694713627004	5.201360075213066	4.338388429346776	5.525497983105104	8.18376634677899	7.462692128423744	12.858115208033231	23.46855966728984	12.274648053320842	10.914487248198654	9.832125744467566	25.608575806445497	42.846009914075424	3.787092584165015	4.147817661273739	1.5850510270352338	1.2948959146349046	1.0248196248196249	0.7450450755513306	0.44940250149666944
	# checklists reporting species - (Common Grackle)	12	12	12	13	4	6	10	94	251	973	1531	2343	1917	1833	1987	3027	3416	3478	3237	3273	1346	1092	895	1019	756	546	532	691	526	530	585	802	597	478	453	551	433	460	347	206	113	69	28	12	10	7	9	39
	
High Count
	Common Grackle	4	2	3	2	2	1	2	20	47	234	1100	3000	200	220	100	120	200	200	200	100	54	100	181	80	160	55	200	150	100	65	200	550	380	300	350	300	400	500	775	1180	4300	100	150	4	4	1	3	4
	# checklists reporting species - (Common Grackle)	19	15	19	17	7	7	12	99	284	1082	1743	2680	2243	2122	2312	3551	3979	4041	3767	3789	1541	1250	1038	1177	865	616	600	808	603	596	645	906	681	522	510	623	505	545	410	257	126	71	29	13	12	7	12	43
	
Totals
	Common Grackle	24	16	21	19	8	7	13	247	889	6604	14479	27212	18519	18895	18540	24781	25283	22949	20496	19966	6528	5530	4699	4544	3784	2425	2776	3459	2639	2246	3090	4274	4324	3707	4231	5784	5008	6327	6933	8636	17914	568	211	17	15	7	16	68
	# checklists reporting species - (Common Grackle)	19	15	19	16	7	7	12	99	265	1030	1598	2487	2017	1906	2066	3135	3545	3587	3323	3366	1398	1123	935	1091	795	558	557	745	552	558	617	848	630	499	480	585	466	498	383	228	121	70	29	13	12	7	12	42
	
Average Count
	Common Grackle	1.263157894736842	1.0666666666666667	1.105263157894737	1.1875	1.1428571428571428	1.0	1.0833333333333333	2.494949494949495	3.3547169811320754	6.411650485436893	9.060700876095119	10.941696823482108	9.181457610312345	9.913431269674712	8.973862536302033	7.904625199362042	7.132016925246827	6.397825480903262	6.167920553716521	5.93166963755199	4.669527896995708	4.924309884238647	5.025668449197861	4.164986251145738	4.759748427672956	4.345878136200717	4.983842010771993	4.642953020134228	4.780797101449275	4.025089605734767	5.008103727714749	5.040094339622642	6.863492063492063	7.428857715430862	8.814583333333333	9.887179487179488	10.746781115879829	12.704819277108435	18.10182767624021	37.87719298245614	148.0495867768595	8.114285714285714	7.275862068965517	1.3076923076923077	1.25	1.0	1.3333333333333333	1.619047619047619
	# checklists reporting species - (Common Grackle)	19	15	19	16	7	7	12	99	265	1030	1598	2487	2017	1906	2066	3135	3545	3587	3323	3366	1398	1123	935	1091	795	558	557	745	552	558	617	848	630	499	480	585	466	498	383	228	121	70	29	13	12	7	12	42
	
