

	Week starting on...	1/1	1/8	1/15	1/22	2/1	2/8	2/15	2/22	3/1	3/8	3/15	3/22	4/1	4/8	4/15	4/22	5/1	5/8	5/15	5/22	6/1	6/8	6/15	6/22	7/1	7/8	7/15	7/22	8/1	8/8	8/15	8/22	9/1	9/8	9/15	9/22	10/1	10/8	10/15	10/22	11/1	11/8	11/15	11/22	12/1	12/8	12/15	12/22
Frequency (%)
	Snow Bunting	1.6354637400473424	1.4285714285714286	1.155115511551155	1.0496850944716585	0.9300723389596968	1.1205976520811098	0.751466275659824	1.6837240013205679	0.4988262910798122	0.5329070077271516	0.30718336483931946	0.27830927117759613	0.13513513513513514	0.09436187780136825	0.06702412868632708	0.015264845061822624	0.0	0.0	0.0	0.0	0.0	0.0	0.0	0.0	0.0	0.0	0.0	0.0	0.0	0.0	0.0	0.0	0.0	0.0	0.0	0.031191515907673113	0.07145409074669525	0.03536067892503536	0.7862759113652609	6.768325307651151	7.985074626865672	4.62962962962963	2.8688524590163933	2.60575296108291	2.1453590192644483	1.2441012441012442	1.4163250093179278	3.6497984773846843
	Total # checklists submitted - (Snow Bunting)	4647	3500	3030	4287	2903	3748	5456	3029	3408	3753	4232	5749	4440	4239	4476	6551	6922	7075	6598	6179	2698	2324	2065	2539	1804	1603	1555	2203	1630	1698	1916	2940	2617	2564	2597	3206	2799	2828	2798	3738	2680	2700	2440	2955	2284	2331	2683	4466
	
Abundance
	Snow Bunting	0.4400688616311599	0.5282857142857142	1.628052805280528	0.7585724282715185	0.3313813296589735	0.31483457844183566	0.15194281524926687	0.47573456586332125	0.0357981220657277	0.013056221689315214	0.012051039697542534	0.05131327187336928	0.0018018018018018018	0.004953998584571833	0.013181411974977658	1.5264845061822624E-4	0.0	0.0	0.0	0.0	0.0	0.0	0.0	0.0	0.0	0.0	0.0	0.0	0.0	0.0	0.0	0.0	0.0	0.0	0.0	0.0	7.145409074669524E-4	3.536067892503536E-4	0.022516082916368835	0.5984483681112894	0.7966417910447762	0.45	0.4684426229508197	0.14382402707275804	0.37740805604203154	0.17374517374517376	0.4502422661200149	2.0604567845947157
	Total # checklists submitted - (Snow Bunting)	4647	3500	3030	4287	2903	3748	5456	3029	3408	3753	4232	5749	4440	4239	4476	6551	6922	7075	6598	6179	2698	2324	2065	2539	1804	1603	1555	2203	1630	1698	1916	2940	2617	2564	2597	3206	2799	2828	2798	3738	2680	2700	2440	2955	2284	2331	2683	4466
	
Birds Per Party Hour
	Snow Bunting	14.778327350395378	9.580139617949504	40.09423913696905	22.723264809338083	11.187122381040423	11.557500581107476	26.245597218380134	24.870905222094095	5.120727632021292	1.8911463730260456	1.1558160846368637	7.260806156602109	0.6318488529014845	1.8084141596799825	2.1918621994252248	0.856898029134533	0.0	0.0	0.0	0.0	0.0	0.0	0.0	0.0	0.0	0.0	0.0	0.0	0.0	0.0	0.0	0.0	0.0	0.0	0.0	0.0	0.16621084037792144	0.25	0.6785452996170096	3.2169930834808125	3.7231617790641622	3.0357469783969715	5.0928651116492185	2.8583077633861427	5.817252129761342	5.4165121586167135	4.255265942495919	11.682743774138554
	# checklists reporting species - (Snow Bunting)	73	49	29	44	26	39	42	50	15	20	14	14	5	4	4	1	0.0	0.0	0.0	0.0	0.0	0.0	0.0	0.0	0.0	0.0	0.0	0.0	0.0	0.0	0.0	0.0	0.0	0.0	0.0	0	2	1	21	264	217	129	78	78	52	31	38	165
	
High Count
	Snow Bunting	1000	500	1800	1520	800	300	200	300	100	15	16	60	2	18	50	1	0.0	0.0	0.0	0.0	0.0	0.0	0.0	0.0	0.0	0.0	0.0	0.0	0.0	0.0	0.0	0.0	0.0	0.0	0.0	1	1	1	18	160	120	150	80	100	120	200	500	1000
	# checklists reporting species - (Snow Bunting)	87	55	36	58	34	50	49	61	22	26	16	17	6	4	4	1	0.0	0.0	0.0	0.0	0.0	0.0	0.0	0.0	0.0	0.0	0.0	0.0	0.0	0.0	0.0	0.0	0.0	0.0	0.0	1	2	1	25	309	249	150	89	95	58	36	44	178
	
Totals
	Snow Bunting	4107	1879	4933	3299	1872	1230	893	1701	228	73	54	296	8	21	60	1	0.0	0.0	0.0	0.0	0.0	0.0	0.0	0.0	0.0	0.0	0.0	0.0	0.0	0.0	0.0	0.0	0.0	0.0	0.0	0	2	1	65	2848	2471	1675	1356	727	1000	456	1257	9907
	# checklists reporting species - (Snow Bunting)	80	53	32	52	32	47	48	56	19	24	16	17	5	4	4	1	0.0	0.0	0.0	0.0	0.0	0.0	0.0	0.0	0.0	0.0	0.0	0.0	0.0	0.0	0.0	0.0	0.0	0.0	0.0	0	2	1	23	289	240	148	88	92	57	35	42	173
	
Average Count
	Snow Bunting	51.3375	35.45283018867924	154.15625	63.44230769230769	58.5	26.170212765957448	18.604166666666668	30.375	12.0	3.0416666666666665	3.375	17.41176470588235	1.6	5.25	15.0	1.0	0.0	0.0	0.0	0.0	0.0	0.0	0.0	0.0	0.0	0.0	0.0	0.0	0.0	0.0	0.0	0.0	0.0	0.0	0.0	0.0	1.0	1.0	2.8260869565217392	9.854671280276817	10.295833333333333	11.317567567567568	15.409090909090908	7.9021739130434785	17.54385964912281	13.028571428571428	29.928571428571427	57.26589595375722
	# checklists reporting species - (Snow Bunting)	80	53	32	52	32	47	48	56	19	24	16	17	5	4	4	1	0.0	0.0	0.0	0.0	0.0	0.0	0.0	0.0	0.0	0.0	0.0	0.0	0.0	0.0	0.0	0.0	0.0	0.0	0.0	0	2	1	23	289	240	148	88	92	57	35	42	173
	
