

	Week starting on...	1/1	1/8	1/15	1/22	2/1	2/8	2/15	2/22	3/1	3/8	3/15	3/22	4/1	4/8	4/15	4/22	5/1	5/8	5/15	5/22	6/1	6/8	6/15	6/22	7/1	7/8	7/15	7/22	8/1	8/8	8/15	8/22	9/1	9/8	9/15	9/22	10/1	10/8	10/15	10/22	11/1	11/8	11/15	11/22	12/1	12/8	12/15	12/22
Frequency (%)
	Winter Wren	1.5709059608349472	1.2857142857142856	1.1221122112211221	1.166316771635176	1.2056493282810885	1.1739594450373532	0.8980938416422288	1.0234400792340705	1.232394366197183	1.1990407673860912	1.1814744801512287	3.183162289093756	7.680180180180181	13.658881811748053	13.471849865951743	13.753625400702182	10.329384570933255	3.872791519434629	1.7884207335556228	0.09710309111506717	0.2965159377316531	0.08605851979345956	0.09685230024213075	0.15754233950374164	0.2771618625277162	0.2495321272613849	0.2572347266881029	0.3177485247389923	0.0	0.11778563015312131	0.052192066805845504	0.0	0.3439052350019106	1.0530421216848673	2.5413939160569887	5.9575795383655645	12.79028224365845	13.26025459688826	10.114367405289492	8.640984483681112	5.485074626865671	4.222222222222222	3.237704918032787	3.1133671742808797	3.371278458844133	4.375804375804376	5.516213194185613	4.4558889386475595
	Total # checklists submitted - (Winter Wren)	4647	3500	3030	4287	2903	3748	5456	3029	3408	3753	4232	5749	4440	4239	4476	6551	6922	7075	6598	6179	2698	2324	2065	2539	1804	1603	1555	2203	1630	1698	1916	2940	2617	2564	2597	3206	2799	2828	2798	3738	2680	2700	2440	2955	2284	2331	2683	4466
	
Abundance
	Winter Wren	0.019367333763718526	0.015428571428571429	0.01419141914191419	0.013762537905295079	0.014467791939373063	0.013340448239060833	0.012463343108504398	0.01188511059755695	0.014377934272300469	0.014921396216360246	0.012996219281663515	0.0429639937380414	0.12139639639639639	0.25925925925925924	0.2526809651474531	0.24469546634101663	0.15356833285177696	0.04819787985865724	0.020612306759624128	9.710309111506716E-4	0.003335804299481097	8.605851979345956E-4	9.685230024213075E-4	0.0019692792437967705	0.0033259423503325942	0.002495321272613849	0.002572347266881029	0.0031774852473899226	0.0	0.001177856301531213	5.219206680584551E-4	0.0	0.003439052350019106	0.011310452418096724	0.03311513284559107	0.12819713038053648	0.28867452661664883	0.27157001414427157	0.19656897784131522	0.13670411985018727	0.08097014925373135	0.05962962962962963	0.040983606557377046	0.03959390862944162	0.04246935201401051	0.060918060918060915	0.0980245993291092	0.055754590237348856
	Total # checklists submitted - (Winter Wren)	4647	3500	3030	4287	2903	3748	5456	3029	3408	3753	4232	5749	4440	4239	4476	6551	6922	7075	6598	6179	2698	2324	2065	2539	1804	1603	1555	2203	1630	1698	1916	2940	2617	2564	2597	3206	2799	2828	2798	3738	2680	2700	2440	2955	2284	2331	2683	4466
	
Birds Per Party Hour
	Winter Wren	1.297600536574049	1.2003192204904622	1.701440505455173	2.12111992680264	1.0255589890428582	1.49519602005599	1.5914469823447197	0.9990114182085966	0.7455405486572244	1.0994922547478951	0.9777158276990022	1.1543796433635136	1.1561556918691245	1.4576378318993861	1.2820629247085313	1.501353562703294	0.9551646912020835	0.7797136602123556	0.5725738716470282	0.8696965238899947	2.771244953635308	0.4979160674547784	0.8333333333333334	0.18761904761904763	3.112127241999673	0.75	1.02702831523601	0.7050655782613847	0.0	0.8030264314168588	0.625	0.0	0.5481334152742086	0.6759287193202972	0.6697257035502662	1.1220612430879362	1.7195186648492424	1.3813064590213437	1.476898325912248	1.1061961308424315	0.8806254232173787	1.2102951468463192	1.4165136760899188	1.67725456160663	1.3727528899276713	0.9590100818775624	0.7868456457049903	0.5194136822261479
	# checklists reporting species - (Winter Wren)	75	49	36	53	38	44	46	33	44	46	51	196	347	616	622	943	738	274	126	9	8	4	2	5	5	4	5	7	0.0	3	1	0.0	9	28	67	184	374	398	292	334	155	122	87	100	86	107	151	195
	
High Count
	Winter Wren	4	3	6	3	3	2	3	3	3	4	2	7	19	24	15	15	10	17	4	2	2	1	2	2	2	1	1	1	0.0	1	1	0.0	1	2	7	17	75	19	25	20	11	10	3	4	5	7	10	3
	# checklists reporting species - (Winter Wren)	81	50	37	57	40	48	50	34	45	47	53	208	377	650	666	998	772	295	129	16	11	8	4	9	12	4	5	8	0.0	3	1	0.0	9	30	82	231	421	445	335	364	165	128	89	104	92	113	159	207
	
Totals
	Winter Wren	97	60	46	67	46	54	69	40	52	58	58	271	598	1190	1213	1727	1140	357	147	16	12	8	5	10	13	4	5	8	0.0	3	1	0.0	9	31	98	455	886	876	608	559	238	178	114	130	115	154	281	256
	# checklists reporting species - (Winter Wren)	78	50	37	57	39	46	50	34	45	47	53	204	370	639	649	970	756	288	127	15	11	8	4	9	12	4	5	8	0.0	3	1	0.0	9	29	74	215	404	432	319	352	165	128	89	104	91	112	158	202
	
Average Count
	Winter Wren	1.2435897435897436	1.2	1.2432432432432432	1.1754385964912282	1.1794871794871795	1.173913043478261	1.38	1.1764705882352942	1.1555555555555554	1.2340425531914894	1.0943396226415094	1.3284313725490196	1.6162162162162161	1.862284820031299	1.8690292758089369	1.7804123711340205	1.507936507936508	1.2395833333333333	1.1574803149606299	1.0666666666666667	1.0909090909090908	1.0	1.25	1.1111111111111112	1.0833333333333333	1.0	1.0	1.0	0.0	1.0	1.0	0.0	1.0	1.0689655172413792	1.3243243243243243	2.116279069767442	2.1930693069306932	2.0277777777777777	1.9059561128526645	1.5880681818181819	1.4424242424242424	1.390625	1.2808988764044944	1.25	1.2637362637362637	1.375	1.7784810126582278	1.2673267326732673
	# checklists reporting species - (Winter Wren)	78	50	37	57	39	46	50	34	45	47	53	204	370	639	649	970	756	288	127	15	11	8	4	9	12	4	5	8	0.0	3	1	0.0	9	29	74	215	404	432	319	352	165	128	89	104	91	112	158	202
	
