

	Week starting on...	1/1	1/8	1/15	1/22	2/1	2/8	2/15	2/22	3/1	3/8	3/15	3/22	4/1	4/8	4/15	4/22	5/1	5/8	5/15	5/22	6/1	6/8	6/15	6/22	7/1	7/8	7/15	7/22	8/1	8/8	8/15	8/22	9/1	9/8	9/15	9/22	10/1	10/8	10/15	10/22	11/1	11/8	11/15	11/22	12/1	12/8	12/15	12/22
Frequency (%)
	Brown Creeper	5.121583817516678	5.057142857142857	4.488448844884489	4.851877770002332	3.995866345160179	3.388473852721451	2.7126099706744866	3.8956751403103334	3.6384976525821595	3.170796695976552	4.229678638941399	8.331883805879285	15.022522522522522	29.370134465675868	27.70330652368186	21.88978781865364	10.921698930944814	3.1519434628975267	1.0760836617156715	0.03236769703835572	0.0	0.04302925989672978	0.14527845036319612	0.0	0.0	0.0	0.0	0.0	0.1226993865030675	0.11778563015312131	0.0	0.0	0.38211692777990064	1.4820592823712948	6.237966884867154	11.260137242669995	17.577706323687032	18.21074964639321	14.403145103645462	11.637239165329053	7.537313432835821	6.666666666666667	6.967213114754098	6.6328257191201345	6.523642732049037	5.448305448305448	8.237048080506895	11.710703090013434
	Total # checklists submitted - (Brown Creeper)	4647	3500	3030	4287	2903	3748	5456	3029	3408	3753	4232	5749	4440	4239	4476	6551	6922	7075	6598	6179	2698	2324	2065	2539	1804	1603	1555	2203	1630	1698	1916	2940	2617	2564	2597	3206	2799	2828	2798	3738	2680	2700	2440	2955	2284	2331	2683	4466
	
Abundance
	Brown Creeper	0.0714439423283839	0.07828571428571429	0.066006600660066	0.06671331933753208	0.04925938684119876	0.04188900747065102	0.03647360703812317	0.05282271376691978	0.043720657276995305	0.04156674660271783	0.06261814744801512	0.14854757349104192	0.25698198198198197	0.757725878744987	0.8965594280607685	0.452755304533659	0.19488587113550998	0.04551236749116608	0.012428008487420431	3.236769703835572E-4	0.0	4.302925989672978E-4	0.001937046004842615	0.0	0.0	0.0	0.0	0.0	0.001226993865030675	0.001177856301531213	0.0	0.0	0.0038211692777990066	0.01638065522620905	0.09510974201001156	0.22489082969432314	0.3640585923544123	0.36669024045261667	0.2544674767691208	0.20171214553237024	0.10783582089552239	0.11814814814814815	0.09385245901639344	0.10084602368866329	0.08800350262697022	0.07893607893607893	0.14647782333209095	0.24025974025974026
	Total # checklists submitted - (Brown Creeper)	4647	3500	3030	4287	2903	3748	5456	3029	3408	3753	4232	5749	4440	4239	4476	6551	6922	7075	6598	6179	2698	2324	2065	2539	1804	1603	1555	2203	1630	1698	1916	2940	2617	2564	2597	3206	2799	2828	2798	3738	2680	2700	2440	2955	2284	2331	2683	4466
	
Birds Per Party Hour
	Brown Creeper	1.6956137132621674	1.1171052905412153	1.3968523469344147	1.3541496799112696	1.8103570694794473	0.9321624196616075	0.9842310311261406	1.4294023717145408	0.8628075697046679	1.0048901604781055	1.0156897364038058	1.5201861504014558	1.4819750658607629	2.0137665146981183	2.200218723381836	1.4712025206313604	1.1378651275797136	1.157064138418116	0.8372911341001408	0.4934807256235828	0.0	0.0	0.6973973822605306	0.0	0.0	0.0	0.0	0.0	0.19806763285024154	1.249625187406297	0.0	0.0	0.5824022731071679	0.8013719034528272	0.8540381035700269	1.1371734547777537	1.1502650846510685	1.488050864744169	1.1783782261712008	0.9785035622552034	1.1784533456482669	1.0759319744600224	0.9145470635112174	1.6532031875697784	0.9848322083682652	1.2815464040419038	1.0008163123710934	0.6887785913553163
	# checklists reporting species - (Brown Creeper)	240	176	136	210	119	135	150	119	123	113	181	499	683	1288	1250	1419	756	210	70	4	0	1	3	0	0	0.0	0.0	0.0	2	2	0.0	0.0	10	37	172	363	506	522	399	460	204	186	174	204	147	130	225	532
	
High Count
	Brown Creeper	8	7	7	4	5	4	5	5	3	12	7	38	15	30	100	30	30	15	6	1	1	1	2	1	1	0.0	0.0	0.0	1	1	0.0	0.0	1	2	11	25	25	50	50	26	7	15	10	9	11	8	14	35
	# checklists reporting species - (Brown Creeper)	253	190	141	217	125	140	157	129	139	123	197	529	743	1393	1372	1554	818	239	78	4	2	3	4	2	3	0.0	0.0	0.0	3	2	0.0	0.0	13	41	194	417	561	576	452	499	220	200	185	213	165	143	241	550
	
Totals
	Brown Creeper	351	287	205	297	151	171	208	173	164	159	287	908	1248	3468	4251	3126	1434	334	88	4	2	3	5	2	3	0.0	0.0	0.0	3	2	0.0	0.0	12	45	286	787	1101	1130	768	821	312	339	245	316	216	203	418	1120
	# checklists reporting species - (Brown Creeper)	244	187	138	214	123	139	155	126	133	118	194	522	723	1349	1310	1485	784	224	74	4	2	3	4	2	3	0.0	0.0	0.0	3	2	0.0	0.0	12	39	187	406	540	555	433	483	215	195	181	209	161	137	237	543
	
Average Count
	Brown Creeper	1.4385245901639345	1.53475935828877	1.4855072463768115	1.3878504672897196	1.2276422764227641	1.2302158273381294	1.3419354838709678	1.373015873015873	1.2330827067669172	1.347457627118644	1.4793814432989691	1.739463601532567	1.7261410788381744	2.5707931801334323	3.2450381679389313	2.105050505050505	1.8290816326530612	1.4910714285714286	1.1891891891891893	1.0	1.0	1.0	1.25	1.0	1.0	0.0	0.0	0.0	1.0	1.0	0.0	0.0	1.0	1.1538461538461537	1.5294117647058822	1.938423645320197	2.0388888888888888	2.036036036036036	1.7736720554272518	1.699792960662526	1.4511627906976745	1.7384615384615385	1.3535911602209945	1.5119617224880382	1.3416149068322982	1.4817518248175183	1.7637130801687764	2.0626151012891345
	# checklists reporting species - (Brown Creeper)	244	187	138	214	123	139	155	126	133	118	194	522	723	1349	1310	1485	784	224	74	4	2	3	4	2	3	0.0	0.0	0.0	3	2	0.0	0.0	12	39	187	406	540	555	433	483	215	195	181	209	161	137	237	543
	
