

	Week starting on...	1/1	1/8	1/15	1/22	2/1	2/8	2/15	2/22	3/1	3/8	3/15	3/22	4/1	4/8	4/15	4/22	5/1	5/8	5/15	5/22	6/1	6/8	6/15	6/22	7/1	7/8	7/15	7/22	8/1	8/8	8/15	8/22	9/1	9/8	9/15	9/22	10/1	10/8	10/15	10/22	11/1	11/8	11/15	11/22	12/1	12/8	12/15	12/22
Frequency (%)
	Common Merganser	17.71035076393372	17.257142857142856	15.808580858085808	18.101236295777934	16.947984843265587	11.419423692636073	10.080645161290322	17.20039617035325	17.693661971830984	17.85238475885958	17.20226843100189	13.915463558879807	12.094594594594595	9.294644963434774	9.428060768543341	6.105938024729049	4.420687662525282	1.9787985865724382	1.0760836617156715	0.7444570318821816	0.25945144551519644	0.17211703958691912	0.09685230024213075	0.19692792437967704	0.3880266075388027	0.2495321272613849	0.19292604501607716	0.09078529278256922	0.4294478527607362	0.11778563015312131	0.10438413361169101	0.37414965986394555	1.184562476117692	1.5600624024960998	2.117828263380824	2.4953212726138494	2.608074312254377	3.6775106082036775	5.039313795568263	6.768325307651151	7.8731343283582085	10.037037037037038	11.229508196721312	10.219966159052452	12.478108581436077	15.057915057915059	15.616846813268728	17.980295566502463
	Total # checklists submitted - (Common Merganser)	4647	3500	3030	4287	2903	3748	5456	3029	3408	3753	4232	5749	4440	4239	4476	6551	6922	7075	6598	6179	2698	2324	2065	2539	1804	1603	1555	2203	1630	1698	1916	2940	2617	2564	2597	3206	2799	2828	2798	3738	2680	2700	2440	2955	2284	2331	2683	4466
	
Abundance
	Common Merganser	2.168710996341726	1.9408571428571428	1.3184818481848184	1.1754140424539306	1.1315880124009645	0.756136606189968	0.6790689149560117	1.3750412677451305	1.1886737089201878	1.5035971223021583	1.2802457466918715	1.1861193251000175	1.022972972972973	0.5930644019815995	0.5435656836461126	0.29796977560677756	0.14937879225657325	0.05385159010600707	0.026977872082449228	0.01294707881534229	0.004818383988139363	0.0051635111876075735	9.685230024213075E-4	0.0023631350925561244	0.006097560975609756	0.002495321272613849	0.002572347266881029	9.078529278256923E-4	0.005521472392638037	0.0017667844522968198	5.219206680584551E-4	0.00510204081632653	0.04700038211692778	0.06708268330733229	0.05775895263765884	0.07361197754210855	0.10610932475884244	0.31152758132956154	0.18727662616154395	0.6821829855537721	0.6458955223880597	0.7851851851851852	1.0319672131147541	0.8588832487309644	0.9934325744308231	1.5714285714285714	1.5117405888930302	1.7315270935960592
	Total # checklists submitted - (Common Merganser)	4647	3500	3030	4287	2903	3748	5456	3029	3408	3753	4232	5749	4440	4239	4476	6551	6922	7075	6598	6179	2698	2324	2065	2539	1804	1603	1555	2203	1630	1698	1916	2940	2617	2564	2597	3206	2799	2828	2798	3738	2680	2700	2440	2955	2284	2331	2683	4466
	
Birds Per Party Hour
	Common Merganser	12.212097762849943	12.634768515774494	9.206380027066611	7.159199977651484	6.441899514877629	6.53917113136389	6.462474399559681	7.743383447389812	7.966535453960365	6.305542676437502	5.942263045140254	5.2247944281892975	4.784492709564584	3.408786733301487	3.233057985834643	2.5772779008807594	1.6167841742084617	1.105791376848435	1.0936022007821655	0.8808170236357521	1.2143040682619148	1.151866515837104	0.4468375136314068	10.320696202125037	0.8108875482446163	1.204959128065395	0.4977768685215494	0.34509803921568627	1.3409537753608032	0.375	0.36363636363636365	9.409871384524923	1.3805841110010417	1.7912778275252599	1.6022177648490443	1.8341476046056548	4.136386241675002	2.9028575588528818	1.4355975638699936	6.729932175523601	6.198306555207097	6.832995376221987	5.670940107348621	8.626547571665833	6.324659953621583	6.228049121731886	7.6373569058951	7.569815340109726
	# checklists reporting species - (Common Merganser)	768	576	457	738	452	390	532	492	565	633	692	736	504	375	399	374	293	139	68	47	8	4	3	6	7	5	4	3	4	2	1	13	30	41	57	79	67	105	138	244	208	264	258	289	274	335	404	784
	
High Count
	Common Merganser	400	258	131	100	134	100	200	92	125	104	100	150	100	60	80	30	21	16	12	7	3	9	1	4	3	1	2	1	3	2	3	3	19	51	10	33	20	400	22	400	200	100	200	95	120	250	148	200
	# checklists reporting species - (Common Merganser)	884	651	516	831	525	452	593	558	652	717	774	846	571	422	442	420	324	148	75	52	8	4	3	7	7	5	4	3	7	3	3	17	33	43	61	85	75	114	150	286	233	297	300	334	318	393	460	858
	
Totals
	Common Merganser	10425	7504	4286	5458	3352	3028	3893	4324	4204	5848	5747	6967	4802	2718	2532	2038	1073	416	182	93	16	12	3	11	11	5	5	3	9	4	4	22	125	175	169	281	300	907	544	2694	1827	2347	2655	2764	2541	4322	4380	8170
	# checklists reporting species - (Common Merganser)	797	606	476	771	470	408	556	514	582	653	710	771	525	387	409	386	299	143	70	50	8	4	3	7	7	5	4	3	6	3	2	17	33	42	60	84	72	111	144	266	216	275	273	303	297	357	424	805
	
Average Count
	Common Merganser	13.08030112923463	12.382838283828383	9.004201680672269	7.079118028534371	7.131914893617021	7.421568627450981	7.001798561151079	8.412451361867705	7.223367697594502	8.955589586523736	8.0943661971831	9.036316472114137	9.146666666666667	7.023255813953488	6.190709046454768	5.27979274611399	3.588628762541806	2.909090909090909	2.6	1.86	2.0	3.0	1.0	1.5714285714285714	1.5714285714285714	1.0	1.25	1.0	1.5	1.3333333333333333	2.0	1.2941176470588236	3.787878787878788	4.166666666666667	2.816666666666667	3.3452380952380953	4.166666666666667	8.17117117117117	3.7777777777777777	10.12781954887218	8.458333333333334	8.534545454545455	9.725274725274724	9.122112211221122	8.555555555555555	12.106442577030812	10.330188679245284	10.149068322981366
	# checklists reporting species - (Common Merganser)	797	606	476	771	470	408	556	514	582	653	710	771	525	387	409	386	299	143	70	50	8	4	3	7	7	5	4	3	6	3	2	17	33	42	60	84	72	111	144	266	216	275	273	303	297	357	424	805
	
