

	Week starting on...	1/1	1/8	1/15	1/22	2/1	2/8	2/15	2/22	3/1	3/8	3/15	3/22	4/1	4/8	4/15	4/22	5/1	5/8	5/15	5/22	6/1	6/8	6/15	6/22	7/1	7/8	7/15	7/22	8/1	8/8	8/15	8/22	9/1	9/8	9/15	9/22	10/1	10/8	10/15	10/22	11/1	11/8	11/15	11/22	12/1	12/8	12/15	12/22
Frequency (%)
	Black-crowned Night-Heron	0.8392511297611362	0.5428571428571428	0.6600660066006601	0.7930954047119197	0.9645194626248709	0.42689434364994666	0.20161290322580644	0.3961703532518983	0.3227699530516432	0.45297095656807884	0.3780718336483932	0.9392937902243869	2.837837837837838	7.9971691436659595	9.986595174262733	11.906579148221645	10.387171337763652	9.780918727915195	9.957562897847833	12.720504936073798	9.599703484062267	9.294320137693632	8.958837772397095	6.853091768412761	9.312638580931264	9.41983780411728	12.668810289389068	13.436223331820246	14.723926380368098	11.896348645465253	14.144050104384135	11.802721088435373	13.985479556744366	12.558502340093602	8.933384674624566	8.51528384279476	5.787781350482315	6.294200848656294	4.610436025732667	3.451043338683788	2.798507462686567	2.4444444444444446	1.3934426229508197	1.6582064297800336	0.7880910683012259	0.8151008151008152	1.3790532985464032	0.33587102552619796
	Total # checklists submitted - (Black-crowned Night-Heron)	4647	3500	3030	4287	2903	3748	5456	3029	3408	3753	4232	5749	4440	4239	4476	6551	6922	7075	6598	6179	2698	2324	2065	2539	1804	1603	1555	2203	1630	1698	1916	2940	2617	2564	2597	3206	2799	2828	2798	3738	2680	2700	2440	2955	2284	2331	2683	4466
	
Abundance
	Black-crowned Night-Heron	0.017215407789972024	0.012285714285714285	0.0165016501650165	0.012829484487986938	0.01584567688598002	0.0064034151547491995	0.0032991202346041057	0.006272697259821723	0.005575117370892019	0.005062616573407941	0.005198487712665407	0.012697860497477823	0.051351351351351354	0.2800188723755603	0.5987488829311886	1.0564799267287437	1.2861889627275354	1.956749116607774	1.8532888754167929	1.1335167502832173	1.0441067457375834	0.5004302925989673	0.337046004842615	0.15833005120126034	0.22671840354767184	0.23019338739862757	0.3787781350482315	0.3495233772128915	0.4085889570552147	0.3551236749116608	0.3496868475991649	0.30986394557823127	0.38708444784103935	0.26053042121684866	0.19060454370427415	0.17997504678727386	0.1036084315827081	0.11987270155586988	0.08756254467476769	0.06928838951310862	0.05298507462686567	0.04962962962962963	0.02622950819672131	0.03451776649746193	0.01926444833625219	0.01716001716001716	0.030190085724934774	0.007165248544558889
	Total # checklists submitted - (Black-crowned Night-Heron)	4647	3500	3030	4287	2903	3748	5456	3029	3408	3753	4232	5749	4440	4239	4476	6551	6922	7075	6598	6179	2698	2324	2065	2539	1804	1603	1555	2203	1630	1698	1916	2940	2617	2564	2597	3206	2799	2828	2798	3738	2680	2700	2440	2955	2284	2331	2683	4466
	
Birds Per Party Hour
	Black-crowned Night-Heron	4.704922714749378	3.4199439299074466	21.84148748100154	1.6785236845271412	1.4013947345009077	1.1184244145965205	0.9120591393323045	1.2789440782090773	2.2578370869465796	2.0440741680237005	3.251115963143405	1.2845930044177083	1.2474294283630936	2.575813614897379	2.566193451607879	3.408152814522377	7.610374944706878	5.877761425064966	11.28598372079084	3.350495885526334	5.464634476001827	2.075809380986999	3.1080066361051175	2.644106100558023	3.268036018784096	1.907700513923495	2.2737374644272066	2.5400181993367394	2.0237247568309	1.8283622421921364	1.6180844852127878	2.1801893340111826	1.8529882352224905	1.9633285395279407	1.269730332890438	1.6530951615981144	0.858898478913323	0.9735124125588475	3.4506901407954893	1.1789670434157147	1.2593894529087823	2.006275423239598	1.161449298220031	1.5832646517817843	4.198610862446815	8.675388281832303	3.3075444210620684	1.6958339636000024
	# checklists reporting species - (Black-crowned Night-Heron)	39	24	23	38	30	20	11	13	12	17	19	58	132	353	463	788	716	673	631	776	251	219	194	174	163	144	198	293	232	216	279	365	363	337	253	272	164	176	132	127	76	67	35	47	19	21	40	16
	
High Count
	Black-crowned Night-Heron	9	9	7	8	7	3	4	3	3	3	4	12	28	27	300	300	200	252	253	200	200	101	75	20	30	20	34	33	94	50	50	25	20	15	20	17	9	30	11	9	17	14	11	12	8	8	14	9
	# checklists reporting species - (Black-crowned Night-Heron)	50	42	32	51	39	24	15	17	16	22	24	71	146	369	490	846	780	747	711	864	287	244	214	197	186	170	219	329	269	235	307	401	388	365	276	297	187	185	138	141	82	74	41	57	31	30	50	21
	
Totals
	Black-crowned Night-Heron	107	119	90	105	73	34	25	29	26	26	39	119	301	1258	2854	7477	9175	14189	12527	7189	2896	1188	744	423	455	398	626	820	711	649	736	1042	1056	742	557	603	313	350	262	281	148	148	78	114	85	85	140	38
	# checklists reporting species - (Black-crowned Night-Heron)	48	40	31	48	37	21	14	16	16	20	24	68	142	361	472	807	730	682	647	800	261	226	202	183	169	156	206	308	245	221	289	383	375	349	265	286	174	184	137	140	79	73	40	52	30	29	49	18
	
Average Count
	Black-crowned Night-Heron	2.2291666666666665	2.975	2.903225806451613	2.1875	1.972972972972973	1.619047619047619	1.7857142857142858	1.8125	1.625	1.3	1.625	1.75	2.119718309859155	3.484764542936288	6.046610169491525	9.265179677819082	12.568493150684931	20.8049853372434	19.361669242658422	8.98625	11.095785440613026	5.256637168141593	3.6831683168316833	2.3114754098360657	2.6923076923076925	2.551282051282051	3.0388349514563107	2.6623376623376624	2.9020408163265308	2.936651583710407	2.546712802768166	2.720626631853786	2.816	2.1260744985673354	2.1018867924528304	2.1083916083916083	1.7988505747126438	1.9021739130434783	1.9124087591240877	2.007142857142857	1.8734177215189873	2.0273972602739727	1.95	2.1923076923076925	2.8333333333333335	2.9310344827586206	2.857142857142857	2.111111111111111
	# checklists reporting species - (Black-crowned Night-Heron)	48	40	31	48	37	21	14	16	16	20	24	68	142	361	472	807	730	682	647	800	261	226	202	183	169	156	206	308	245	221	289	383	375	349	265	286	174	184	137	140	79	73	40	52	30	29	49	18
	
