

	Week starting on...	1/1	1/8	1/15	1/22	2/1	2/8	2/15	2/22	3/1	3/8	3/15	3/22	4/1	4/8	4/15	4/22	5/1	5/8	5/15	5/22	6/1	6/8	6/15	6/22	7/1	7/8	7/15	7/22	8/1	8/8	8/15	8/22	9/1	9/8	9/15	9/22	10/1	10/8	10/15	10/22	11/1	11/8	11/15	11/22	12/1	12/8	12/15	12/22
Frequency (%)
	Pine Grosbeak	0.667097051861416	0.2285714285714286	0.16501650165016502	0.16328434802892466	0.06889424733034792	0.13340448239060831	0.10997067448680353	0.13205678441729946	0.0	0.05329070077271516	0.07088846880907373	0.0	0.0	0.0	0.0	0.0	0.0	0.0	0.0	0.0	0.0	0.0	0.0	0.0	0.0	0.0	0.0	0.0	0.0	0.0	0.0	0.0	0.0	0.0	0.0	0.031191515907673113	0.0	0.0	0.0	0.0	0.18656716417910446	0.2962962962962963	0.28688524590163933	0.10152284263959391	0.13134851138353765	0.0429000429000429	0.07454342154304883	1.9704433497536946
	Total # checklists submitted - (Pine Grosbeak)	4647	3500	3030	4287	2903	3748	5456	3029	3408	3753	4232	5749	4440	4239	4476	6551	6922	7075	6598	6179	2698	2324	2065	2539	1804	1603	1555	2203	1630	1698	1916	2940	2617	2564	2597	3206	2799	2828	2798	3738	2680	2700	2440	2955	2284	2331	2683	4466
	
Abundance
	Pine Grosbeak	0.023240800516462233	0.0054285714285714284	0.007920792079207921	0.008164217401446234	0.0020668274199104374	0.009338313767342583	0.012463343108504398	0.013535820402773192	0.0	5.329070077271516E-4	7.088846880907373E-4	0.0	0.0	0.0	0.0	0.0	0.0	0.0	0.0	0.0	0.0	0.0	0.0	0.0	0.0	0.0	0.0	0.0	0.0	0.0	0.0	0.0	0.0	0.0	0.0	0.0	0.0	0.0	0.0	0.0	0.002238805970149254	0.004074074074074074	0.01557377049180328	0.0020304568527918783	0.0013134851138353765	0.001287001287001287	0.005218039508013418	0.1903269144648455
	Total # checklists submitted - (Pine Grosbeak)	4647	3500	3030	4287	2903	3748	5456	3029	3408	3753	4232	5749	4440	4239	4476	6551	6922	7075	6598	6179	2698	2324	2065	2539	1804	1603	1555	2203	1630	1698	1916	2940	2617	2564	2597	3206	2799	2828	2798	3738	2680	2700	2440	2955	2284	2331	2683	4466
	
Birds Per Party Hour
	Pine Grosbeak	8.26768024962169	2.505249281656467	1.146011396011396	0.86	1.374625187406297	0.7679095436801723	0.5777777777777778	5.0	0.0	0.7333333333333333	0.45714285714285713	0.0	0.0	0.0	0.0	0.0	0.0	0.0	0.0	0.0	0.0	0.0	0.0	0.0	0.0	0.0	0.0	0.0	0.0	0.0	0.0	0.0	0.0	0.0	0.0	0.0	0.0	0.0	0.0	0.0	0.925	1.1463203463203464	1.0666666666666667	0.8713117917412202	0.30031403291615094	0.0	0.375	1.2557454256155984
	# checklists reporting species - (Pine Grosbeak)	31	10	6	10	2	5	3	1	1	2	3	0.0	0.0	0.0	0.0	0.0	0.0	0.0	0.0	0.0	0.0	0.0	0.0	0.0	0.0	0.0	0.0	0.0	0.0	0.0	0.0	0.0	0.0	0.0	0.0	0	0.0	0.0	0.0	0.0	5	9	7	3	4	1	4	87
	
High Count
	Pine Grosbeak	25	8	16	12	5	15	35	25	8	1	1	0.0	0.0	0.0	0.0	0.0	0.0	0.0	0.0	0.0	0.0	0.0	0.0	0.0	0.0	0.0	0.0	0.0	0.0	0.0	0.0	0.0	0.0	0.0	0.0	1	0.0	0.0	0.0	0.0	25	4	23	3	1	3	12	119
	# checklists reporting species - (Pine Grosbeak)	32	13	9	12	5	8	8	4	2	4	4	0.0	0.0	0.0	0.0	0.0	0.0	0.0	0.0	0.0	0.0	0.0	0.0	0.0	0.0	0.0	0.0	0.0	0.0	0.0	0.0	0.0	0.0	0.0	0.0	1	0.0	0.0	0.0	0.0	8	10	9	4	5	1	5	93
	
Totals
	Pine Grosbeak	111	33	39	60	6	40	81	41	10	2	4	0.0	0.0	0.0	0.0	0.0	0.0	0.0	0.0	0.0	0.0	0.0	0.0	0.0	0.0	0.0	0.0	0.0	0.0	0.0	0.0	0.0	0.0	0.0	0.0	0	0.0	0.0	0.0	0.0	33	13	40	7	5	3	30	855
	# checklists reporting species - (Pine Grosbeak)	32	11	8	12	2	6	8	3	2	2	4	0.0	0.0	0.0	0.0	0.0	0.0	0.0	0.0	0.0	0.0	0.0	0.0	0.0	0.0	0.0	0.0	0.0	0.0	0.0	0.0	0.0	0.0	0.0	0.0	0	0.0	0.0	0.0	0.0	8	10	9	4	5	1	5	90
	
Average Count
	Pine Grosbeak	3.46875	3.0	4.875	5.0	3.0	6.666666666666667	10.125	13.666666666666666	5.0	1.0	1.0	0.0	0.0	0.0	0.0	0.0	0.0	0.0	0.0	0.0	0.0	0.0	0.0	0.0	0.0	0.0	0.0	0.0	0.0	0.0	0.0	0.0	0.0	0.0	0.0	0.0	0.0	0.0	0.0	0.0	4.125	1.3	4.444444444444445	1.75	1.0	3.0	6.0	9.5
	# checklists reporting species - (Pine Grosbeak)	32	11	8	12	2	6	8	3	2	2	4	0.0	0.0	0.0	0.0	0.0	0.0	0.0	0.0	0.0	0.0	0.0	0.0	0.0	0.0	0.0	0.0	0.0	0.0	0.0	0.0	0.0	0.0	0.0	0.0	0	0.0	0.0	0.0	0.0	8	10	9	4	5	1	5	90
	
