

	Week starting on...	1/1	1/8	1/15	1/22	2/1	2/8	2/15	2/22	3/1	3/8	3/15	3/22	4/1	4/8	4/15	4/22	5/1	5/8	5/15	5/22	6/1	6/8	6/15	6/22	7/1	7/8	7/15	7/22	8/1	8/8	8/15	8/22	9/1	9/8	9/15	9/22	10/1	10/8	10/15	10/22	11/1	11/8	11/15	11/22	12/1	12/8	12/15	12/22
Frequency (%)
	Pine Siskin	0.8177318700236712	1.2571428571428571	1.551155115511551	0.8164217401446233	1.3089906992766105	1.6275346851654215	1.0263929618768328	2.046880158468141	2.024647887323944	1.705302424726885	2.0321361058601135	2.0699252043833707	1.599099099099099	2.0523708421797595	1.6979445933869526	1.5570141963059074	1.849176538572667	1.8091872791519434	1.1215519854501363	0.5340670011328694	0.4447739065974796	0.04302925989672978	0.1937046004842615	0.07877116975187082	0.11086474501108648	0.06238303181534623	0.12861736334405144	0.09078529278256922	0.0	0.0	0.10438413361169101	0.0	0.11463507833397019	0.078003120124805	0.19252984212552945	1.2164691203992515	2.2508038585209005	4.6322489391796315	6.897784131522516	8.640984483681112	7.313432835820896	5.703703703703704	3.7295081967213117	2.4365482233502536	2.0577933450087564	1.8447018447018446	1.7890421170331718	3.716972682489924
	Total # checklists submitted - (Pine Siskin)	4647	3500	3030	4287	2903	3748	5456	3029	3408	3753	4232	5749	4440	4239	4476	6551	6922	7075	6598	6179	2698	2324	2065	2539	1804	1603	1555	2203	1630	1698	1916	2940	2617	2564	2597	3206	2799	2828	2798	3738	2680	2700	2440	2955	2284	2331	2683	4466
	
Abundance
	Pine Siskin	0.060253927264902085	0.10314285714285715	0.09801980198019802	0.053650571495218104	0.11815363417154667	0.17209178228388475	0.0813782991202346	0.14163090128755365	0.11150234741784038	0.09965361044497735	0.1843100189035917	0.3484084188554531	0.07004504504504505	0.05142722340174569	0.03641644325290438	0.0436574568768127	0.05244149089858422	0.051731448763250885	0.025613822370415276	0.01715487943032853	0.006671608598962194	4.302925989672978E-4	0.00387409200968523	0.0011815675462780622	0.0011086474501108647	6.238303181534623E-4	0.0012861736334405145	9.078529278256923E-4	0.0	0.0	0.0015657620041753654	0.0	0.006495987772258311	0.0015600624024961	0.0019252984212552945	0.06737367436057393	0.14505180421579136	0.6566478076379066	0.7022873481057899	1.5021401819154627	1.203358208955224	0.43296296296296294	0.3602459016393443	0.1634517766497462	0.13747810858143608	0.1583011583011583	0.1967946328736489	0.7664576802507836
	Total # checklists submitted - (Pine Siskin)	4647	3500	3030	4287	2903	3748	5456	3029	3408	3753	4232	5749	4440	4239	4476	6551	6922	7075	6598	6179	2698	2324	2065	2539	1804	1603	1555	2203	1630	1698	1916	2940	2617	2564	2597	3206	2799	2828	2798	3738	2680	2700	2440	2955	2284	2331	2683	4466
	
Birds Per Party Hour
	Pine Siskin	7.053418924295471	6.931565458114819	6.5656251291122745	2.8974402124533003	7.842612408316366	12.4811988193216	9.829936693289591	5.562717913828117	4.339494384658027	6.7108866664868705	3.7676455450686017	10.30562475006433	3.164285455873208	3.1538389128471076	2.391348106980568	3.2952979828903244	4.4270056135546385	2.506670180402081	1.9926250370096639	7.756659151688709	1.821750732778695	7.962686567164179	1.0471092077087794	0.0	0.0	0.0	1.0	3.003003003003003	0.0	0.0	0.525	0.0	4.501905434015526	0.5	0.393228768140879	3.4695065487347647	3.8892922246246036	5.8389944188266965	9.247136048331027	9.524050514238784	7.122135697790584	4.675697226569182	10.449919101904205	8.007950053038348	5.514420626918549	4.4724918866714605	16.81753445705275	4.842421557177858
	# checklists reporting species - (Pine Siskin)	30	35	41	32	30	56	46	55	61	60	69	100	61	79	75	101	125	132	76	36	13	2	3	0	0	0	1	1	0.0	0.0	2	0.0	3	2	5	36	66	136	203	327	204	154	94	73	46	43	48	165
	
High Count
	Pine Siskin	29	30	30	35	75	100	88	75	50	100	77	500	100	30	10	28	30	30	10	50	3	1	5	2	1	1	1	1	0.0	0.0	2	0.0	12	2	1	38	48	366	75	160	177	70	70	60	50	77	80	432
	# checklists reporting species - (Pine Siskin)	45	52	58	47	39	68	57	67	73	73	92	132	77	92	86	124	148	151	92	44	19	3	5	2	2	1	2	2	0.0	0.0	2	0.0	3	2	6	45	73	151	228	380	225	172	102	85	54	50	57	175
	
Totals
	Pine Siskin	286	452	322	259	345	688	444	439	386	396	789	2521	321	233	178	321	444	476	211	126	26	3	9	3	2	1	2	2	0.0	0.0	3	0.0	17	4	5	232	447	2079	2358	6422	3581	1335	923	552	347	419	561	3567
	# checklists reporting species - (Pine Siskin)	42	48	53	46	38	65	54	64	70	70	88	128	74	90	85	119	144	148	90	44	18	3	5	2	2	1	2	2	0.0	0.0	2	0.0	3	2	5	43	71	150	224	369	216	165	101	84	51	48	51	170
	
Average Count
	Pine Siskin	6.809523809523809	9.416666666666666	6.0754716981132075	5.630434782608695	9.078947368421053	10.584615384615384	8.222222222222221	6.859375	5.514285714285714	5.6571428571428575	8.965909090909092	19.6953125	4.337837837837838	2.588888888888889	2.0941176470588236	2.697478991596639	3.0833333333333335	3.2162162162162162	2.3444444444444446	2.8636363636363638	1.4444444444444444	1.0	1.8	1.5	1.0	1.0	1.0	1.0	0.0	0.0	1.5	0.0	5.666666666666667	2.0	1.0	5.395348837209302	6.295774647887324	13.86	10.526785714285714	17.40379403794038	16.578703703703702	8.090909090909092	9.138613861386139	6.571428571428571	6.803921568627451	8.729166666666666	11.0	20.98235294117647
	# checklists reporting species - (Pine Siskin)	42	48	53	46	38	65	54	64	70	70	88	128	74	90	85	119	144	148	90	44	18	3	5	2	2	1	2	2	0.0	0.0	2	0.0	3	2	5	43	71	150	224	369	216	165	101	84	51	48	51	170
	
