

	Week starting on...	1/1	1/8	1/15	1/22	2/1	2/8	2/15	2/22	3/1	3/8	3/15	3/22	4/1	4/8	4/15	4/22	5/1	5/8	5/15	5/22	6/1	6/8	6/15	6/22	7/1	7/8	7/15	7/22	8/1	8/8	8/15	8/22	9/1	9/8	9/15	9/22	10/1	10/8	10/15	10/22	11/1	11/8	11/15	11/22	12/1	12/8	12/15	12/22
Frequency (%)
	Eastern Kingbird	0.0	0.0	0.0	0.0	0.0	0.0	0.0	0.0	0.0	0.0	0.0	0.0	0.0	0.0	0.0	0.36635628148374294	7.786766830395838	15.971731448763252	29.41800545619885	37.27140313966662	26.723498888065233	22.977624784853703	22.663438256658598	19.37770775896022	23.337028824833702	24.76606363069245	28.231511254019292	31.457103949160235	32.08588957055215	30.153121319199055	28.39248434237996	22.721088435374153	12.609858616736721	5.226209048361934	1.3477088948787064	0.09357454772301933	0.10718113612004287	0.03536067892503536	0.0	0.0	0.0	0.0	0.0	0.0	0.0	0.0	0.0	0.0
	Total # checklists submitted - (Eastern Kingbird)	4647	3500	3030	4287	2903	3748	5456	3029	3408	3753	4232	5749	4440	4239	4476	6551	6922	7075	6598	6179	2698	2324	2065	2539	1804	1603	1555	2203	1630	1698	1916	2940	2617	2564	2597	3206	2799	2828	2798	3738	2680	2700	2440	2955	2284	2331	2683	4466
	
Abundance
	Eastern Kingbird	0.0	0.0	0.0	0.0	0.0	0.0	0.0	0.0	0.0	0.0	0.0	0.0	0.0	0.0	0.0	0.004274156617310334	0.13825483964172205	0.3893992932862191	1.010306153379812	1.3390516264767762	0.8187546330615271	0.5821858864027539	0.5380145278450363	0.42930287514769594	0.5809312638580931	0.7111665626949469	1.0668810289389068	1.3231956423059463	1.2466257668711656	1.2343934040047113	1.2045929018789143	0.9078231292517007	0.3951089033244173	0.12363494539781592	0.01809780515979977	9.357454772301934E-4	0.0010718113612004287	3.536067892503536E-4	0.0	0.0	0.0	0.0	0.0	0.0	0.0	0.0	0.0	0.0
	Total # checklists submitted - (Eastern Kingbird)	4647	3500	3030	4287	2903	3748	5456	3029	3408	3753	4232	5749	4440	4239	4476	6551	6922	7075	6598	6179	2698	2324	2065	2539	1804	1603	1555	2203	1630	1698	1916	2940	2617	2564	2597	3206	2799	2828	2798	3738	2680	2700	2440	2955	2284	2331	2683	4466
	
Birds Per Party Hour
	Eastern Kingbird	0.0	0.0	0.0	0.0	0.0	0.0	0.0	0.0	0.0	0.0	0.0	0.0	0.0	0.0	0.0	0.45201863640792594	0.9621203346468706	1.19491428892807	1.6088444545936877	1.9926321147562263	2.5089998659148565	1.8666766108048138	2.0150702512086514	2.204967833167757	2.691145732520937	2.8506205569333694	3.0953452091996865	2.7287968886471434	2.4445110304869333	3.414817181802681	2.092243737734515	1.9326125933870715	1.8458440495547328	1.0501654485612943	0.5346734843083845	0.2893772893772894	0.590284604857674	0.0	0.0	0.0	0.0	0.0	0.0	0.0	0.0	0.0	0.0	0.0
	# checklists reporting species - (Eastern Kingbird)	0.0	0.0	0.0	0.0	0.0	0.0	0.0	0.0	0.0	0.0	0.0	0.0	0.0	0.0	0.0	26	557	1141	1953	2307	710	523	476	491	419	397	439	697	505	514	536	657	331	137	35	3	3	1	0	0.0	0.0	0.0	0.0	0.0	0.0	0.0	0.0	0.0
	
High Count
	Eastern Kingbird	0.0	0.0	0.0	0.0	0.0	0.0	0.0	0.0	0.0	0.0	0.0	0.0	0.0	0.0	0.0	3	18	40	30	100	25	20	20	25	20	20	26	40	30	40	45	38	20	11	3	1	1	1	1	0.0	0.0	0.0	0.0	0.0	0.0	0.0	0.0	0.0
	# checklists reporting species - (Eastern Kingbird)	0.0	0.0	0.0	0.0	0.0	0.0	0.0	0.0	0.0	0.0	0.0	0.0	0.0	0.0	0.0	33	600	1244	2090	2503	817	604	553	640	539	456	468	751	563	568	595	717	346	149	39	3	3	1	1	0.0	0.0	0.0	0.0	0.0	0.0	0.0	0.0	0.0
	
Totals
	Eastern Kingbird	0.0	0.0	0.0	0.0	0.0	0.0	0.0	0.0	0.0	0.0	0.0	0.0	0.0	0.0	0.0	36	1021	2947	6974	8800	2339	1436	1207	1266	1174	1214	1703	3029	2099	2190	2402	2789	1080	341	52	3	3	1	1	0.0	0.0	0.0	0.0	0.0	0.0	0.0	0.0	0.0
	# checklists reporting species - (Eastern Kingbird)	0.0	0.0	0.0	0.0	0.0	0.0	0.0	0.0	0.0	0.0	0.0	0.0	0.0	0.0	0.0	31	578	1191	1987	2369	764	575	536	613	511	432	447	718	523	526	550	670	336	140	39	3	3	1	1	0.0	0.0	0.0	0.0	0.0	0.0	0.0	0.0	0.0
	
Average Count
	Eastern Kingbird	0.0	0.0	0.0	0.0	0.0	0.0	0.0	0.0	0.0	0.0	0.0	0.0	0.0	0.0	0.0	1.1612903225806452	1.7664359861591696	2.4743912678421496	3.509813789632612	3.71464753060363	3.06151832460733	2.497391304347826	2.251865671641791	2.065252854812398	2.2974559686888454	2.810185185185185	3.809843400447427	4.218662952646239	4.013384321223709	4.163498098859316	4.367272727272727	4.1626865671641795	3.2142857142857144	2.4357142857142855	1.3333333333333333	1.0	1.0	1.0	1.0	0.0	0.0	0.0	0.0	0.0	0.0	0.0	0.0	0.0
	# checklists reporting species - (Eastern Kingbird)	0.0	0.0	0.0	0.0	0.0	0.0	0.0	0.0	0.0	0.0	0.0	0.0	0.0	0.0	0.0	31	578	1191	1987	2369	764	575	536	613	511	432	447	718	523	526	550	670	336	140	39	3	3	1	1	0.0	0.0	0.0	0.0	0.0	0.0	0.0	0.0	0.0
	
