

	Week starting on...	1/1	1/8	1/15	1/22	2/1	2/8	2/15	2/22	3/1	3/8	3/15	3/22	4/1	4/8	4/15	4/22	5/1	5/8	5/15	5/22	6/1	6/8	6/15	6/22	7/1	7/8	7/15	7/22	8/1	8/8	8/15	8/22	9/1	9/8	9/15	9/22	10/1	10/8	10/15	10/22	11/1	11/8	11/15	11/22	12/1	12/8	12/15	12/22
Frequency (%)
	Whimbrel	0.0	0.0	0.0	0.0	0.0	0.0	0.0	0.0	0.0	0.0	0.0	0.0	0.0	0.0	0.0	0.0	0.014446691707598961	0.028268551236749116	2.6523188845104575	10.001618384851918	1.2601927353595257	0.30120481927710846	0.048426150121065374	0.0	0.0	0.06238303181534623	0.12861736334405144	0.13617793917385385	0.18404907975460122	0.0	0.10438413361169101	0.17006802721088435	0.5349636988918609	0.15600624024961	0.07701193685021178	0.06238303181534623	0.0	0.0	0.0	0.0	0.0	0.0	0.0	0.0	0.0	0.0	0.0	0.0
	Total # checklists submitted - (Whimbrel)	4647	3500	3030	4287	2903	3748	5456	3029	3408	3753	4232	5749	4440	4239	4476	6551	6922	7075	6598	6179	2698	2324	2065	2539	1804	1603	1555	2203	1630	1698	1916	2940	2617	2564	2597	3206	2799	2828	2798	3738	2680	2700	2440	2955	2284	2331	2683	4466
	
Abundance
	Whimbrel	0.0	0.0	0.0	0.0	0.0	0.0	0.0	0.0	0.0	0.0	0.0	0.0	0.0	0.0	0.0	0.0	1.444669170759896E-4	9.89399293286219E-4	0.9802970597150652	9.113772455089821	0.046330615270570794	0.004733218588640275	4.8426150121065375E-4	0.0	0.0	0.0012476606363069245	0.0012861736334405145	0.0018157058556513845	0.0018404907975460123	0.0	0.0010438413361169101	0.002380952380952381	0.00573175391669851	0.001170046801872075	0.0019252984212552945	0.006550218340611353	0.0	0.0	0.0	0.0	0.0	0.0	0.0	0.0	0.0	0.0	0.0	0.0
	Total # checklists submitted - (Whimbrel)	4647	3500	3030	4287	2903	3748	5456	3029	3408	3753	4232	5749	4440	4239	4476	6551	6922	7075	6598	6179	2698	2324	2065	2539	1804	1603	1555	2203	1630	1698	1916	2940	2617	2564	2597	3206	2799	2828	2798	3738	2680	2700	2440	2955	2284	2331	2683	4466
	
Birds Per Party Hour
	Whimbrel	0.0	0.0	0.0	0.0	0.0	0.0	0.0	0.0	0.0	0.0	0.0	0.0	0.0	0.0	0.0	0.0	0.3333333333333333	0.4166666666666667	19.607266187101338	36.53950581199394	1.4067718771411282	0.877231004113755	0.25	0.0	0.0	1.0	0.5	0.7	0.2524189448652827	0.0	0.35001500150015	0.6040356701452337	0.9993702862297009	0.20416666666666666	1.2666666666666666	2.3674652064795803	0.0	0.0	0.0	0.0	0.0	0.0	0.0	0.0	0.0	0.0	0.0	0.0
	# checklists reporting species - (Whimbrel)	0.0	0.0	0.0	0.0	0.0	0.0	0.0	0.0	0.0	0.0	0.0	0.0	0.0	0.0	0.0	0.0	1	2	202	718	43	8	2	0.0	0.0	1	1	2	3	0.0	2	9	19	4	3	2	0.0	0.0	0.0	0.0	0.0	0.0	0.0	0.0	0.0	0.0	0.0	0.0
	
High Count
	Whimbrel	0.0	0.0	0.0	0.0	0.0	0.0	0.0	0.0	0.0	0.0	0.0	0.0	0.0	0.0	0.0	0.0	1	6	300	3950	12	4	1	0.0	0.0	2	1	2	1	0.0	1	3	8	1	4	19	0.0	0.0	0.0	0.0	0.0	0.0	0.0	0.0	0.0	0.0	0.0	0.0
	# checklists reporting species - (Whimbrel)	0.0	0.0	0.0	0.0	0.0	0.0	0.0	0.0	0.0	0.0	0.0	0.0	0.0	0.0	0.0	0.0	1	2	210	784	44	9	2	0.0	0.0	1	2	5	4	0.0	3	11	21	5	6	3	0.0	0.0	0.0	0.0	0.0	0.0	0.0	0.0	0.0	0.0	0.0	0.0
	
Totals
	Whimbrel	0.0	0.0	0.0	0.0	0.0	0.0	0.0	0.0	0.0	0.0	0.0	0.0	0.0	0.0	0.0	0.0	1	7	7568	71248	149	13	2	0.0	0.0	2	2	5	3	0.0	3	15	30	4	9	22	0.0	0.0	0.0	0.0	0.0	0.0	0.0	0.0	0.0	0.0	0.0	0.0
	# checklists reporting species - (Whimbrel)	0.0	0.0	0.0	0.0	0.0	0.0	0.0	0.0	0.0	0.0	0.0	0.0	0.0	0.0	0.0	0.0	1	2	206	754	44	9	2	0.0	0.0	1	2	4	3	0.0	3	11	21	4	6	3	0.0	0.0	0.0	0.0	0.0	0.0	0.0	0.0	0.0	0.0	0.0	0.0
	
Average Count
	Whimbrel	0.0	0.0	0.0	0.0	0.0	0.0	0.0	0.0	0.0	0.0	0.0	0.0	0.0	0.0	0.0	0.0	1.0	3.5	36.737864077669904	94.49336870026525	3.3863636363636362	1.4444444444444444	1.0	0.0	0.0	2.0	1.0	1.25	1.0	0.0	1.0	1.3636363636363635	1.4285714285714286	1.0	1.5	7.333333333333333	0.0	0.0	0.0	0.0	0.0	0.0	0.0	0.0	0.0	0.0	0.0	0.0
	# checklists reporting species - (Whimbrel)	0.0	0.0	0.0	0.0	0.0	0.0	0.0	0.0	0.0	0.0	0.0	0.0	0.0	0.0	0.0	0.0	1	2	206	754	44	9	2	0.0	0.0	1	2	4	3	0.0	3	11	21	4	6	3	0.0	0.0	0.0	0.0	0.0	0.0	0.0	0.0	0.0	0.0	0.0	0.0
	
