

	Week starting on...	1/1	1/8	1/15	1/22	2/1	2/8	2/15	2/22	3/1	3/8	3/15	3/22	4/1	4/8	4/15	4/22	5/1	5/8	5/15	5/22	6/1	6/8	6/15	6/22	7/1	7/8	7/15	7/22	8/1	8/8	8/15	8/22	9/1	9/8	9/15	9/22	10/1	10/8	10/15	10/22	11/1	11/8	11/15	11/22	12/1	12/8	12/15	12/22
Frequency (%)
	Brown Thrasher	0.1506348181622552	0.05714285714285715	0.0	0.046652670865407045	0.03444712366517396	0.18676627534685164	0.10997067448680353	0.033014196104324864	0.029342723004694836	0.02664535038635758	0.04725897920604915	0.017394329448599758	0.6306306306306306	2.665723047888653	7.283288650580875	15.41749351244085	21.597804102860447	14.091872791519435	9.821157926644437	6.424987862113611	2.742772424017791	2.0223752151462997	1.3559322033898304	0.9058684521465145	0.9423503325942351	0.9357454772301934	1.0289389067524115	0.8624602814344077	0.6748466257668712	1.0011778563015312	1.3569937369519833	1.0204081632653061	0.6495987772258311	1.5600624024960998	2.5798998844820944	2.2769806612601373	1.714898177920686	0.38896746817538896	0.07147962830593281	0.08025682182985554	0.0746268656716418	0.2222222222222222	0.08196721311475409	0.0338409475465313	0.21891418563922943	0.0858000858000858	0.18635855385762207	0.49261083743842365
	Total # checklists submitted - (Brown Thrasher)	4647	3500	3030	4287	2903	3748	5456	3029	3408	3753	4232	5749	4440	4239	4476	6551	6922	7075	6598	6179	2698	2324	2065	2539	1804	1603	1555	2203	1630	1698	1916	2940	2617	2564	2597	3206	2799	2828	2798	3738	2680	2700	2440	2955	2284	2331	2683	4466
	
Abundance
	Brown Thrasher	0.001506348181622552	5.714285714285715E-4	0.0	4.6652670865407047E-4	3.444712366517396E-4	0.0018676627534685165	0.0010997067448680353	3.301419610432486E-4	2.9342723004694836E-4	2.664535038635758E-4	4.725897920604915E-4	1.7394329448599757E-4	0.006756756756756757	0.029016277423920735	0.11528150134048257	0.2573652877423294	0.3834151979196764	0.22643109540636042	0.14095180357684148	0.0930571289852727	0.033358042994810974	0.024526678141135974	0.020338983050847456	0.012997243009058685	0.009977827050997782	0.014348097317529632	0.014790996784565916	0.011348161597821153	0.007975460122699387	0.015312131919905771	0.02035490605427975	0.01054421768707483	0.008788689338937715	0.01950078003120125	0.036965729688101655	0.03368683718028696	0.02000714540907467	0.0038896746817538895	7.147962830593281E-4	8.025682182985554E-4	7.462686567164179E-4	0.0022222222222222222	8.19672131147541E-4	3.3840947546531303E-4	0.0021891418563922942	8.58000858000858E-4	0.0018635855385762206	0.004702194357366771
	Total # checklists submitted - (Brown Thrasher)	4647	3500	3030	4287	2903	3748	5456	3029	3408	3753	4232	5749	4440	4239	4476	6551	6922	7075	6598	6179	2698	2324	2065	2539	1804	1603	1555	2203	1630	1698	1916	2940	2617	2564	2597	3206	2799	2828	2798	3738	2680	2700	2440	2955	2284	2331	2683	4466
	
Birds Per Party Hour
	Brown Thrasher	1.665625836172773	0.3507719069362905	0.0	1.6250937734433608	0.7230657989877078	0.8943289739880947	0.7273865515703176	0.9372071227741331	0.856898029134533	0.75	0.4618647699031622	0.0	0.6743788602375145	1.2813492664666304	1.380382215454556	1.3628138888447103	1.1137581517578528	0.8461233072384454	0.6558289861107063	0.7321073376037357	1.17081625896591	0.8353410699264464	6.0403133727076135	1.5922688858964538	2.102836685050444	1.4300786556866816	0.6975873959185918	0.656250098871763	0.3484794751571543	0.7382671995218121	0.5011882705055695	0.5019993861705183	0.3569076057637949	0.4651573850597473	0.7556934989405651	0.7428440836801327	0.6534710844350592	0.33126053468240535	2.036212352045002	0.2253837656648764	0.4714285714285714	0.5148443534976447	0.07142857142857142	0.05	1.530355091051186	1.2650960384153662	0.2082010582010582	0.16082109611521375
	# checklists reporting species - (Brown Thrasher)	7	3	0.0	2	1	7	6	1	1	2	3	0	28	117	330	1063	1555	996	637	378	67	44	26	20	14	15	15	15	10	18	26	26	16	42	70	65	47	13	3	3	2	6	2	2	6	5	5	21
	
High Count
	Brown Thrasher	1	1	0.0	1	1	1	1	1	1	1	1	1	2	2	8	14	19	22	21	7	5	4	6	4	2	6	4	5	2	5	4	2	4	4	11	5	3	1	1	1	1	1	1	1	1	1	1	1
	# checklists reporting species - (Brown Thrasher)	7	3	0.0	2	2	8	6	1	1	2	3	1	28	128	373	1157	1656	1091	705	433	87	64	37	29	22	20	19	21	15	18	30	33	20	48	85	84	62	13	3	3	2	6	2	2	6	5	5	22
	
Totals
	Brown Thrasher	7	3	0.0	2	2	8	6	1	1	2	3	1	30	138	569	1868	2872	1720	993	614	103	75	49	39	23	29	25	31	17	27	43	34	25	58	118	117	69	13	3	3	2	6	2	2	6	5	5	21
	# checklists reporting species - (Brown Thrasher)	7	3	0.0	2	2	8	6	1	1	2	3	1	28	126	361	1120	1608	1050	670	411	79	60	34	29	21	20	17	21	15	18	30	31	19	47	83	80	60	13	3	3	2	6	2	2	6	5	5	21
	
Average Count
	Brown Thrasher	1.0	1.0	0.0	1.0	1.0	1.0	1.0	1.0	1.0	1.0	1.0	1.0	1.0714285714285714	1.0952380952380953	1.5761772853185596	1.667857142857143	1.7860696517412935	1.638095238095238	1.482089552238806	1.4939172749391727	1.3037974683544304	1.25	1.4411764705882353	1.3448275862068966	1.0952380952380953	1.45	1.4705882352941178	1.4761904761904763	1.1333333333333333	1.5	1.4333333333333333	1.096774193548387	1.3157894736842106	1.2340425531914894	1.4216867469879517	1.4625	1.15	1.0	1.0	1.0	1.0	1.0	1.0	1.0	1.0	1.0	1.0	1.0
	# checklists reporting species - (Brown Thrasher)	7	3	0.0	2	2	8	6	1	1	2	3	1	28	126	361	1120	1608	1050	670	411	79	60	34	29	21	20	17	21	15	18	30	31	19	47	83	80	60	13	3	3	2	6	2	2	6	5	5	21
	
