

	Week starting on...	1/1	1/8	1/15	1/22	2/1	2/8	2/15	2/22	3/1	3/8	3/15	3/22	4/1	4/8	4/15	4/22	5/1	5/8	5/15	5/22	6/1	6/8	6/15	6/22	7/1	7/8	7/15	7/22	8/1	8/8	8/15	8/22	9/1	9/8	9/15	9/22	10/1	10/8	10/15	10/22	11/1	11/8	11/15	11/22	12/1	12/8	12/15	12/22
Frequency (%)
	Ruddy Turnstone	0.0	0.0	0.0	0.0	0.0	0.0	0.0	0.0	0.0	0.0	0.0	0.0	0.0	0.0	0.0	0.0	0.014446691707598961	0.2968197879858657	1.7732646256441345	7.379834924745104	2.1868050407709414	0.4302925989672977	0.0	0.0	0.1662971175166297	0.0	0.19292604501607716	0.49931911030413073	0.9202453987730062	0.11778563015312131	0.41753653444676403	0.5442176870748299	1.5666794038975929	1.0920436817472698	1.3477088948787064	1.3100436681222707	1.2861736334405145	0.4596888260254597	0.17869907076483202	0.16051364365971107	0.11194029850746269	0.0	0.0	0.0	0.0	0.0	0.0	0.0
	Total # checklists submitted - (Ruddy Turnstone)	4647	3500	3030	4287	2903	3748	5456	3029	3408	3753	4232	5749	4440	4239	4476	6551	6922	7075	6598	6179	2698	2324	2065	2539	1804	1603	1555	2203	1630	1698	1916	2940	2617	2564	2597	3206	2799	2828	2798	3738	2680	2700	2440	2955	2284	2331	2683	4466
	
Abundance
	Ruddy Turnstone	0.0	0.0	0.0	0.0	0.0	0.0	0.0	0.0	0.0	0.0	0.0	0.0	0.0	0.0	0.0	0.0	1.444669170759896E-4	0.005371024734982332	0.12746286753561686	0.5441009872147596	0.4759080800593032	0.014199655765920827	0.0	0.0	0.0022172949002217295	0.0	0.003215434083601286	0.011802088061733999	0.016564417177914112	0.0017667844522968198	0.008350730688935281	0.009863945578231292	0.030187237294612153	0.02847113884555382	0.027724297266076243	0.019026824703680598	0.017506252232940337	0.006364922206506365	0.0017869907076483202	0.0018726591760299626	7.462686567164179E-4	0.0	0.0	0.0	0.0	0.0	0.0	0.0
	Total # checklists submitted - (Ruddy Turnstone)	4647	3500	3030	4287	2903	3748	5456	3029	3408	3753	4232	5749	4440	4239	4476	6551	6922	7075	6598	6179	2698	2324	2065	2539	1804	1603	1555	2203	1630	1698	1916	2940	2617	2564	2597	3206	2799	2828	2798	3738	2680	2700	2440	2955	2284	2331	2683	4466
	
Birds Per Party Hour
	Ruddy Turnstone	0.0	0.0	0.0	0.0	0.0	0.0	0.0	0.0	0.0	0.0	0.0	0.0	0.0	0.0	0.0	0.0	0.07142857142857142	0.4364517330052361	2.639124618424929	2.8743066840585323	9.300274730442421	2.7	0.0	0.0	1.0	0.0	0.46238224287004775	1.1379120879120879	0.9291118908277269	0.9583333333333334	0.7979606131539834	0.8771655457037314	0.6975096057203237	1.0628356577960247	2.1245133980128386	0.5328064391340593	0.4784589879841582	0.37528344671201813	0.29518518518518516	0.4866666666666667	0.26666666666666666	0.0	0.0	0.0	0.0	0.0	0.0	0.0
	# checklists reporting species - (Ruddy Turnstone)	0.0	0.0	0.0	0.0	0.0	0.0	0.0	0.0	0.0	0.0	0.0	0.0	0.0	0.0	0.0	0.0	2	24	129	485	66	13	1	0.0	2	0.0	3	10	14	4	9	22	41	27	34	41	39	14	6	5	1	0.0	0.0	0.0	0.0	0.0	0.0	0.0
	
High Count
	Ruddy Turnstone	0.0	0.0	0.0	0.0	0.0	0.0	0.0	0.0	0.0	0.0	0.0	0.0	0.0	0.0	0.0	0.0	4	12	300	300	180	50	1	0.0	2	0.0	3	5	4	2	4	4	6	11	6	5	4	3	2	2	1	0.0	0.0	0.0	0.0	0.0	0.0	0.0
	# checklists reporting species - (Ruddy Turnstone)	0.0	0.0	0.0	0.0	0.0	0.0	0.0	0.0	0.0	0.0	0.0	0.0	0.0	0.0	0.0	0.0	2	24	133	527	74	13	1	0.0	3	0.0	3	16	19	5	10	24	46	30	41	46	40	15	6	6	3	0.0	0.0	0.0	0.0	0.0	0.0	0.0
	
Totals
	Ruddy Turnstone	0.0	0.0	0.0	0.0	0.0	0.0	0.0	0.0	0.0	0.0	0.0	0.0	0.0	0.0	0.0	0.0	5	41	886	4231	1527	90	1	0.0	4	0.0	5	30	31	6	17	39	84	78	84	69	54	20	7	7	2	0.0	0.0	0.0	0.0	0.0	0.0	0.0
	# checklists reporting species - (Ruddy Turnstone)	0.0	0.0	0.0	0.0	0.0	0.0	0.0	0.0	0.0	0.0	0.0	0.0	0.0	0.0	0.0	0.0	2	24	129	509	70	13	1	0.0	3	0.0	3	15	18	5	9	23	43	28	39	43	39	15	6	6	2	0.0	0.0	0.0	0.0	0.0	0.0	0.0
	
Average Count
	Ruddy Turnstone	0.0	0.0	0.0	0.0	0.0	0.0	0.0	0.0	0.0	0.0	0.0	0.0	0.0	0.0	0.0	0.0	2.5	1.7083333333333333	6.868217054263566	8.31237721021611	21.814285714285713	6.923076923076923	1.0	0.0	1.3333333333333333	0.0	1.6666666666666667	2.0	1.7222222222222223	1.2	1.8888888888888888	1.6956521739130435	1.9534883720930232	2.7857142857142856	2.1538461538461537	1.6046511627906976	1.3846153846153846	1.3333333333333333	1.1666666666666667	1.1666666666666667	1.0	0.0	0.0	0.0	0.0	0.0	0.0	0.0
	# checklists reporting species - (Ruddy Turnstone)	0.0	0.0	0.0	0.0	0.0	0.0	0.0	0.0	0.0	0.0	0.0	0.0	0.0	0.0	0.0	0.0	2	24	129	509	70	13	1	0.0	3	0.0	3	15	18	5	9	23	43	28	39	43	39	15	6	6	2	0.0	0.0	0.0	0.0	0.0	0.0	0.0
	
