

	Week starting on...	1/1	1/8	1/15	1/22	2/1	2/8	2/15	2/22	3/1	3/8	3/15	3/22	4/1	4/8	4/15	4/22	5/1	5/8	5/15	5/22	6/1	6/8	6/15	6/22	7/1	7/8	7/15	7/22	8/1	8/8	8/15	8/22	9/1	9/8	9/15	9/22	10/1	10/8	10/15	10/22	11/1	11/8	11/15	11/22	12/1	12/8	12/15	12/22
Frequency (%)
	Eared Grebe	0.08607703894986013	0.48571428571428565	1.3201320132013201	0.06997900629811056	0.0	0.0	0.0	0.0	0.0	0.0	0.023629489603024575	0.0	0.0	0.0	0.06702412868632708	0.10685391543275835	0.057786766830395846	0.028268551236749116	0.0	0.0	0.0	0.0	0.0	0.0	0.0	0.0	0.0	0.0	0.0	0.0	0.0	0.0	0.03821169277799007	0.0	0.03850596842510589	0.031191515907673113	0.0	0.07072135785007072	0.0	0.026752273943285176	0.5970149253731344	0.25925925925925924	0.49180327868852464	0.0	0.17513134851138354	0.0	0.0	0.022391401701746527
	Total # checklists submitted - (Eared Grebe)	4647	3500	3030	4287	2903	3748	5456	3029	3408	3753	4232	5749	4440	4239	4476	6551	6922	7075	6598	6179	2698	2324	2065	2539	1804	1603	1555	2203	1630	1698	1916	2940	2617	2564	2597	3206	2799	2828	2798	3738	2680	2700	2440	2955	2284	2331	2683	4466
	
Abundance
	Eared Grebe	8.607703894986013E-4	0.004857142857142857	0.013201320132013201	6.997900629811056E-4	0.0	0.0	0.0	0.0	0.0	0.0	2.3629489603024575E-4	0.0	0.0	0.0	6.702412868632708E-4	0.0010685391543275836	5.778676683039584E-4	2.826855123674912E-4	0.0	0.0	0.0	0.0	0.0	0.0	0.0	0.0	0.0	0.0	0.0	0.0	0.0	0.0	3.8211692777990065E-4	0.0	3.850596842510589E-4	3.1191515907673113E-4	0.0	7.072135785007072E-4	0.0	0.0	0.005970149253731343	0.0025925925925925925	0.004918032786885246	0.0	0.0017513134851138354	0.0	0.0	2.239140170174653E-4
	Total # checklists submitted - (Eared Grebe)	4647	3500	3030	4287	2903	3748	5456	3029	3408	3753	4232	5749	4440	4239	4476	6551	6922	7075	6598	6179	2698	2324	2065	2539	1804	1603	1555	2203	1630	1698	1916	2940	2617	2564	2597	3206	2799	2828	2798	3738	2680	2700	2440	2955	2284	2331	2683	4466
	
Birds Per Party Hour
	Eared Grebe	0.7905447893443092	0.9308207090031789	0.847671298593883	0.7369700107018337	0.0	0.0	1.0	0.0	0.0	0.0	0.5	0.0	0.0	1.0	1.75	1.0311560792997156	0.22854743337046876	0.20777981222486266	0.0	0.0	0.0	0.0	0.0	0.0	0.0	0.0	0.0	0.0	0.0	0.0	0.0	0.0	0.5714285714285714	0.0	0.0	0.16666666666666666	0.0	0.8333333333333334	0.0	0.0	2.0290859137349186	0.8707242703919431	1.0846000020911322	0.0	0.8916779284803205	0.0	0.0	0.25
	# checklists reporting species - (Eared Grebe)	7	17	47	3	0.0	0.0	1	0.0	0.0	0.0	1	0	0	1	4	11	5	2	0.0	0.0	0.0	0.0	0.0	0.0	0.0	0.0	0.0	0.0	0.0	0.0	0.0	0.0	1	0.0	0	2	0.0	2	0.0	0	25	7	13	0.0	6	0.0	0.0	2
	
High Count
	Eared Grebe	1	1	1	1	0.0	0.0	1	0.0	0.0	0.0	1	1	1	1	1	1	1	1	0.0	0.0	0.0	0.0	0.0	0.0	0.0	0.0	0.0	0.0	0.0	0.0	0.0	0.0	1	0.0	1	1	0.0	1	0.0	1	1	1	1	0.0	1	0.0	0.0	1
	# checklists reporting species - (Eared Grebe)	12	18	47	4	0.0	0.0	1	0.0	0.0	0.0	1	1	1	2	5	14	6	3	0.0	0.0	0.0	0.0	0.0	0.0	0.0	0.0	0.0	0.0	0.0	0.0	0.0	0.0	1	0.0	1	2	0.0	2	0.0	1	25	7	13	0.0	6	0.0	0.0	5
	
Totals
	Eared Grebe	10	18	47	3	0.0	0.0	1	0.0	0.0	0.0	1	1	1	1	5	14	6	3	0.0	0.0	0.0	0.0	0.0	0.0	0.0	0.0	0.0	0.0	0.0	0.0	0.0	0.0	1	0.0	1	2	0.0	2	0.0	0	25	7	13	0.0	6	0.0	0.0	4
	# checklists reporting species - (Eared Grebe)	10	18	47	3	0.0	0.0	1	0.0	0.0	0.0	1	1	1	1	5	14	6	3	0.0	0.0	0.0	0.0	0.0	0.0	0.0	0.0	0.0	0.0	0.0	0.0	0.0	0.0	1	0.0	1	2	0.0	2	0.0	0	25	7	13	0.0	6	0.0	0.0	4
	
Average Count
	Eared Grebe	1.0	1.0	1.0	1.0	0.0	0.0	1.0	0.0	0.0	0.0	1.0	1.0	1.0	1.0	1.0	1.0	1.0	1.0	0.0	0.0	0.0	0.0	0.0	0.0	0.0	0.0	0.0	0.0	0.0	0.0	0.0	0.0	1.0	0.0	1.0	1.0	0.0	1.0	0.0	0.0	1.0	1.0	1.0	0.0	1.0	0.0	0.0	1.0
	# checklists reporting species - (Eared Grebe)	10	18	47	3	0.0	0.0	1	0.0	0.0	0.0	1	1	1	1	5	14	6	3	0.0	0.0	0.0	0.0	0.0	0.0	0.0	0.0	0.0	0.0	0.0	0.0	0.0	0.0	1	0.0	1	2	0.0	2	0.0	0	25	7	13	0.0	6	0.0	0.0	4
	
