

	Week starting on...	1/1	1/8	1/15	1/22	2/1	2/8	2/15	2/22	3/1	3/8	3/15	3/22	4/1	4/8	4/15	4/22	5/1	5/8	5/15	5/22	6/1	6/8	6/15	6/22	7/1	7/8	7/15	7/22	8/1	8/8	8/15	8/22	9/1	9/8	9/15	9/22	10/1	10/8	10/15	10/22	11/1	11/8	11/15	11/22	12/1	12/8	12/15	12/22
Frequency (%)
	Piping Plover	0.0	0.0	0.0	0.0	0.0	0.0	0.0	0.0	0.0	0.0	0.0	0.0	0.0	0.04718093890068412	0.08936550491510277	0.0	0.04334007512279688	0.12720848056537104	0.22734161867232497	1.5374656093218968	0.5189028910303929	0.6454388984509466	0.8232445520581114	1.3784954706577393	0.4434589800443459	0.561447286338116	0.45016077170418006	0.2723558783477077	0.245398773006135	0.17667844522968199	0.0	0.0	0.03821169277799007	0.1170046801872075	0.0	0.0	0.0	0.0	0.035739814152966405	0.0	0.0	0.0	0.0	0.0	0.0	0.0	0.0	0.0
	Total # checklists submitted - (Piping Plover)	4647	3500	3030	4287	2903	3748	5456	3029	3408	3753	4232	5749	4440	4239	4476	6551	6922	7075	6598	6179	2698	2324	2065	2539	1804	1603	1555	2203	1630	1698	1916	2940	2617	2564	2597	3206	2799	2828	2798	3738	2680	2700	2440	2955	2284	2331	2683	4466
	
Abundance
	Piping Plover	0.0	0.0	0.0	0.0	0.0	0.0	0.0	0.0	0.0	0.0	0.0	0.0	0.0	4.7180938900684123E-4	0.0011170688114387846	0.0	5.778676683039584E-4	0.0018374558303886925	0.005001515610791149	0.03819388250525975	0.00815418828762046	0.013769363166953529	0.012590799031476998	0.03387160299330445	0.019401330376940133	0.021834061135371178	0.014790996784565916	0.007716749886518384	0.004294478527607362	0.0017667844522968198	0.0	0.0	3.8211692777990065E-4	7.8003120124805E-4	0.0	0.0	0.0	0.0	3.5739814152966406E-4	0.0	0.0	0.0	0.0	0.0	0.0	0.0	0.0	0.0
	Total # checklists submitted - (Piping Plover)	4647	3500	3030	4287	2903	3748	5456	3029	3408	3753	4232	5749	4440	4239	4476	6551	6922	7075	6598	6179	2698	2324	2065	2539	1804	1603	1555	2203	1630	1698	1916	2940	2617	2564	2597	3206	2799	2828	2798	3738	2680	2700	2440	2955	2284	2331	2683	4466
	
Birds Per Party Hour
	Piping Plover	0.0	0.0	0.0	0.0	0.0	0.0	0.0	0.0	0.0	0.0	0.0	0.0	0.0	0.7999400119976005	0.5492424242424242	0.0	1.5390037593984962	0.4124176097500311	0.5918784704526574	2.942235159475045	1.8084719701153482	1.0115835677102096	0.6273061896383695	1.6141590165823183	4.94612233038238	0.7976190476190477	1.957176537587218	0.7785714285714286	0.8888888888888888	0.22656073302860472	0.0	1.0	0.4444444444444444	1.0	0.0	0.0	0.0	0.0	0.125	0.0	0.0	0.0	0.0	0.0	0.0	0.0	0.0	0.0
	# checklists reporting species - (Piping Plover)	0.0	0.0	0.0	0.0	0.0	0.0	0.0	0.0	0.0	0.0	0.0	0.0	0.0	2	4	0.0	4	8	18	112	14	16	18	41	9	10	7	7	3	3	0	1	1	1	0.0	0.0	0.0	0.0	2	0.0	0.0	0.0	0.0	0.0	0.0	0.0	0.0	0.0
	
High Count
	Piping Plover	0.0	0.0	0.0	0.0	0.0	0.0	0.0	0.0	0.0	0.0	0.0	0.0	0.0	1	2	0.0	5	3	10	10	4	6	5	6	6	6	4	4	3	1	2	1	1	1	0.0	0.0	0.0	0.0	1	0.0	0.0	0.0	0.0	0.0	0.0	0.0	0.0	0.0
	# checklists reporting species - (Piping Plover)	0.0	0.0	0.0	0.0	0.0	0.0	0.0	0.0	0.0	0.0	0.0	0.0	0.0	3	9	0.0	6	9	20	118	18	18	19	41	9	10	7	7	5	3	1	1	1	3	0.0	0.0	0.0	0.0	2	0.0	0.0	0.0	0.0	0.0	0.0	0.0	0.0	0.0
	
Totals
	Piping Plover	0.0	0.0	0.0	0.0	0.0	0.0	0.0	0.0	0.0	0.0	0.0	0.0	0.0	2	8	0.0	10	13	40	283	26	39	27	110	39	37	23	18	9	3	2	1	1	2	0.0	0.0	0.0	0.0	2	0.0	0.0	0.0	0.0	0.0	0.0	0.0	0.0	0.0
	# checklists reporting species - (Piping Plover)	0.0	0.0	0.0	0.0	0.0	0.0	0.0	0.0	0.0	0.0	0.0	0.0	0.0	2	6	0.0	5	9	20	117	16	18	18	41	9	10	7	7	5	3	1	1	1	2	0.0	0.0	0.0	0.0	2	0.0	0.0	0.0	0.0	0.0	0.0	0.0	0.0	0.0
	
Average Count
	Piping Plover	0.0	0.0	0.0	0.0	0.0	0.0	0.0	0.0	0.0	0.0	0.0	0.0	0.0	1.0	1.3333333333333333	0.0	2.0	1.4444444444444444	2.0	2.4188034188034186	1.625	2.1666666666666665	1.5	2.682926829268293	4.333333333333333	3.7	3.2857142857142856	2.5714285714285716	1.8	1.0	2.0	1.0	1.0	1.0	0.0	0.0	0.0	0.0	1.0	0.0	0.0	0.0	0.0	0.0	0.0	0.0	0.0	0.0
	# checklists reporting species - (Piping Plover)	0.0	0.0	0.0	0.0	0.0	0.0	0.0	0.0	0.0	0.0	0.0	0.0	0.0	2	6	0.0	5	9	20	117	16	18	18	41	9	10	7	7	5	3	1	1	1	2	0.0	0.0	0.0	0.0	2	0.0	0.0	0.0	0.0	0.0	0.0	0.0	0.0	0.0
	
