

	Week starting on...	1/1	1/8	1/15	1/22	2/1	2/8	2/15	2/22	3/1	3/8	3/15	3/22	4/1	4/8	4/15	4/22	5/1	5/8	5/15	5/22	6/1	6/8	6/15	6/22	7/1	7/8	7/15	7/22	8/1	8/8	8/15	8/22	9/1	9/8	9/15	9/22	10/1	10/8	10/15	10/22	11/1	11/8	11/15	11/22	12/1	12/8	12/15	12/22
Frequency (%)
	Purple Martin	0.0	0.0	0.0	0.0	0.0	0.0	0.0	0.0	0.0	0.0	0.0	0.0	0.24774774774774774	0.9200283085633405	1.4075067024128687	2.4423752098916194	3.3660791678705575	3.1943462897526502	3.197938769324037	5.453956950962939	5.040770941438103	5.292598967297763	5.762711864406779	3.741630563213864	5.155210643015521	5.552089831565814	7.331189710610933	7.126645483431685	10.552147239263803	8.598351001177857	9.968684759916492	5.1020408163265305	1.4520443255636224	0.234009360374415	0.03850596842510589	0.031191515907673113	0.0	0.0	0.035739814152966405	0.0	0.0	0.0	0.0	0.0	0.0	0.0	0.0	0.0
	Total # checklists submitted - (Purple Martin)	4647	3500	3030	4287	2903	3748	5456	3029	3408	3753	4232	5749	4440	4239	4476	6551	6922	7075	6598	6179	2698	2324	2065	2539	1804	1603	1555	2203	1630	1698	1916	2940	2617	2564	2597	3206	2799	2828	2798	3738	2680	2700	2440	2955	2284	2331	2683	4466
	
Abundance
	Purple Martin	0.0	0.0	0.0	0.0	0.0	0.0	0.0	0.0	0.0	0.0	0.0	0.0	0.0024774774774774773	0.017692852087756547	0.025692582663092045	0.06029613799419936	0.10242704420687662	0.1072791519434629	0.12670506214004243	0.1899983816151481	0.16308376575240918	0.1699655765920826	0.21840193704600483	0.13115399763686492	0.24889135254988914	0.28509045539613226	0.3414790996784566	0.3622333182024512	0.6705521472392638	0.6018845700824499	0.8241127348643006	0.501360544217687	0.09056171188383645	0.0078003120124804995	0.0015402387370042356	3.1191515907673113E-4	0.0	0.0	3.5739814152966406E-4	0.0	0.0	0.0	0.0	0.0	0.0	0.0	0.0	0.0
	Total # checklists submitted - (Purple Martin)	4647	3500	3030	4287	2903	3748	5456	3029	3408	3753	4232	5749	4440	4239	4476	6551	6922	7075	6598	6179	2698	2324	2065	2539	1804	1603	1555	2203	1630	1698	1916	2940	2617	2564	2597	3206	2799	2828	2798	3738	2680	2700	2440	2955	2284	2331	2683	4466
	
Birds Per Party Hour
	Purple Martin	0.0	0.0	0.0	0.0	0.0	0.0	0.0	0.0	0.0	0.0	0.0	0.0	0.5645920716774282	1.299015911842553	1.2064324262094919	1.818051593389979	2.068825751125499	3.112409746634673	3.453393223888628	4.402233868535577	4.8125997828683795	3.522829617605644	4.711386035996903	4.233476457989589	7.663972588734519	5.73296278695898	4.386893648543943	4.941513579587937	7.313288558897785	4.095449863098273	3.9675427432312835	4.811021516951719	2.2813579231556527	0.8860799177668077	0.6153846153846154	0.0	0.0	0.0	0.16666666666666666	0.0	0.0	0.0	0.0	0.0	0.0	0.0	0.0	0.0
	# checklists reporting species - (Purple Martin)	0.0	0.0	0.0	0.0	0.0	0.0	0.0	0.0	0.0	0.0	0.0	0.0	13	39	60	147	221	207	204	319	137	119	122	93	87	90	115	158	173	153	183	145	38	6	1	1	0.0	0.0	1	0.0	0.0	0.0	0.0	0.0	0.0	0.0	0.0	0.0
	
High Count
	Purple Martin	0.0	0.0	0.0	0.0	0.0	0.0	0.0	0.0	0.0	0.0	0.0	0.0	1	10	10	15	50	50	55	21	15	20	19	10	20	30	50	30	55	115	200	150	50	7	4	1	0.0	0.0	1	0.0	0.0	0.0	0.0	0.0	0.0	0.0	0.0	0.0
	# checklists reporting species - (Purple Martin)	0.0	0.0	0.0	0.0	0.0	0.0	0.0	0.0	0.0	0.0	0.0	0.0	14	41	67	175	256	244	226	360	149	136	133	104	99	99	125	174	197	163	207	166	39	7	1	1	0.0	0.0	1	0.0	0.0	0.0	0.0	0.0	0.0	0.0	0.0	0.0
	
Totals
	Purple Martin	0.0	0.0	0.0	0.0	0.0	0.0	0.0	0.0	0.0	0.0	0.0	0.0	14	77	119	411	763	787	861	1221	476	429	473	363	454	482	557	889	1398	1276	1635	1594	239	23	4	1	0.0	0.0	1	0.0	0.0	0.0	0.0	0.0	0.0	0.0	0.0	0.0
	# checklists reporting species - (Purple Martin)	0.0	0.0	0.0	0.0	0.0	0.0	0.0	0.0	0.0	0.0	0.0	0.0	14	41	63	164	233	224	209	336	138	126	131	102	94	93	119	170	183	158	195	152	39	7	1	1	0.0	0.0	1	0.0	0.0	0.0	0.0	0.0	0.0	0.0	0.0	0.0
	
Average Count
	Purple Martin	0.0	0.0	0.0	0.0	0.0	0.0	0.0	0.0	0.0	0.0	0.0	0.0	1.0	1.8780487804878048	1.8888888888888888	2.5060975609756095	3.274678111587983	3.513392857142857	4.119617224880383	3.6339285714285716	3.449275362318841	3.4047619047619047	3.6106870229007635	3.5588235294117645	4.829787234042553	5.182795698924731	4.680672268907563	5.229411764705882	7.639344262295082	8.075949367088608	8.384615384615385	10.486842105263158	6.128205128205129	3.2857142857142856	4.0	1.0	0.0	0.0	1.0	0.0	0.0	0.0	0.0	0.0	0.0	0.0	0.0	0.0
	# checklists reporting species - (Purple Martin)	0.0	0.0	0.0	0.0	0.0	0.0	0.0	0.0	0.0	0.0	0.0	0.0	14	41	63	164	233	224	209	336	138	126	131	102	94	93	119	170	183	158	195	152	39	7	1	1	0.0	0.0	1	0.0	0.0	0.0	0.0	0.0	0.0	0.0	0.0	0.0
	
