

	Week starting on...	1/1	1/8	1/15	1/22	2/1	2/8	2/15	2/22	3/1	3/8	3/15	3/22	4/1	4/8	4/15	4/22	5/1	5/8	5/15	5/22	6/1	6/8	6/15	6/22	7/1	7/8	7/15	7/22	8/1	8/8	8/15	8/22	9/1	9/8	9/15	9/22	10/1	10/8	10/15	10/22	11/1	11/8	11/15	11/22	12/1	12/8	12/15	12/22
Frequency (%)
	Hooded Merganser	9.87734021949645	8.228571428571428	5.181518151815181	4.595288080242594	4.236996210816397	4.055496264674493	2.7675953079178885	5.051172003961703	6.338028169014084	8.792965627498003	10.467863894139887	10.280048704122455	9.256756756756756	6.935598018400565	5.160857908847185	3.556708899404671	1.7913897717422709	0.7067137809187279	0.9699909063352531	1.6669363974753197	2.446256486286138	3.141135972461274	2.1307506053268765	2.520677432059866	2.383592017738359	2.9320024953212727	4.437299035369775	5.220154334997731	6.687116564417178	6.5371024734982335	7.463465553235908	7.857142857142857	8.941536110049675	8.268330733229329	8.201771274547555	8.01621958827199	6.823865666309397	8.628005657708627	9.685489635453894	14.178705189941146	18.32089552238806	21.925925925925927	18.442622950819672	16.34517766497462	17.732049036777582	16.816816816816818	12.41147968691763	10.277653381101656
	Total # checklists submitted - (Hooded Merganser)	4647	3500	3030	4287	2903	3748	5456	3029	3408	3753	4232	5749	4440	4239	4476	6551	6922	7075	6598	6179	2698	2324	2065	2539	1804	1603	1555	2203	1630	1698	1916	2940	2617	2564	2597	3206	2799	2828	2798	3738	2680	2700	2440	2955	2284	2331	2683	4466
	
Abundance
	Hooded Merganser	0.48267699591134067	0.25485714285714284	0.11254125412541253	0.08047585724282715	0.07716155700998967	0.08217716115261472	0.05755131964809384	0.10960713106635854	0.15023474178403756	0.3237410071942446	0.390359168241966	0.40267872673508437	0.36463963963963963	0.2217504128332154	0.1456657730116175	0.08227751488322393	0.03568332851776943	0.009752650176678446	0.017884207335556228	0.032691374008739275	0.08005930318754632	0.10499139414802065	0.0837772397094431	0.054352107128790864	0.06651884700665188	0.06051154086088584	0.15755627009646303	0.14389468906037223	0.2067484662576687	0.232037691401649	0.23068893528183715	0.2829931972789116	0.33702713030187237	0.33190327613104526	0.33384674624566807	0.29413599500935744	0.2883172561629153	0.39462517680339465	0.6844174410293067	1.3097913322632424	2.783582089552239	3.5874074074074076	3.0922131147540983	2.5868020304568526	2.259632224168126	1.9373659373659373	1.157286619455833	0.7221227048813256
	Total # checklists submitted - (Hooded Merganser)	4647	3500	3030	4287	2903	3748	5456	3029	3408	3753	4232	5749	4440	4239	4476	6551	6922	7075	6598	6179	2698	2324	2065	2539	1804	1603	1555	2203	1630	1698	1916	2940	2617	2564	2597	3206	2799	2828	2798	3738	2680	2700	2440	2955	2284	2331	2683	4466
	
Birds Per Party Hour
	Hooded Merganser	5.315916208287789	4.1828536878223055	2.62841634753294	2.5416657171312833	2.1034052899707287	2.3289388337926704	2.43919920671967	3.1267773074052463	2.1247854325959774	3.410304636308903	2.7123280697776777	4.590242200463762	5.045412932580462	3.544744608058332	2.2763343225717745	1.3373530083684697	0.9145111274663957	1.1400948608190857	1.5842424223034888	2.2013002863865463	3.5439962827672513	3.7976401338777004	5.094254352691875	3.2363169288067586	2.1559453112228764	2.004458056449145	1.8523353758322336	1.555338342541792	2.0391153453961093	3.4209707367846627	1.7019002474150875	2.1584768162374997	1.6974384058154017	1.7053940420796607	1.5985510433936605	1.8020720652123634	2.1501949903564137	2.2533669024749012	3.7950786686232494	4.160392922925119	6.919996595369616	9.52864665770616	11.449931156535394	11.377224394475412	9.698726261776711	7.835985988739154	5.195104602833343	5.562492175874254
	# checklists reporting species - (Hooded Merganser)	441	277	150	182	113	138	148	144	212	329	446	588	400	289	229	229	114	55	66	104	74	72	48	66	44	50	75	123	109	120	153	243	236	214	219	264	190	234	271	540	494	578	443	473	395	385	332	450
	
High Count
	Hooded Merganser	60	22	12	20	12	12	22	16	19	30	25	29	28	24	10	9	8	12	8	17	12	12	12	8	11	8	25	13	21	21	14	34	25	22	33	31	26	65	56	100	155	162	150	200	100	100	140	75
	# checklists reporting species - (Hooded Merganser)	495	310	169	215	132	161	163	170	235	361	473	646	441	312	252	251	128	56	71	108	75	78	53	76	47	56	76	133	118	125	162	264	253	236	242	276	203	260	297	593	554	651	500	533	452	434	376	490
	
Totals
	Hooded Merganser	2377	970	374	389	233	321	332	359	548	1299	1736	2507	1715	985	699	565	254	89	131	208	234	258	190	160	128	124	258	378	371	469	498	944	944	910	1033	1019	844	1188	2052	5508	8141	10397	8083	8051	5478	4833	3458	3378
	# checklists reporting species - (Hooded Merganser)	456	296	161	197	118	148	158	161	225	345	460	620	423	295	240	239	121	55	69	106	75	76	53	75	46	56	76	132	115	123	159	262	248	227	235	273	196	249	283	569	514	602	464	488	410	400	352	472
	
Average Count
	Hooded Merganser	5.212719298245614	3.277027027027027	2.3229813664596275	1.9746192893401016	1.9745762711864407	2.168918918918919	2.1012658227848102	2.229813664596273	2.4355555555555557	3.765217391304348	3.773913043478261	4.0435483870967746	4.054373522458629	3.3389830508474576	2.9125	2.3640167364016738	2.0991735537190084	1.6181818181818182	1.8985507246376812	1.9622641509433962	3.12	3.3947368421052633	3.5849056603773586	2.1333333333333333	2.782608695652174	2.2142857142857144	3.3947368421052633	2.8636363636363638	3.226086956521739	3.813008130081301	3.1320754716981134	3.6030534351145036	3.806451612903226	4.008810572687224	4.395744680851064	3.7326007326007327	4.3061224489795915	4.771084337349397	7.250883392226148	9.680140597539543	15.83852140077821	17.270764119601328	17.420258620689655	16.49795081967213	13.360975609756098	12.0825	9.823863636363637	7.156779661016949
	# checklists reporting species - (Hooded Merganser)	456	296	161	197	118	148	158	161	225	345	460	620	423	295	240	239	121	55	69	106	75	76	53	75	46	56	76	132	115	123	159	262	248	227	235	273	196	249	283	569	514	602	464	488	410	400	352	472
	
