

	Week starting on...	1/1	1/8	1/15	1/22	2/1	2/8	2/15	2/22	3/1	3/8	3/15	3/22	4/1	4/8	4/15	4/22	5/1	5/8	5/15	5/22	6/1	6/8	6/15	6/22	7/1	7/8	7/15	7/22	8/1	8/8	8/15	8/22	9/1	9/8	9/15	9/22	10/1	10/8	10/15	10/22	11/1	11/8	11/15	11/22	12/1	12/8	12/15	12/22
Frequency (%)
	Cedar Waxwing	0.6025392726490209	0.6285714285714286	0.49504950495049505	0.6997900629811057	0.861178091629349	0.6670224119530417	0.3848973607038123	0.4291845493562232	0.7335680751173709	0.7194244604316548	0.5198487712665406	0.7305618368411898	0.6756756756756757	0.9436187780136825	1.653261840929401	2.030224393222409	3.61167292689974	5.427561837455831	12.852379508942105	26.590063117009226	28.2060785767235	28.485370051635112	29.588377723970943	25.324931075226466	29.490022172949004	31.316281971303805	30.996784565916396	31.638674534725375	33.49693251533743	30.565371024734983	27.55741127348643	25.03401360544218	22.00993504012228	16.146645865834632	11.43627262225645	8.671241422333125	4.858878170775277	5.021216407355021	4.324517512508935	6.5810593900481535	8.32089552238806	6.888888888888889	7.254098360655738	2.5380710659898478	1.6637478108581436	1.9734019734019732	2.087215803205367	2.440662785490372
	Total # checklists submitted - (Cedar Waxwing)	4647	3500	3030	4287	2903	3748	5456	3029	3408	3753	4232	5749	4440	4239	4476	6551	6922	7075	6598	6179	2698	2324	2065	2539	1804	1603	1555	2203	1630	1698	1916	2940	2617	2564	2597	3206	2799	2828	2798	3738	2680	2700	2440	2955	2284	2331	2683	4466
	
Abundance
	Cedar Waxwing	0.06907682375726275	0.06742857142857143	0.04521452145214522	0.05225099136925589	0.10403031346882535	0.06483457844183564	0.04857038123167155	0.040937603169362825	0.0539906103286385	0.06155075939248601	0.0945179584120983	0.05374847799617325	0.03558558558558558	0.09318235432885115	0.17806076854334227	0.16043352159975577	0.3402195897139555	0.30996466431095404	0.7094574113367688	2.0566434698171223	2.007042253521127	1.3592943201376937	1.4116222760290558	1.0996455297361165	1.3985587583148558	1.545227698066126	1.4758842443729903	1.5478892419428052	2.279754601226994	2.2061248527679624	2.143528183716075	2.048979591836735	1.7378677875429882	1.642745709828393	1.0146322680015403	0.8927011852776044	0.5023222579492675	0.34724186704384724	0.4295925661186562	0.7680577849117175	2.026492537313433	0.9892592592592593	0.7012295081967214	0.1844331641285956	0.15280210157618213	0.22136422136422138	0.22586656727543794	0.44446932377966863
	Total # checklists submitted - (Cedar Waxwing)	4647	3500	3030	4287	2903	3748	5456	3029	3408	3753	4232	5749	4440	4239	4476	6551	6922	7075	6598	6179	2698	2324	2065	2539	1804	1603	1555	2203	1630	1698	1916	2940	2617	2564	2597	3206	2799	2828	2798	3738	2680	2700	2440	2955	2284	2331	2683	4466
	
Birds Per Party Hour
	Cedar Waxwing	7.467836109993498	6.1281199550205665	9.595124301988541	5.16912286516299	32.84967683285418	13.37822840134763	23.322022832582903	7.2312060796729565	7.30566658498625	5.564315919316683	35.703313597065765	6.600458385572761	4.798880712596537	10.128662555548672	13.276550569609492	6.075833248936473	7.923002424574652	4.897817328498226	3.266889641494799	6.834059300384172	8.003475433910143	7.408709124574666	7.305245542355766	6.740458382057186	5.697589022503885	5.04552520021554	3.712443536858173	4.271417747575808	4.973368125307629	6.01884357242404	4.486391582101261	5.907723001767892	6.212981447136835	4.895419998356157	5.73087009816599	5.084848155908417	5.447812261940614	5.4153102025257756	10.344854130072962	5.894113691347985	9.576867000474957	6.233395062778452	10.645708115679009	6.1645439498025825	8.011492105386152	5.8117541062737414	4.402123963084863	8.05178810498615
	# checklists reporting species - (Cedar Waxwing)	25	18	15	32	20	24	23	10	22	26	21	36	28	43	72	125	246	373	863	1664	770	661	620	652	525	511	483	683	546	519	516	714	559	406	281	264	134	137	122	242	228	185	186	73	38	42	57	111
	
High Count
	Cedar Waxwing	52	57	25	40	93	50	75	40	20	65	200	60	20	50	60	50	120	100	100	2000	145	55	55	50	30	110	30	50	500	121	246	180	150	115	107	115	100	50	68	200	689	150	126	44	54	155	85	121
	# checklists reporting species - (Cedar Waxwing)	32	30	21	40	29	32	31	14	31	29	29	49	37	53	87	147	270	426	932	1806	853	733	696	732	593	552	516	744	602	575	575	799	609	442	315	301	149	155	131	267	236	201	201	78	43	48	61	120
	
Totals
	Cedar Waxwing	326	291	184	328	361	261	408	149	236	252	444	422	224	525	853	1226	2464	2553	5042	15522	5834	3376	3136	2969	2676	2675	2360	3614	3904	3945	4548	6358	4767	4420	2715	3010	1464	1011	1292	3348	5554	2890	1887	564	365	517	649	2185
	# checklists reporting species - (Cedar Waxwing)	27	26	19	36	24	27	29	11	26	29	27	46	35	50	84	134	258	387	879	1719	805	689	662	703	553	525	491	708	560	533	538	748	575	420	292	280	138	144	127	255	234	193	189	77	39	43	60	117
	
Average Count
	Cedar Waxwing	12.074074074074074	11.192307692307692	9.68421052631579	9.11111111111111	15.041666666666666	9.666666666666666	14.068965517241379	13.545454545454545	9.076923076923077	8.689655172413794	16.444444444444443	9.173913043478262	6.4	10.5	10.154761904761905	9.149253731343284	9.550387596899224	6.596899224806202	5.736063708759954	9.029668411867364	7.247204968944099	4.899854862119013	4.737160120845921	4.223328591749644	4.839059674502712	5.095238095238095	4.806517311608961	5.104519774011299	6.9714285714285715	7.401500938086304	8.453531598513012	8.5	8.290434782608695	10.523809523809524	9.297945205479452	10.75	10.608695652173912	7.020833333333333	10.173228346456693	13.129411764705882	23.735042735042736	14.974093264248705	9.984126984126984	7.324675324675325	9.35897435897436	12.023255813953488	10.816666666666666	18.675213675213676
	# checklists reporting species - (Cedar Waxwing)	27	26	19	36	24	27	29	11	26	29	27	46	35	50	84	134	258	387	879	1719	805	689	662	703	553	525	491	708	560	533	538	748	575	420	292	280	138	144	127	255	234	193	189	77	39	43	60	117
	
