

	Week starting on...	1/1	1/8	1/15	1/22	2/1	2/8	2/15	2/22	3/1	3/8	3/15	3/22	4/1	4/8	4/15	4/22	5/1	5/8	5/15	5/22	6/1	6/8	6/15	6/22	7/1	7/8	7/15	7/22	8/1	8/8	8/15	8/22	9/1	9/8	9/15	9/22	10/1	10/8	10/15	10/22	11/1	11/8	11/15	11/22	12/1	12/8	12/15	12/22
Frequency (%)
	American Black Duck	19.905315257155152	20.542857142857144	18.844884488448844	19.897364124096104	18.119187047881503	12.993596584845251	10.410557184750733	17.332452954770552	18.427230046948356	18.278710365041302	17.107750472589792	14.646025395720997	13.04054054054054	10.804435008256664	6.635388739946381	4.777896504350481	3.655013002022537	2.897526501766784	2.424977265838133	2.8645411878944813	2.7798369162342476	2.1514629948364887	2.0338983050847457	2.0874359984245765	3.159645232815964	3.3063006862133504	5.209003215434083	6.173399909214707	6.625766871165645	6.301531213191991	6.05427974947808	7.8231292517006805	8.979747802827665	8.385335413416536	8.278783211397766	9.41983780411728	9.646302250803858	11.951909476661953	13.688348820586132	17.014446227929376	17.388059701492537	16.962962962962962	16.68032786885246	15.5668358714044	15.54290718038529	18.18961818961819	18.784942228848305	24.048365427675773
	Total # checklists submitted - (American Black Duck)	4647	3500	3030	4287	2903	3748	5456	3029	3408	3753	4232	5749	4440	4239	4476	6551	6922	7075	6598	6179	2698	2324	2065	2539	1804	1603	1555	2203	1630	1698	1916	2940	2617	2564	2597	3206	2799	2828	2798	3738	2680	2700	2440	2955	2284	2331	2683	4466
	
Abundance
	American Black Duck	1.4519044544867656	1.7674285714285713	1.222112211221122	1.4478656403079075	0.8660006889424733	0.8946104589114194	0.8621700879765396	1.1320567844172995	1.3418427230046948	1.1358912869704236	0.8752362948960303	0.7583927639589494	0.5371621621621622	0.36706770464732247	0.21894548704200179	0.14196305907495038	0.09679283444091304	0.06176678445229682	0.050772961503485904	0.06700113286939634	0.04670126019273536	0.06669535283993115	0.04116222760290557	0.043717999212288305	0.09257206208425721	0.11665626949469744	0.1536977491961415	0.23967317294598275	0.3049079754601227	0.21731448763250882	0.2280793319415449	0.341156462585034	0.2804738249904471	0.33853354134165364	0.4227955333076627	0.38334373050530257	0.3251161128974634	0.6806930693069307	0.770192994996426	1.06848582129481	0.7876865671641791	1.09	0.9418032786885245	0.9123519458544839	0.8283712784588442	0.8086658086658086	1.4830413715989563	5.145320197044335
	Total # checklists submitted - (American Black Duck)	4647	3500	3030	4287	2903	3748	5456	3029	3408	3753	4232	5749	4440	4239	4476	6551	6922	7075	6598	6179	2698	2324	2065	2539	1804	1603	1555	2203	1630	1698	1916	2940	2617	2564	2597	3206	2799	2828	2798	3738	2680	2700	2440	2955	2284	2331	2683	4466
	
Birds Per Party Hour
	American Black Duck	5.349923981880809	5.412816645752237	6.76784292139224	6.221477851134591	7.362725174827655	6.828284117447434	6.094491862570916	4.762691987755521	4.798468188095878	3.839354505009256	3.5142523396192864	3.4415185444052536	3.2832061484112183	2.032871386221137	2.0874103825814863	1.457733900889781	1.0602861262258498	2.518389967307638	0.9571636442161955	0.7471593474305975	1.124380572657873	1.3175960188385463	2.2380206073677718	1.9358699371842423	1.6892091103188505	2.6523352443798367	1.8303950137458957	2.459900400412658	1.9774667903234957	1.9757857857002235	1.5897003338987108	2.8311045202373286	1.7465500298585352	1.5763085588622372	2.2972917595015367	1.9888262342532816	1.9164218346868425	2.110099343730768	2.582220705198641	2.9783956700517873	2.5773635910167356	3.7309519178864856	3.190378597882807	4.484696326464385	3.088840875326535	3.275705723987812	3.8245307274707634	6.759881735793311
	# checklists reporting species - (American Black Duck)	864	686	548	795	497	460	532	499	595	649	699	791	560	449	288	293	226	191	150	170	68	46	40	52	55	53	79	133	105	110	115	227	222	206	214	293	262	316	376	606	456	445	394	440	334	400	498	1046
	
High Count
	American Black Duck	272	278	200	300	146	223	361	202	500	300	200	200	100	100	50	56	40	25	15	25	16	30	12	15	10	22	30	50	50	29	45	120	70	100	112	100	100	200	200	500	100	250	200	250	150	100	300	625
	# checklists reporting species - (American Black Duck)	972	766	606	903	560	516	603	561	669	731	758	877	607	481	310	329	262	217	165	187	76	53	49	55	63	58	87	147	119	114	125	245	240	226	236	312	293	360	421	681	506	498	440	493	388	456	546	1127
	
Totals
	American Black Duck	6876	6379	3816	6562	2598	3395	4802	3573	4694	4440	3808	4411	2421	1599	1003	958	681	454	341	442	127	157	93	122	181	204	249	566	562	385	465	1061	740	889	1167	1251	947	1974	2231	4174	2260	3074	2461	2765	1997	2003	4130	23168
	# checklists reporting species - (American Black Duck)	891	713	563	824	507	470	554	515	609	666	707	804	571	457	294	301	235	195	152	174	70	48	44	54	59	54	81	136	111	110	119	234	228	213	227	302	270	333	396	632	471	458	410	453	348	416	511	1069
	
Average Count
	American Black Duck	7.717171717171717	8.946704067321178	6.7779751332149205	7.963592233009709	5.124260355029586	7.223404255319149	8.667870036101084	6.937864077669903	7.707717569786535	6.666666666666667	5.3861386138613865	5.486318407960199	4.239929947460595	3.49890590809628	3.4115646258503403	3.1827242524916945	2.8978723404255318	2.3282051282051284	2.2434210526315788	2.5402298850574714	1.8142857142857143	3.2708333333333335	2.1136363636363638	2.259259259259259	3.0677966101694913	3.7777777777777777	3.074074074074074	4.161764705882353	5.063063063063063	3.5	3.907563025210084	4.534188034188034	3.245614035087719	4.173708920187793	5.140969162995595	4.142384105960265	3.5074074074074075	5.927927927927928	5.633838383838384	6.6044303797468356	4.798301486199575	6.711790393013101	6.0024390243902435	6.103752759381899	5.738505747126437	4.814903846153846	8.082191780821917	21.672591206735266
	# checklists reporting species - (American Black Duck)	891	713	563	824	507	470	554	515	609	666	707	804	571	457	294	301	235	195	152	174	70	48	44	54	59	54	81	136	111	110	119	234	228	213	227	302	270	333	396	632	471	458	410	453	348	416	511	1069
	
