

	Week starting on...	1/1	1/8	1/15	1/22	2/1	2/8	2/15	2/22	3/1	3/8	3/15	3/22	4/1	4/8	4/15	4/22	5/1	5/8	5/15	5/22	6/1	6/8	6/15	6/22	7/1	7/8	7/15	7/22	8/1	8/8	8/15	8/22	9/1	9/8	9/15	9/22	10/1	10/8	10/15	10/22	11/1	11/8	11/15	11/22	12/1	12/8	12/15	12/22
Frequency (%)
	Common Gallinule	0.0	0.0	0.033003300330033	0.0	0.0	0.026680896478121666	0.0	0.0	0.05868544600938967	0.07993605115907274	0.0	0.017394329448599758	0.02252252252252252	0.0	0.08936550491510277	1.541749351244085	0.9101415775787344	0.7067137809187279	0.24249772658381327	0.8901116685547824	0.37064492216456635	0.6024096385542169	0.6779661016949152	0.9846396218983853	1.385809312638581	0.4990642545227698	0.8360128617363344	0.49931911030413073	0.7975460122699387	0.8244994110718492	0.9916492693110648	1.0884353741496597	1.0699273977837218	0.9750390015600624	0.8471313053523296	0.8421709295071741	0.7859949982136478	0.3536067892503536	0.25017869907076484	0.16051364365971107	0.11194029850746269	0.0	0.0	0.0	0.0	0.0	0.0	0.0
	Total # checklists submitted - (Common Gallinule)	4647	3500	3030	4287	2903	3748	5456	3029	3408	3753	4232	5749	4440	4239	4476	6551	6922	7075	6598	6179	2698	2324	2065	2539	1804	1603	1555	2203	1630	1698	1916	2940	2617	2564	2597	3206	2799	2828	2798	3738	2680	2700	2440	2955	2284	2331	2683	4466
	
Abundance
	Common Gallinule	0.0	0.0	3.3003300330033004E-4	0.0	0.0	2.6680896478121667E-4	0.0	0.0	5.868544600938967E-4	5.329070077271516E-4	0.0	1.7394329448599757E-4	2.2522522522522523E-4	0.0	0.0013404825737265416	0.016333384216150205	0.015024559375902918	0.01314487632508834	0.003940588056986966	0.02071532610454766	0.005559673832468495	0.010757314974182444	0.014527845036319613	0.014966522252855455	0.017738359201773836	0.0056144728633811605	0.033440514469453377	0.015887426236949616	0.026993865030674847	0.015312131919905771	0.0709812108559499	0.05340136054421769	0.03247993886129155	0.049531981279251174	0.0562187139006546	0.0330630068621335	0.039299749910682386	0.015205091937765204	0.005360972122944961	0.0018726591760299626	0.0018656716417910447	0.0	0.0	0.0	0.0	0.0	0.0	0.0
	Total # checklists submitted - (Common Gallinule)	4647	3500	3030	4287	2903	3748	5456	3029	3408	3753	4232	5749	4440	4239	4476	6551	6922	7075	6598	6179	2698	2324	2065	2539	1804	1603	1555	2203	1630	1698	1916	2940	2617	2564	2597	3206	2799	2828	2798	3738	2680	2700	2440	2955	2284	2331	2683	4466
	
Birds Per Party Hour
	Common Gallinule	0.0	0.0	0.0	0.0	0.0	0.25	0.0	0.0	0.15476190476190477	0.28	0.0	1.0	0.3076923076923077	0.0	0.33192216280451575	2.359739907363709	1.2214793761494598	0.5521358031768879	0.33222812205855395	0.7661125988628255	1.4248677248677248	0.7813235253828662	1.1058160286306276	1.294713452339391	1.1063918586712127	1.9533905210437965	2.132459093623539	1.003515359086919	2.3957396301849077	1.333604087483775	3.548591201186357	2.410833703115453	1.8196652309827173	1.8253381903429482	2.8057857798069734	3.2805974340466673	3.934442024728592	1.3402777777777777	0.6010822510822511	0.3336796536796537	0.6757575757575758	0.0	0.0	0.0	0.0	0.0	0.0	0.0
	# checklists reporting species - (Common Gallinule)	0.0	0.0	0	0.0	1	1	1	1	2	2	0.0	1	1	0.0	4	101	52	37	14	47	9	10	13	30	28	8	11	9	8	13	17	25	26	18	22	21	16	4	7	5	3	0.0	0.0	0.0	0.0	0.0	0.0	0.0
	
High Count
	Common Gallinule	0.0	0.0	1	0.0	1	1	1	1	1	1	0.0	1	1	0.0	3	5	11	9	5	15	5	6	5	2	5	2	18	20	8	12	45	30	20	18	35	10	30	12	3	2	2	0.0	0.0	0.0	0.0	0.0	0.0	0.0
	# checklists reporting species - (Common Gallinule)	0.0	0.0	1	0.0	1	1	1	1	2	3	0.0	1	1	0.0	4	115	67	51	20	59	12	14	14	31	29	9	13	13	13	16	20	35	31	25	25	27	22	11	7	6	3	0.0	0.0	0.0	0.0	0.0	0.0	0.0
	
Totals
	Common Gallinule	0.0	0.0	1	0.0	1	1	1	1	2	2	0.0	1	1	0.0	6	124	107	93	30	133	17	25	30	47	36	10	52	37	44	38	137	166	87	127	154	106	110	44	15	7	5	0.0	0.0	0.0	0.0	0.0	0.0	0.0
	# checklists reporting species - (Common Gallinule)	0.0	0.0	1	0.0	1	1	1	1	2	2	0.0	1	1	0.0	4	111	61	42	18	54	10	10	14	31	28	9	12	11	13	14	19	32	30	25	24	25	20	9	7	5	3	0.0	0.0	0.0	0.0	0.0	0.0	0.0
	
Average Count
	Common Gallinule	0.0	0.0	1.0	0.0	1.0	1.0	1.0	1.0	1.0	1.0	0.0	1.0	1.0	0.0	1.5	1.117117117117117	1.7540983606557377	2.2142857142857144	1.6666666666666667	2.462962962962963	1.7	2.5	2.142857142857143	1.5161290322580645	1.2857142857142858	1.1111111111111112	4.333333333333333	3.3636363636363638	3.3846153846153846	2.7142857142857144	7.2105263157894735	5.1875	2.9	5.08	6.416666666666667	4.24	5.5	4.888888888888889	2.142857142857143	1.4	1.6666666666666667	0.0	0.0	0.0	0.0	0.0	0.0	0.0
	# checklists reporting species - (Common Gallinule)	0.0	0.0	1	0.0	1	1	1	1	2	2	0.0	1	1	0.0	4	111	61	42	18	54	10	10	14	31	28	9	12	11	13	14	19	32	30	25	24	25	20	9	7	5	3	0.0	0.0	0.0	0.0	0.0	0.0	0.0
	
