

	Week starting on...	1/1	1/8	1/15	1/22	2/1	2/8	2/15	2/22	3/1	3/8	3/15	3/22	4/1	4/8	4/15	4/22	5/1	5/8	5/15	5/22	6/1	6/8	6/15	6/22	7/1	7/8	7/15	7/22	8/1	8/8	8/15	8/22	9/1	9/8	9/15	9/22	10/1	10/8	10/15	10/22	11/1	11/8	11/15	11/22	12/1	12/8	12/15	12/22
Frequency (%)
	Surf Scoter	0.6240585323864859	0.2	0.23102310231023102	0.30324236062514576	0.20668274199104375	0.16008537886872998	0.07331378299120235	0.231099372730274	0.9976525821596244	0.9858779642952304	0.2599243856332703	0.22612628283179684	0.06756756756756757	0.11795234725171032	0.08936550491510277	0.122118760494581	0.30338052585957814	0.18374558303886926	0.1515610791148833	0.14565463667260073	0.0	0.0	0.0	0.0	0.0	0.0	0.0	0.0	0.0	0.0	0.0	0.0	0.0	0.0	0.0	0.280723643169058	1.321900678813862	1.6973125884016973	2.7162258756254465	3.6383092562867843	3.544776119402985	2.3333333333333335	1.3934426229508197	1.3197969543147208	0.3064798598949212	0.3003003003003003	0.2981736861721953	0.11195700850873264
	Total # checklists submitted - (Surf Scoter)	4647	3500	3030	4287	2903	3748	5456	3029	3408	3753	4232	5749	4440	4239	4476	6551	6922	7075	6598	6179	2698	2324	2065	2539	1804	1603	1555	2203	1630	1698	1916	2940	2617	2564	2597	3206	2799	2828	2798	3738	2680	2700	2440	2955	2284	2331	2683	4466
	
Abundance
	Surf Scoter	0.009898859479233914	0.002285714285714286	0.0023102310231023103	0.0032656869605784933	0.003100241129865656	0.0010672358591248667	0.0016495601173020528	0.004291845493562232	0.015551643192488264	0.01598721023181455	0.004253308128544423	0.0026091494172899633	0.0018018018018018018	0.0014154281670205238	0.0011170688114387846	0.0030529690123645243	0.007512279687951459	0.005795053003533569	0.005910882085480448	0.026055996115876355	0.0	0.0	0.0	0.0	0.0	0.0	0.0	0.0	0.0	0.0	0.0	0.0	0.0	0.0	0.0	0.004366812227074236	0.042515183994283674	0.10855728429985856	0.1947819871336669	0.29213483146067415	0.18208955223880596	0.07518518518518519	0.0430327868852459	0.03553299492385787	0.0035026269702276708	0.018018018018018018	0.005590756615728662	0.0011195700850873264
	Total # checklists submitted - (Surf Scoter)	4647	3500	3030	4287	2903	3748	5456	3029	3408	3753	4232	5749	4440	4239	4476	6551	6922	7075	6598	6179	2698	2324	2065	2539	1804	1603	1555	2203	1630	1698	1916	2940	2617	2564	2597	3206	2799	2828	2798	3738	2680	2700	2440	2955	2284	2331	2683	4466
	
Birds Per Party Hour
	Surf Scoter	0.941042442305879	0.8353015454415821	0.8339344406597976	1.7356137069862099	0.8902712707524832	1.0632507507507507	2.1497825997019486	1.2841750635430604	1.2520058154410543	1.2340902777554261	2.1089703515103744	0.7871569948022361	6.388888888888889	0.5836618832447821	0.4537878787878788	0.8343811760873244	0.5662208822255674	0.8525804631521948	1.3434265635931373	2.449510370604491	0.0	0.0	0.0	0.0	0.0	0.0	0.0	0.0	0.0	0.0	0.0	0.0	0.0	0.0	0.0	0.5446040451596497	1.0239499639869283	1.7265494429942652	1.8399004896357978	1.8248258182243593	1.528949315531211	0.9105112891221997	1.392480156402282	0.7671802543085254	0.832273001816016	2.1402587515046485	0.643318431069954	0.6935078413898831
	# checklists reporting species - (Surf Scoter)	28	8	8	15	6	4	4	7	33	38	10	13	3	7	4	9	21	13	9	11	0.0	0.0	0.0	0.0	0.0	0.0	0.0	0.0	0.0	0.0	0.0	0.0	0.0	0.0	0.0	9	38	49	78	137	95	66	34	39	8	7	9	5
	
High Count
	Surf Scoter	8	4	10	2	4	1	6	4	5	6	6	2	4	2	2	12	9	5	8	140	0.0	0.0	0.0	0.0	0.0	0.0	0.0	0.0	0.0	0.0	0.0	0.0	0.0	0.0	0.0	3	26	24	45	295	45	25	25	12	3	20	6	1
	# checklists reporting species - (Surf Scoter)	30	8	8	17	7	8	6	9	42	39	11	13	3	7	5	11	21	14	11	12	0.0	0.0	0.0	0.0	0.0	0.0	0.0	0.0	0.0	0.0	0.0	0.0	0.0	0.0	0.0	9	41	52	88	150	107	68	40	43	9	9	9	6
	
Totals
	Surf Scoter	47	12	17	19	10	5	12	19	61	61	18	15	8	8	6	35	52	41	40	168	0.0	0.0	0.0	0.0	0.0	0.0	0.0	0.0	0.0	0.0	0.0	0.0	0.0	0.0	0.0	14	129	341	609	1136	549	212	124	128	13	45	16	6
	# checklists reporting species - (Surf Scoter)	29	8	8	17	7	5	6	9	40	38	10	13	3	7	5	11	21	13	10	11	0.0	0.0	0.0	0.0	0.0	0.0	0.0	0.0	0.0	0.0	0.0	0.0	0.0	0.0	0.0	9	41	52	84	142	103	68	39	43	9	9	9	6
	
Average Count
	Surf Scoter	1.6206896551724137	1.5	2.125	1.1176470588235294	1.4285714285714286	1.0	2.0	2.111111111111111	1.525	1.605263157894737	1.8	1.1538461538461537	2.6666666666666665	1.1428571428571428	1.2	3.1818181818181817	2.4761904761904763	3.1538461538461537	4.0	15.272727272727273	0.0	0.0	0.0	0.0	0.0	0.0	0.0	0.0	0.0	0.0	0.0	0.0	0.0	0.0	0.0	1.5555555555555556	3.1463414634146343	6.5576923076923075	7.25	8.0	5.330097087378641	3.1176470588235294	3.1794871794871793	2.9767441860465116	1.4444444444444444	5.0	1.7777777777777777	1.0
	# checklists reporting species - (Surf Scoter)	29	8	8	17	7	5	6	9	40	38	10	13	3	7	5	11	21	13	10	11	0.0	0.0	0.0	0.0	0.0	0.0	0.0	0.0	0.0	0.0	0.0	0.0	0.0	0.0	0.0	9	41	52	84	142	103	68	39	43	9	9	9	6
	
