

	Week starting on...	1/1	1/8	1/15	1/22	2/1	2/8	2/15	2/22	3/1	3/8	3/15	3/22	4/1	4/8	4/15	4/22	5/1	5/8	5/15	5/22	6/1	6/8	6/15	6/22	7/1	7/8	7/15	7/22	8/1	8/8	8/15	8/22	9/1	9/8	9/15	9/22	10/1	10/8	10/15	10/22	11/1	11/8	11/15	11/22	12/1	12/8	12/15	12/22
Frequency (%)
	Field Sparrow	0.1506348181622552	0.0	0.033003300330033	0.023326335432703522	0.03444712366517396	0.0	0.018328445747800588	0.0	0.029342723004694836	0.0	0.07088846880907373	0.5218298834579926	1.8018018018018018	5.237084217975937	8.176943699731904	12.807205006869179	12.120774342675528	5.371024734982332	3.425280387996363	1.505097912283541	1.0748702742772425	0.8605851979345954	1.162227602905569	1.063410791650256	0.6097560975609756	0.3119151590767312	0.8360128617363344	0.5901044030867	0.49079754601227	0.35335689045936397	0.31315240083507306	0.27210884353741494	0.22927015666794037	0.1170046801872075	0.4620716211012707	1.3100436681222707	3.965702036441586	5.198019801980198	6.075768406004289	4.146602461209203	1.3059701492537312	0.4814814814814815	0.32786885245901637	0.10152284263959391	0.21891418563922943	0.0	0.03727171077152441	0.6045678459471563
	Total # checklists submitted - (Field Sparrow)	4647	3500	3030	4287	2903	3748	5456	3029	3408	3753	4232	5749	4440	4239	4476	6551	6922	7075	6598	6179	2698	2324	2065	2539	1804	1603	1555	2203	1630	1698	1916	2940	2617	2564	2597	3206	2799	2828	2798	3738	2680	2700	2440	2955	2284	2331	2683	4466
	
Abundance
	Field Sparrow	0.003443081557994405	0.0	3.3003300330033004E-4	0.0	3.444712366517396E-4	0.0	1.8328445747800586E-4	0.0	2.9342723004694836E-4	0.0	9.45179584120983E-4	0.005566185423551922	0.0240990990990991	0.084689785326728	0.16063449508489722	0.22622500381621127	0.22305691996532795	0.07816254416961131	0.04395271294331616	0.018773264282246318	0.013713862120088955	0.015920826161790018	0.012106537530266344	0.014966522252855455	0.009423503325942351	0.004990642545227698	0.015434083601286173	0.009078529278256923	0.005521472392638037	0.008244994110718492	0.006263048016701462	0.007823129251700681	0.0019105846388995033	7.8003120124805E-4	0.0061609549480169425	0.016219588271990017	0.07324044301536263	0.08734087694483735	0.13009292351679771	0.07276618512573568	0.016044776119402984	0.007037037037037037	0.003278688524590164	0.0010152284263959391	0.005253940455341506	0.0	3.727171077152441E-4	0.013210927004030452
	Total # checklists submitted - (Field Sparrow)	4647	3500	3030	4287	2903	3748	5456	3029	3408	3753	4232	5749	4440	4239	4476	6551	6922	7075	6598	6179	2698	2324	2065	2539	1804	1603	1555	2203	1630	1698	1916	2940	2617	2564	2597	3206	2799	2828	2798	3738	2680	2700	2440	2955	2284	2331	2683	4466
	
Birds Per Party Hour
	Field Sparrow	3.4984491818454084	0.0	0.16	0.0	0.2	0.0	0.0	0.0	0.0	0.0	1.0476501496209532	0.6424289159810394	1.015310421757605	0.8989759285375867	1.7627373217625473	0.9623706818015724	0.9635822239306672	0.9169380213542827	0.7250646214142811	0.8716582228983802	0.9568171271220867	3.739979515887914	0.8638103719593656	1.1131523458559769	2.5589406055963617	1.4788007889690507	1.9656950412573486	2.274959574910379	0.5959331439440468	1.2520566625212501	1.5003795349829245	5.884526418704574	0.6013720878628184	0.15190642564180465	0.5717214542230812	0.4874509882168183	0.9258982911450915	0.7228864925663766	1.4836681460309054	0.8932862576832601	0.5978014546590508	0.3673618669393959	0.5486459388071061	0.17344854214368802	1.1361091650140516	0.0	0.4916420845624385	0.27048959376118853
	# checklists reporting species - (Field Sparrow)	7	0	1	0	2	0.0	0	0.0	0	0	3	33	76	229	377	850	871	383	229	88	22	20	20	27	10	5	13	13	7	6	6	7	6	1	12	43	113	144	171	163	41	15	8	3	5	0.0	1	26
	
High Count
	Field Sparrow	4	1	1	1	1	0.0	1	0.0	1	1	2	2	6	10	16	13	20	15	5	7	4	5	3	3	3	3	7	4	3	5	3	12	1	1	3	5	9	28	23	15	4	7	1	1	8	0.0	1	11
	# checklists reporting species - (Field Sparrow)	9	1	1	1	3	0.0	1	0.0	1	1	4	37	82	243	404	923	918	406	240	105	38	34	37	47	15	8	15	14	8	6	7	8	8	4	14	47	119	165	185	175	42	15	8	3	6	0.0	1	28
	
Totals
	Field Sparrow	19	1	1	0	3	0.0	1	0.0	1	1	5	39	109	394	775	1590	1645	579	302	135	45	53	38	58	21	11	27	21	9	14	14	23	7	2	17	61	213	278	389	303	50	21	8	3	12	0.0	1	60
	# checklists reporting species - (Field Sparrow)	9	1	1	0	3	0.0	1	0.0	1	1	4	36	81	239	395	885	894	390	231	100	34	33	32	47	14	8	14	13	7	6	7	7	7	2	12	47	117	156	181	171	42	15	8	3	5	0.0	1	26
	
Average Count
	Field Sparrow	2.111111111111111	1.0	1.0	0.0	1.0	0.0	1.0	0.0	1.0	1.0	1.25	1.0833333333333333	1.345679012345679	1.6485355648535565	1.9620253164556962	1.7966101694915255	1.8400447427293065	1.4846153846153847	1.3073593073593073	1.35	1.3235294117647058	1.606060606060606	1.1875	1.2340425531914894	1.5	1.375	1.9285714285714286	1.6153846153846154	1.2857142857142858	2.3333333333333335	2.0	3.2857142857142856	1.0	1.0	1.4166666666666667	1.297872340425532	1.8205128205128205	1.7820512820512822	2.149171270718232	1.7719298245614035	1.1904761904761905	1.4	1.0	1.0	2.4	0.0	1.0	2.3076923076923075
	# checklists reporting species - (Field Sparrow)	9	1	1	0	3	0.0	1	0.0	1	1	4	36	81	239	395	885	894	390	231	100	34	33	32	47	14	8	14	13	7	6	7	7	7	2	12	47	117	156	181	171	42	15	8	3	5	0.0	1	26
	
