

	Week starting on...	1/1	1/8	1/15	1/22	2/1	2/8	2/15	2/22	3/1	3/8	3/15	3/22	4/1	4/8	4/15	4/22	5/1	5/8	5/15	5/22	6/1	6/8	6/15	6/22	7/1	7/8	7/15	7/22	8/1	8/8	8/15	8/22	9/1	9/8	9/15	9/22	10/1	10/8	10/15	10/22	11/1	11/8	11/15	11/22	12/1	12/8	12/15	12/22
Frequency (%)
	American Bittern	0.0	0.0	0.0	0.0	0.0	0.0	0.0	0.0	0.0	0.0	0.0	0.0	0.04504504504504504	0.377447511205473	0.15638963360142985	0.564799267287437	0.7512279687951459	0.6643109540636042	0.4243710215216732	0.6149862437287588	0.2223869532987398	0.7314974182444062	0.5326876513317191	0.3938558487593541	0.11086474501108648	0.0	0.19292604501607716	0.22696323195642307	0.6134969325153374	0.2944640753828033	0.41753653444676403	0.9183673469387756	0.8788689338937715	0.31201248049922	0.693107431651906	0.8109794135995009	0.571632725973562	0.24752475247524752	0.25017869907076484	0.16051364365971107	0.11194029850746269	0.1111111111111111	0.0	0.0	0.0	0.0	0.0	0.0
	Total # checklists submitted - (American Bittern)	4647	3500	3030	4287	2903	3748	5456	3029	3408	3753	4232	5749	4440	4239	4476	6551	6922	7075	6598	6179	2698	2324	2065	2539	1804	1603	1555	2203	1630	1698	1916	2940	2617	2564	2597	3206	2799	2828	2798	3738	2680	2700	2440	2955	2284	2331	2683	4466
	
Abundance
	American Bittern	0.0	0.0	0.0	0.0	0.0	0.0	0.0	0.0	0.0	0.0	0.0	0.0	4.5045045045045046E-4	0.00377447511205473	0.0015638963360142986	0.00686918027782018	0.009679283444091302	0.007915194346289752	0.004395271294331616	0.009548470626314937	0.0037064492216456633	0.01161790017211704	0.00774818401937046	0.005513981882630957	0.0033259423503325942	0.0	0.0019292604501607716	0.003631411711302769	0.007975460122699387	0.002944640753828033	0.005219206680584551	0.01054421768707483	0.010317157050057318	0.0031201248049922	0.008471313053523296	0.009981285090455396	0.006788138620936048	0.002828854314002829	0.0025017869907076485	0.0016051364365971107	0.001119402985074627	0.0011111111111111111	0.0	0.0	0.0	0.0	0.0	0.0
	Total # checklists submitted - (American Bittern)	4647	3500	3030	4287	2903	3748	5456	3029	3408	3753	4232	5749	4440	4239	4476	6551	6922	7075	6598	6179	2698	2324	2065	2539	1804	1603	1555	2203	1630	1698	1916	2940	2617	2564	2597	3206	2799	2828	2798	3738	2680	2700	2440	2955	2284	2331	2683	4466
	
Birds Per Party Hour
	American Bittern	0.0	0.0	0.0	0.0	0.0	0.0	0.0	0.0	0.0	0.0	0.0	0.0	0.3269230769230769	3.551518142725766	8.71668849357925	0.569798950539963	0.402108880970527	1.4403181648561774	0.26550059522703867	0.38518078272661066	0.6445326278659612	0.5505678495700835	0.6274645350773375	0.2914419934640523	1.3333333333333333	0.0	0.5083333333333333	0.7361111111111112	0.47619047619047616	0.4166666666666667	0.7244897959183674	0.9972877793456133	0.6888056107249837	0.7718172198224627	0.41318207234955884	0.5947121655666869	0.5040431755782392	0.8804029284648948	0.22241701343423345	0.7953181691734565	0.3119047619047619	0.45112781954887216	0.0	0.0	0.0	0.0	0.0	0.0
	# checklists reporting species - (American Bittern)	0.0	0.0	0.0	0.0	0.0	0.0	0.0	0.0	0.0	0.0	0.0	0.0	2	26	7	29	41	39	23	34	6	16	11	8	2	0.0	3	4	7	3	7	22	25	7	17	24	16	6	7	4	3	3	0.0	0.0	0.0	0.0	0.0	0.0
	
High Count
	American Bittern	0.0	0.0	0.0	0.0	0.0	0.0	0.0	0.0	0.0	0.0	0.0	0.0	1	1	1	6	5	4	2	6	3	5	4	4	3	0.0	1	3	2	1	2	4	5	1	2	2	3	2	1	1	1	1	0.0	0.0	0.0	0.0	0.0	0.0
	# checklists reporting species - (American Bittern)	0.0	0.0	0.0	0.0	0.0	0.0	0.0	0.0	0.0	0.0	0.0	0.0	2	30	10	43	56	52	30	42	7	18	12	11	4	0.0	3	5	13	6	8	28	26	9	21	27	19	9	7	7	3	3	0.0	0.0	0.0	0.0	0.0	0.0
	
Totals
	American Bittern	0.0	0.0	0.0	0.0	0.0	0.0	0.0	0.0	0.0	0.0	0.0	0.0	2	30	9	50	70	61	31	62	11	28	17	15	8	0.0	3	8	16	6	10	32	30	9	25	33	22	10	7	7	3	3	0.0	0.0	0.0	0.0	0.0	0.0
	# checklists reporting species - (American Bittern)	0.0	0.0	0.0	0.0	0.0	0.0	0.0	0.0	0.0	0.0	0.0	0.0	2	30	9	39	50	47	30	41	7	17	12	11	3	0.0	3	5	13	6	8	27	26	9	21	26	19	9	7	7	3	3	0.0	0.0	0.0	0.0	0.0	0.0
	
Average Count
	American Bittern	0.0	0.0	0.0	0.0	0.0	0.0	0.0	0.0	0.0	0.0	0.0	0.0	1.0	1.0	1.0	1.2820512820512822	1.4	1.297872340425532	1.0333333333333334	1.5121951219512195	1.5714285714285714	1.6470588235294117	1.4166666666666667	1.3636363636363635	2.6666666666666665	0.0	1.0	1.6	1.2307692307692308	1.0	1.25	1.1851851851851851	1.1538461538461537	1.0	1.1904761904761905	1.2692307692307692	1.1578947368421053	1.1111111111111112	1.0	1.0	1.0	1.0	0.0	0.0	0.0	0.0	0.0	0.0
	# checklists reporting species - (American Bittern)	0.0	0.0	0.0	0.0	0.0	0.0	0.0	0.0	0.0	0.0	0.0	0.0	2	30	9	39	50	47	30	41	7	17	12	11	3	0.0	3	5	13	6	8	27	26	9	21	26	19	9	7	7	3	3	0.0	0.0	0.0	0.0	0.0	0.0
	
