

	Week starting on...	1/1	1/8	1/15	1/22	2/1	2/8	2/15	2/22	3/1	3/8	3/15	3/22	4/1	4/8	4/15	4/22	5/1	5/8	5/15	5/22	6/1	6/8	6/15	6/22	7/1	7/8	7/15	7/22	8/1	8/8	8/15	8/22	9/1	9/8	9/15	9/22	10/1	10/8	10/15	10/22	11/1	11/8	11/15	11/22	12/1	12/8	12/15	12/22
Frequency (%)
	Vesper Sparrow	0.0	0.0	0.0	0.0	0.0	0.0	0.0	0.0	0.029342723004694836	0.0	0.023629489603024575	0.10436597669159853	0.945945945945946	1.958008964378391	1.9213583556747096	1.9233704777896505	0.9823750361167293	0.9328621908127209	0.7881176113973931	0.9548470626314938	0.8524833209785025	0.774526678141136	0.7263922518159807	0.9846396218983853	0.3325942350332594	0.18714909544603867	0.3215434083601286	0.04539264639128461	0.18404907975460122	0.17667844522968199	0.20876826722338201	0.10204081632653061	0.07642338555598013	0.27301092043681746	0.15402387370042356	0.43668122270742354	0.4287245444801715	0.8486562942008486	0.6790564689063616	0.8293204922418406	0.11194029850746269	0.07407407407407407	0.0	0.0338409475465313	0.0	0.0	0.0	0.08956560680698611
	Total # checklists submitted - (Vesper Sparrow)	4647	3500	3030	4287	2903	3748	5456	3029	3408	3753	4232	5749	4440	4239	4476	6551	6922	7075	6598	6179	2698	2324	2065	2539	1804	1603	1555	2203	1630	1698	1916	2940	2617	2564	2597	3206	2799	2828	2798	3738	2680	2700	2440	2955	2284	2331	2683	4466
	
Abundance
	Vesper Sparrow	0.0	0.0	0.0	0.0	0.0	0.0	0.0	0.0	2.9342723004694836E-4	0.0	2.3629489603024575E-4	0.0013915463558879806	0.021621621621621623	0.03680113234253362	0.03775692582663092	0.04442069912990383	0.0180583646344987	0.01441696113074205	0.010912397696271597	0.016507525489561418	0.012972572275759823	0.00946643717728055	0.008716707021791767	0.02126821583300512	0.002771618625277162	0.0012476606363069245	0.0038585209003215433	4.5392646391284613E-4	0.003067484662576687	0.004122497055359246	0.003131524008350731	6.802721088435374E-4	3.8211692777990065E-4	0.0031201248049922	0.0019252984212552945	0.03898939488459139	0.004287245444801715	0.024045261669024046	0.011794138670478913	0.01819154628143392	0.001119402985074627	0.0011111111111111111	0.0	3.3840947546531303E-4	0.0	0.0	0.0	6.717420510523958E-4
	Total # checklists submitted - (Vesper Sparrow)	4647	3500	3030	4287	2903	3748	5456	3029	3408	3753	4232	5749	4440	4239	4476	6551	6922	7075	6598	6179	2698	2324	2065	2539	1804	1603	1555	2203	1630	1698	1916	2940	2617	2564	2597	3206	2799	2828	2798	3738	2680	2700	2440	2955	2284	2331	2683	4466
	
Birds Per Party Hour
	Vesper Sparrow	0.0	0.0	0.0	0.0	0.0	0.0	0.0	0.0	0.5	0.0	0.0	0.6223403988461056	0.6551426429482736	1.1005865627675313	1.9726137519963363	0.9096543521826427	0.7243413617022721	0.7488658586919898	0.6614739726461709	0.6580047143754215	0.6582938909579971	0.7177840315095217	0.5907012377600613	0.8200049151310531	0.3157894736842105	0.25	0.07142857142857142	0.0	0.6	0.5037037037037037	0.5458333333333333	0.25	0.3333333333333333	0.33835978835978836	0.6666666666666666	2.199299599167813	0.5543900127858149	1.618369413777364	0.3381985218374285	0.8786481597672751	0.4166666666666667	0.26666666666666666	0.0	0.5	0.0	0.0	0.0	0.18055555555555555
	# checklists reporting species - (Vesper Sparrow)	0.0	0.0	0.0	0.0	0.0	0.0	0.0	0.0	1	0.0	0	5	33	69	86	107	45	44	42	41	16	9	9	17	1	1	2	0	1	3	4	1	1	6	4	12	9	15	15	32	3	1	0.0	1	0.0	0.0	0.0	3
	
High Count
	Vesper Sparrow	0.0	0.0	0.0	0.0	0.0	0.0	0.0	0.0	1	0.0	1	2	11	10	13	80	10	7	12	11	4	10	5	8	3	1	2	1	3	4	2	1	1	2	2	100	2	30	7	12	1	2	0.0	1	0.0	0.0	0.0	1
	# checklists reporting species - (Vesper Sparrow)	0.0	0.0	0.0	0.0	0.0	0.0	0.0	0.0	2	0.0	1	6	47	99	111	141	76	71	59	61	25	20	15	26	7	6	5	1	4	4	5	4	2	7	4	17	15	28	23	35	3	2	0.0	1	0.0	0.0	0.0	4
	
Totals
	Vesper Sparrow	0.0	0.0	0.0	0.0	0.0	0.0	0.0	0.0	1	0.0	1	8	100	177	197	301	135	104	75	103	36	25	18	54	5	4	6	1	5	7	6	2	1	8	5	127	15	68	38	72	3	3	0.0	1	0.0	0.0	0.0	3
	# checklists reporting species - (Vesper Sparrow)	0.0	0.0	0.0	0.0	0.0	0.0	0.0	0.0	1	0.0	1	6	42	84	93	125	61	53	49	51	20	10	11	19	3	4	5	1	2	3	4	2	1	6	4	15	12	19	21	35	3	2	0.0	1	0.0	0.0	0.0	3
	
Average Count
	Vesper Sparrow	0.0	0.0	0.0	0.0	0.0	0.0	0.0	0.0	1.0	0.0	1.0	1.3333333333333333	2.380952380952381	2.107142857142857	2.118279569892473	2.408	2.2131147540983607	1.9622641509433962	1.530612244897959	2.019607843137255	1.8	2.5	1.6363636363636365	2.8421052631578947	1.6666666666666667	1.0	1.2	1.0	2.5	2.3333333333333335	1.5	1.0	1.0	1.3333333333333333	1.25	8.466666666666667	1.25	3.5789473684210527	1.8095238095238095	2.057142857142857	1.0	1.5	0.0	1.0	0.0	0.0	0.0	1.0
	# checklists reporting species - (Vesper Sparrow)	0.0	0.0	0.0	0.0	0.0	0.0	0.0	0.0	1	0.0	1	6	42	84	93	125	61	53	49	51	20	10	11	19	3	4	5	1	2	3	4	2	1	6	4	15	12	19	21	35	3	2	0.0	1	0.0	0.0	0.0	3
	
