

	Week starting on...	1/1	1/8	1/15	1/22	2/1	2/8	2/15	2/22	3/1	3/8	3/15	3/22	4/1	4/8	4/15	4/22	5/1	5/8	5/15	5/22	6/1	6/8	6/15	6/22	7/1	7/8	7/15	7/22	8/1	8/8	8/15	8/22	9/1	9/8	9/15	9/22	10/1	10/8	10/15	10/22	11/1	11/8	11/15	11/22	12/1	12/8	12/15	12/22
Frequency (%)
	White-breasted Nuthatch	20.550893049279104	21.685714285714287	21.914191419141915	22.25332400279916	21.35721667240785	22.43863393810032	20.784457478005866	20.072631231429515	20.363849765258216	19.74420463629097	18.59640831758034	19.029396416768133	19.166666666666668	17.126680820948337	15.415549597855227	14.867959090215235	14.547818549552153	13.879858657243815	12.352227947862989	8.350865835895776	6.412157153446999	6.712564543889846	8.813559322033898	8.74359984245766	10.753880266075388	10.230817217716782	11.639871382636656	9.623241034952338	12.515337423312884	10.836277974087162	13.100208768267224	13.911564625850339	16.01069927397784	15.912636505460217	16.634578359645747	16.62507797878977	20.221507681314755	21.994342291371993	23.76697641172266	23.327982878544677	22.611940298507463	21.925925925925927	21.762295081967213	21.86125211505922	23.336252189141856	24.7962247962248	32.20275810659709	31.997313031795787
	Total # checklists submitted - (White-breasted Nuthatch)	4647	3500	3030	4287	2903	3748	5456	3029	3408	3753	4232	5749	4440	4239	4476	6551	6922	7075	6598	6179	2698	2324	2065	2539	1804	1603	1555	2203	1630	1698	1916	2940	2617	2564	2597	3206	2799	2828	2798	3738	2680	2700	2440	2955	2284	2331	2683	4466
	
Abundance
	White-breasted Nuthatch	0.39638476436410586	0.42742857142857144	0.4267326732673267	0.4068112899463494	0.3871856699965553	0.4066168623265742	0.37005131964809385	0.38527566853747114	0.37353286384976525	0.39461763922195575	0.3388468809073724	0.33362323882414335	0.34346846846846846	0.27152630337343714	0.22542448614834673	0.22378262860631964	0.20918809592603294	0.1929328621908127	0.1652015762352228	0.10924097750445055	0.0793180133432172	0.09337349397590361	0.1467312348668281	0.13706183536825522	0.16463414634146342	0.15346225826575172	0.18135048231511253	0.14888788016341353	0.17607361963190185	0.1684334511189635	0.22181628392484343	0.22448979591836735	0.26022162781811237	0.24882995319812792	0.27300731613400075	0.25733000623830316	0.33619149696320116	0.4268033946251768	0.3924231593995711	0.39085072231139645	0.38917910447761195	0.37222222222222223	0.3614754098360656	0.3725888324873096	0.4264448336252189	0.5186615186615187	1.0678345136041745	0.9901477832512315
	Total # checklists submitted - (White-breasted Nuthatch)	4647	3500	3030	4287	2903	3748	5456	3029	3408	3753	4232	5749	4440	4239	4476	6551	6922	7075	6598	6179	2698	2324	2065	2539	1804	1603	1555	2203	1630	1698	1916	2940	2617	2564	2597	3206	2799	2828	2798	3738	2680	2700	2440	2955	2284	2331	2683	4466
	
Birds Per Party Hour
	White-breasted Nuthatch	2.807366494795063	2.942881011433934	2.825630053188386	2.944133650486009	2.995211018527836	2.866078672012855	2.777507515056305	2.596562695681575	2.7957937037659892	2.332446382183938	2.2235262506070543	2.081510483577759	1.92529279106504	1.912816365239959	1.6500813725203236	1.5554482411195119	1.1979595621475931	1.0795738473684182	1.017173608387652	1.118668632417243	1.9272126069292153	2.1980806751376365	1.892956840411063	2.974274972908701	2.4339174577367664	1.976758804744648	1.4678373133908964	1.442582288694857	1.6743992368932024	2.2488770412268764	1.626086409008277	1.6557514337009405	1.2672887750633373	1.771369203347275	1.5753038891500082	1.4575840665614528	1.6763311228427924	1.6081168188461514	1.7991510772474182	2.1974891619388344	2.1957380856085287	2.263922608517212	2.087213437013897	2.2396844483817375	2.373945543662646	2.6221183227147455	2.64586657964525	1.973496364916679
	# checklists reporting species - (White-breasted Nuthatch)	980	769	676	967	632	861	1169	610	700	748	792	1115	865	739	695	984	1010	1014	842	531	182	163	191	231	200	174	187	216	214	193	266	426	423	426	440	541	579	632	678	888	639	606	556	662	537	582	889	1427
	
High Count
	White-breasted Nuthatch	15	13	17	12	10	11	9	14	11	25	18	12	25	12	11	10	15	10	7	12	8	6	9	5	7	5	8	6	5	7	15	12	10	12	12	8	11	22	50	12	10	25	10	8	11	28	40	42
	# checklists reporting species - (White-breasted Nuthatch)	1036	806	704	1025	668	883	1205	647	748	784	833	1162	914	780	736	1041	1065	1070	872	577	211	184	223	297	233	191	197	229	218	204	277	446	438	448	472	588	629	686	733	959	685	641	575	689	574	613	937	1494
	
Totals
	White-breasted Nuthatch	1945	1559	1340	1826	1185	1576	2111	1216	1340	1537	1496	2010	1609	1224	1066	1546	1510	1456	1157	739	249	246	348	432	340	274	300	347	302	313	458	705	700	683	759	885	1008	1294	1171	1547	1143	1070	942	1158	1023	1259	3099	4537
	# checklists reporting species - (White-breasted Nuthatch)	1007	791	690	989	642	871	1184	631	719	765	805	1143	891	767	721	1015	1041	1038	853	564	198	178	219	294	230	186	193	222	216	200	272	432	426	440	461	576	614	669	711	922	666	619	565	675	559	597	920	1467
	
Average Count
	White-breasted Nuthatch	1.9314796425024827	1.9709228824273073	1.9420289855072463	1.846309403437816	1.8457943925233644	1.809414466130884	1.7829391891891893	1.9270998415213947	1.8636995827538247	2.0091503267973856	1.858385093167702	1.7585301837270342	1.8058361391694726	1.5958279009126466	1.478502080443828	1.523152709359606	1.4505283381364074	1.4026974951830442	1.3563892145369285	1.3102836879432624	1.2575757575757576	1.3820224719101124	1.5890410958904109	1.469387755102041	1.4782608695652173	1.4731182795698925	1.5544041450777202	1.563063063063063	1.3981481481481481	1.565	1.6838235294117647	1.6319444444444444	1.6431924882629108	1.5522727272727272	1.646420824295011	1.5364583333333333	1.6416938110749186	1.9342301943198805	1.6469760900140646	1.677874186550976	1.7162162162162162	1.72859450726979	1.6672566371681417	1.7155555555555555	1.8300536672629697	2.1088777219430486	3.368478260869565	3.092706203135651
	# checklists reporting species - (White-breasted Nuthatch)	1007	791	690	989	642	871	1184	631	719	765	805	1143	891	767	721	1015	1041	1038	853	564	198	178	219	294	230	186	193	222	216	200	272	432	426	440	461	576	614	669	711	922	666	619	565	675	559	597	920	1467
	
