

	Week starting on...	1/1	1/8	1/15	1/22	2/1	2/8	2/15	2/22	3/1	3/8	3/15	3/22	4/1	4/8	4/15	4/22	5/1	5/8	5/15	5/22	6/1	6/8	6/15	6/22	7/1	7/8	7/15	7/22	8/1	8/8	8/15	8/22	9/1	9/8	9/15	9/22	10/1	10/8	10/15	10/22	11/1	11/8	11/15	11/22	12/1	12/8	12/15	12/22
Frequency (%)
	Blackpoll Warbler	0.0	0.0	0.0	0.0	0.0	0.0	0.0	0.0	0.0	0.0	0.0	0.0	0.0	0.0	0.0	0.015264845061822624	0.028893383415197923	1.1024734982332156	8.820854804486208	17.171063278847708	3.2987398072646403	0.6884681583476765	0.048426150121065374	0.0	0.05543237250554324	0.0	0.0	0.0	0.0	0.0	0.5219206680584552	1.9387755102040816	7.336645013374092	11.037441497659907	10.935695032730074	8.296943231441048	5.501964987495534	2.2277227722772275	0.5003573981415297	0.26752273943285176	0.0373134328358209	0.0	0.0	0.0	0.0	0.0	0.0	0.0
	Total # checklists submitted - (Blackpoll Warbler)	4647	3500	3030	4287	2903	3748	5456	3029	3408	3753	4232	5749	4440	4239	4476	6551	6922	7075	6598	6179	2698	2324	2065	2539	1804	1603	1555	2203	1630	1698	1916	2940	2617	2564	2597	3206	2799	2828	2798	3738	2680	2700	2440	2955	2284	2331	2683	4466
	
Abundance
	Blackpoll Warbler	0.0	0.0	0.0	0.0	0.0	0.0	0.0	0.0	0.0	0.0	0.0	0.0	0.0	0.0	0.0	1.5264845061822624E-4	1.444669170759896E-4	0.013568904593639576	0.14080024249772657	0.37352322382262504	0.06338028169014084	0.00774526678141136	4.8426150121065375E-4	0.0	5.543237250554324E-4	0.0	0.0	0.0	0.0	0.0	0.006784968684759917	0.023809523809523808	0.16048910966755828	0.25585023400936036	0.27300731613400075	0.17560823456019964	0.11539835655591282	0.033946251768033946	0.005003573981415297	0.002675227394328518	3.7313432835820896E-4	0.0	0.0	0.0	0.0	0.0	0.0	0.0
	Total # checklists submitted - (Blackpoll Warbler)	4647	3500	3030	4287	2903	3748	5456	3029	3408	3753	4232	5749	4440	4239	4476	6551	6922	7075	6598	6179	2698	2324	2065	2539	1804	1603	1555	2203	1630	1698	1916	2940	2617	2564	2597	3206	2799	2828	2798	3738	2680	2700	2440	2955	2284	2331	2683	4466
	
Birds Per Party Hour
	Blackpoll Warbler	0.0	0.0	0.0	0.0	0.0	0.0	0.0	0.0	0.0	0.0	0.0	0.0	0.0	0.0	0.0	5.9880239520958085	0.9166666666666666	0.9444193225462333	0.96934285172667	1.6522424836335952	1.5776779636766525	1.2485071005270874	1.0	0.0	0.26089225150013046	0.0	0.0	0.0	0.0	0.0	0.45444206479350874	0.6173860029422602	0.947065097075275	1.0927173996786965	1.125120366628502	0.960544911914831	0.8951764849052405	0.810286191888437	0.5283590146851628	0.43912853274104235	0.2	0.0	0.0	0.0	0.0	0.0	0.0	0.0
	# checklists reporting species - (Blackpoll Warbler)	0.0	0.0	0.0	0.0	0.0	0.0	0.0	0.0	0.0	0.0	0.0	0.0	0.0	0.0	0.0	1	2	102	808	1874	287	19	1	0.0	1	0.0	0.0	0.0	0.0	0.0	10	60	193	289	303	281	161	68	14	11	1	0.0	0.0	0.0	0.0	0.0	0.0	0.0
	
High Count
	Blackpoll Warbler	0.0	0.0	0.0	0.0	0.0	0.0	0.0	0.0	0.0	0.0	0.0	0.0	0.0	0.0	0.0	1	1	4	19	22	14	2	1	0.0	1	0.0	0.0	0.0	0.0	0.0	2	7	20	40	21	30	46	6	2	1	1	0.0	0.0	0.0	0.0	0.0	0.0	0.0
	# checklists reporting species - (Blackpoll Warbler)	0.0	0.0	0.0	0.0	0.0	0.0	0.0	0.0	0.0	0.0	0.0	0.0	0.0	0.0	0.0	2	3	109	869	1998	305	21	1	0.0	2	0.0	0.0	0.0	0.0	0.0	10	65	211	316	324	301	174	72	15	11	1	0.0	0.0	0.0	0.0	0.0	0.0	0.0
	
Totals
	Blackpoll Warbler	0.0	0.0	0.0	0.0	0.0	0.0	0.0	0.0	0.0	0.0	0.0	0.0	0.0	0.0	0.0	1	2	135	1335	4262	515	23	1	0.0	2	0.0	0.0	0.0	0.0	0.0	13	84	442	730	811	643	358	109	15	11	1	0.0	0.0	0.0	0.0	0.0	0.0	0.0
	# checklists reporting species - (Blackpoll Warbler)	0.0	0.0	0.0	0.0	0.0	0.0	0.0	0.0	0.0	0.0	0.0	0.0	0.0	0.0	0.0	1	2	105	826	1957	300	21	1	0.0	2	0.0	0.0	0.0	0.0	0.0	10	62	204	302	318	293	172	70	14	11	1	0.0	0.0	0.0	0.0	0.0	0.0	0.0
	
Average Count
	Blackpoll Warbler	0.0	0.0	0.0	0.0	0.0	0.0	0.0	0.0	0.0	0.0	0.0	0.0	0.0	0.0	0.0	1.0	1.0	1.2857142857142858	1.616222760290557	2.177823198773633	1.7166666666666666	1.0952380952380953	1.0	0.0	1.0	0.0	0.0	0.0	0.0	0.0	1.3	1.3548387096774193	2.1666666666666665	2.4172185430463577	2.550314465408805	2.1945392491467577	2.0813953488372094	1.5571428571428572	1.0714285714285714	1.0	1.0	0.0	0.0	0.0	0.0	0.0	0.0	0.0
	# checklists reporting species - (Blackpoll Warbler)	0.0	0.0	0.0	0.0	0.0	0.0	0.0	0.0	0.0	0.0	0.0	0.0	0.0	0.0	0.0	1	2	105	826	1957	300	21	1	0.0	2	0.0	0.0	0.0	0.0	0.0	10	62	204	302	318	293	172	70	14	11	1	0.0	0.0	0.0	0.0	0.0	0.0	0.0
	
