

	Week starting on...	1/1	1/8	1/15	1/22	2/1	2/8	2/15	2/22	3/1	3/8	3/15	3/22	4/1	4/8	4/15	4/22	5/1	5/8	5/15	5/22	6/1	6/8	6/15	6/22	7/1	7/8	7/15	7/22	8/1	8/8	8/15	8/22	9/1	9/8	9/15	9/22	10/1	10/8	10/15	10/22	11/1	11/8	11/15	11/22	12/1	12/8	12/15	12/22
Frequency (%)
	Eastern Phoebe	0.08607703894986013	0.0	0.066006600660066	0.023326335432703522	0.06889424733034792	0.026680896478121666	0.0	0.0	0.0	0.02664535038635758	0.30718336483931946	5.392242129065925	17.5	23.637650389242744	18.78909740840036	12.10502213402534	7.7289800635654435	6.628975265017669	6.547438617762959	6.683929438420456	4.040029651593773	4.647160068846816	3.486682808716707	4.2142575817250885	3.270509977827051	3.1191515907673115	3.858520900321544	2.9505220154334997	3.9877300613496933	2.8857479387514724	4.853862212943633	4.965986394557823	5.42606037447459	5.655226209048362	11.590296495956872	20.586400499064254	27.0811003929975	24.787835926449787	21.19370979270908	12.118780096308186	5.0	1.7777777777777777	0.6147540983606558	0.3045685279187817	0.39404553415061294	0.21450021450021448	0.2609019754006709	0.06717420510523958
	Total # checklists submitted - (Eastern Phoebe)	4647	3500	3030	4287	2903	3748	5456	3029	3408	3753	4232	5749	4440	4239	4476	6551	6922	7075	6598	6179	2698	2324	2065	2539	1804	1603	1555	2203	1630	1698	1916	2940	2617	2564	2597	3206	2799	2828	2798	3738	2680	2700	2440	2955	2284	2331	2683	4466
	
Abundance
	Eastern Phoebe	8.607703894986013E-4	0.0	6.600660066006601E-4	2.3326335432703523E-4	6.889424733034792E-4	2.6680896478121667E-4	0.0	0.0	0.0	2.664535038635758E-4	0.0033081285444234404	0.08905896677683076	0.36486486486486486	0.5178108044350083	0.36595174262734587	0.2019539001679133	0.1041606472117885	0.08749116607773852	0.08532888754167929	0.087716458973944	0.05485544848035582	0.06411359724612736	0.04891041162227603	0.05395825128003151	0.038802660753880266	0.050530255770430445	0.05852090032154341	0.03903767589650477	0.053987730061349694	0.0353356890459364	0.0652400835073069	0.0707482993197279	0.06419564386702331	0.07137285491419657	0.25144397381594147	0.48346849656893326	0.9103251161128975	0.6375530410183875	0.46997855611150824	0.19448903156768324	0.06380597014925374	0.02148148148148148	0.0069672131147540985	0.003045685279187817	0.0043782837127845885	0.002574002574002574	0.002981736861721953	6.717420510523958E-4
	Total # checklists submitted - (Eastern Phoebe)	4647	3500	3030	4287	2903	3748	5456	3029	3408	3753	4232	5749	4440	4239	4476	6551	6922	7075	6598	6179	2698	2324	2065	2539	1804	1603	1555	2203	1630	1698	1916	2940	2617	2564	2597	3206	2799	2828	2798	3738	2680	2700	2440	2955	2284	2331	2683	4466
	
Birds Per Party Hour
	Eastern Phoebe	2.3253968253968256	0.0	0.8290486272137648	0.6666666666666666	0.8156108597285068	0.7727768685215494	0.0	0.0	0.0	0.3749531308586427	0.5079574186192554	1.1636006308130171	1.3550100824200717	1.5388909208043096	1.3815364774227652	1.0902602095042178	0.7405704482437397	0.7366416854535325	0.8376972105517717	0.771268057735068	1.6713841077590776	1.443826101260693	0.8684907955855654	0.9929706397579868	1.6282763559554343	1.3604351539796031	1.3301548517183788	1.0591637685900637	0.9218192000096997	0.8025962208899396	0.9446474114635802	0.8853257536562708	0.711567328153092	0.738797334013116	1.1562498105245882	1.3147453702078615	1.9439518550408454	1.8129404651711263	1.678652154074273	0.9731347990837871	0.7191430673843583	0.5708576016080302	0.8711394106607044	0.8720240114575986	1.1338937787943126	0.46268217678677	0.34161984046620403	0.7765429762074703
	# checklists reporting species - (Eastern Phoebe)	5	0.0	2	1	2	2	0.0	0.0	0.0	1	11	317	792	1016	852	781	526	454	429	407	111	108	71	102	58	49	58	65	65	57	92	150	144	147	311	659	765	692	608	464	144	51	15	10	10	5	7	3
	
High Count
	Eastern Phoebe	1	0.0	1	1	1	1	0.0	0.0	0.0	1	2	18	28	22	10	10	7	6	6	6	6	5	4	4	2	8	6	6	4	3	7	7	4	4	21	40	100	30	22	10	5	3	2	1	2	2	2	1
	# checklists reporting species - (Eastern Phoebe)	5	0.0	2	1	2	2	0.0	0.0	0.0	1	14	340	858	1102	901	840	563	496	460	444	130	118	83	119	67	53	61	69	69	60	99	160	153	157	341	726	836	773	664	496	148	52	16	10	10	6	7	3
	
Totals
	Eastern Phoebe	5	0.0	2	1	2	2	0.0	0.0	0.0	1	15	541	1728	2375	1717	1384	752	652	593	576	172	160	112	151	77	85	92	90	93	75	132	223	179	194	705	1663	2688	1963	1406	782	189	62	18	10	11	7	8	3
	# checklists reporting species - (Eastern Phoebe)	5	0.0	2	1	2	2	0.0	0.0	0.0	1	13	327	841	1078	877	818	544	473	440	431	125	115	82	115	63	53	60	69	67	60	92	158	147	153	332	702	805	748	648	480	147	52	16	10	10	6	7	3
	
Average Count
	Eastern Phoebe	1.0	0.0	1.0	1.0	1.0	1.0	0.0	0.0	0.0	1.0	1.1538461538461537	1.654434250764526	2.0546967895362664	2.2031539888682747	1.9578107183580387	1.6919315403422983	1.3823529411764706	1.3784355179704018	1.3477272727272727	1.3364269141531322	1.376	1.391304347826087	1.3658536585365855	1.3130434782608695	1.2222222222222223	1.6037735849056605	1.5333333333333334	1.3043478260869565	1.3880597014925373	1.25	1.434782608695652	1.4113924050632911	1.217687074829932	1.2679738562091503	2.1234939759036147	2.368945868945869	3.3391304347826085	2.624331550802139	2.169753086419753	1.6291666666666667	1.2857142857142858	1.1923076923076923	1.125	1.0	1.1	1.1666666666666667	1.1428571428571428	1.0
	# checklists reporting species - (Eastern Phoebe)	5	0.0	2	1	2	2	0.0	0.0	0.0	1	13	327	841	1078	877	818	544	473	440	431	125	115	82	115	63	53	60	69	67	60	92	158	147	153	332	702	805	748	648	480	147	52	16	10	10	6	7	3
	
