

	Week starting on...	1/1	1/8	1/15	1/22	2/1	2/8	2/15	2/22	3/1	3/8	3/15	3/22	4/1	4/8	4/15	4/22	5/1	5/8	5/15	5/22	6/1	6/8	6/15	6/22	7/1	7/8	7/15	7/22	8/1	8/8	8/15	8/22	9/1	9/8	9/15	9/22	10/1	10/8	10/15	10/22	11/1	11/8	11/15	11/22	12/1	12/8	12/15	12/22
Frequency (%)
	Least Bittern	0.0	0.0	0.0	0.0	0.0	0.0	0.0	0.0	0.0	0.0	0.0	0.0	0.0	0.0	0.0	0.03052969012364525	0.04334007512279688	0.15547703180212014	0.7426492876629281	2.087716458973944	0.18532246108228317	0.5163511187607573	0.4358353510895884	0.3544702638834187	0.3880266075388027	0.06238303181534623	0.19292604501607716	0.13617793917385385	0.6748466257668712	0.88339222614841	0.8872651356993737	0.3401360544217687	0.6113870844478411	1.40405616224649	0.8856372737774355	0.280723643169058	0.03572704537334762	0.0	0.28591851322373124	0.1070090957731407	0.0	0.0	0.0	0.0	0.0	0.0	0.0	0.0
	Total # checklists submitted - (Least Bittern)	4647	3500	3030	4287	2903	3748	5456	3029	3408	3753	4232	5749	4440	4239	4476	6551	6922	7075	6598	6179	2698	2324	2065	2539	1804	1603	1555	2203	1630	1698	1916	2940	2617	2564	2597	3206	2799	2828	2798	3738	2680	2700	2440	2955	2284	2331	2683	4466
	
Abundance
	Least Bittern	0.0	0.0	0.0	0.0	0.0	0.0	0.0	0.0	0.0	0.0	0.0	0.0	0.0	0.0	0.0	3.052969012364525E-4	4.334007512279688E-4	0.001696113074204947	0.007578053955744165	0.022657387926849005	0.0029651593773165306	0.0068846815834767644	0.007263922518159807	0.0035447026388341868	0.004434589800443459	6.238303181534623E-4	0.003215434083601286	0.0013617793917385383	0.0098159509202454	0.009422850412249705	0.012004175365344467	0.003401360544217687	0.006495987772258311	0.014040561622464899	0.008856372737774355	0.0028072364316905803	3.572704537334762E-4	0.0	0.0028591851322373124	0.001070090957731407	0.0	0.0	0.0	0.0	0.0	0.0	0.0	0.0
	Total # checklists submitted - (Least Bittern)	4647	3500	3030	4287	2903	3748	5456	3029	3408	3753	4232	5749	4440	4239	4476	6551	6922	7075	6598	6179	2698	2324	2065	2539	1804	1603	1555	2203	1630	1698	1916	2940	2617	2564	2597	3206	2799	2828	2798	3738	2680	2700	2440	2955	2284	2331	2683	4466
	
Birds Per Party Hour
	Least Bittern	0.0	0.0	0.0	0.0	0.0	0.0	0.0	0.0	0.0	0.0	0.0	0.0	0.0	0.0	0.0	0.5714285714285714	0.8611111111111112	0.4135388904159099	0.5237568332079163	0.8504312746868825	0.6518965122148013	0.4839536820374266	0.666451648125517	1.2377642434928995	0.5331351486081475	0.9372071227741331	6.190763052208835	0.2111111111111111	0.4596496265856814	0.4426888603699188	0.47559479845040115	0.28226317883431296	0.33468732525241934	0.7298623998274949	0.8690376948870547	0.2514012658518969	0.38211692777990064	0.0	0.4804710029423313	1.0491150351986256	0.0	0.0	0.0	0.0	0.0	0.0	0.0	0.0
	# checklists reporting species - (Least Bittern)	0.0	0.0	0.0	0.0	0.0	0.0	0.0	0.0	0.0	0.0	0.0	0.0	0.0	0.0	0.0	2	3	13	58	152	8	11	10	9	7	1	2	2	9	17	17	10	17	45	26	9	1	0	11	4	0.0	0.0	0.0	0.0	0.0	0.0	0.0	0.0
	
High Count
	Least Bittern	0.0	0.0	0.0	0.0	0.0	0.0	0.0	0.0	0.0	0.0	0.0	0.0	0.0	0.0	0.0	1	1	2	2	5	4	2	3	1	3	1	3	1	3	2	6	2	2	1	1	1	1	1	1	1	0.0	0.0	0.0	0.0	0.0	0.0	0.0	0.0
	# checklists reporting species - (Least Bittern)	0.0	0.0	0.0	0.0	0.0	0.0	0.0	0.0	0.0	0.0	0.0	0.0	0.0	0.0	0.0	2	5	17	61	160	10	15	10	9	9	3	4	4	12	18	19	14	19	55	32	11	1	1	11	4	0.0	0.0	0.0	0.0	0.0	0.0	0.0	0.0
	
Totals
	Least Bittern	0.0	0.0	0.0	0.0	0.0	0.0	0.0	0.0	0.0	0.0	0.0	0.0	0.0	0.0	0.0	2	5	16	61	169	13	19	17	9	12	3	6	4	17	18	25	16	20	53	31	11	1	1	11	4	0.0	0.0	0.0	0.0	0.0	0.0	0.0	0.0
	# checklists reporting species - (Least Bittern)	0.0	0.0	0.0	0.0	0.0	0.0	0.0	0.0	0.0	0.0	0.0	0.0	0.0	0.0	0.0	2	5	15	60	158	9	14	10	9	9	3	4	4	12	17	18	13	19	53	31	11	1	1	11	4	0.0	0.0	0.0	0.0	0.0	0.0	0.0	0.0
	
Average Count
	Least Bittern	0.0	0.0	0.0	0.0	0.0	0.0	0.0	0.0	0.0	0.0	0.0	0.0	0.0	0.0	0.0	1.0	1.0	1.0666666666666667	1.0166666666666666	1.0696202531645569	1.4444444444444444	1.3571428571428572	1.7	1.0	1.3333333333333333	1.0	1.5	1.0	1.4166666666666667	1.0588235294117647	1.3888888888888888	1.2307692307692308	1.0526315789473684	1.0	1.0	1.0	1.0	1.0	1.0	1.0	0.0	0.0	0.0	0.0	0.0	0.0	0.0	0.0
	# checklists reporting species - (Least Bittern)	0.0	0.0	0.0	0.0	0.0	0.0	0.0	0.0	0.0	0.0	0.0	0.0	0.0	0.0	0.0	2	5	15	60	158	9	14	10	9	9	3	4	4	12	17	18	13	19	53	31	11	1	1	11	4	0.0	0.0	0.0	0.0	0.0	0.0	0.0	0.0
	
