

	Week starting on...	1/1	1/8	1/15	1/22	2/1	2/8	2/15	2/22	3/1	3/8	3/15	3/22	4/1	4/8	4/15	4/22	5/1	5/8	5/15	5/22	6/1	6/8	6/15	6/22	7/1	7/8	7/15	7/22	8/1	8/8	8/15	8/22	9/1	9/8	9/15	9/22	10/1	10/8	10/15	10/22	11/1	11/8	11/15	11/22	12/1	12/8	12/15	12/22
Frequency (%)
	Pied-billed Grebe	0.5379814934366258	0.37142857142857144	0.09900990099009901	0.16328434802892466	0.24112986565621772	0.240128068303095	0.10997067448680353	0.231099372730274	0.35211267605633806	0.9059419131361577	2.6701323251417772	4.400765350495738	7.657657657657657	7.808445388063221	6.8141197497765855	4.487864448175851	2.600404507367813	0.6360424028268552	0.5910882085480449	0.8091924259588931	1.1119347664936992	0.9896729776247849	1.694915254237288	1.6935801496652227	1.8292682926829267	1.3100436681222707	1.2861736334405145	1.8610985020426691	1.7791411042944787	2.5912838633686692	3.392484342379958	3.9795918367346936	6.1520825372564	6.123244929797192	7.585675779745861	8.359326263256396	8.28867452661665	10.254596888260254	9.828448892065762	8.747993579454254	5.746268656716418	2.9629629629629632	1.2295081967213115	0.6091370558375634	1.2259194395796849	0.4719004719004719	0.3354453969437197	0.2686968204209583
	Total # checklists submitted - (Pied-billed Grebe)	4647	3500	3030	4287	2903	3748	5456	3029	3408	3753	4232	5749	4440	4239	4476	6551	6922	7075	6598	6179	2698	2324	2065	2539	1804	1603	1555	2203	1630	1698	1916	2940	2617	2564	2597	3206	2799	2828	2798	3738	2680	2700	2440	2955	2284	2331	2683	4466
	
Abundance
	Pied-billed Grebe	0.005595007531740908	0.0037142857142857142	0.0013201320132013201	0.0016328434802892467	0.003100241129865656	0.0021344717182497333	0.0018328445747800588	0.002641135688345989	0.0038145539906103286	0.011990407673860911	0.03213610586011342	0.0572273438858932	0.11981981981981982	0.12149091766926162	0.10411081322609472	0.06426499771027325	0.03279399017624964	0.008763250883392226	0.007123370718399515	0.014727302152451853	0.025203854707190512	0.026247848537005163	0.04116222760290557	0.06301693580149666	0.0787139689578714	0.049906425452276984	0.04501607717041801	0.05220154334997731	0.03374233128834356	0.06537102473498234	0.054279749478079335	0.08061224489795918	0.10508215513947268	0.12480499219968799	0.14401232190989605	0.1512788521522146	0.1486245087531261	0.19448373408769448	0.18084345961401	0.14606741573033707	0.0880597014925373	0.04666666666666667	0.013934426229508197	0.007445008460236886	0.013134851138353765	0.004719004719004719	0.004099888184867686	0.0033587102552619795
	Total # checklists submitted - (Pied-billed Grebe)	4647	3500	3030	4287	2903	3748	5456	3029	3408	3753	4232	5749	4440	4239	4476	6551	6922	7075	6598	6179	2698	2324	2065	2539	1804	1603	1555	2203	1630	1698	1916	2940	2617	2564	2597	3206	2799	2828	2798	3738	2680	2700	2440	2955	2284	2331	2683	4466
	
Birds Per Party Hour
	Pied-billed Grebe	1.277114065416233	0.9672103501674469	1.546322753391574	1.0568542165908117	1.875803697796685	2.1046677372237905	1.5172851368746652	1.2183834658630088	0.9645041724672373	1.0098199430189772	1.3034328492913154	1.373559447950452	1.5504195720772003	1.3021030407378769	1.4072753090106669	1.198140968490796	0.8603379401081888	1.042620465053129	1.0294300181737173	2.2773881152466453	2.625551284868416	4.897671695066149	3.088064364496577	6.409474552619115	4.051048800418804	6.965728159707155	9.589755733833586	3.0868301767484487	1.1412511377129613	2.7835060155605937	1.5634502791319378	2.283971743227842	0.9829808221054237	0.6953724088851738	1.2284435169964532	0.8533692746790086	0.7993255712666989	0.8209418705760454	1.3933790637281342	0.9785473008622286	0.8459569759697407	0.9119586002642384	1.0398164796131542	0.7742355864835281	0.8433968092754359	0.7732461609884875	0.9831989498656165	0.6982881854130982
	# checklists reporting species - (Pied-billed Grebe)	25	11	4	7	8	8	6	7	13	39	119	253	350	326	299	287	178	42	37	45	32	22	36	44	35	21	20	42	27	47	66	119	161	157	208	275	231	293	286	343	163	82	28	19	25	12	9	11
	
High Count
	Pied-billed Grebe	2	2	2	1	2	1	2	2	2	4	3	5	9	9	8	9	8	3	3	20	12	7	8	9	9	11	14	11	8	8	8	10	8	26	10	11	10	11	12	8	6	11	4	2	2	1	2	2
	# checklists reporting species - (Pied-billed Grebe)	27	13	4	7	8	12	6	7	13	39	121	270	373	349	330	311	192	49	43	59	38	25	36	46	36	22	21	45	30	49	70	133	166	169	227	296	245	312	297	360	170	88	31	20	31	13	9	12
	
Totals
	Pied-billed Grebe	29	13	6	7	10	10	10	8	14	50	144	354	572	531	497	444	239	67	52	106	74	63	86	172	154	81	74	120	56	119	109	260	281	339	418	531	440	589	540	602	260	137	36	23	33	13	11	15
	# checklists reporting species - (Pied-billed Grebe)	26	12	4	7	8	10	6	7	13	39	120	267	364	338	314	300	186	45	42	54	36	23	36	44	35	22	21	44	30	49	69	131	166	163	223	291	243	309	291	359	167	87	30	19	28	13	9	12
	
Average Count
	Pied-billed Grebe	1.1153846153846154	1.0833333333333333	1.5	1.0	1.25	1.0	1.6666666666666667	1.1428571428571428	1.0769230769230769	1.2820512820512822	1.2	1.3258426966292134	1.5714285714285714	1.5710059171597632	1.5828025477707006	1.48	1.2849462365591398	1.488888888888889	1.2380952380952381	1.962962962962963	2.0555555555555554	2.739130434782609	2.388888888888889	3.909090909090909	4.4	3.6818181818181817	3.5238095238095237	2.727272727272727	1.8666666666666667	2.4285714285714284	1.5797101449275361	1.984732824427481	1.6927710843373494	2.079754601226994	1.8744394618834082	1.824742268041237	1.8106995884773662	1.9061488673139158	1.8556701030927836	1.6768802228412256	1.5568862275449102	1.5747126436781609	1.2	1.2105263157894737	1.1785714285714286	1.0	1.2222222222222223	1.25
	# checklists reporting species - (Pied-billed Grebe)	26	12	4	7	8	10	6	7	13	39	120	267	364	338	314	300	186	45	42	54	36	23	36	44	35	22	21	44	30	49	69	131	166	163	223	291	243	309	291	359	167	87	30	19	28	13	9	12
	
