

	Week starting on...	1/1	1/8	1/15	1/22	2/1	2/8	2/15	2/22	3/1	3/8	3/15	3/22	4/1	4/8	4/15	4/22	5/1	5/8	5/15	5/22	6/1	6/8	6/15	6/22	7/1	7/8	7/15	7/22	8/1	8/8	8/15	8/22	9/1	9/8	9/15	9/22	10/1	10/8	10/15	10/22	11/1	11/8	11/15	11/22	12/1	12/8	12/15	12/22
Frequency (%)
	Spotted Sandpiper	0.021519259737465032	0.0	0.0	0.0	0.0	0.0	0.0	0.0	0.0	0.0	0.0	0.0	0.0	0.0	0.6032171581769437	3.7856815753320103	10.069344120196474	12.254416961130742	15.444073961806609	20.48875222527917	14.936990363232026	13.984509466437178	11.767554479418886	9.767625049231981	13.913525498891351	14.0361821584529	18.006430868167204	18.8833408987744	21.226993865030675	20.671378091872793	20.772442588726513	16.666666666666664	14.673290026748184	9.945397815912637	8.201771274547555	4.429195258889583	2.2508038585209005	1.2022630834512023	1.0364546104360257	0.18726591760299627	0.0	0.037037037037037035	0.0	0.0	0.0	0.0	0.0	0.0
	Total # checklists submitted - (Spotted Sandpiper)	4647	3500	3030	4287	2903	3748	5456	3029	3408	3753	4232	5749	4440	4239	4476	6551	6922	7075	6598	6179	2698	2324	2065	2539	1804	1603	1555	2203	1630	1698	1916	2940	2617	2564	2597	3206	2799	2828	2798	3738	2680	2700	2440	2955	2284	2331	2683	4466
	
Abundance
	Spotted Sandpiper	2.1519259737465033E-4	0.0	0.0	0.0	0.0	0.0	0.0	0.0	0.0	0.0	0.0	0.0	0.0	0.0	0.006255585344057194	0.062433216302854526	0.24371568910719446	0.36226148409893993	0.6156411033646559	0.8702055348761936	0.6148999258710156	0.5008605851979346	0.40242130750605326	0.31705395825128	0.47560975609756095	0.4429195258889582	0.5614147909967846	0.6277802995914662	0.652760736196319	0.5530035335689046	0.535490605427975	0.3551020408163265	0.2705387848681697	0.17784711388455537	0.12668463611859837	0.06768558951965066	0.030010718113612004	0.01661951909476662	0.01250893495353824	0.002140181915462814	0.0	3.7037037037037035E-4	0.0	0.0	0.0	0.0	0.0	0.0
	Total # checklists submitted - (Spotted Sandpiper)	4647	3500	3030	4287	2903	3748	5456	3029	3408	3753	4232	5749	4440	4239	4476	6551	6922	7075	6598	6179	2698	2324	2065	2539	1804	1603	1555	2203	1630	1698	1916	2940	2617	2564	2597	3206	2799	2828	2798	3738	2680	2700	2440	2955	2284	2331	2683	4466
	
Birds Per Party Hour
	Spotted Sandpiper	0.0	0.0	0.0	0.0	0.0	0.0	0.0	0.0	0.0	0.0	0.0	0.0	0.0	0.0	0.7321544074373175	0.855592349366013	1.0868324769433306	1.6020723527527048	1.8253928519705145	2.051499936619424	2.466933589605679	2.3444408734151136	3.1955014680066833	2.8159507079602455	3.073175687935217	3.040338771895183	1.899612645620172	2.106048644874424	2.3816098163723014	2.2664385196194266	1.4406423953969973	1.1488205898639845	0.9657756653423188	0.8716559196699273	0.7212919008962806	0.6131077405066631	0.5452330010128877	0.6009291670444525	0.4279557417889836	0.5314905645732714	0.0	0.43782837127845886	0.5	0.0	0.0	0.0	0.0	0.0
	# checklists reporting species - (Spotted Sandpiper)	1	0.0	0.0	0.0	0.0	0.0	0.0	0.0	0.0	0.0	0.0	0.0	0.0	0.0	29	234	693	860	1017	1268	389	311	235	243	253	226	289	428	336	356	414	513	383	254	218	150	63	34	28	7	0.0	1	1	0.0	0.0	0.0	0.0	0.0
	
High Count
	Spotted Sandpiper	1	0.0	0.0	0.0	0.0	0.0	0.0	0.0	0.0	0.0	0.0	0.0	0.0	0.0	2	6	20	21	30	30	30	21	30	20	25	24	22	40	25	16	15	15	15	11	7	6	6	4	3	2	0.0	1	1	0.0	0.0	0.0	0.0	0.0
	# checklists reporting species - (Spotted Sandpiper)	1	0.0	0.0	0.0	0.0	0.0	0.0	0.0	0.0	0.0	0.0	0.0	0.0	0.0	31	274	743	936	1095	1412	440	362	270	303	287	259	306	459	384	388	447	557	417	279	245	155	67	36	30	9	0.0	1	1	0.0	0.0	0.0	0.0	0.0
	
Totals
	Spotted Sandpiper	1	0.0	0.0	0.0	0.0	0.0	0.0	0.0	0.0	0.0	0.0	0.0	0.0	0.0	31	436	1760	2735	4263	5789	1782	1249	860	892	919	765	920	1520	1177	1042	1152	1195	770	492	369	234	90	49	36	10	0.0	1	1	0.0	0.0	0.0	0.0	0.0
	# checklists reporting species - (Spotted Sandpiper)	1	0.0	0.0	0.0	0.0	0.0	0.0	0.0	0.0	0.0	0.0	0.0	0.0	0.0	30	258	716	892	1042	1333	410	340	256	292	276	240	296	444	354	370	434	539	401	268	237	154	67	36	30	9	0.0	1	1	0.0	0.0	0.0	0.0	0.0
	
Average Count
	Spotted Sandpiper	1.0	0.0	0.0	0.0	0.0	0.0	0.0	0.0	0.0	0.0	0.0	0.0	0.0	0.0	1.0333333333333334	1.689922480620155	2.458100558659218	3.0661434977578477	4.091170825335893	4.342835708927232	4.3463414634146345	3.6735294117647057	3.359375	3.0547945205479454	3.329710144927536	3.1875	3.108108108108108	3.4234234234234235	3.324858757062147	2.8162162162162163	2.654377880184332	2.217068645640074	1.9201995012468829	1.835820895522388	1.5569620253164558	1.5194805194805194	1.3432835820895523	1.3611111111111112	1.2	1.1111111111111112	0.0	1.0	1.0	0.0	0.0	0.0	0.0	0.0
	# checklists reporting species - (Spotted Sandpiper)	1	0.0	0.0	0.0	0.0	0.0	0.0	0.0	0.0	0.0	0.0	0.0	0.0	0.0	30	258	716	892	1042	1333	410	340	256	292	276	240	296	444	354	370	434	539	401	268	237	154	67	36	30	9	0.0	1	1	0.0	0.0	0.0	0.0	0.0
	
