

	Week starting on...	1/1	1/8	1/15	1/22	2/1	2/8	2/15	2/22	3/1	3/8	3/15	3/22	4/1	4/8	4/15	4/22	5/1	5/8	5/15	5/22	6/1	6/8	6/15	6/22	7/1	7/8	7/15	7/22	8/1	8/8	8/15	8/22	9/1	9/8	9/15	9/22	10/1	10/8	10/15	10/22	11/1	11/8	11/15	11/22	12/1	12/8	12/15	12/22
Frequency (%)
	American Robin	21.497740477727568	21.857142857142858	23.36633663366337	24.049451831117334	20.80606269376507	17.18249733191035	17.41202346041056	26.37834268735556	29.225352112676056	47.00239808153477	60.89319470699432	73.69977387371716	77.74774774774775	80.23118660061334	78.64164432529044	79.60616699740498	79.16787055764229	77.68197879858657	77.37193088814792	77.87667907428386	78.05782060785768	78.82960413080895	76.41646489104116	73.96612839700668	73.17073170731707	73.36244541484717	70.7395498392283	69.95006808896959	67.91411042944785	59.187279151943464	58.716075156576196	50.23809523809524	45.35727932747421	38.84555382215289	37.658837119753564	38.615096693699314	41.407645587709894	42.96322489391796	45.06790564689064	45.07758159443553	42.91044776119403	35.18518518518518	36.4344262295082	28.527918781725887	28.415061295971977	27.54182754182754	33.76816995900112	24.205105239587997
	Total # checklists submitted - (American Robin)	4647	3500	3030	4287	2903	3748	5456	3029	3408	3753	4232	5749	4440	4239	4476	6551	6922	7075	6598	6179	2698	2324	2065	2539	1804	1603	1555	2203	1630	1698	1916	2940	2617	2564	2597	3206	2799	2828	2798	3738	2680	2700	2440	2955	2284	2331	2683	4466
	
Abundance
	American Robin	1.9851517107811492	1.495142857142857	1.551155115511551	1.7259155586657335	1.0892180502928006	0.9076840981856991	0.9162390029325513	1.4176295807197095	1.2940140845070423	2.452171596056488	4.190926275992439	6.791615933205775	7.87545045045045	8.552252889832507	8.30093833780161	7.787360708288811	6.76943080034672	6.2761837455830385	5.930433464686269	6.079462696229164	5.600815418828762	5.585628227194492	5.720096852300242	4.509255612445845	4.362527716186253	4.605115408608858	4.213504823151125	4.183840217884702	4.016564417177914	3.1189634864546525	2.7139874739039667	2.5707482993197277	2.360718379824226	1.6478159126365055	1.6164805544859453	1.9207735495945102	2.368345837799214	3.028642149929279	4.480700500357398	5.935527019796683	6.1138059701492535	2.778888888888889	2.62827868852459	2.080203045685279	2.297723292469352	2.3114543114543116	4.502422661200149	1.8549037169726825
	Total # checklists submitted - (American Robin)	4647	3500	3030	4287	2903	3748	5456	3029	3408	3753	4232	5749	4440	4239	4476	6551	6922	7075	6598	6179	2698	2324	2065	2539	1804	1603	1555	2203	1630	1698	1916	2940	2617	2564	2597	3206	2799	2828	2798	3738	2680	2700	2440	2955	2284	2331	2683	4466
	
Birds Per Party Hour
	American Robin	13.38867698651516	9.758445981317703	16.647504449784883	10.710080111520865	8.093650854747766	17.452500223392768	8.747153946158912	10.911247703758395	6.9394892777723545	6.283935469584231	7.327690363258043	11.07569062371545	12.3746284868825	11.744124218849597	11.722452893746718	10.328808988782704	8.410696067625858	7.784344562486924	7.025735348620658	7.416859775654919	10.35084696723561	11.88829290002378	12.397195260202036	12.594955951511295	9.912632416174086	9.093969652737048	6.543193897769762	7.344239896610599	6.147452731719499	6.06331567801933	4.629222399028909	5.222234423241315	4.574557303942979	3.9312902658807403	4.723161865134641	4.749245129124995	5.645006869342027	6.5136468902272595	10.719047617444899	10.319460428490737	10.75698376304433	7.567254971190613	9.266416630391776	11.08953857191793	11.0141883861579	9.768106063304508	9.32763884768071	8.84671420177698
	# checklists reporting species - (American Robin)	991	783	730	1058	642	670	975	830	1026	1765	2477	4018	3174	3148	3248	4760	4978	5017	4637	4427	2017	1715	1493	1804	1271	1147	1047	1476	1056	1002	1083	1421	1117	968	930	1175	1110	1168	1218	1675	1133	950	888	854	662	662	935	1069
	
High Count
	American Robin	175	75	107	150	143	200	120	87	50	150	150	235	200	113	404	500	150	150	200	200	150	116	106	100	76	95	69	100	75	57	100	250	150	75	177	100	200	239	400	686	1000	200	100	101	260	100	220	221
	# checklists reporting species - (American Robin)	1099	849	779	1147	680	710	1041	891	1118	1917	2794	4562	3735	3689	3818	5600	5922	5892	5476	5209	2380	1971	1762	2076	1497	1286	1222	1702	1236	1124	1226	1591	1267	1066	1029	1335	1270	1334	1366	1851	1238	1028	959	904	714	700	1005	1154
	
Totals
	American Robin	9598	5903	4999	8263	3598	3795	5471	4794	4755	9668	18350	40129	36152	37487	38338	52343	48438	46130	40330	38908	15877	13431	12225	11900	8162	7769	6849	9639	6832	5641	5396	7904	6301	4511	4347	6564	6915	8962	13355	23841	16946	7861	6727	6546	5617	5907	13680	8654
	# checklists reporting species - (American Robin)	1038	823	756	1107	663	700	1014	861	1059	1836	2583	4191	3320	3302	3402	4930	5165	5164	4759	4555	2111	1765	1585	1907	1339	1176	1108	1541	1089	1039	1126	1484	1153	1005	971	1247	1167	1229	1273	1751	1172	987	924	878	693	680	983	1103
	
Average Count
	American Robin	9.246628131021195	7.172539489671932	6.612433862433862	7.464317976513098	5.42684766214178	5.421428571428572	5.395463510848126	5.56794425087108	4.490084985835694	5.265795206971678	7.104142469996129	9.575041756144119	10.889156626506024	11.352816474863719	11.269253380364491	10.617241379310345	9.37812197483059	8.932997676219985	8.474469426350074	8.541822173435785	7.521080056845097	7.609631728045326	7.712933753943218	6.240167802831673	6.095593726661688	6.6062925170068025	6.181407942238267	6.255029201817002	6.273645546372819	5.429258902791146	4.792184724689165	5.3261455525606465	5.464874241110148	4.488557213930348	4.476828012358394	5.2638331996792305	5.925449871465296	7.292107404393816	10.490966221523959	13.615648201027984	14.459044368600683	7.964539007092198	7.28030303030303	7.455580865603645	8.105339105339105	8.686764705882354	13.916581892166835	7.845874886672711
	# checklists reporting species - (American Robin)	1038	823	756	1107	663	700	1014	861	1059	1836	2583	4191	3320	3302	3402	4930	5165	5164	4759	4555	2111	1765	1585	1907	1339	1176	1108	1541	1089	1039	1126	1484	1153	1005	971	1247	1167	1229	1273	1751	1172	987	924	878	693	680	983	1103
	
