

	Week starting on...	1/1	1/8	1/15	1/22	2/1	2/8	2/15	2/22	3/1	3/8	3/15	3/22	4/1	4/8	4/15	4/22	5/1	5/8	5/15	5/22	6/1	6/8	6/15	6/22	7/1	7/8	7/15	7/22	8/1	8/8	8/15	8/22	9/1	9/8	9/15	9/22	10/1	10/8	10/15	10/22	11/1	11/8	11/15	11/22	12/1	12/8	12/15	12/22
Frequency (%)
	Bank Swallow	0.0	0.0	0.0	0.0	0.0	0.0	0.0	0.0	0.0	0.0	0.0	0.0	0.02252252252252252	0.4010379806558151	1.4745308310991956	4.1215081666921085	7.700086680150246	9.879858657243815	11.44286147317369	13.675351998705294	11.67531504818384	10.499139414802066	8.861985472154963	9.294998030720757	9.645232815964523	11.104179663131628	14.855305466237942	13.16386745347254	14.171779141104293	12.779740871613662	11.377870563674323	7.142857142857142	3.2862055789071456	0.858034321372855	0.15402387370042356	0.031191515907673113	0.03572704537334762	0.0	0.0	0.0	0.0	0.0	0.0	0.0	0.0	0.0	0.0	0.0
	Total # checklists submitted - (Bank Swallow)	4647	3500	3030	4287	2903	3748	5456	3029	3408	3753	4232	5749	4440	4239	4476	6551	6922	7075	6598	6179	2698	2324	2065	2539	1804	1603	1555	2203	1630	1698	1916	2940	2617	2564	2597	3206	2799	2828	2798	3738	2680	2700	2440	2955	2284	2331	2683	4466
	
Abundance
	Bank Swallow	0.0	0.0	0.0	0.0	0.0	0.0	0.0	0.0	0.0	0.0	0.0	0.0	2.2522522522522523E-4	0.006605331446095777	0.054066130473637175	0.2704930544954969	0.8652123663681017	1.257667844522968	1.4054258866323128	1.8344392296488106	1.1386212008895478	0.8364888123924269	0.9825665859564164	1.669554942890902	2.7117516629711753	4.4504054897067995	3.702893890675241	5.856105310939628	4.11840490797546	2.513545347467609	1.9749478079331941	0.6258503401360545	0.14520443255636226	0.021450858034321372	0.02040816326530612	3.1191515907673113E-4	0.004287245444801715	0.0	0.0	0.0	0.0	0.0	0.0	0.0	0.0	0.0	0.0	0.0
	Total # checklists submitted - (Bank Swallow)	4647	3500	3030	4287	2903	3748	5456	3029	3408	3753	4232	5749	4440	4239	4476	6551	6922	7075	6598	6179	2698	2324	2065	2539	1804	1603	1555	2203	1630	1698	1916	2940	2617	2564	2597	3206	2799	2828	2798	3738	2680	2700	2440	2955	2284	2331	2683	4466
	
Birds Per Party Hour
	Bank Swallow	0.0	0.0	0.0	0.0	0.0	0.0	0.0	0.0	0.0	0.0	0.0	0.0	0.5173305742369374	0.5707568729339018	1.8498187406164988	3.9030601030265513	7.852009145773768	10.176622390535158	9.466571923588583	10.05720356891237	11.298000970395965	7.30178520905916	9.985747707040874	12.628682673245356	20.209905583343193	25.30049450395041	19.15694941507357	23.67811037433251	20.89050107022226	23.881971558954756	7.2746887589139195	3.701181312733875	2.735301341073081	1.5392086580481128	3.858974358974359	0.0	24.0	0.0	0.0	0.0	0.0	0.0	0.0	0.0	0.0	0.0	0.0	0.0
	# checklists reporting species - (Bank Swallow)	0.0	0.0	0.0	0.0	0.0	0.0	0.0	0.0	0.0	0.0	0.0	0.0	1	17	66	258	507	625	677	779	278	231	177	216	165	174	219	275	216	211	200	197	83	22	3	1	1	0.0	0.0	0.0	0.0	0.0	0.0	0.0	0.0	0.0	0.0	0.0
	
High Count
	Bank Swallow	0.0	0.0	0.0	0.0	0.0	0.0	0.0	0.0	0.0	0.0	0.0	0.0	1	4	75	300	250	250	250	1000	200	100	300	1000	400	700	600	987	750	450	500	300	30	8	30	1	12	0.0	0.0	0.0	0.0	0.0	0.0	0.0	0.0	0.0	0.0	0.0
	# checklists reporting species - (Bank Swallow)	0.0	0.0	0.0	0.0	0.0	0.0	0.0	0.0	0.0	0.0	0.0	0.0	1	17	74	296	586	756	794	900	340	269	214	280	197	201	247	311	250	238	230	230	90	24	5	1	1	0.0	0.0	0.0	0.0	0.0	0.0	0.0	0.0	0.0	0.0	0.0
	
Totals
	Bank Swallow	0.0	0.0	0.0	0.0	0.0	0.0	0.0	0.0	0.0	0.0	0.0	0.0	1	28	249	1918	6382	9868	9654	11839	3181	1981	2375	4905	6060	9100	5861	14600	7643	4685	3804	1938	385	55	53	1	12	0.0	0.0	0.0	0.0	0.0	0.0	0.0	0.0	0.0	0.0	0.0
	# checklists reporting species - (Bank Swallow)	0.0	0.0	0.0	0.0	0.0	0.0	0.0	0.0	0.0	0.0	0.0	0.0	1	17	69	272	535	661	697	808	296	248	194	252	177	181	228	281	224	218	206	208	87	22	4	1	1	0.0	0.0	0.0	0.0	0.0	0.0	0.0	0.0	0.0	0.0	0.0
	
Average Count
	Bank Swallow	0.0	0.0	0.0	0.0	0.0	0.0	0.0	0.0	0.0	0.0	0.0	0.0	1.0	1.6470588235294117	3.608695652173913	7.051470588235294	11.928971962616822	14.928895612708018	13.850789096126256	14.652227722772277	10.746621621621621	7.987903225806452	12.242268041237113	19.464285714285715	34.23728813559322	50.27624309392265	25.70614035087719	51.95729537366548	34.120535714285715	21.490825688073393	18.466019417475728	9.317307692307692	4.425287356321839	2.5	13.25	1.0	12.0	0.0	0.0	0.0	0.0	0.0	0.0	0.0	0.0	0.0	0.0	0.0
	# checklists reporting species - (Bank Swallow)	0.0	0.0	0.0	0.0	0.0	0.0	0.0	0.0	0.0	0.0	0.0	0.0	1	17	69	272	535	661	697	808	296	248	194	252	177	181	228	281	224	218	206	208	87	22	4	1	1	0.0	0.0	0.0	0.0	0.0	0.0	0.0	0.0	0.0	0.0	0.0
	
