

	Week starting on...	1/1	1/8	1/15	1/22	2/1	2/8	2/15	2/22	3/1	3/8	3/15	3/22	4/1	4/8	4/15	4/22	5/1	5/8	5/15	5/22	6/1	6/8	6/15	6/22	7/1	7/8	7/15	7/22	8/1	8/8	8/15	8/22	9/1	9/8	9/15	9/22	10/1	10/8	10/15	10/22	11/1	11/8	11/15	11/22	12/1	12/8	12/15	12/22
Frequency (%)
	Common Eider	0.0	0.0	0.0	0.0	0.0	0.05336179295624333	0.0	0.06602839220864973	0.029342723004694836	0.0	0.0	0.052182988345799264	0.0	0.02359046945034206	0.0	0.0	0.0	0.0	0.0	0.0	0.0	0.0	0.0	0.0	0.05543237250554324	0.0	0.0	0.0	0.0	0.0	0.0	0.0	0.0	0.0	0.0	0.0	0.0	0.0	0.0	0.0	1.1567164179104477	1.6296296296296295	0.040983606557377046	0.0	0.0	0.0	0.0	0.0
	Total # checklists submitted - (Common Eider)	4647	3500	3030	4287	2903	3748	5456	3029	3408	3753	4232	5749	4440	4239	4476	6551	6922	7075	6598	6179	2698	2324	2065	2539	1804	1603	1555	2203	1630	1698	1916	2940	2617	2564	2597	3206	2799	2828	2798	3738	2680	2700	2440	2955	2284	2331	2683	4466
	
Abundance
	Common Eider	0.0	0.0	0.0	0.0	0.0	5.336179295624333E-4	0.0	6.602839220864972E-4	2.9342723004694836E-4	0.0	0.0	5.218298834579927E-4	0.0	2.3590469450342062E-4	0.0	0.0	0.0	0.0	0.0	0.0	0.0	0.0	0.0	0.0	5.543237250554324E-4	0.0	0.0	0.0	0.0	0.0	0.0	0.0	0.0	0.0	0.0	0.0	0.0	0.0	0.0	0.0	0.011567164179104477	0.016296296296296295	4.098360655737705E-4	0.0	0.0	0.0	0.0	0.0
	Total # checklists submitted - (Common Eider)	4647	3500	3030	4287	2903	3748	5456	3029	3408	3753	4232	5749	4440	4239	4476	6551	6922	7075	6598	6179	2698	2324	2065	2539	1804	1603	1555	2203	1630	1698	1916	2940	2617	2564	2597	3206	2799	2828	2798	3738	2680	2700	2440	2955	2284	2331	2683	4466
	
Birds Per Party Hour
	Common Eider	0.0	0.0	0.0	0.0	0.0	0.6666666666666666	0.0	1.834834834834835	0.10810810810810811	0.0	0.0	0.0	0.0	1.0	0.0	0.0	0.0	0.0	0.0	0.0	0.0	0.0	0.0	0.0	0.6666666666666666	0.0	0.0	0.0	0.0	0.0	0.0	0.0	0.0	0.0	0.0	0.0	0.0	0.0	0.0	0.0	1.7885878331146952	1.8080326568308767	1.9015015015015015	0.0	0.0	0.0	0.0	0.0
	# checklists reporting species - (Common Eider)	0	0	0	1	0	1	0	2	1	0	0	0	0	1	0	0	0	0	0	0	0	1	0	0	1	0	0	0	0	0	0	1	0	0	0	0	0	0	0	0	37	52	2	0	0	0	0	0
	
High Count
	Common Eider	1	1	1	1	1	1	1	1	1	1	1	1	1	1	1	1	1	1	1	1	1	1	1	1	1	1	1	1	1	1	1	1	1	1	1	1	1	1	1	1	1	1	1	1	1	1	1	1
	# checklists reporting species - (Common Eider)	14	14	14	21	14	16	14	18	15	14	16	23	14	15	14	18	14	14	14	20	14	15	14	18	15	14	14	10	7	7	7	11	7	7	7	9	7	7	7	10	44	59	8	9	7	7	7	17
	
Totals
	Common Eider	14	14	14	21	14	16	14	18	15	14	16	23	14	15	14	18	14	14	14	20	14	15	14	18	15	14	14	10	7	7	7	11	7	7	7	9	7	7	7	10	44	59	8	9	7	7	7	17
	# checklists reporting species - (Common Eider)	14	14	14	21	14	16	14	18	15	14	16	23	14	15	14	18	14	14	14	20	14	15	14	18	15	14	14	10	7	7	7	11	7	7	7	9	7	7	7	10	44	59	8	9	7	7	7	17
	
Average Count
	Common Eider	1.0	1.0	1.0	1.0	1.0	1.0	1.0	1.0	1.0	1.0	1.0	1.0	1.0	1.0	1.0	1.0	1.0	1.0	1.0	1.0	1.0	1.0	1.0	1.0	1.0	1.0	1.0	1.0	1.0	1.0	1.0	1.0	1.0	1.0	1.0	1.0	1.0	1.0	1.0	1.0	1.0	1.0	1.0	1.0	1.0	1.0	1.0	1.0
	# checklists reporting species - (Common Eider)	14	14	14	21	14	16	14	18	15	14	16	23	14	15	14	18	14	14	14	20	14	15	14	18	15	14	14	10	7	7	7	11	7	7	7	9	7	7	7	10	44	59	8	9	7	7	7	17
	
