

	Week starting on...	1/1	1/8	1/15	1/22	2/1	2/8	2/15	2/22	3/1	3/8	3/15	3/22	4/1	4/8	4/15	4/22	5/1	5/8	5/15	5/22	6/1	6/8	6/15	6/22	7/1	7/8	7/15	7/22	8/1	8/8	8/15	8/22	9/1	9/8	9/15	9/22	10/1	10/8	10/15	10/22	11/1	11/8	11/15	11/22	12/1	12/8	12/15	12/22
Frequency (%)
	Purple Finch	0.49494297396169573	0.4571428571428572	0.6270627062706271	0.6531373921156987	0.5856011023079573	0.3735325506937033	0.3482404692082111	1.0234400792340705	0.7629107981220657	0.45297095656807884	0.8506616257088847	0.7479561662897896	0.8333333333333334	0.9200283085633405	1.1394101876675604	1.7249274919859563	2.874891649812193	2.0353356890459366	0.5759321006365565	0.3074931218643794	0.037064492216456635	0.08605851979345956	0.048426150121065374	0.07877116975187082	0.0	0.0	0.12861736334405144	0.04539264639128461	0.1226993865030675	1.0600706713780919	0.8350730688935281	1.292517006802721	1.6813144822315627	3.0421216848673946	2.3488640739314595	2.1834061135371177	3.215434083601286	5.021216407355021	5.825589706933524	6.072766185125736	3.805970149253731	2.4444444444444446	1.2704918032786885	0.9475465313028765	0.2626970227670753	0.3003003003003003	0.8199776369735371	3.761755485893417
	Total # checklists submitted - (Purple Finch)	4647	3500	3030	4287	2903	3748	5456	3029	3408	3753	4232	5749	4440	4239	4476	6551	6922	7075	6598	6179	2698	2324	2065	2539	1804	1603	1555	2203	1630	1698	1916	2940	2617	2564	2597	3206	2799	2828	2798	3738	2680	2700	2440	2955	2284	2331	2683	4466
	
Abundance
	Purple Finch	0.015278674413600172	0.031714285714285716	0.036963696369636964	0.01959412176347096	0.0165346193592835	0.017876200640341514	0.012280058651026392	0.08715747771541763	0.03345070422535211	0.02478017585931255	0.06545368620037807	0.05079144198991129	0.013063063063063063	0.013446567586694975	0.018543342269883824	0.029003205617462984	0.055186362323028024	0.03590106007067138	0.012731130645650197	0.004207800614986244	3.7064492216456633E-4	8.605851979345956E-4	0.0	0.0031508467900748325	0.0	0.0	0.0012861736334405145	4.5392646391284613E-4	0.0018404907975460123	0.019434628975265017	0.016179540709812108	0.02687074829931973	0.043943446694688575	0.07059282371294852	0.04043126684636118	0.043668122270742356	0.12111468381564845	0.2545968882602546	0.1958541815582559	0.24264312466559657	0.08619402985074627	0.05074074074074074	0.03770491803278689	0.04331641285956007	0.006567425569176883	0.00858000858000858	0.03130823704808051	0.3703537841468876
	Total # checklists submitted - (Purple Finch)	4647	3500	3030	4287	2903	3748	5456	3029	3408	3753	4232	5749	4440	4239	4476	6551	6922	7075	6598	6179	2698	2324	2065	2539	1804	1603	1555	2203	1630	1698	1916	2940	2617	2564	2597	3206	2799	2828	2798	3738	2680	2700	2440	2955	2284	2331	2683	4466
	
Birds Per Party Hour
	Purple Finch	1.382702146264178	4.399279515665058	2.5046314593795787	1.7079689084246166	3.7390244758443822	3.0110949719026703	1.851934549597253	2.4170042259327973	2.0995200200818376	1.8045240318349562	2.9212329633400054	2.1542653296679326	2.24223030277592	0.875910010418991	1.8932753161729776	1.3464640425223369	1.8047515045592024	3.265875982118396	0.9379853119997296	2.0950042349897844	2.0	2.0	0.0	0.5	0.0	0.0	0.6601731601731602	1.0	0.5714285714285714	1.0209500185073224	1.622470238095238	1.277041314162789	1.5561687991951378	3.0480308564733822	1.2037815717353613	2.057979480044072	4.521691206797936	2.5356802423833464	2.9162928425599746	2.0429561461906354	1.3153295996548846	1.191054301882257	1.1464395523189306	2.031083099480989	1.2158730158730158	1.2220466757600317	2.3683919072087023	1.7698466961401869
	# checklists reporting species - (Purple Finch)	22	15	19	28	19	15	20	28	24	14	29	39	33	38	49	111	206	149	33	17	1	1	0	1	0.0	0.0	2	1	1	17	16	39	48	85	69	66	88	140	164	236	103	66	28	27	6	5	23	170
	
High Count
	Purple Finch	30	35	50	20	8	12	10	73	15	25	50	50	5	6	8	8	11	9	16	6	1	2	1	7	0.0	0.0	1	1	2	5	5	5	20	9	12	10	36	109	50	47	11	11	30	25	5	7	16	100
	# checklists reporting species - (Purple Finch)	28	16	23	28	19	15	23	36	30	22	37	47	38	47	58	130	225	157	41	21	1	3	1	2	0.0	0.0	2	1	3	18	17	41	50	91	74	83	99	160	192	269	114	74	34	31	7	7	23	174
	
Totals
	Purple Finch	78	111	127	84	55	73	77	289	115	96	284	294	59	67	93	210	411	272	86	27	1	2	0	8	0.0	0.0	2	1	4	33	32	82	123	198	132	161	353	775	686	1024	246	145	100	133	16	20	85	1672
	# checklists reporting species - (Purple Finch)	23	15	22	28	19	15	23	36	25	19	35	45	38	44	54	125	222	153	37	19	1	1	0	2	0.0	0.0	2	1	3	17	16	40	50	90	72	81	95	156	186	261	110	72	33	29	7	7	23	172
	
Average Count
	Purple Finch	3.391304347826087	7.4	5.7727272727272725	3.0	2.8947368421052633	4.866666666666666	3.347826086956522	8.027777777777779	4.6	5.052631578947368	8.114285714285714	6.533333333333333	1.5526315789473684	1.5227272727272727	1.7222222222222223	1.68	1.8513513513513513	1.7777777777777777	2.324324324324324	1.4210526315789473	1.0	2.0	0.0	4.0	0.0	0.0	1.0	1.0	1.3333333333333333	1.9411764705882353	2.0	2.05	2.46	2.2	1.8333333333333333	1.9876543209876543	3.7157894736842105	4.967948717948718	3.6881720430107525	3.9233716475095783	2.2363636363636363	2.013888888888889	3.0303030303030303	4.586206896551724	2.2857142857142856	2.857142857142857	3.6956521739130435	9.720930232558139
	# checklists reporting species - (Purple Finch)	23	15	22	28	19	15	23	36	25	19	35	45	38	44	54	125	222	153	37	19	1	1	0	2	0.0	0.0	2	1	3	17	16	40	50	90	72	81	95	156	186	261	110	72	33	29	7	7	23	172
	
