

	Week starting on...	1/1	1/8	1/15	1/22	2/1	2/8	2/15	2/22	3/1	3/8	3/15	3/22	4/1	4/8	4/15	4/22	5/1	5/8	5/15	5/22	6/1	6/8	6/15	6/22	7/1	7/8	7/15	7/22	8/1	8/8	8/15	8/22	9/1	9/8	9/15	9/22	10/1	10/8	10/15	10/22	11/1	11/8	11/15	11/22	12/1	12/8	12/15	12/22
Frequency (%)
	Rough-legged Hawk	0.6455777921239509	0.6285714285714286	0.528052805280528	0.6764637275484021	0.7233895969686531	0.45357524012806827	0.4032258064516129	0.5282271376691978	0.2934272300469483	0.07993605115907274	0.0945179584120983	0.08697164724299877	0.11261261261261261	0.02359046945034206	0.06702412868632708	0.0610593802472905	0.0	0.0	0.0	0.0	0.0	0.0	0.0	0.0	0.0	0.0	0.0	0.0	0.0	0.0	0.0	0.0	0.03821169277799007	0.078003120124805	0.0	0.06238303181534623	0.03572704537334762	0.31824611032531824	0.7862759113652609	3.1300160513643664	1.9029850746268655	1.5555555555555556	0.6967213114754098	0.676818950930626	0.3502626970227671	1.4586014586014586	1.7890421170331718	3.6497984773846843
	Total # checklists submitted - (Rough-legged Hawk)	4647	3500	3030	4287	2903	3748	5456	3029	3408	3753	4232	5749	4440	4239	4476	6551	6922	7075	6598	6179	2698	2324	2065	2539	1804	1603	1555	2203	1630	1698	1916	2940	2617	2564	2597	3206	2799	2828	2798	3738	2680	2700	2440	2955	2284	2331	2683	4466
	
Abundance
	Rough-legged Hawk	0.008607703894986012	0.0074285714285714285	0.0046204620462046205	0.006997900629811057	0.00826730967964175	0.005602988260405549	0.004948680351906158	0.005612413337735226	0.003227699530516432	7.993605115907274E-4	9.45179584120983E-4	8.697164724299878E-4	0.0011261261261261261	2.3590469450342062E-4	0.0013404825737265416	9.158907037093573E-4	0.0	0.0	0.0	0.0	0.0	0.0	0.0	0.0	0.0	0.0	0.0	0.0	0.0	0.0	0.0	0.0	3.8211692777990065E-4	7.8003120124805E-4	0.0	3.1191515907673113E-4	3.572704537334762E-4	0.006718528995756719	0.02037169406719085	0.06607811663991439	0.033582089552238806	0.024444444444444446	0.010245901639344262	0.01793570219966159	0.0035026269702276708	0.01673101673101673	0.02012672381662318	0.10837438423645321
	Total # checklists submitted - (Rough-legged Hawk)	4647	3500	3030	4287	2903	3748	5456	3029	3408	3753	4232	5749	4440	4239	4476	6551	6922	7075	6598	6179	2698	2324	2065	2539	1804	1603	1555	2203	1630	1698	1916	2940	2617	2564	2597	3206	2799	2828	2798	3738	2680	2700	2440	2955	2284	2331	2683	4466
	
Birds Per Party Hour
	Rough-legged Hawk	0.9639557483474018	0.6466509189819445	0.330629422860858	0.634242917423724	0.5319371701968834	0.8478562500742369	0.5462470480534903	0.666181979746418	0.2828078666640224	0.21076923076923076	0.6617657603490678	0.20871016272935888	0.5859712230215828	0.3000300030003	1.6314814814814815	0.41937882084758055	0.0	0.0	0.0	0.0	0.0	0.0	0.0	0.0	0.0	0.0	0.0	0.0	0.0	0.0	0.0	0.0	0.25	0.1625	0.0	0.8319131961065901	0.2857142857142857	1.7508240084873727	0.4866594773546106	0.9176477584369386	0.9809987577994634	0.7609859226486424	0.7870645070252741	1.1616747947604753	0.42769427878397004	4.061451565924049	0.5326895580222459	0.654822518284292
	# checklists reporting species - (Rough-legged Hawk)	30	25	18	31	19	18	18	14	8	5	4	6	4	1	3	4	0.0	0.0	0.0	0.0	0.0	0.0	0.0	0.0	0.0	0.0	0.0	0.0	0.0	0.0	0.0	0.0	1	2	0.0	5	1	11	29	151	82	57	32	27	11	44	53	168
	
High Count
	Rough-legged Hawk	2	3	1	3	2	4	3	2	2	2	1	1	1	1	4	3	0.0	0.0	0.0	0.0	0.0	0.0	0.0	0.0	0.0	0.0	0.0	0.0	0.0	0.0	0.0	0.0	1	1	0.0	1	1	10	15	23	8	5	5	10	2	4	4	23
	# checklists reporting species - (Rough-legged Hawk)	37	30	26	40	26	25	27	16	12	7	5	7	5	1	3	4	0.0	0.0	0.0	0.0	0.0	0.0	0.0	0.0	0.0	0.0	0.0	0.0	0.0	0.0	0.0	0.0	1	2	0.0	6	1	13	34	166	86	63	36	32	15	53	62	180
	
Totals
	Rough-legged Hawk	46	36	24	45	29	29	32	17	13	8	5	7	5	1	6	6	0.0	0.0	0.0	0.0	0.0	0.0	0.0	0.0	0.0	0.0	0.0	0.0	0.0	0.0	0.0	0.0	1	2	0.0	5	1	23	70	314	139	99	47	66	16	57	70	506
	# checklists reporting species - (Rough-legged Hawk)	36	29	24	40	26	25	27	16	12	7	5	7	5	1	3	4	0.0	0.0	0.0	0.0	0.0	0.0	0.0	0.0	0.0	0.0	0.0	0.0	0.0	0.0	0.0	0.0	1	2	0.0	5	1	12	33	160	86	63	36	31	14	52	62	178
	
Average Count
	Rough-legged Hawk	1.2777777777777777	1.2413793103448276	1.0	1.125	1.1153846153846154	1.16	1.1851851851851851	1.0625	1.0833333333333333	1.1428571428571428	1.0	1.0	1.0	1.0	2.0	1.5	0.0	0.0	0.0	0.0	0.0	0.0	0.0	0.0	0.0	0.0	0.0	0.0	0.0	0.0	0.0	0.0	1.0	1.0	0.0	1.0	1.0	1.9166666666666667	2.121212121212121	1.9625	1.6162790697674418	1.5714285714285714	1.3055555555555556	2.129032258064516	1.1428571428571428	1.0961538461538463	1.1290322580645162	2.842696629213483
	# checklists reporting species - (Rough-legged Hawk)	36	29	24	40	26	25	27	16	12	7	5	7	5	1	3	4	0.0	0.0	0.0	0.0	0.0	0.0	0.0	0.0	0.0	0.0	0.0	0.0	0.0	0.0	0.0	0.0	1	2	0.0	5	1	12	33	160	86	63	36	31	14	52	62	178
	
