

	Week starting on...	1/1	1/8	1/15	1/22	2/1	2/8	2/15	2/22	3/1	3/8	3/15	3/22	4/1	4/8	4/15	4/22	5/1	5/8	5/15	5/22	6/1	6/8	6/15	6/22	7/1	7/8	7/15	7/22	8/1	8/8	8/15	8/22	9/1	9/8	9/15	9/22	10/1	10/8	10/15	10/22	11/1	11/8	11/15	11/22	12/1	12/8	12/15	12/22
Frequency (%)
	Fox Sparrow	0.1506348181622552	0.17142857142857143	0.09900990099009901	0.06997900629811056	0.06889424733034792	0.10672358591248667	0.10997067448680353	0.0	0.08802816901408451	0.21316280309086064	0.5198487712665406	2.15689685162637	5.315315315315315	10.191082802547772	10.701519213583557	5.938024729049	0.8090147356255418	0.0989399293286219	0.01515610791148833	0.03236769703835572	0.0	0.0	0.0	0.0	0.0	0.0	0.0	0.0	0.0	0.0	0.0	0.0	0.0	0.0	0.0	0.12476606363069245	0.857449088960343	2.333804809052334	5.325232308791994	10.861423220973784	9.253731343283581	4.592592592592593	2.8688524590163933	1.4890016920473772	0.8318739054290718	0.3003003003003003	0.2981736861721953	0.24630541871921183
	Total # checklists submitted - (Fox Sparrow)	4647	3500	3030	4287	2903	3748	5456	3029	3408	3753	4232	5749	4440	4239	4476	6551	6922	7075	6598	6179	2698	2324	2065	2539	1804	1603	1555	2203	1630	1698	1916	2940	2617	2564	2597	3206	2799	2828	2798	3738	2680	2700	2440	2955	2284	2331	2683	4466
	
Abundance
	Fox Sparrow	0.001506348181622552	0.002	0.0013201320132013201	4.6652670865407047E-4	6.889424733034792E-4	0.0010672358591248667	9.164222873900294E-4	0.0	8.802816901408451E-4	0.0031974420463629096	0.006143667296786389	0.03148373630196556	0.11216216216216217	0.2024062278839349	0.19302949061662197	0.09052053121660815	0.009101415775787344	8.480565371024735E-4	1.515610791148833E-4	3.236769703835572E-4	0.0	0.0	0.0	0.0	0.0	0.0	0.0	0.0	0.0	0.0	0.0	0.0	0.0	0.0	0.0	0.0015595757953836558	0.010360843158270811	0.02934936350777935	0.1043602573266619	0.2324772605671482	0.2	0.09333333333333334	0.04180327868852459	0.016243654822335026	0.009632224168126095	0.003003003003003003	0.002981736861721953	0.0026869682042095834
	Total # checklists submitted - (Fox Sparrow)	4647	3500	3030	4287	2903	3748	5456	3029	3408	3753	4232	5749	4440	4239	4476	6551	6922	7075	6598	6179	2698	2324	2065	2539	1804	1603	1555	2203	1630	1698	1916	2940	2617	2564	2597	3206	2799	2828	2798	3738	2680	2700	2440	2955	2284	2331	2683	4466
	
Birds Per Party Hour
	Fox Sparrow	0.9646994579997541	0.6953806908902308	1.7328151724198577	1.1666666666666667	4.994011976047904	1.0158142317209125	1.0198680622536587	0.6666666666666666	0.60639173523445	1.869177091395583	1.0332979306399823	1.0613239447894482	1.5042560772784037	1.9779903171464788	1.5739882237453808	0.9995660689861143	0.7059146431497089	0.33151927437641726	0.26089225150013046	0.25	0.0	0.0	0.0	0.0	0.0	0.0	0.0	0.0	0.0	0.0	0.0	0.0	0.0	0.0	0.0	0.36519607843137253	0.45043290257572394	0.5159220244384399	1.3544279761273812	1.7107631282468168	1.7926288662469	1.6677092060455017	1.3249249136808257	1.6464644072800967	1.1775361522452585	0.8798863239050221	1.810712584967798	0.6266025641025641
	# checklists reporting species - (Fox Sparrow)	7	7	4	2	2	5	7	1	3	11	22	135	241	447	486	388	58	7	1	2	0.0	0.0	0.0	0.0	0.0	0.0	0.0	0.0	0.0	0.0	0.0	0.0	0.0	0.0	0.0	3	21	62	146	431	269	133	76	52	24	9	8	10
	
High Count
	Fox Sparrow	2	2	2	1	1	1	1	1	1	5	3	9	13	16	15	15	4	1	1	1	0.0	0.0	0.0	0.0	0.0	0.0	0.0	0.0	0.0	0.0	0.0	0.0	0.0	0.0	0.0	2	5	5	12	50	18	10	6	2	3	1	1	2
	# checklists reporting species - (Fox Sparrow)	8	7	4	3	3	5	8	1	3	11	25	147	277	496	541	431	67	8	1	2	0.0	0.0	0.0	0.0	0.0	0.0	0.0	0.0	0.0	0.0	0.0	0.0	0.0	0.0	0.0	4	27	83	181	473	288	145	82	54	25	11	8	13
	
Totals
	Fox Sparrow	8	8	5	2	3	5	7	1	3	15	29	202	587	969	947	643	74	7	1	2	0.0	0.0	0.0	0.0	0.0	0.0	0.0	0.0	0.0	0.0	0.0	0.0	0.0	0.0	0.0	5	33	113	355	1007	622	278	115	58	29	11	8	14
	# checklists reporting species - (Fox Sparrow)	7	7	4	2	3	5	7	1	3	11	25	143	273	483	522	418	64	7	1	2	0.0	0.0	0.0	0.0	0.0	0.0	0.0	0.0	0.0	0.0	0.0	0.0	0.0	0.0	0.0	4	26	79	176	458	285	143	82	53	25	11	8	12
	
Average Count
	Fox Sparrow	1.1428571428571428	1.1428571428571428	1.25	1.0	1.0	1.0	1.0	1.0	1.0	1.3636363636363635	1.16	1.4125874125874125	2.15018315018315	2.0062111801242235	1.814176245210728	1.5382775119617225	1.15625	1.0	1.0	1.0	0.0	0.0	0.0	0.0	0.0	0.0	0.0	0.0	0.0	0.0	0.0	0.0	0.0	0.0	0.0	1.25	1.2692307692307692	1.4303797468354431	2.0170454545454546	2.1986899563318776	2.1824561403508773	1.944055944055944	1.4024390243902438	1.0943396226415094	1.16	1.0	1.0	1.1666666666666667
	# checklists reporting species - (Fox Sparrow)	7	7	4	2	3	5	7	1	3	11	25	143	273	483	522	418	64	7	1	2	0.0	0.0	0.0	0.0	0.0	0.0	0.0	0.0	0.0	0.0	0.0	0.0	0.0	0.0	0.0	4	26	79	176	458	285	143	82	53	25	11	8	12
	
