

	Week starting on...	1/1	1/8	1/15	1/22	2/1	2/8	2/15	2/22	3/1	3/8	3/15	3/22	4/1	4/8	4/15	4/22	5/1	5/8	5/15	5/22	6/1	6/8	6/15	6/22	7/1	7/8	7/15	7/22	8/1	8/8	8/15	8/22	9/1	9/8	9/15	9/22	10/1	10/8	10/15	10/22	11/1	11/8	11/15	11/22	12/1	12/8	12/15	12/22
Frequency (%)
	Black-capped Chickadee	51.00064557779213	52.6	51.584158415841586	52.29764404012129	52.18739235273855	49.7598719316969	47.39736070381232	51.89831627599868	51.99530516431925	53.29070077271516	52.55198487712666	52.252565663593664	52.0045045045045	50.9790044821892	48.90527256478999	48.13005647992673	45.95492632187229	42.57243816254417	38.602606850560775	31.720343097588604	26.76056338028169	24.139414802065403	25.47215496368039	28.672705789680975	36.031042128603104	36.3069245165315	38.77813504823151	37.67589650476623	42.26993865030675	43.639575971731446	44.937369519832984	48.16326530612245	51.24188001528468	51.91107644305772	49.78821717366192	48.65876481597006	48.660235798499464	54.95049504950495	58.934953538241594	63.21562332798288	62.68656716417911	61.59259259259259	63.5655737704918	59.492385786802025	57.13660245183888	57.35735735735735	62.05739843458815	63.54679802955665
	Total # checklists submitted - (Black-capped Chickadee)	4647	3500	3030	4287	2903	3748	5456	3029	3408	3753	4232	5749	4440	4239	4476	6551	6922	7075	6598	6179	2698	2324	2065	2539	1804	1603	1555	2203	1630	1698	1916	2940	2617	2564	2597	3206	2799	2828	2798	3738	2680	2700	2440	2955	2284	2331	2683	4466
	
Abundance
	Black-capped Chickadee	2.8992898644286638	2.8642857142857143	2.674917491749175	2.7240494518311174	2.646916982431967	2.345250800426894	2.24358504398827	2.618686034995048	2.4389671361502345	2.554223288036238	2.351843100189036	2.1734214646025394	2.153828828828829	1.9367775418730833	1.721403038427167	1.5705999084109297	1.3562554175093904	1.1130742049469964	0.8593513185813882	0.6463829098559637	0.5315048183839881	0.48709122203098104	0.7196125907990315	0.7900748326112643	1.0310421286031042	1.039301310043668	1.1163987138263665	1.1434407625964593	1.2656441717791411	1.4375736160188457	1.6826722338204594	1.7663265306122449	2.0022927015666796	1.9106864274570983	1.9826723142087024	1.8147223955084217	1.9217577706323687	3.153111739745403	3.610793423874196	5.924558587479936	4.260074626865672	4.024444444444445	3.514344262295082	3.34585448392555	3.3879159369527145	3.6795366795366795	6.511367871785315	7.604791759964174
	Total # checklists submitted - (Black-capped Chickadee)	4647	3500	3030	4287	2903	3748	5456	3029	3408	3753	4232	5749	4440	4239	4476	6551	6922	7075	6598	6179	2698	2324	2065	2539	1804	1603	1555	2203	1630	1698	1916	2940	2617	2564	2597	3206	2799	2828	2798	3738	2680	2700	2440	2955	2284	2331	2683	4466
	
Birds Per Party Hour
	Black-capped Chickadee	7.513462100131552	6.775885678217991	6.418502879030372	6.3817282488903055	6.547296538932077	6.589178598466305	6.402294311777309	5.363734797361934	5.56799849917168	4.9696890314517415	4.529629169091889	4.303346138627654	4.131316023841341	3.6135364429282464	3.597519647157099	3.0931998739241875	2.343277290560964	2.17710536837316	2.0080316275749137	1.6038444831571812	2.456241959552488	3.03658116702068	3.6093808747163387	4.506065313554638	3.9375299671161157	3.1864028944417404	5.256470751047658	2.970827819177768	2.8800307619039427	3.438111656487291	3.4961286402887457	3.4165358645831225	3.3294177745788183	3.3982788245795885	3.6113323611236274	3.4618753358755545	4.278825936954486	4.411209139078368	5.8961408015523675	6.3688923244772955	5.676336913660528	5.752497281474534	6.3323765559753316	6.298972237130027	6.713408349835872	6.901452362672576	7.057547962480885	6.010575460594568
	# checklists reporting species - (Black-capped Chickadee)	2293	1771	1510	2158	1450	1850	2594	1506	1727	1920	2128	2901	2218	2097	2108	3031	3056	2920	2492	1882	706	529	502	708	628	565	600	803	675	731	857	1365	1292	1300	1261	1479	1306	1500	1576	2290	1631	1598	1533	1718	1279	1294	1653	2744
	
High Count
	Black-capped Chickadee	150	89	58	65	53	90	41	50	40	44	86	44	60	41	50	43	30	34	25	45	12	15	31	36	25	50	22	30	28	36	40	54	48	38	88	68	100	150	167	350	200	110	50	75	68	105	221	313
	# checklists reporting species - (Black-capped Chickadee)	2572	1965	1688	2411	1635	1994	2765	1679	1912	2121	2344	3175	2459	2311	2330	3327	3365	3175	2689	2050	789	589	573	791	735	621	643	879	751	790	937	1522	1419	1429	1394	1678	1491	1696	1804	2583	1844	1791	1671	1913	1439	1445	1797	3002
	
Totals
	Black-capped Chickadee	14103	10495	8513	12328	8003	9165	12813	8292	8671	9907	10294	12918	9927	8543	8035	10669	9749	8183	5949	4128	1521	1195	1543	2083	1993	1743	1817	2602	2185	2543	3420	5421	5402	5144	5432	6162	5651	9397	10735	23878	12235	11425	9112	10425	8193	9028	18847	34729
	# checklists reporting species - (Black-capped Chickadee)	2395	1863	1579	2263	1518	1910	2659	1579	1787	1989	2202	3012	2305	2189	2200	3121	3145	2994	2535	1928	739	549	547	756	680	586	623	843	700	753	891	1426	1327	1348	1318	1560	1369	1580	1671	2412	1708	1674	1588	1802	1357	1352	1727	2855
	
Average Count
	Black-capped Chickadee	5.888517745302714	5.6333870101986045	5.391386953768207	5.447635881573133	5.272068511198946	4.798429319371728	4.818728845430613	5.2514249525015835	4.852266368214885	4.980894922071393	4.674841053587648	4.288844621513944	4.306724511930586	3.9026952946550937	3.6522727272727273	3.4184556231976932	3.0998410174880764	2.73313293253173	2.3467455621301774	2.141078838174274	2.058186738836265	2.1766848816029145	2.820840950639854	2.755291005291005	2.9308823529411763	2.974402730375427	2.9165329052969504	3.0865954922894425	3.1214285714285714	3.3771580345285526	3.8383838383838382	3.8015427769985974	4.070836473247928	3.8160237388724036	4.1213960546282244	3.95	4.127830533235938	5.94746835443038	6.424296828246559	9.899668325041459	7.163348946135831	6.824970131421744	5.738035264483627	5.785238623751387	6.037582903463522	6.677514792899408	10.913144180660105	12.164273204903678
	# checklists reporting species - (Black-capped Chickadee)	2395	1863	1579	2263	1518	1910	2659	1579	1787	1989	2202	3012	2305	2189	2200	3121	3145	2994	2535	1928	739	549	547	756	680	586	623	843	700	753	891	1426	1327	1348	1318	1560	1369	1580	1671	2412	1708	1674	1588	1802	1357	1352	1727	2855
	
