

	Week starting on...	1/1	1/8	1/15	1/22	2/1	2/8	2/15	2/22	3/1	3/8	3/15	3/22	4/1	4/8	4/15	4/22	5/1	5/8	5/15	5/22	6/1	6/8	6/15	6/22	7/1	7/8	7/15	7/22	8/1	8/8	8/15	8/22	9/1	9/8	9/15	9/22	10/1	10/8	10/15	10/22	11/1	11/8	11/15	11/22	12/1	12/8	12/15	12/22
Frequency (%)
	Yellow-rumped Warbler	0.2151925973746503	0.4571428571428572	0.264026402640264	0.06997900629811056	0.17223561832586978	0.13340448239060831	0.07331378299120235	0.231099372730274	0.0	0.07993605115907274	0.04725897920604915	0.40006957731779436	0.9234234234234233	5.826845954234489	14.633601429848078	28.881086856968402	45.52152557064432	41.68197879858657	35.29857532585632	5.5510600420780065	0.037064492216456635	0.04302925989672978	0.0	0.03938558487593541	0.0	0.0	0.0	0.22696323195642307	0.1226993865030675	1.2956419316843346	2.7139874739039667	6.462585034013606	11.272449369507068	13.533541341653665	18.020793222949557	28.134747348721145	38.44230082172204	36.73974540311174	32.63045032165833	19.957196361690745	7.835820895522389	3.8148148148148144	2.1721311475409837	1.015228426395939	1.2259194395796849	0.9009009009009009	1.006336190831159	0.4702194357366771
	Total # checklists submitted - (Yellow-rumped Warbler)	4647	3500	3030	4287	2903	3748	5456	3029	3408	3753	4232	5749	4440	4239	4476	6551	6922	7075	6598	6179	2698	2324	2065	2539	1804	1603	1555	2203	1630	1698	1916	2940	2617	2564	2597	3206	2799	2828	2798	3738	2680	2700	2440	2955	2284	2331	2683	4466
	
Abundance
	Yellow-rumped Warbler	0.002151925973746503	0.004571428571428572	0.0026402640264026403	6.997900629811056E-4	0.001722356183258698	0.0013340448239060833	7.331378299120235E-4	0.00231099372730274	0.0	7.993605115907274E-4	4.725897920604915E-4	0.00574012871803792	0.012162162162162163	0.09884406699693324	0.4579982126899017	1.433216302854526	3.8107483386304537	2.749540636042403	1.489693846620188	0.10843178507849166	3.7064492216456633E-4	0.006024096385542169	0.0	3.9385584875935406E-4	0.0	0.0	0.0	0.0022696323195642307	0.001226993865030675	0.02591283863368669	0.059498956158663886	0.15578231292517006	0.38555598012991976	0.43798751950078	0.9745860608394301	2.910792264504055	4.876027152554483	3.5756718528995757	3.321300929235168	0.9031567683253077	0.18917910447761194	0.0637037037037037	0.031967213114754096	0.010829103214890017	0.014010507880910683	0.010725010725010725	0.013417815877748788	0.004702194357366771
	Total # checklists submitted - (Yellow-rumped Warbler)	4647	3500	3030	4287	2903	3748	5456	3029	3408	3753	4232	5749	4440	4239	4476	6551	6922	7075	6598	6179	2698	2324	2065	2539	1804	1603	1555	2203	1630	1698	1916	2940	2617	2564	2597	3206	2799	2828	2798	3738	2680	2700	2440	2955	2284	2331	2683	4466
	
Birds Per Party Hour
	Yellow-rumped Warbler	2.8249903646817063	4.872867568517906	2.8070908765412605	0.3604678981841001	0.4858064516129032	3.014136266698342	0.9027621547306587	0.42245947919057414	0.0	0.6283028081964022	0.2543859649122807	1.421792080731328	0.6924439336085729	1.2775339048544265	2.1034419572581298	3.3285519672711215	4.975071538130257	4.567071483093505	2.8524352748603707	1.5152712976948353	0.8928571428571429	2.9473684210526314	0.0	0.16666666666666666	0.0	0.0	0.0	0.24662605224910522	0.2735001485001485	0.8162636428678064	0.738135950619412	1.1691858531298682	1.5984133993698186	1.5288485642666272	2.5412887301934846	5.42251866622862	6.17916388102842	5.33621118853619	6.297877058360329	2.6496600487376414	1.249744104716499	0.838845322076061	1.1730531904180623	0.9843155334653014	1.2995636677080498	1.4512928042408024	1.1151257868411795	2.5981689549710785
	# checklists reporting species - (Yellow-rumped Warbler)	19	22	14	4	5	5	3	7	0	3	3	27	43	259	665	1929	3868	3729	2957	582	8	1	0	1	0.0	0.0	0.0	5	2	24	59	203	299	352	495	910	1063	1015	906	751	217	105	58	34	35	33	33	29
	
High Count
	Yellow-rumped Warbler	2	1	1	2	1	1	1	1	1	1	1	3	5	10	33	128	350	300	108	21	1	14	1	1	0.0	0.0	0.0	1	1	4	12	25	50	33	110	147	800	250	200	51	15	5	5	2	3	3	3	2
	# checklists reporting species - (Yellow-rumped Warbler)	28	31	15	8	6	5	4	7	1	3	3	27	45	278	720	2095	4197	4039	3180	628	8	1	2	1	0.0	0.0	0.0	5	2	24	62	218	319	381	526	1026	1215	1154	1019	818	230	112	59	35	39	38	35	41
	
Totals
	Yellow-rumped Warbler	29	31	15	10	6	5	4	7	1	3	3	38	59	458	2202	10180	31726	25725	13225	1274	8	14	2	1	0.0	0.0	0.0	5	2	46	127	535	1065	1177	2796	10266	14613	10739	9864	3642	542	184	84	38	43	42	46	42
	# checklists reporting species - (Yellow-rumped Warbler)	28	31	15	8	6	5	4	7	1	3	3	27	45	271	692	2001	3991	3833	3015	601	8	1	2	1	0.0	0.0	0.0	5	2	24	62	211	305	361	511	962	1132	1078	962	790	226	112	59	35	39	38	35	41
	
Average Count
	Yellow-rumped Warbler	1.0357142857142858	1.0	1.0	1.25	1.0	1.0	1.0	1.0	1.0	1.0	1.0	1.4074074074074074	1.3111111111111111	1.6900369003690037	3.1820809248554913	5.087456271864068	7.949386118767226	6.711453169840856	4.3864013266998345	2.119800332778702	1.0	14.0	1.0	1.0	0.0	0.0	0.0	1.0	1.0	1.9166666666666667	2.0483870967741935	2.5355450236966823	3.4918032786885247	3.260387811634349	5.471624266144814	10.671517671517671	12.909010600706713	9.961966604823747	10.253638253638254	4.610126582278481	2.398230088495575	1.6428571428571428	1.423728813559322	1.0857142857142856	1.1025641025641026	1.105263157894737	1.3142857142857143	1.024390243902439
	# checklists reporting species - (Yellow-rumped Warbler)	28	31	15	8	6	5	4	7	1	3	3	27	45	271	692	2001	3991	3833	3015	601	8	1	2	1	0.0	0.0	0.0	5	2	24	62	211	305	361	511	962	1132	1078	962	790	226	112	59	35	39	38	35	41
	
