

	Week starting on...	1/1	1/8	1/15	1/22	2/1	2/8	2/15	2/22	3/1	3/8	3/15	3/22	4/1	4/8	4/15	4/22	5/1	5/8	5/15	5/22	6/1	6/8	6/15	6/22	7/1	7/8	7/15	7/22	8/1	8/8	8/15	8/22	9/1	9/8	9/15	9/22	10/1	10/8	10/15	10/22	11/1	11/8	11/15	11/22	12/1	12/8	12/15	12/22
Frequency (%)
	Red-eyed Vireo	0.0	0.0	0.0	0.0	0.0	0.0	0.0	0.0	0.0	0.0	0.0	0.0	0.0	0.0	0.0	0.03052969012364525	0.5200809014735626	5.286219081272084	22.29463473779933	31.412849975724228	23.091178650852484	17.125645438898452	16.319612590799032	13.548641197321782	15.687361419068734	13.849033063006862	13.054662379421222	10.53109396277803	9.079754601226995	9.069493521790342	13.256784968684759	17.142857142857142	24.2262132212457	24.492979719188767	17.866769349249132	10.168434185901434	5.71632725973562	1.6973125884016973	0.46461758398856323	0.16051364365971107	0.0373134328358209	0.037037037037037035	0.0	0.0	0.0	0.0	0.0	0.0
	Total # checklists submitted - (Red-eyed Vireo)	4647	3500	3030	4287	2903	3748	5456	3029	3408	3753	4232	5749	4440	4239	4476	6551	6922	7075	6598	6179	2698	2324	2065	2539	1804	1603	1555	2203	1630	1698	1916	2940	2617	2564	2597	3206	2799	2828	2798	3738	2680	2700	2440	2955	2284	2331	2683	4466
	
Abundance
	Red-eyed Vireo	0.0	0.0	0.0	0.0	0.0	0.0	0.0	0.0	0.0	0.0	0.0	0.0	0.0	0.0	0.0	6.10593802472905E-4	0.005345275931811615	0.09964664310954063	0.5183388905729008	0.9229648810487134	0.5151964418087472	0.3313253012048193	0.3108958837772397	0.23985821189444664	0.2633037694013304	0.288833437305053	0.25209003215434084	0.19337267362687244	0.15030674846625766	0.1790341578327444	0.26252609603340293	0.3925170068027211	0.6977455101260985	0.5897035881435257	0.36850211782826336	0.1603243917654398	0.08360128617363344	0.018387553041018388	0.005360972122944961	0.0018726591760299626	3.7313432835820896E-4	3.7037037037037035E-4	0.0	0.0	0.0	0.0	0.0	0.0
	Total # checklists submitted - (Red-eyed Vireo)	4647	3500	3030	4287	2903	3748	5456	3029	3408	3753	4232	5749	4440	4239	4476	6551	6922	7075	6598	6179	2698	2324	2065	2539	1804	1603	1555	2203	1630	1698	1916	2940	2617	2564	2597	3206	2799	2828	2798	3738	2680	2700	2440	2955	2284	2331	2683	4466
	
Birds Per Party Hour
	Red-eyed Vireo	0.0	0.0	0.0	0.0	0.0	0.0	0.0	0.0	0.0	0.0	0.0	0.0	0.0	0.0	0.0	1.0	0.7291462583996596	1.1128312765242232	1.5798820117202121	2.0528861184411054	2.82922579592512	2.9531186623881145	2.7981218583035528	3.3203250422120094	3.0941186426319756	3.009765161189167	2.0150067152039433	1.5739878897285726	1.5092326657882313	1.759117717582616	1.6423038515131434	1.4764847065824307	1.677980058752279	1.5238466871821186	1.187159888595323	0.9762010557750176	0.9646845004097129	0.640017695208359	0.4260700240427325	0.4370554049960241	0.125	0.9372071227741331	0.0	0.0	0.0	0.0	0.0	0.0
	# checklists reporting species - (Red-eyed Vireo)	0.0	0.0	0.0	0.0	0.0	0.0	0.0	0.0	0.0	0.0	0.0	0.0	0.0	0.0	0.0	1	32	375	1481	1953	629	386	331	338	277	221	199	226	148	160	258	513	649	651	489	350	166	44	16	6	1	1	0.0	0.0	0.0	0.0	0.0	0.0
	
High Count
	Red-eyed Vireo	0.0	0.0	0.0	0.0	0.0	0.0	0.0	0.0	0.0	0.0	0.0	0.0	0.0	0.0	0.0	3	2	24	33	42	40	27	12	16	11	12	8	10	10	15	15	24	46	34	22	9	15	3	2	2	1	1	0.0	0.0	0.0	0.0	0.0	0.0
	# checklists reporting species - (Red-eyed Vireo)	0.0	0.0	0.0	0.0	0.0	0.0	0.0	0.0	0.0	0.0	0.0	0.0	0.0	0.0	0.0	2	39	423	1623	2188	772	523	569	662	499	304	215	240	158	170	277	557	692	693	522	384	175	52	17	6	2	1	0.0	0.0	0.0	0.0	0.0	0.0
	
Totals
	Red-eyed Vireo	0.0	0.0	0.0	0.0	0.0	0.0	0.0	0.0	0.0	0.0	0.0	0.0	0.0	0.0	0.0	4	39	790	3622	6120	1556	909	881	933	694	544	405	435	268	328	535	1249	1909	1687	1087	621	256	55	19	7	1	1	0.0	0.0	0.0	0.0	0.0	0.0
	# checklists reporting species - (Red-eyed Vireo)	0.0	0.0	0.0	0.0	0.0	0.0	0.0	0.0	0.0	0.0	0.0	0.0	0.0	0.0	0.0	2	36	396	1535	2078	733	486	551	646	473	295	205	233	150	164	270	536	669	672	513	377	172	47	17	6	1	1	0.0	0.0	0.0	0.0	0.0	0.0
	
Average Count
	Red-eyed Vireo	0.0	0.0	0.0	0.0	0.0	0.0	0.0	0.0	0.0	0.0	0.0	0.0	0.0	0.0	0.0	2.0	1.0833333333333333	1.994949494949495	2.3596091205211724	2.9451395572666024	2.1227830832196455	1.8703703703703705	1.5989110707803993	1.4442724458204335	1.46723044397463	1.8440677966101695	1.975609756097561	1.8669527896995708	1.7866666666666666	2.0	1.9814814814814814	2.330223880597015	2.8535127055306426	2.5104166666666665	2.1189083820662766	1.6472148541114058	1.4883720930232558	1.1702127659574468	1.1176470588235294	1.1666666666666667	1.0	1.0	0.0	0.0	0.0	0.0	0.0	0.0
	# checklists reporting species - (Red-eyed Vireo)	0.0	0.0	0.0	0.0	0.0	0.0	0.0	0.0	0.0	0.0	0.0	0.0	0.0	0.0	0.0	2	36	396	1535	2078	733	486	551	646	473	295	205	233	150	164	270	536	669	672	513	377	172	47	17	6	1	1	0.0	0.0	0.0	0.0	0.0	0.0
	
