

	Week starting on...	1/1	1/8	1/15	1/22	2/1	2/8	2/15	2/22	3/1	3/8	3/15	3/22	4/1	4/8	4/15	4/22	5/1	5/8	5/15	5/22	6/1	6/8	6/15	6/22	7/1	7/8	7/15	7/22	8/1	8/8	8/15	8/22	9/1	9/8	9/15	9/22	10/1	10/8	10/15	10/22	11/1	11/8	11/15	11/22	12/1	12/8	12/15	12/22
Frequency (%)
	Gray Catbird	0.17215407789972026	0.37142857142857144	0.16501650165016502	0.18661068346162818	0.10334137099552188	0.10672358591248667	0.10997067448680353	0.3301419610432486	0.029342723004694836	0.07993605115907274	0.0945179584120983	0.17394329448599755	0.3153153153153153	0.23590469450342064	0.3127792672028597	0.809036788276599	13.811037272464604	29.85159010600707	46.02909972719006	39.86081890273507	25.500370644922164	22.418244406196212	22.71186440677966	20.007877116975187	22.78270509977827	21.14784778540237	21.35048231511254	21.15297321833863	21.104294478527606	23.027090694935218	24.89561586638831	25.136054421768705	28.12380588460069	25.663026521060843	25.60646900269542	21.334996880848408	17.792068595927116	8.486562942008486	3.1451036454610435	1.1503477795612627	0.2985074626865672	0.6666666666666667	0.20491803278688525	0.3045685279187817	0.13134851138353765	0.1287001287001287	0.18635855385762207	0.5373936408419167
	Total # checklists submitted - (Gray Catbird)	4647	3500	3030	4287	2903	3748	5456	3029	3408	3753	4232	5749	4440	4239	4476	6551	6922	7075	6598	6179	2698	2324	2065	2539	1804	1603	1555	2203	1630	1698	1916	2940	2617	2564	2597	3206	2799	2828	2798	3738	2680	2700	2440	2955	2284	2331	2683	4466
	
Abundance
	Gray Catbird	0.0017215407789972026	0.0037142857142857142	0.0016501650165016502	0.0018661068346162819	0.0010334137099552187	0.0010672358591248667	0.0010997067448680353	0.003301419610432486	2.9342723004694836E-4	7.993605115907274E-4	9.45179584120983E-4	0.0017394329448599756	0.003153153153153153	0.0023590469450342063	0.003351206434316354	0.00885361013585712	0.22190118462872002	0.7906713780918728	1.557138526826311	1.103900307493122	0.5214974054855448	0.4367469879518072	0.4639225181598063	0.4107916502560063	0.4534368070953437	0.47723019338739864	0.4868167202572347	0.47208352246936	0.4803680981595092	0.5058892815076561	0.6184759916492694	0.6673469387755102	0.7145586549484142	0.5858034321372855	0.5956873315363881	0.47723019338739864	0.34655234012147196	0.11633663366336634	0.03716940671908506	0.01337613697164259	0.0029850746268656717	0.007407407407407408	0.0020491803278688526	0.003045685279187817	0.0013134851138353765	0.001287001287001287	0.0018635855385762206	0.005150022391401702
	Total # checklists submitted - (Gray Catbird)	4647	3500	3030	4287	2903	3748	5456	3029	3408	3753	4232	5749	4440	4239	4476	6551	6922	7075	6598	6179	2698	2324	2065	2539	1804	1603	1555	2203	1630	1698	1916	2940	2617	2564	2597	3206	2799	2828	2798	3738	2680	2700	2440	2955	2284	2331	2683	4466
	
Birds Per Party Hour
	Gray Catbird	0.6350414156960441	0.6829596936627368	0.6561780643549916	0.6834463572417264	11.864705882352942	0.6597198399085191	0.2563750628456511	0.4632519704677528	0.35285815102328866	1.236573760052828	0.6674547151819491	0.6414993296004681	5.77852247556784	0.9767334470009784	0.6273264417299029	0.6954196716135105	1.0170489614165825	1.5454036907220476	1.8812804175479412	1.5801452858481233	1.7068558890259349	1.5329543342772516	2.0649235280920677	2.012236504626738	2.594718106327852	2.169668678938835	1.6654289550235495	1.4408839809075626	1.442910454288842	1.9790110579750537	1.4128334245243466	1.6200881147235846	1.395814982563308	1.3090495853166453	1.3530846578261813	1.198327594764315	1.0945499675431993	0.7713032537429095	0.6561899232926325	1.010519635902318	0.814279062685186	0.41696731420935823	0.5130586138495495	1.6259192853096527	2.105980346998311	1.062518093186277	0.7443706980993307	0.4378514398153411
	# checklists reporting species - (Gray Catbird)	8	13	6	9	5	5	5	10	2	3	4	10	16	11	14	51	990	2105	3033	2428	682	521	470	518	405	330	330	463	348	394	478	728	723	664	653	680	505	241	89	44	9	17	6	11	4	4	6	24
	
High Count
	Gray Catbird	1	1	1	1	1	1	1	1	1	1	1	1	1	1	2	5	15	40	50	30	15	20	21	13	12	18	25	22	38	15	20	30	29	18	24	18	35	7	3	4	1	2	1	1	1	1	2	1
	# checklists reporting species - (Gray Catbird)	9	13	6	10	6	5	6	11	2	3	4	10	16	11	14	57	1051	2286	3285	2688	816	631	647	863	680	442	352	487	372	425	513	786	782	717	731	760	559	262	98	45	10	19	8	11	4	4	8	25
	
Totals
	Gray Catbird	9	13	6	10	6	5	6	11	2	3	4	10	16	11	15	64	1640	5888	10743	7189	1557	1134	1141	1444	1099	877	785	1070	831	917	1279	2056	1949	1595	1633	1660	1047	368	112	52	10	21	8	11	4	4	9	24
	# checklists reporting species - (Gray Catbird)	9	13	6	10	6	5	6	11	2	3	4	10	16	11	14	54	1025	2179	3097	2539	777	600	625	842	653	414	336	473	355	405	493	750	750	687	696	730	541	255	95	45	10	19	8	11	4	4	8	24
	
Average Count
	Gray Catbird	1.0	1.0	1.0	1.0	1.0	1.0	1.0	1.0	1.0	1.0	1.0	1.0	1.0	1.0	1.0714285714285714	1.1851851851851851	1.6	2.7021569527306104	3.4688408136906683	2.8314296967309964	2.003861003861004	1.89	1.8256	1.7149643705463182	1.6830015313935682	2.1183574879227054	2.3363095238095237	2.2621564482029597	2.340845070422535	2.2641975308641977	2.5943204868154157	2.7413333333333334	2.5986666666666665	2.321688500727802	2.346264367816092	2.2739726027397262	1.935304990757856	1.4431372549019608	1.1789473684210525	1.1555555555555554	1.0	1.105263157894737	1.0	1.0	1.0	1.0	1.125	1.0
	# checklists reporting species - (Gray Catbird)	9	13	6	10	6	5	6	11	2	3	4	10	16	11	14	54	1025	2179	3097	2539	777	600	625	842	653	414	336	473	355	405	493	750	750	687	696	730	541	255	95	45	10	19	8	11	4	4	8	24
	
