

	Week starting on...	1/1	1/8	1/15	1/22	2/1	2/8	2/15	2/22	3/1	3/8	3/15	3/22	4/1	4/8	4/15	4/22	5/1	5/8	5/15	5/22	6/1	6/8	6/15	6/22	7/1	7/8	7/15	7/22	8/1	8/8	8/15	8/22	9/1	9/8	9/15	9/22	10/1	10/8	10/15	10/22	11/1	11/8	11/15	11/22	12/1	12/8	12/15	12/22
Frequency (%)
	Eastern Meadowlark	0.23671185711211534	0.1142857142857143	0.16501650165016502	0.2565896897597387	1.0334137099552188	0.3468516542155816	0.1282991202346041	0.49521294156487283	0.2640845070422535	0.45297095656807884	2.0793950850661624	2.6961210645329623	2.725225225225225	3.397027600849257	3.5746201966041107	3.0987635475499924	2.7159780410286047	2.1625441696113077	1.4852985753258563	2.1362680045314777	1.8161601186063752	1.5920826161790018	1.9854721549636805	1.4966522252855454	0.8314855875831485	0.43668122270742354	0.707395498392283	0.45392646391284613	0.6134969325153374	0.6478209658421673	0.2609603340292276	0.17006802721088435	0.30569354222392053	0.1170046801872075	0.3850596842510589	1.1852776044915783	0.7859949982136478	1.4851485148514851	1.6797712651894212	1.3643659711075442	0.9328358208955223	0.33333333333333337	0.5327868852459016	0.0	0.17513134851138354	0.0429000429000429	0.18635855385762207	0.9628302731751007
	Total # checklists submitted - (Eastern Meadowlark)	4647	3500	3030	4287	2903	3748	5456	3029	3408	3753	4232	5749	4440	4239	4476	6551	6922	7075	6598	6179	2698	2324	2065	2539	1804	1603	1555	2203	1630	1698	1916	2940	2617	2564	2597	3206	2799	2828	2798	3738	2680	2700	2440	2955	2284	2331	2683	4466
	
Abundance
	Eastern Meadowlark	0.008607703894986012	0.004285714285714286	0.005280528052805281	0.0027991602519244225	0.010678608336203927	0.003735325506937033	0.0020161290322580645	0.011554968636513702	0.004988262910798122	0.013056221689315214	0.038988657844990546	0.06766394155505305	0.06036036036036036	0.07949988204765275	0.07529043789097409	0.0844145931918791	0.0722334585379948	0.05257950530035336	0.02758411639890876	0.07784431137724551	0.041141586360266866	0.025387263339070567	0.0648910411622276	0.054352107128790864	0.012195121951219513	0.028072364316905803	0.04565916398713826	0.007716749886518384	0.03128834355828221	0.015901060070671377	0.004697286012526096	0.004081632653061225	0.004203286205578907	7.8003120124805E-4	0.012321909896033885	0.023393636930754833	0.02536620221507681	0.03536067892503536	0.05003573981415296	0.03263777421080792	0.020522388059701493	0.024074074074074074	0.009016393442622951	0.0	0.0017513134851138354	4.29000429000429E-4	0.002981736861721953	0.045454545454545456
	Total # checklists submitted - (Eastern Meadowlark)	4647	3500	3030	4287	2903	3748	5456	3029	3408	3753	4232	5749	4440	4239	4476	6551	6922	7075	6598	6179	2698	2324	2065	2539	1804	1603	1555	2203	1630	1698	1916	2940	2617	2564	2597	3206	2799	2828	2798	3738	2680	2700	2440	2955	2284	2331	2683	4466
	
Birds Per Party Hour
	Eastern Meadowlark	1.1160714285714286	2.2581898800208657	1.2395056058581733	0.35996460301115313	1.1524905819972093	0.8073567893436985	0.4362082624985217	0.7546078190664848	0.4305555555555556	0.6876160541565706	0.8161556165352166	2.285653888625994	1.3472832820604947	1.1477467247696944	0.9857769176913654	1.259266308685597	1.2289384970262953	1.2383957572141675	1.4406171067827167	1.6467324496889866	1.9903948833196647	1.957476701629629	1.7508031343574098	3.582519950975895	5.911634984100706	4.376426062866741	1.010218253968254	0.6821889271692974	1.9619047619047618	1.8170420420420421	0.62	1.3555555555555556	0.8971480900052329	0.3333333333333333	1.0405546834118262	0.5932281238923839	0.752996041148207	1.1226747367770291	0.8617087549893274	0.9137079081446589	0.5141774253775097	2.4199019615260733	0.9563132872098571	0.0	0.2548728813559322	0.09433962264150944	0.40625	0.8245336409510239
	# checklists reporting species - (Eastern Meadowlark)	12	4	5	11	32	15	8	15	6	13	80	128	97	114	136	165	141	93	70	93	36	26	34	27	12	4	8	3	5	8	5	3	7	1	7	29	18	35	43	48	21	8	15	0.0	4	2	4	40
	
High Count
	Eastern Meadowlark	13	10	10	2	2	2	5	5	5	12	10	30	11	18	30	75	50	20	15	60	25	12	15	20	5	20	50	7	18	12	4	6	3	3	12	16	25	12	30	15	10	25	10	0.0	1	1	3	26
	# checklists reporting species - (Eastern Meadowlark)	12	4	5	12	32	16	8	16	9	30	97	177	140	163	171	225	202	161	114	142	62	48	55	53	33	16	13	13	13	16	7	9	9	4	15	45	29	51	53	62	27	10	15	0.0	5	2	6	44
	
Totals
	Eastern Meadowlark	41	15	16	12	33	16	12	35	17	58	173	404	290	378	347	576	515	380	195	489	136	71	152	155	40	53	73	17	53	35	10	14	12	5	32	86	80	117	148	139	57	66	24	0.0	4	2	9	206
	# checklists reporting species - (Eastern Meadowlark)	12	4	5	11	32	15	8	15	9	21	90	140	116	141	150	196	172	117	92	111	47	35	45	42	27	14	11	6	9	9	6	6	8	3	9	36	23	42	48	58	25	10	15	0.0	4	2	6	42
	
Average Count
	Eastern Meadowlark	3.4166666666666665	3.75	3.2	1.0909090909090908	1.03125	1.0666666666666667	1.5	2.3333333333333335	1.8888888888888888	2.761904761904762	1.9222222222222223	2.8857142857142857	2.5	2.6808510638297873	2.3133333333333335	2.938775510204082	2.994186046511628	3.247863247863248	2.119565217391304	4.405405405405405	2.893617021276596	2.0285714285714285	3.3777777777777778	3.6904761904761907	1.4814814814814814	3.7857142857142856	6.636363636363637	2.8333333333333335	5.888888888888889	3.888888888888889	1.6666666666666667	2.3333333333333335	1.5	1.6666666666666667	3.5555555555555554	2.388888888888889	3.4782608695652173	2.7857142857142856	3.0833333333333335	2.396551724137931	2.28	6.6	1.6	0.0	1.0	1.0	1.5	4.904761904761905
	# checklists reporting species - (Eastern Meadowlark)	12	4	5	11	32	15	8	15	9	21	90	140	116	141	150	196	172	117	92	111	47	35	45	42	27	14	11	6	9	9	6	6	8	3	9	36	23	42	48	58	25	10	15	0.0	4	2	6	42
	
