

	Week starting on...	1/1	1/8	1/15	1/22	2/1	2/8	2/15	2/22	3/1	3/8	3/15	3/22	4/1	4/8	4/15	4/22	5/1	5/8	5/15	5/22	6/1	6/8	6/15	6/22	7/1	7/8	7/15	7/22	8/1	8/8	8/15	8/22	9/1	9/8	9/15	9/22	10/1	10/8	10/15	10/22	11/1	11/8	11/15	11/22	12/1	12/8	12/15	12/22
Frequency (%)
	Common Yellowthroat	0.043038519474930065	0.0	0.0	0.023326335432703522	0.0	0.0	0.0	0.0	0.0	0.0	0.0	0.0	0.0	0.0	0.0	0.122118760494581	4.30511412886449	13.879858657243815	27.341618672324948	15.374656093218967	6.263899184581172	3.7865748709122204	3.3414043583535107	3.2296179598267036	2.494456762749446	1.8091079226450406	2.636655948553055	1.3617793917385383	1.3496932515337423	0.9422850412249705	1.826722338204593	8.061224489795919	15.246465418418037	16.029641185647424	13.66961879091259	12.039925140361822	9.574848160057163	3.818953323903819	2.2516082916368836	1.3108614232209739	0.4850746268656716	0.33333333333333337	0.12295081967213116	0.20304568527918782	0.3502626970227671	0.0429000429000429	0.18635855385762207	0.11195700850873264
	Total # checklists submitted - (Common Yellowthroat)	4647	3500	3030	4287	2903	3748	5456	3029	3408	3753	4232	5749	4440	4239	4476	6551	6922	7075	6598	6179	2698	2324	2065	2539	1804	1603	1555	2203	1630	1698	1916	2940	2617	2564	2597	3206	2799	2828	2798	3738	2680	2700	2440	2955	2284	2331	2683	4466
	
Abundance
	Common Yellowthroat	4.3038519474930065E-4	0.0	0.0	2.3326335432703523E-4	0.0	0.0	0.0	0.0	0.0	0.0	0.0	0.0	0.0	0.0	0.0	0.001373836055564036	0.055475296157180005	0.23081272084805654	0.6185207638678387	0.2994011976047904	0.09266123054114159	0.060671256454388985	0.05230024213075061	0.049625836943678614	0.03991130820399113	0.021834061135371178	0.033440514469453377	0.018157058556513846	0.02147239263803681	0.013545347467608953	0.026096033402922755	0.12244897959183673	0.3358807795185327	0.3494539781591264	0.287639584135541	0.21397379912663755	0.15898535191139693	0.04384724186704385	0.024303073624017155	0.015516318887105404	0.004850746268656716	0.003703703703703704	0.0012295081967213116	0.0020304568527918783	0.0035026269702276708	4.29000429000429E-4	0.0018635855385762206	0.0011195700850873264
	Total # checklists submitted - (Common Yellowthroat)	4647	3500	3030	4287	2903	3748	5456	3029	3408	3753	4232	5749	4440	4239	4476	6551	6922	7075	6598	6179	2698	2324	2065	2539	1804	1603	1555	2203	1630	1698	1916	2940	2617	2564	2597	3206	2799	2828	2798	3738	2680	2700	2440	2955	2284	2331	2683	4466
	
Birds Per Party Hour
	Common Yellowthroat	0.7045454545454546	0.0	0.0	0.5455537370430987	0.0	0.0	0.0	0.0	0.0	0.0	0.0	0.0	0.0	0.0	0.0	0.7022608726631083	0.8944829864577093	1.2065038111775956	1.3155517169724686	1.3258689618708308	1.3954818575701606	2.2699799560329716	1.8636234992446636	1.3327949693352046	1.4195254399036943	1.6009386109401962	1.942942157343704	1.4857544554794637	1.4794368846861523	2.657984705881591	0.9728751719054822	0.7658441908891714	1.1149958722496172	1.1063056937452764	1.1139611703147216	0.9548472288518478	0.8468713585685099	0.49947569812954684	0.5385204758145921	0.7489288004001954	0.6414212547562756	0.392712485376262	0.5133333333333333	0.41183100779027304	0.26999559082892416	0.3333333333333333	0.40454349606269224	0.4382323329691751
	# checklists reporting species - (Common Yellowthroat)	2	0.0	0.0	1	0.0	0.0	0.0	0.0	0.0	0.0	0.0	0.0	0.0	0.0	0.0	6	364	1300	2412	1592	270	81	64	78	47	30	37	26	20	15	35	247	404	432	365	398	279	107	65	52	14	9	5	7	9	2	6	9
	
High Count
	Common Yellowthroat	1	0.0	0.0	1	0.0	0.0	0.0	0.0	0.0	0.0	0.0	0.0	0.0	0.0	0.0	3	4	20	35	20	6	10	9	7	6	10	5	2	6	4	4	8	14	30	21	10	15	3	3	3	1	2	2	1	1	1	1	1
	# checklists reporting species - (Common Yellowthroat)	2	0.0	0.0	1	0.0	0.0	0.0	0.0	0.0	0.0	0.0	0.0	0.0	0.0	0.0	9	379	1383	2556	1743	329	139	99	140	74	39	42	32	23	17	37	272	436	460	407	438	305	117	69	53	15	9	5	7	9	3	6	10
	
Totals
	Common Yellowthroat	2	0.0	0.0	1	0.0	0.0	0.0	0.0	0.0	0.0	0.0	0.0	0.0	0.0	0.0	9	479	2218	5337	3211	465	191	139	187	104	54	52	41	36	23	52	413	918	979	808	752	488	131	73	62	15	10	6	7	9	3	6	10
	# checklists reporting species - (Common Yellowthroat)	2	0.0	0.0	1	0.0	0.0	0.0	0.0	0.0	0.0	0.0	0.0	0.0	0.0	0.0	7	370	1346	2478	1684	312	130	96	138	74	39	37	31	23	16	37	264	421	447	394	425	297	112	68	53	15	9	5	7	9	3	6	10
	
Average Count
	Common Yellowthroat	1.0	0.0	0.0	1.0	0.0	0.0	0.0	0.0	0.0	0.0	0.0	0.0	0.0	0.0	0.0	1.2857142857142858	1.2945945945945947	1.6478454680534917	2.1537530266343827	1.906769596199525	1.4903846153846154	1.4692307692307693	1.4479166666666667	1.355072463768116	1.4054054054054055	1.3846153846153846	1.4054054054054055	1.3225806451612903	1.565217391304348	1.4375	1.4054054054054055	1.5643939393939394	2.1805225653206652	2.190156599552573	2.050761421319797	1.7694117647058825	1.6430976430976432	1.1696428571428572	1.0735294117647058	1.169811320754717	1.0	1.1111111111111112	1.2	1.0	1.0	1.0	1.0	1.0
	# checklists reporting species - (Common Yellowthroat)	2	0.0	0.0	1	0.0	0.0	0.0	0.0	0.0	0.0	0.0	0.0	0.0	0.0	0.0	7	370	1346	2478	1684	312	130	96	138	74	39	37	31	23	16	37	264	421	447	394	425	297	112	68	53	15	9	5	7	9	3	6	10
	
