

	Week starting on...	1/1	1/8	1/15	1/22	2/1	2/8	2/15	2/22	3/1	3/8	3/15	3/22	4/1	4/8	4/15	4/22	5/1	5/8	5/15	5/22	6/1	6/8	6/15	6/22	7/1	7/8	7/15	7/22	8/1	8/8	8/15	8/22	9/1	9/8	9/15	9/22	10/1	10/8	10/15	10/22	11/1	11/8	11/15	11/22	12/1	12/8	12/15	12/22
Frequency (%)
	Short-billed Dowitcher	0.0	0.0	0.0	0.0	0.0	0.0	0.0	0.0	0.0	0.0	0.0	0.0	0.0	0.0	0.0	0.015264845061822624	0.04334007512279688	0.45229681978798586	2.712943316156411	2.913092733452015	0.4447739065974796	0.0	0.0	0.0	0.3325942350332594	1.5595757953836558	2.315112540192926	3.767589650476623	2.024539877300614	1.5901060070671376	1.6701461377870561	1.4625850340136055	2.254489873901414	1.5210608424336973	0.8086253369272237	0.2495321272613849	0.03572704537334762	0.0	0.0	0.0	0.0	0.0	0.0	0.0	0.0	0.0	0.0	0.0
	Total # checklists submitted - (Short-billed Dowitcher)	4647	3500	3030	4287	2903	3748	5456	3029	3408	3753	4232	5749	4440	4239	4476	6551	6922	7075	6598	6179	2698	2324	2065	2539	1804	1603	1555	2203	1630	1698	1916	2940	2617	2564	2597	3206	2799	2828	2798	3738	2680	2700	2440	2955	2284	2331	2683	4466
	
Abundance
	Short-billed Dowitcher	0.0	0.0	0.0	0.0	0.0	0.0	0.0	0.0	0.0	0.0	0.0	0.0	0.0	0.0	0.0	3.052969012364525E-4	7.22334585379948E-4	0.014558303886925795	0.22809942406789938	0.1505097912283541	0.006671608598962194	0.0	0.0	0.0	0.007206208425720621	0.05801621958827199	0.06881028938906752	0.13027689514298685	0.026993865030674847	0.02944640753828033	0.04540709812108559	0.06224489795918367	0.042414978983568975	0.02457098283931357	0.013477088948787063	0.002495321272613849	0.0	0.0	0.0	0.0	0.0	0.0	0.0	0.0	0.0	0.0	0.0	0.0
	Total # checklists submitted - (Short-billed Dowitcher)	4647	3500	3030	4287	2903	3748	5456	3029	3408	3753	4232	5749	4440	4239	4476	6551	6922	7075	6598	6179	2698	2324	2065	2539	1804	1603	1555	2203	1630	1698	1916	2940	2617	2564	2597	3206	2799	2828	2798	3738	2680	2700	2440	2955	2284	2331	2683	4466
	
Birds Per Party Hour
	Short-billed Dowitcher	0.0	0.0	0.0	0.0	0.0	0.0	0.0	0.0	0.0	0.0	0.0	0.0	0.0	0.0	0.0	0.4	0.2921065862242333	0.9187885365558286	3.2991841134610125	2.4968633162649443	1.2536538596458693	1.0	0.0	0.0	0.8333333333333334	2.5372343577596173	1.5535185636659514	1.6179275224139513	0.8608546038169762	0.9226934537631829	1.552288180143801	1.7876889254436614	1.0410527370295517	0.5880154600558949	0.6401872800311814	0.5994861153464832	0.0	0.0	0.0	0.0	0.0	0.0	0.0	0.0	0.0	0.0	0.0	0.0
	# checklists reporting species - (Short-billed Dowitcher)	0.0	0.0	0.0	0.0	0.0	0.0	0.0	0.0	0.0	0.0	0.0	0.0	0.0	0.0	0.0	1	3	41	197	196	12	1	0.0	0.0	6	30	42	99	37	35	39	51	60	39	20	9	0	0.0	0.0	0.0	0.0	0.0	0.0	0.0	0.0	0.0	0.0	0.0
	
High Count
	Short-billed Dowitcher	0.0	0.0	0.0	0.0	0.0	0.0	0.0	0.0	0.0	0.0	0.0	0.0	0.0	0.0	0.0	2	2	8	66	47	3	1	0.0	0.0	5	25	17	20	8	6	13	65	11	3	6	1	1	0.0	0.0	0.0	0.0	0.0	0.0	0.0	0.0	0.0	0.0	0.0
	# checklists reporting species - (Short-billed Dowitcher)	0.0	0.0	0.0	0.0	0.0	0.0	0.0	0.0	0.0	0.0	0.0	0.0	0.0	0.0	0.0	1	3	44	202	205	13	1	0.0	0.0	7	32	47	107	43	37	42	62	68	41	29	11	1	0.0	0.0	0.0	0.0	0.0	0.0	0.0	0.0	0.0	0.0	0.0
	
Totals
	Short-billed Dowitcher	0.0	0.0	0.0	0.0	0.0	0.0	0.0	0.0	0.0	0.0	0.0	0.0	0.0	0.0	0.0	2	5	126	1641	1038	19	1	0.0	0.0	14	112	139	352	55	73	114	233	125	65	43	11	0	0.0	0.0	0.0	0.0	0.0	0.0	0.0	0.0	0.0	0.0	0.0
	# checklists reporting species - (Short-billed Dowitcher)	0.0	0.0	0.0	0.0	0.0	0.0	0.0	0.0	0.0	0.0	0.0	0.0	0.0	0.0	0.0	1	3	43	200	198	13	1	0.0	0.0	7	32	47	107	41	35	41	60	64	40	28	11	0	0.0	0.0	0.0	0.0	0.0	0.0	0.0	0.0	0.0	0.0	0.0
	
Average Count
	Short-billed Dowitcher	0.0	0.0	0.0	0.0	0.0	0.0	0.0	0.0	0.0	0.0	0.0	0.0	0.0	0.0	0.0	2.0	1.6666666666666667	2.9302325581395348	8.205	5.242424242424242	1.4615384615384615	1.0	0.0	0.0	2.0	3.5	2.9574468085106385	3.289719626168224	1.3414634146341464	2.085714285714286	2.7804878048780486	3.8833333333333333	1.953125	1.625	1.5357142857142858	1.0	0.0	0.0	0.0	0.0	0.0	0.0	0.0	0.0	0.0	0.0	0.0	0.0
	# checklists reporting species - (Short-billed Dowitcher)	0.0	0.0	0.0	0.0	0.0	0.0	0.0	0.0	0.0	0.0	0.0	0.0	0.0	0.0	0.0	1	3	43	200	198	13	1	0.0	0.0	7	32	47	107	41	35	41	60	64	40	28	11	0	0.0	0.0	0.0	0.0	0.0	0.0	0.0	0.0	0.0	0.0	0.0
	
