

	Week starting on...	1/1	1/8	1/15	1/22	2/1	2/8	2/15	2/22	3/1	3/8	3/15	3/22	4/1	4/8	4/15	4/22	5/1	5/8	5/15	5/22	6/1	6/8	6/15	6/22	7/1	7/8	7/15	7/22	8/1	8/8	8/15	8/22	9/1	9/8	9/15	9/22	10/1	10/8	10/15	10/22	11/1	11/8	11/15	11/22	12/1	12/8	12/15	12/22
Frequency (%)
	Snowy Owl	3.63675489563159	4.2	3.597359735973597	3.3123396314439004	2.8935583878746125	1.92102454642476	1.6862170087976538	2.2779795311984152	4.460093896713615	3.597122302158273	4.1351606805293	2.504783440598365	0.8783783783783784	0.33026657230478884	0.24575513851653263	0.2747672111128072	0.057786766830395846	0.028268551236749116	0.06062443164595332	0.01618384851917786	0.1111934766493699	0.0	0.0	0.0	0.0	0.0	0.0	0.0	0.0	0.0	0.0	0.0	0.0	0.0	0.0	0.031191515907673113	0.0	0.0	0.0	0.294275013376137	0.1492537313432836	0.8148148148148148	0.6147540983606558	1.015228426395939	2.495621716287215	3.9468039468039464	4.547148714125979	5.620241827138379
	Total # checklists submitted - (Snowy Owl)	4647	3500	3030	4287	2903	3748	5456	3029	3408	3753	4232	5749	4440	4239	4476	6551	6922	7075	6598	6179	2698	2324	2065	2539	1804	1603	1555	2203	1630	1698	1916	2940	2617	2564	2597	3206	2799	2828	2798	3738	2680	2700	2440	2955	2284	2331	2683	4466
	
Abundance
	Snowy Owl	0.04562083064342587	0.046285714285714284	0.041584158415841586	0.03755540004665267	0.03238029624526352	0.021077908217716115	0.01906158357771261	0.027731924727632883	0.04606807511737089	0.0407673860911271	0.043478260869565216	0.030266133240563577	0.00990990990990991	0.00377447511205473	0.0024575513851653264	0.002747672111128072	5.778676683039584E-4	2.826855123674912E-4	6.062443164595332E-4	1.618384851917786E-4	0.001111934766493699	0.0	0.0	0.0	0.0	0.0	0.0	0.0	0.0	0.0	0.0	0.0	0.0	0.0	0.0	3.1191515907673113E-4	0.0	0.0	0.0	0.0029427501337613697	0.0014925373134328358	0.00962962962962963	0.006147540983606557	0.010490693739424704	0.03152364273204904	0.053625053625053626	0.0573984345881476	0.06918943125839677
	Total # checklists submitted - (Snowy Owl)	4647	3500	3030	4287	2903	3748	5456	3029	3408	3753	4232	5749	4440	4239	4476	6551	6922	7075	6598	6179	2698	2324	2065	2539	1804	1603	1555	2203	1630	1698	1916	2940	2617	2564	2597	3206	2799	2828	2798	3738	2680	2700	2440	2955	2284	2331	2683	4466
	
Birds Per Party Hour
	Snowy Owl	1.0776663961565391	1.4152223672933082	0.7113290471761191	0.8048701508539585	0.8045826752827046	0.7330987490729735	1.1586034746207596	1.1092781838660903	1.1656206656519916	1.187375073002214	1.1077897606881457	1.197733742239383	0.7202847976324913	0.4258917358917359	0.422033301498524	5.2178413030486555	0.32555388876067387	0.24092009685230023	0.13980798771121353	0.3333333333333333	0.46478778048121117	0.0	0.0	0.0	0.0	0.0	0.0	0.0	0.0	0.0	0.0	0.0	0.0	0.0	0.0	0.0	0.0	0.0	0.0	0.30392195742389083	0.21394799054373523	0.2990716145944025	0.5207693661508105	0.4672473149253219	0.7904548494295235	2.0999232976051276	1.0354222865879559	1.0076526924530094
	# checklists reporting species - (Snowy Owl)	179	165	116	155	97	73	90	75	165	152	189	148	37	15	10	18	4	2	5	1	3	0.0	0.0	0.0	0.0	0.0	0.0	0.0	0.0	0.0	0.0	0.0	0.0	0.0	0.0	1	0.0	0.0	0.0	11	3	20	17	32	66	104	130	275
	
High Count
	Snowy Owl	4	6	4	4	3	2	3	4	2	4	8	11	3	2	1	1	1	1	1	1	1	0.0	0.0	0.0	0.0	0.0	0.0	0.0	0.0	0.0	0.0	0.0	0.0	0.0	0.0	1	0.0	0.0	0.0	1	1	3	3	7	5	5	4	5
	# checklists reporting species - (Snowy Owl)	194	182	130	173	117	93	113	85	183	172	203	173	45	21	11	19	6	2	5	1	3	0.0	0.0	0.0	0.0	0.0	0.0	0.0	0.0	0.0	0.0	0.0	0.0	0.0	0.0	1	0.0	0.0	0.0	14	5	27	31	47	86	125	157	304
	
Totals
	Snowy Owl	240	198	147	190	133	99	124	102	188	192	213	204	50	23	11	19	6	2	5	1	3	0.0	0.0	0.0	0.0	0.0	0.0	0.0	0.0	0.0	0.0	0.0	0.0	0.0	0.0	1	0.0	0.0	0.0	14	5	31	35	55	103	163	194	364
	# checklists reporting species - (Snowy Owl)	191	180	126	169	115	92	110	83	180	171	201	172	45	21	11	19	6	2	5	1	3	0.0	0.0	0.0	0.0	0.0	0.0	0.0	0.0	0.0	0.0	0.0	0.0	0.0	0.0	1	0.0	0.0	0.0	14	5	26	30	45	80	124	155	297
	
Average Count
	Snowy Owl	1.256544502617801	1.1	1.1666666666666667	1.1242603550295858	1.1565217391304348	1.076086956521739	1.1272727272727272	1.2289156626506024	1.0444444444444445	1.1228070175438596	1.0597014925373134	1.186046511627907	1.1111111111111112	1.0952380952380953	1.0	1.0	1.0	1.0	1.0	1.0	1.0	0.0	0.0	0.0	0.0	0.0	0.0	0.0	0.0	0.0	0.0	0.0	0.0	0.0	0.0	1.0	0.0	0.0	0.0	1.0	1.0	1.1923076923076923	1.1666666666666667	1.2222222222222223	1.2875	1.314516129032258	1.2516129032258065	1.2255892255892256
	# checklists reporting species - (Snowy Owl)	191	180	126	169	115	92	110	83	180	171	201	172	45	21	11	19	6	2	5	1	3	0.0	0.0	0.0	0.0	0.0	0.0	0.0	0.0	0.0	0.0	0.0	0.0	0.0	0.0	1	0.0	0.0	0.0	14	5	26	30	45	80	124	155	297
	
