

	Week starting on...	1/1	1/8	1/15	1/22	2/1	2/8	2/15	2/22	3/1	3/8	3/15	3/22	4/1	4/8	4/15	4/22	5/1	5/8	5/15	5/22	6/1	6/8	6/15	6/22	7/1	7/8	7/15	7/22	8/1	8/8	8/15	8/22	9/1	9/8	9/15	9/22	10/1	10/8	10/15	10/22	11/1	11/8	11/15	11/22	12/1	12/8	12/15	12/22
Frequency (%)
	Veery	0.021519259737465032	0.028571428571428574	0.0	0.0	0.0	0.0	0.0	0.0	0.0	0.0	0.0	0.0	0.0	0.0	0.11170688114387846	0.29003205617462985	5.83646344986998	13.922261484098941	20.263716277659896	6.327884770998543	2.446256486286138	1.8502581755593803	1.5980629539951572	1.5754233950374164	0.7760532150776054	0.37429819089207733	0.964630225080386	0.18157058556513844	0.18404907975460122	0.4122497055359246	0.7828810020876826	2.6530612244897958	4.585403133358808	3.159126365054602	1.809780515979977	0.7174048658764816	0.3215434083601286	0.21216407355021216	0.14295925661186562	0.0	0.0	0.0	0.0	0.0	0.0	0.0	0.0	0.0
	Total # checklists submitted - (Veery)	4647	3500	3030	4287	2903	3748	5456	3029	3408	3753	4232	5749	4440	4239	4476	6551	6922	7075	6598	6179	2698	2324	2065	2539	1804	1603	1555	2203	1630	1698	1916	2940	2617	2564	2597	3206	2799	2828	2798	3738	2680	2700	2440	2955	2284	2331	2683	4466
	
Abundance
	Veery	2.1519259737465033E-4	2.8571428571428574E-4	0.0	0.0	0.0	0.0	0.0	0.0	0.0	0.0	0.0	0.0	0.0	0.0	0.0011170688114387846	0.0025950236605098457	0.08552441490898584	0.2563957597173145	0.3793573810245529	0.12607217996439554	0.03817642698295033	0.0391566265060241	0.04552058111380145	0.03938558487593541	0.014412416851441241	0.013100436681222707	0.01414790996784566	0.0018157058556513845	0.00245398773006135	0.005889281507656066	0.007828810020876827	0.031292517006802724	0.0569354222392052	0.038221528861154444	0.02464381979206777	0.008109794135995009	0.0035727045373347625	0.0021216407355021216	0.001072194424588992	0.0	0.0	0.0	0.0	0.0	0.0	0.0	0.0	0.0
	Total # checklists submitted - (Veery)	4647	3500	3030	4287	2903	3748	5456	3029	3408	3753	4232	5749	4440	4239	4476	6551	6922	7075	6598	6179	2698	2324	2065	2539	1804	1603	1555	2203	1630	1698	1916	2940	2617	2564	2597	3206	2799	2828	2798	3738	2680	2700	2440	2955	2284	2331	2683	4466
	
Birds Per Party Hour
	Veery	0.0	0.0	0.0	0.0	0.0	0.0	0.0	0.0	0.0	0.0	0.0	0.0	0.0	0.0	1.1842806247484847	2.2420727329690737	0.9267570079663054	1.0262084353841827	1.0251678827299957	1.0827798460928966	1.0875409993209069	1.1792929994412888	1.12928658822324	0.8819267029640574	0.8142439431913117	1.1636904761904763	0.6306689342403629	0.6555555555555556	0.37267080745341613	0.546011396011396	0.4314529220779221	0.6029875644511503	0.7826469318115546	1.4418376373199087	1.3363659898708424	0.4763234603568386	0.7044629598543941	0.6215211969658246	0.6616805170821791	0.0	0.0	0.0	0.0	0.0	0.0	0.0	0.0	0.0
	# checklists reporting species - (Veery)	2	1	0.0	0.0	0.0	0.0	0.0	0.0	0.0	0.0	0.0	0.0	0.0	0.0	5	18	410	985	1343	343	45	31	26	31	7	4	7	3	2	6	16	85	127	84	56	27	10	5	2	0.0	0.0	0.0	0.0	0.0	0.0	0.0	0.0	0.0
	
High Count
	Veery	1	1	0.0	0.0	0.0	0.0	0.0	0.0	0.0	0.0	0.0	0.0	0.0	0.0	1	1	14	40	48	25	11	20	16	10	15	10	10	2	2	4	2	5	6	4	12	2	2	2	1	0.0	0.0	0.0	0.0	0.0	0.0	0.0	0.0	0.0
	# checklists reporting species - (Veery)	2	1	0.0	0.0	0.0	0.0	0.0	0.0	0.0	0.0	0.0	0.0	0.0	0.0	5	23	454	1100	1456	426	74	47	36	46	28	7	15	5	3	8	18	97	133	93	67	32	10	8	4	0.0	0.0	0.0	0.0	0.0	0.0	0.0	0.0	0.0
	
Totals
	Veery	2	1	0.0	0.0	0.0	0.0	0.0	0.0	0.0	0.0	0.0	0.0	0.0	0.0	5	20	631	1922	2658	809	114	94	98	106	40	22	22	4	4	11	18	121	161	116	94	35	12	8	3	0.0	0.0	0.0	0.0	0.0	0.0	0.0	0.0	0.0
	# checklists reporting species - (Veery)	2	1	0.0	0.0	0.0	0.0	0.0	0.0	0.0	0.0	0.0	0.0	0.0	0.0	5	20	432	1041	1391	379	53	35	29	39	24	6	10	3	3	7	17	94	129	88	61	30	10	7	3	0.0	0.0	0.0	0.0	0.0	0.0	0.0	0.0	0.0
	
Average Count
	Veery	1.0	1.0	0.0	0.0	0.0	0.0	0.0	0.0	0.0	0.0	0.0	0.0	0.0	0.0	1.0	1.0	1.4606481481481481	1.846301633045149	1.9108554996405465	2.134564643799472	2.150943396226415	2.6857142857142855	3.3793103448275863	2.717948717948718	1.6666666666666667	3.6666666666666665	2.2	1.3333333333333333	1.3333333333333333	1.5714285714285714	1.0588235294117647	1.2872340425531914	1.248062015503876	1.3181818181818181	1.540983606557377	1.1666666666666667	1.2	1.1428571428571428	1.0	0.0	0.0	0.0	0.0	0.0	0.0	0.0	0.0	0.0
	# checklists reporting species - (Veery)	2	1	0.0	0.0	0.0	0.0	0.0	0.0	0.0	0.0	0.0	0.0	0.0	0.0	5	20	432	1041	1391	379	53	35	29	39	24	6	10	3	3	7	17	94	129	88	61	30	10	7	3	0.0	0.0	0.0	0.0	0.0	0.0	0.0	0.0	0.0
	
