

	Week starting on...	1/1	1/8	1/15	1/22	2/1	2/8	2/15	2/22	3/1	3/8	3/15	3/22	4/1	4/8	4/15	4/22	5/1	5/8	5/15	5/22	6/1	6/8	6/15	6/22	7/1	7/8	7/15	7/22	8/1	8/8	8/15	8/22	9/1	9/8	9/15	9/22	10/1	10/8	10/15	10/22	11/1	11/8	11/15	11/22	12/1	12/8	12/15	12/22
Frequency (%)
	Wilson's Warbler	0.0	0.0	0.0	0.0	0.0	0.0	0.0	0.0	0.0	0.0	0.0	0.0	0.0	0.0	0.0	0.0	0.13002022536839064	2.3321554770318023	9.790845710821461	10.357663052273832	1.223128243143069	0.04302925989672978	0.0	0.0	0.0	0.0	0.0	0.0	0.0	0.11778563015312131	0.5741127348643006	4.523809523809524	9.973251815055407	12.090483619344774	6.738544474393531	3.711790393013101	1.7506252232940338	0.31824611032531824	0.0	0.026752273943285176	0.0373134328358209	0.1111111111111111	0.08196721311475409	0.1692047377326565	0.0	0.0	0.0	0.0
	Total # checklists submitted - (Wilson's Warbler)	4647	3500	3030	4287	2903	3748	5456	3029	3408	3753	4232	5749	4440	4239	4476	6551	6922	7075	6598	6179	2698	2324	2065	2539	1804	1603	1555	2203	1630	1698	1916	2940	2617	2564	2597	3206	2799	2828	2798	3738	2680	2700	2440	2955	2284	2331	2683	4466
	
Abundance
	Wilson's Warbler	0.0	0.0	0.0	0.0	0.0	0.0	0.0	0.0	0.0	0.0	0.0	0.0	0.0	0.0	0.0	0.0	0.0011557353366079169	0.0288339222614841	0.14170960897241588	0.18239197281113448	0.016679021497405487	4.302925989672978E-4	0.0	0.0	0.0	0.0	0.0	0.0	0.0	0.001177856301531213	0.0041753653444676405	0.07142857142857142	0.21780664883454337	0.20670826833073322	0.09549480169426261	0.05396132252027448	0.02465166130760986	0.003536067892503536	0.0	2.6752273943285177E-4	3.7313432835820896E-4	0.0011111111111111111	8.19672131147541E-4	0.001692047377326565	0.0	0.0	0.0	0.0
	Total # checklists submitted - (Wilson's Warbler)	4647	3500	3030	4287	2903	3748	5456	3029	3408	3753	4232	5749	4440	4239	4476	6551	6922	7075	6598	6179	2698	2324	2065	2539	1804	1603	1555	2203	1630	1698	1916	2940	2617	2564	2597	3206	2799	2828	2798	3738	2680	2700	2440	2955	2284	2331	2683	4466
	
Birds Per Party Hour
	Wilson's Warbler	0.0	0.0	0.0	0.0	0.0	0.0	0.0	0.0	0.0	0.0	0.0	0.0	0.0	0.0	0.0	0.0	0.8147638740313726	0.8722949776151071	0.9062768808005025	1.2457649514860027	1.1387001889882067	0.2	0.0	0.0	0.0	0.0	0.0	0.0	0.0	0.3333333333333333	0.5141193966335409	0.7640954151004541	0.9751390093524743	0.7937889589176211	0.7666539105899378	0.768504654264996	0.5000888120108771	0.7302606622509874	0.0	0.2857142857142857	0.9233610341643582	0.5251782360918789	0.5132275132275133	0.4663549845348561	0.5	0.0	0.0	0.0
	# checklists reporting species - (Wilson's Warbler)	0.0	0.0	0.0	0.0	0.0	0.0	0.0	0.0	0.0	0.0	0.0	0.0	0.0	0.0	0.0	0.0	13	242	959	1163	111	1	0.0	0.0	0.0	0.0	0.0	0.0	0.0	1	8	130	274	338	186	131	49	10	0.0	1	1	3	2	5	1	0	0.0	0.0
	
High Count
	Wilson's Warbler	0.0	0.0	0.0	0.0	0.0	0.0	0.0	0.0	0.0	0.0	0.0	0.0	0.0	0.0	0.0	0.0	2	6	13	46	6	1	0.0	0.0	0.0	0.0	0.0	0.0	0.0	1	2	15	38	20	7	6	5	2	0.0	1	1	1	1	1	1	1	0.0	0.0
	# checklists reporting species - (Wilson's Warbler)	0.0	0.0	0.0	0.0	0.0	0.0	0.0	0.0	0.0	0.0	0.0	0.0	0.0	0.0	0.0	0.0	16	258	1024	1242	114	2	0.0	0.0	0.0	0.0	0.0	0.0	0.0	2	13	157	298	363	208	145	54	10	0.0	1	1	4	2	5	6	1	0.0	0.0
	
Totals
	Wilson's Warbler	0.0	0.0	0.0	0.0	0.0	0.0	0.0	0.0	0.0	0.0	0.0	0.0	0.0	0.0	0.0	0.0	16	316	1446	2114	152	2	0.0	0.0	0.0	0.0	0.0	0.0	0.0	2	11	265	615	602	291	205	73	11	0.0	1	1	4	2	5	6	1	0.0	0.0
	# checklists reporting species - (Wilson's Warbler)	0.0	0.0	0.0	0.0	0.0	0.0	0.0	0.0	0.0	0.0	0.0	0.0	0.0	0.0	0.0	0.0	14	250	986	1200	112	2	0.0	0.0	0.0	0.0	0.0	0.0	0.0	2	9	147	288	352	198	142	52	10	0.0	1	1	4	2	5	6	1	0.0	0.0
	
Average Count
	Wilson's Warbler	0.0	0.0	0.0	0.0	0.0	0.0	0.0	0.0	0.0	0.0	0.0	0.0	0.0	0.0	0.0	0.0	1.1428571428571428	1.264	1.4665314401622718	1.7616666666666667	1.3571428571428572	1.0	0.0	0.0	0.0	0.0	0.0	0.0	0.0	1.0	1.2222222222222223	1.8027210884353742	2.1354166666666665	1.7102272727272727	1.4696969696969697	1.443661971830986	1.4038461538461537	1.1	0.0	1.0	1.0	1.0	1.0	1.0	1.0	1.0	0.0	0.0
	# checklists reporting species - (Wilson's Warbler)	0.0	0.0	0.0	0.0	0.0	0.0	0.0	0.0	0.0	0.0	0.0	0.0	0.0	0.0	0.0	0.0	14	250	986	1200	112	2	0.0	0.0	0.0	0.0	0.0	0.0	0.0	2	9	147	288	352	198	142	52	10	0.0	1	1	4	2	5	6	1	0.0	0.0
	
