

	Week starting on...	1/1	1/8	1/15	1/22	2/1	2/8	2/15	2/22	3/1	3/8	3/15	3/22	4/1	4/8	4/15	4/22	5/1	5/8	5/15	5/22	6/1	6/8	6/15	6/22	7/1	7/8	7/15	7/22	8/1	8/8	8/15	8/22	9/1	9/8	9/15	9/22	10/1	10/8	10/15	10/22	11/1	11/8	11/15	11/22	12/1	12/8	12/15	12/22
Frequency (%)
	Gadwall	21.56229825693996	20.200000000000003	16.831683168316832	16.864940517844644	16.01791250430589	10.11205976520811	9.164222873900293	16.672169032684053	18.779342723004692	21.662669864108715	21.762759924385634	22.543050965385284	23.1981981981982	20.47652748289691	21.336014298480787	17.859868722332468	12.4963883270731	9.681978798586572	9.533191876326159	10.875546204887522	8.154188287620459	5.938037865748709	4.939467312348668	4.293028751476959	3.7694013303769403	5.364940736119776	6.495176848874598	7.126645483431685	5.398773006134969	5.771495877502945	5.949895615866389	8.46938775510204	9.170806266717616	11.856474258970358	11.821332306507509	14.254522769806613	16.470167917113255	19.483734087694486	21.551107934238743	24.050294275013375	26.044776119402986	25.962962962962965	23.852459016393443	22.808798646362096	24.211908931698776	22.737022737022734	18.33768169959001	20.26421854008061
	Total # checklists submitted - (Gadwall)	4647	3500	3030	4287	2903	3748	5456	3029	3408	3753	4232	5749	4440	4239	4476	6551	6922	7075	6598	6179	2698	2324	2065	2539	1804	1603	1555	2203	1630	1698	1916	2940	2617	2564	2597	3206	2799	2828	2798	3738	2680	2700	2440	2955	2284	2331	2683	4466
	
Abundance
	Gadwall	3.0718743275231333	2.9937142857142858	1.8247524752475248	1.8898996967576394	1.510506372717878	0.9082177161152615	0.812866568914956	1.588312974579069	1.868838028169014	2.320277111644018	2.446124763705104	2.3155331361975997	2.021846846846847	1.545647558386412	1.3107685433422698	0.8238436879865669	0.4419242993354522	0.3051590106007067	0.29251288269172476	0.3350056643469817	0.23202372127501852	0.17598967297762477	0.17578692493946732	0.1303662859393462	0.15022172949002216	0.24703680598877106	0.32411575562700967	0.4135270086246028	0.39079754601226996	0.49705535924617195	0.5709812108559499	0.8357142857142857	0.8643484906381352	1.0390015600624025	1.554871005005776	1.9254522769806612	2.203286888174348	2.8164780763790667	3.5950679056468906	3.8547351524879616	4.561567164179104	3.967037037037037	3.8344262295081966	3.4900169204737734	3.98292469352014	2.995280995280995	2.897502795378308	3.512987012987013
	Total # checklists submitted - (Gadwall)	4647	3500	3030	4287	2903	3748	5456	3029	3408	3753	4232	5749	4440	4239	4476	6551	6922	7075	6598	6179	2698	2324	2065	2539	1804	1603	1555	2203	1630	1698	1916	2940	2617	2564	2597	3206	2799	2828	2798	3738	2680	2700	2440	2955	2284	2331	2683	4466
	
Birds Per Party Hour
	Gadwall	16.689677511272542	15.859703036884952	12.106178414514297	13.216341436107571	10.265539746822622	10.788371972134357	8.428355070272207	8.826045780618376	11.449137222221182	8.050373115599143	7.731711141288754	7.825474209485786	6.669662105133187	5.51114488004678	4.476980805828826	2.7583710191797652	1.7390365516432125	1.56269419794022	1.4095909236598494	1.6754927138623732	1.8121039992031553	2.8747665367921296	1.7055786717361783	2.981962786898614	2.200386845918186	3.060469474909358	5.42042781623405	2.6941351036849994	2.9616772051841402	4.332418460105681	3.627807637855681	3.7352292108212306	4.264794981116085	3.605284090531236	6.072041864211079	6.972180806005494	8.921342413599463	8.114419927789402	12.475667189349368	13.201424848751591	14.743644833136951	17.3592420398206	13.669100973922355	15.794193214436708	17.93781563272221	13.208530542632543	11.333129079167579	15.822232020624497
	# checklists reporting species - (Gadwall)	927	677	488	659	427	352	469	475	595	760	868	1208	981	834	908	1113	829	683	617	656	215	135	101	101	67	87	101	148	86	101	113	239	229	294	313	441	443	519	577	851	650	641	549	624	511	489	467	872
	
High Count
	Gadwall	358	303	140	150	117	112	91	200	141	300	103	134	105	100	50	35	20	18	22	23	16	15	85	15	30	30	46	60	38	50	48	89	104	79	167	121	100	150	156	177	182	128	120	150	320	211	163	345
	# checklists reporting species - (Gadwall)	1063	754	550	778	493	396	534	537	671	863	975	1363	1092	905	997	1218	908	720	660	720	230	149	114	114	73	92	106	162	94	102	117	259	248	324	348	486	493	587	660	978	751	753	633	731	598	569	534	980
	
Totals
	Gadwall	14620	11098	5885	8474	4413	3433	4572	5366	6480	9284	10713	13562	9177	6686	5991	5582	3151	2234	1985	2174	650	427	391	336	282	407	527	935	646	887	1098	2501	2346	2853	4742	6340	6435	8179	10719	15532	12548	10959	9912	10885	9432	7419	8305	16070
	# checklists reporting species - (Gadwall)	944	701	498	679	434	358	482	490	604	775	880	1230	997	842	921	1124	843	692	628	678	218	142	109	104	69	90	103	151	87	101	113	246	233	301	330	450	455	530	590	878	659	657	570	642	525	502	477	894
	
Average Count
	Gadwall	15.48728813559322	15.83166904422254	11.817269076305221	12.480117820324006	10.168202764976959	9.589385474860336	9.485477178423237	10.951020408163265	10.728476821192054	11.979354838709677	12.173863636363636	11.026016260162601	9.204613841524573	7.940617577197149	6.504885993485342	4.9661921708185055	3.737841043890866	3.2283236994219653	3.160828025477707	3.206489675516224	2.981651376146789	3.007042253521127	3.5871559633027523	3.230769230769231	4.086956521739131	4.522222222222222	5.116504854368932	6.19205298013245	7.425287356321839	8.782178217821782	9.716814159292035	10.166666666666666	10.068669527896995	9.478405315614618	14.36969696969697	14.088888888888889	14.142857142857142	15.432075471698113	18.167796610169493	17.690205011389523	19.040971168437025	16.680365296803654	17.389473684210525	16.95482866043614	17.965714285714284	14.778884462151394	17.41090146750524	17.975391498881432
	# checklists reporting species - (Gadwall)	944	701	498	679	434	358	482	490	604	775	880	1230	997	842	921	1124	843	692	628	678	218	142	109	104	69	90	103	151	87	101	113	246	233	301	330	450	455	530	590	878	659	657	570	642	525	502	477	894
	
