

	Week starting on...	1/1	1/8	1/15	1/22	2/1	2/8	2/15	2/22	3/1	3/8	3/15	3/22	4/1	4/8	4/15	4/22	5/1	5/8	5/15	5/22	6/1	6/8	6/15	6/22	7/1	7/8	7/15	7/22	8/1	8/8	8/15	8/22	9/1	9/8	9/15	9/22	10/1	10/8	10/15	10/22	11/1	11/8	11/15	11/22	12/1	12/8	12/15	12/22
Frequency (%)
	Common Raven	3.7658704540563805	3.942857142857143	4.422442244224422	3.6855609983671567	3.8580778504994835	2.88153681963714	2.987536656891496	3.9617035325189827	3.9025821596244135	4.583000266453504	4.560491493383743	4.1050617498695425	4.527027027027027	5.897617362585515	7.841823056300267	7.372920164860326	7.006645478185495	7.010600706713781	5.168232797817521	3.4309758860657062	2.2979985174203117	1.1187607573149743	1.4043583535108959	0.9846396218983853	0.6097560975609756	1.8091079226450406	1.2861736334405145	1.2256014525646846	1.6564417177914113	1.5901060070671376	1.51356993736952	2.380952380952381	2.4837600305693543	3.471138845553822	3.8505968425105888	3.649407361197754	5.001786352268668	5.162659123055162	4.8606147248034315	5.9390048154093105	4.58955223880597	4.7407407407407405	4.139344262295082	3.5532994923857872	3.239929947460595	3.7752037752037753	5.478941483414089	3.80653828929691
	Total # checklists submitted - (Common Raven)	4647	3500	3030	4287	2903	3748	5456	3029	3408	3753	4232	5749	4440	4239	4476	6551	6922	7075	6598	6179	2698	2324	2065	2539	1804	1603	1555	2203	1630	1698	1916	2940	2617	2564	2597	3206	2799	2828	2798	3738	2680	2700	2440	2955	2284	2331	2683	4466
	
Abundance
	Common Raven	0.05401334194103723	0.05885714285714286	0.06369636963696369	0.055050151621180314	0.059593523940750945	0.042422625400213444	0.04655425219941349	0.0577748431825685	0.05721830985915493	0.06421529443112177	0.06781663516068052	0.05200904505131327	0.05878378378378379	0.06510969568294409	0.10187667560321716	0.0856357807968249	0.09072522392372147	0.087773851590106	0.06244316459533192	0.04758051464638291	0.03780578206078577	0.02108433734939759	0.028087167070217918	0.02048050413548641	0.007760532150776054	0.031815346225826574	0.022508038585209004	0.01861098502042669	0.025153374233128835	0.02767962308598351	0.020876826722338204	0.03333333333333333	0.03477264042797096	0.05187207488299532	0.0646900269541779	0.07392389270118528	0.07967131118256521	0.08451202263083452	0.06790564689063616	0.1120920278223649	0.06828358208955224	0.07407407407407407	0.05819672131147541	0.05177664974619289	0.04203152364273205	0.055341055341055344	0.07528885575847931	0.05441110613524407
	Total # checklists submitted - (Common Raven)	4647	3500	3030	4287	2903	3748	5456	3029	3408	3753	4232	5749	4440	4239	4476	6551	6922	7075	6598	6179	2698	2324	2065	2539	1804	1603	1555	2203	1630	1698	1916	2940	2617	2564	2597	3206	2799	2828	2798	3738	2680	2700	2440	2955	2284	2331	2683	4466
	
Birds Per Party Hour
	Common Raven	2.2806136092698157	2.7825960368867384	2.473916879000355	2.918305171531247	1.8041364555955177	2.748107705673885	1.8207294321880094	2.589964963154512	1.8976671415550166	3.0697135684289063	1.9344334107853591	1.9260764216984474	2.9375466597863773	0.784900885933974	1.1617507151254323	1.2205689822700254	1.3197357229225435	0.764770123311426	1.1189962317870594	1.0301570289391968	1.5234540919572688	9.13183308057952	1.8402592677752612	10.51069772912434	1.998752269225309	1.7666808760639074	3.437970351201453	1.5033419527499532	2.0487434938904903	1.8215900052253071	2.633088651943754	1.8011971014435106	0.7806150807463921	1.126748471792489	1.0495715149740898	1.649132017940802	1.7763694527944276	0.8497471964159814	2.3036982237055152	1.1527459570666094	1.6791309535872763	1.0355396525195202	2.925146212524788	0.9797342300276722	0.8607101441241999	1.883701916401492	0.7039121661545816	2.10602787673815
	# checklists reporting species - (Common Raven)	198	162	140	184	131	118	189	136	144	190	208	259	211	255	368	507	514	527	360	217	67	30	31	31	13	32	24	35	31	33	40	78	76	111	115	130	159	156	153	255	146	140	115	120	89	94	154	188
	
High Count
	Common Raven	3	3	4	6	8	3	8	4	4	6	6	6	6	4	9	5	7	6	5	7	6	5	6	6	4	8	5	3	4	5	4	4	6	6	9	9	8	6	4	13	6	6	2	3	2	4	10	7
	# checklists reporting species - (Common Raven)	212	169	148	194	138	131	196	144	159	195	217	268	220	268	385	543	532	545	378	223	72	30	36	37	16	32	28	41	33	36	43	82	78	122	122	138	169	164	163	270	156	149	125	137	99	101	172	195
	
Totals
	Common Raven	292	247	213	290	215	189	300	210	228	282	317	337	281	294	492	631	678	674	461	313	124	59	73	71	23	56	52	61	54	60	64	116	114	184	192	266	280	271	223	490	230	231	170	193	129	147	248	284
	# checklists reporting species - (Common Raven)	209	169	148	194	138	130	194	143	157	194	216	267	219	266	382	533	524	544	370	221	72	30	36	37	15	32	28	41	33	36	43	81	78	120	121	138	167	164	162	270	156	149	125	136	99	101	172	194
	
Average Count
	Common Raven	1.3971291866028708	1.4615384615384615	1.4391891891891893	1.4948453608247423	1.5579710144927537	1.4538461538461538	1.5463917525773196	1.4685314685314685	1.4522292993630572	1.4536082474226804	1.4675925925925926	1.2621722846441947	1.2831050228310503	1.105263157894737	1.287958115183246	1.1838649155722327	1.2938931297709924	1.2389705882352942	1.2459459459459459	1.416289592760181	1.7222222222222223	1.9666666666666666	2.0277777777777777	1.9189189189189189	1.5333333333333334	1.75	1.8571428571428572	1.4878048780487805	1.6363636363636365	1.6666666666666667	1.4883720930232558	1.4320987654320987	1.4615384615384615	1.5333333333333334	1.5867768595041323	1.9275362318840579	1.6766467065868262	1.6524390243902438	1.376543209876543	1.8148148148148149	1.4743589743589745	1.5503355704697988	1.36	1.4191176470588236	1.303030303030303	1.4554455445544554	1.441860465116279	1.4639175257731958
	# checklists reporting species - (Common Raven)	209	169	148	194	138	130	194	143	157	194	216	267	219	266	382	533	524	544	370	221	72	30	36	37	15	32	28	41	33	36	43	81	78	120	121	138	167	164	162	270	156	149	125	136	99	101	172	194
	
