

	Week starting on...	1/1	1/8	1/15	1/22	2/1	2/8	2/15	2/22	3/1	3/8	3/15	3/22	4/1	4/8	4/15	4/22	5/1	5/8	5/15	5/22	6/1	6/8	6/15	6/22	7/1	7/8	7/15	7/22	8/1	8/8	8/15	8/22	9/1	9/8	9/15	9/22	10/1	10/8	10/15	10/22	11/1	11/8	11/15	11/22	12/1	12/8	12/15	12/22
Frequency (%)
	Gray-cheeked Thrush	0.4303851947493006	1.3714285714285714	0.297029702970297	0.0	0.0	0.0	0.0	0.0	0.0	0.0	0.0	0.0	0.0	0.0	0.022341376228775692	0.0	0.1444669170759896	1.1590106007067138	4.16792967565929	3.689917462372552	0.14825796886582654	0.04302925989672978	0.0	0.0	0.0	0.0	0.0	0.0	0.0	0.0	0.052192066805845504	0.13605442176870747	0.5349636988918609	2.418096723868955	4.081632653061225	4.273237679351216	2.8224365844944623	1.272984441301273	0.35739814152966404	0.1070090957731407	0.0	0.0	0.0	0.0	0.0	0.0	0.0	0.0
	Total # checklists submitted - (Gray-cheeked Thrush)	4647	3500	3030	4287	2903	3748	5456	3029	3408	3753	4232	5749	4440	4239	4476	6551	6922	7075	6598	6179	2698	2324	2065	2539	1804	1603	1555	2203	1630	1698	1916	2940	2617	2564	2597	3206	2799	2828	2798	3738	2680	2700	2440	2955	2284	2331	2683	4466
	
Abundance
	Gray-cheeked Thrush	0.004303851947493006	0.013714285714285714	0.0029702970297029703	0.0	0.0	0.0	0.0	0.0	0.0	0.0	0.0	0.0	0.0	0.0	2.2341376228775692E-4	0.0	0.0017336030049118752	0.013710247349823321	0.04652925128826917	0.05275934617251982	0.002223869532987398	4.302925989672978E-4	0.0	0.0	0.0	0.0	0.0	0.0	0.0	0.0	5.219206680584551E-4	0.0013605442176870747	0.006878104700038212	0.028081123244929798	0.04890257989988448	0.06955708047411104	0.03215434083601286	0.01661951909476662	0.003931379556826304	0.001070090957731407	0.0	0.0	0.0	0.0	0.0	0.0	0.0	0.0
	Total # checklists submitted - (Gray-cheeked Thrush)	4647	3500	3030	4287	2903	3748	5456	3029	3408	3753	4232	5749	4440	4239	4476	6551	6922	7075	6598	6179	2698	2324	2065	2539	1804	1603	1555	2203	1630	1698	1916	2940	2617	2564	2597	3206	2799	2828	2798	3738	2680	2700	2440	2955	2284	2331	2683	4466
	
Birds Per Party Hour
	Gray-cheeked Thrush	3.5663051494789224	2.061845215954887	0.7437212409521649	0.0	0.0	0.0	0.0	0.0	0.0	0.0	0.0	0.0	0.0	0.0	0.3333333333333333	0.0	6.992382453375361	0.6679690029842542	0.6460504522856131	0.6287077692006837	1.352481423823877	0.3333333333333333	0.0	0.0	0.0	0.0	0.0	0.0	0.0	0.0	0.16666666666666666	0.33749248941138815	0.5302464395249917	0.9291408386345628	0.7726584569995073	1.0772443395756817	1.3114054594155689	0.6393283465209038	0.9808507802682525	0.9400501701575272	0.0	0.0	0.0	0.0	0.0	0.0	0.0	0.0
	# checklists reporting species - (Gray-cheeked Thrush)	22	50	9	0.0	0.0	0.0	0.0	0.0	0.0	0.0	0.0	0.0	0.0	0.0	1	0.0	9	79	284	239	5	2	0.0	0.0	0.0	0.0	0.0	0.0	0.0	0.0	1	4	14	71	120	151	90	36	11	4	0.0	0.0	0.0	0.0	0.0	0.0	0.0	0.0
	
High Count
	Gray-cheeked Thrush	1	1	1	0.0	0.0	0.0	0.0	0.0	0.0	0.0	0.0	0.0	0.0	0.0	1	0.0	2	5	4	40	3	1	0.0	0.0	0.0	0.0	0.0	0.0	0.0	0.0	1	1	4	12	5	20	38	5	2	1	0.0	0.0	0.0	0.0	0.0	0.0	0.0	0.0
	# checklists reporting species - (Gray-cheeked Thrush)	22	50	9	0.0	0.0	0.0	0.0	0.0	0.0	0.0	0.0	0.0	0.0	0.0	1	0.0	11	89	311	269	6	2	0.0	0.0	0.0	0.0	0.0	0.0	0.0	0.0	1	4	14	75	135	172	100	38	11	5	0.0	0.0	0.0	0.0	0.0	0.0	0.0	0.0
	
Totals
	Gray-cheeked Thrush	22	50	9	0.0	0.0	0.0	0.0	0.0	0.0	0.0	0.0	0.0	0.0	0.0	1	0.0	13	102	341	366	7	2	0.0	0.0	0.0	0.0	0.0	0.0	0.0	0.0	1	4	18	94	163	263	159	49	12	5	0.0	0.0	0.0	0.0	0.0	0.0	0.0	0.0
	# checklists reporting species - (Gray-cheeked Thrush)	22	50	9	0.0	0.0	0.0	0.0	0.0	0.0	0.0	0.0	0.0	0.0	0.0	1	0.0	11	85	295	256	5	2	0.0	0.0	0.0	0.0	0.0	0.0	0.0	0.0	1	4	14	73	131	166	98	38	11	5	0.0	0.0	0.0	0.0	0.0	0.0	0.0	0.0
	
Average Count
	Gray-cheeked Thrush	1.0	1.0	1.0	0.0	0.0	0.0	0.0	0.0	0.0	0.0	0.0	0.0	0.0	0.0	1.0	0.0	1.1818181818181819	1.2	1.1559322033898305	1.4296875	1.4	1.0	0.0	0.0	0.0	0.0	0.0	0.0	0.0	0.0	1.0	1.0	1.2857142857142858	1.2876712328767124	1.2442748091603053	1.5843373493975903	1.6224489795918366	1.2894736842105263	1.0909090909090908	1.0	0.0	0.0	0.0	0.0	0.0	0.0	0.0	0.0
	# checklists reporting species - (Gray-cheeked Thrush)	22	50	9	0.0	0.0	0.0	0.0	0.0	0.0	0.0	0.0	0.0	0.0	0.0	1	0.0	11	85	295	256	5	2	0.0	0.0	0.0	0.0	0.0	0.0	0.0	0.0	1	4	14	73	131	166	98	38	11	5	0.0	0.0	0.0	0.0	0.0	0.0	0.0	0.0
	
