

	Week starting on...	1/1	1/8	1/15	1/22	2/1	2/8	2/15	2/22	3/1	3/8	3/15	3/22	4/1	4/8	4/15	4/22	5/1	5/8	5/15	5/22	6/1	6/8	6/15	6/22	7/1	7/8	7/15	7/22	8/1	8/8	8/15	8/22	9/1	9/8	9/15	9/22	10/1	10/8	10/15	10/22	11/1	11/8	11/15	11/22	12/1	12/8	12/15	12/22
Frequency (%)
	Bald Eagle	1.5493867010974822	1.2571428571428571	1.914191419141914	1.7028224865873571	1.4812263176024802	1.44076840981857	0.7331378299120235	0.9904258831297457	0.9976525821596244	0.7993605115907274	0.49621928166351603	0.3652809184205949	0.22522522522522523	0.23590469450342064	0.20107238605898123	0.2137078308655167	0.15891360878358857	0.0706713780918728	0.2576538344953016	0.17802233371095647	0.14825796886582654	0.08605851979345956	0.0	0.07877116975187082	0.11086474501108648	0.18714909544603867	0.0	0.13617793917385385	0.18404907975460122	0.2944640753828033	0.9916492693110648	2.1768707482993195	3.8593809705769964	6.4742589703588145	5.8914131690412015	4.273237679351216	3.2868881743479816	2.4045261669024045	5.253752680486062	4.49438202247191	1.7537313432835822	1.6296296296296295	1.1885245901639343	0.8121827411167513	0.9632224168126094	0.9009009009009009	1.9381289601192695	0.9404388714733543
	Total # checklists submitted - (Bald Eagle)	4647	3500	3030	4287	2903	3748	5456	3029	3408	3753	4232	5749	4440	4239	4476	6551	6922	7075	6598	6179	2698	2324	2065	2539	1804	1603	1555	2203	1630	1698	1916	2940	2617	2564	2597	3206	2799	2828	2798	3738	2680	2700	2440	2955	2284	2331	2683	4466
	
Abundance
	Bald Eagle	0.017215407789972024	0.013714285714285714	0.02145214521452145	0.020527175180779098	0.015156734412676542	0.017075773745997867	0.009164222873900294	0.009904258831297457	0.010269953051643193	0.00826005861977085	0.00496219281663516	0.003652809184205949	0.0024774774774774773	0.0025949516395376267	0.0020107238605898124	0.0022897267592733935	0.0015891360878358856	5.653710247349824E-4	0.002728099424067899	0.0016183848519177862	0.0014825796886582653	8.605851979345956E-4	0.0	7.877116975187081E-4	5.543237250554324E-4	0.0018714909544603868	0.0	0.0013617793917385383	0.0018404907975460123	0.00530035335689046	0.011482254697286013	0.06360544217687075	0.11425296140619029	0.1747269890795632	0.1732768579129765	0.1444167186525265	0.08074312254376563	0.04031117397454031	0.14260185847033596	0.09550561797752809	0.024253731343283583	0.02962962962962963	0.013524590163934426	0.008460236886632826	0.009632224168126095	0.009438009438009438	0.02161759224748416	0.011195700850873265
	Total # checklists submitted - (Bald Eagle)	4647	3500	3030	4287	2903	3748	5456	3029	3408	3753	4232	5749	4440	4239	4476	6551	6922	7075	6598	6179	2698	2324	2065	2539	1804	1603	1555	2203	1630	1698	1916	2940	2617	2564	2597	3206	2799	2828	2798	3738	2680	2700	2440	2955	2284	2331	2683	4466
	
Birds Per Party Hour
	Bald Eagle	0.8526926376988831	1.8561925955959648	1.4041682243422464	1.5141058061088102	0.9898048327120959	1.6517693687923967	1.7955526702052964	1.0704598836119585	0.7249982082845496	0.6398079936998502	0.6490847659252983	0.8525959811741409	0.4416649886334616	0.4621685689026732	0.7670130269904935	0.3476652251087631	0.5804220752759383	1.1908161582196355	0.811945408599404	0.229443835091829	0.9749844970285855	0.2539886650473877	12.048192771084338	0.4166666666666667	0.11950286806883365	2.547005988023952	0.5	0.43281653746770027	0.16960436990076516	3.8987755733338774	0.3701714045080743	0.7651893113424282	1.1310933957696705	0.9685228639906143	1.1015239713961313	1.055925894132644	0.8146952781506316	0.7448762224460564	0.7233963599118907	0.9175865380422943	1.3862863933638427	0.6838522840666525	0.5646464623062102	1.7004011491068045	0.622062836854381	0.844845546604416	0.5920144285308546	1.3032288291898222
	# checklists reporting species - (Bald Eagle)	89	51	66	83	50	54	44	37	38	39	25	20	13	11	10	23	12	6	20	12	5	3	1	3	2	4	1	3	6	9	25	74	121	214	229	193	116	101	185	208	63	55	39	28	31	24	55	50
	
High Count
	Bald Eagle	2	3	3	3	2	4	2	2	2	2	2	1	2	2	1	2	1	1	2	1	1	1	1	1	1	1	1	1	1	5	2	17	46	17	23	33	10	10	14	10	4	8	2	2	2	2	2	2
	# checklists reporting species - (Bald Eagle)	98	59	74	99	54	62	49	42	41	40	28	23	16	12	12	24	13	7	21	15	6	5	1	3	4	4	4	4	8	11	27	78	125	221	235	201	124	109	191	214	64	56	43	29	33	25	61	53
	
Totals
	Bald Eagle	107	64	82	121	58	72	62	43	42	42	28	22	17	13	12	26	13	6	22	14	6	5	1	3	3	4	4	4	8	17	30	212	342	560	621	577	272	180	499	427	85	105	46	30	34	25	68	60
	# checklists reporting species - (Bald Eagle)	98	59	72	99	54	61	48	42	41	40	27	22	16	12	12	23	13	6	21	14	6	5	1	3	3	4	4	4	8	11	27	78	124	220	235	201	124	109	191	213	64	56	42	29	33	24	61	51
	
Average Count
	Bald Eagle	1.0918367346938775	1.0847457627118644	1.1388888888888888	1.2222222222222223	1.0740740740740742	1.180327868852459	1.2916666666666667	1.0238095238095237	1.024390243902439	1.05	1.037037037037037	1.0	1.0625	1.0833333333333333	1.0	1.1304347826086956	1.0	1.0	1.0476190476190477	1.0	1.0	1.0	1.0	1.0	1.0	1.0	1.0	1.0	1.0	1.5454545454545454	1.1111111111111112	2.717948717948718	2.7580645161290325	2.5454545454545454	2.6425531914893616	2.870646766169154	2.193548387096774	1.651376146788991	2.612565445026178	2.004694835680751	1.328125	1.875	1.0952380952380953	1.0344827586206897	1.0303030303030303	1.0416666666666667	1.1147540983606556	1.1764705882352942
	# checklists reporting species - (Bald Eagle)	98	59	72	99	54	61	48	42	41	40	27	22	16	12	12	23	13	6	21	14	6	5	1	3	3	4	4	4	8	11	27	78	124	220	235	201	124	109	191	213	64	56	42	29	33	24	61	51
	
