

	Week starting on...	1/1	1/8	1/15	1/22	2/1	2/8	2/15	2/22	3/1	3/8	3/15	3/22	4/1	4/8	4/15	4/22	5/1	5/8	5/15	5/22	6/1	6/8	6/15	6/22	7/1	7/8	7/15	7/22	8/1	8/8	8/15	8/22	9/1	9/8	9/15	9/22	10/1	10/8	10/15	10/22	11/1	11/8	11/15	11/22	12/1	12/8	12/15	12/22
Frequency (%)
	Virginia Rail	0.0	0.0	0.0	0.0	0.0	0.0	0.0	0.0	0.0	0.02664535038635758	0.04725897920604915	0.13915463558879806	0.22522522522522523	1.0615711252653928	0.6478999106344951	0.5953289574110823	1.1123952614851198	0.6360424028268552	0.37890269778720825	0.38841236446026867	0.407709414381023	0.4302925989672977	0.9200968523002421	0.5120126033871603	0.1662971175166297	0.2495321272613849	0.2572347266881029	0.09078529278256922	0.49079754601227	0.47114252061248524	0.5219206680584552	0.2380952380952381	0.15284677111196027	0.19500780031201248	0.15402387370042356	0.280723643169058	0.10718113612004287	0.03536067892503536	0.14295925661186562	0.026752273943285176	0.0746268656716418	0.0	0.0	0.0	0.0	0.0429000429000429	0.0	0.06717420510523958
	Total # checklists submitted - (Virginia Rail)	4647	3500	3030	4287	2903	3748	5456	3029	3408	3753	4232	5749	4440	4239	4476	6551	6922	7075	6598	6179	2698	2324	2065	2539	1804	1603	1555	2203	1630	1698	1916	2940	2617	2564	2597	3206	2799	2828	2798	3738	2680	2700	2440	2955	2284	2331	2683	4466
	
Abundance
	Virginia Rail	0.0	0.0	0.0	0.0	0.0	0.0	0.0	0.0	0.0	0.0	4.725897920604915E-4	0.0013915463558879806	0.0022522522522522522	0.010615711252653927	0.007596067917783735	0.008548313234620668	0.011701820283155157	0.008056537102473497	0.004092149136101849	0.005664346981712251	0.005930318754633061	0.00387263339070568	0.012590799031476998	0.009452540370224497	0.0016629711751662971	0.004990642545227698	0.003215434083601286	0.0013617793917385383	0.010429447852760737	0.004711425206124852	0.005219206680584551	0.0037414965986394557	0.003056935422239205	0.005070202808112325	0.0023103581055063534	0.004366812227074236	0.0014290818149339049	3.536067892503536E-4	0.001072194424588992	2.6752273943285177E-4	7.462686567164179E-4	0.0	0.0	0.0	0.0	4.29000429000429E-4	0.0	6.717420510523958E-4
	Total # checklists submitted - (Virginia Rail)	4647	3500	3030	4287	2903	3748	5456	3029	3408	3753	4232	5749	4440	4239	4476	6551	6922	7075	6598	6179	2698	2324	2065	2539	1804	1603	1555	2203	1630	1698	1916	2940	2617	2564	2597	3206	2799	2828	2798	3738	2680	2700	2440	2955	2284	2331	2683	4466
	
Birds Per Party Hour
	Virginia Rail	0.0	0.0	0.0	0.0	0.0	0.0	0.0	0.0	0.0	0.0	0.3060912151821243	0.42722922502334265	0.8476017828037621	0.8775256638793605	0.591387028793682	0.517978734213015	1.2494186038178456	0.5688210834464819	0.7344858792500523	0.6352277138497644	2.561657628506862	4.130982850847265	1.7912541599446983	0.9955536338818907	0.6947571398790912	1.1228006702837716	0.7359347632583915	0.4085106382978723	0.7957486981544162	0.3620323129251701	0.3369691647802463	0.926984126984127	0.31453350990626056	0.39206349206349206	0.5571428571428572	0.5819096313542808	0.3889041971982392	5.9523809523809526	1.001001001001001	0.4286326618088298	0.3611111111111111	0.0	0.0	0.0	0.0	0.0	0.0	0.3854166666666667
	# checklists reporting species - (Virginia Rail)	0.0	0.0	0.0	0.0	0.0	0.0	0.0	0.0	0.0	0	1	8	10	47	31	44	77	41	23	22	10	9	20	12	6	6	4	3	5	8	10	6	3	4	5	8	4	2	3	1	2	0	0.0	0.0	0.0	1	0.0	4
	
High Count
	Virginia Rail	0.0	0.0	0.0	0.0	0.0	0.0	0.0	0.0	0.0	1	1	1	1	1	2	3	2	5	3	4	4	1	3	4	3	4	2	2	5	1	1	4	4	6	3	6	2	1	1	1	1	1	0.0	0.0	0.0	1	0.0	1
	# checklists reporting species - (Virginia Rail)	0.0	0.0	0.0	0.0	0.0	0.0	0.0	0.0	0.0	1	2	8	11	48	32	46	87	50	30	31	13	20	25	20	8	6	4	3	8	9	12	7	5	6	6	11	6	2	4	1	2	1	0.0	0.0	0.0	1	0.0	4
	
Totals
	Virginia Rail	0.0	0.0	0.0	0.0	0.0	0.0	0.0	0.0	0.0	0	2	8	11	48	37	64	89	62	30	43	17	19	32	31	10	11	5	5	17	9	12	11	9	13	7	17	7	2	3	1	2	1	0.0	0.0	0.0	1	0.0	4
	# checklists reporting species - (Virginia Rail)	0.0	0.0	0.0	0.0	0.0	0.0	0.0	0.0	0.0	0	2	8	11	48	32	44	82	49	26	30	11	19	25	20	8	6	4	3	8	9	12	7	5	5	5	11	6	2	3	1	2	1	0.0	0.0	0.0	1	0.0	4
	
Average Count
	Virginia Rail	0.0	0.0	0.0	0.0	0.0	0.0	0.0	0.0	0.0	0.0	1.0	1.0	1.0	1.0	1.15625	1.4545454545454546	1.0853658536585367	1.2653061224489797	1.1538461538461537	1.4333333333333333	1.5454545454545454	1.0	1.28	1.55	1.25	1.8333333333333333	1.25	1.6666666666666667	2.125	1.0	1.0	1.5714285714285714	1.8	2.6	1.4	1.5454545454545454	1.1666666666666667	1.0	1.0	1.0	1.0	1.0	0.0	0.0	0.0	1.0	0.0	1.0
	# checklists reporting species - (Virginia Rail)	0.0	0.0	0.0	0.0	0.0	0.0	0.0	0.0	0.0	0	2	8	11	48	32	44	82	49	26	30	11	19	25	20	8	6	4	3	8	9	12	7	5	5	5	11	6	2	3	1	2	1	0.0	0.0	0.0	1	0.0	4
	
