

	Week starting on...	1/1	1/8	1/15	1/22	2/1	2/8	2/15	2/22	3/1	3/8	3/15	3/22	4/1	4/8	4/15	4/22	5/1	5/8	5/15	5/22	6/1	6/8	6/15	6/22	7/1	7/8	7/15	7/22	8/1	8/8	8/15	8/22	9/1	9/8	9/15	9/22	10/1	10/8	10/15	10/22	11/1	11/8	11/15	11/22	12/1	12/8	12/15	12/22
Frequency (%)
	Golden Eagle	0.0	0.0	0.0	0.0	0.0	0.0	0.0	0.0	0.0	0.0	0.04725897920604915	0.0	0.0	0.0	0.0	0.0	0.0	0.0	0.0	0.0	0.0	0.0	0.0	0.0	0.0	0.0	0.0	0.0	0.0	0.0	0.0	0.0	0.0	0.0	0.19252984212552945	0.06238303181534623	0.3215434083601286	0.1768033946251768	1.250893495353824	2.166934189406099	1.4179104477611941	1.2222222222222223	0.040983606557377046	0.0338409475465313	0.043782837127845885	0.0	0.0	0.06717420510523958
	Total # checklists submitted - (Golden Eagle)	4647	3500	3030	4287	2903	3748	5456	3029	3408	3753	4232	5749	4440	4239	4476	6551	6922	7075	6598	6179	2698	2324	2065	2539	1804	1603	1555	2203	1630	1698	1916	2940	2617	2564	2597	3206	2799	2828	2798	3738	2680	2700	2440	2955	2284	2331	2683	4466
	
Abundance
	Golden Eagle	0.0	0.0	0.0	0.0	0.0	0.0	0.0	0.0	0.0	0.0	4.725897920604915E-4	0.0	0.0	0.0	0.0	0.0	0.0	0.0	0.0	0.0	0.0	0.0	0.0	0.0	0.0	0.0	0.0	0.0	0.0	0.0	0.0	0.0	0.0	0.0	0.0019252984212552945	6.238303181534623E-4	0.0035727045373347625	0.0021216407355021216	0.021801286633309505	0.03584804708400214	0.02164179104477612	0.024814814814814814	4.098360655737705E-4	3.3840947546531303E-4	4.3782837127845885E-4	0.0	0.0	6.717420510523958E-4
	Total # checklists submitted - (Golden Eagle)	4647	3500	3030	4287	2903	3748	5456	3029	3408	3753	4232	5749	4440	4239	4476	6551	6922	7075	6598	6179	2698	2324	2065	2539	1804	1603	1555	2203	1630	1698	1916	2940	2617	2564	2597	3206	2799	2828	2798	3738	2680	2700	2440	2955	2284	2331	2683	4466
	
Birds Per Party Hour
	Golden Eagle	0.0	0.0	0.0	0.0	0.0	0.0	0.0	0.0	0.0	0.0	0.6190210585834333	0.0	0.0	0.0	0.0	0.0	0.0	0.0	0.0	0.0	0.0	0.0	0.0	0.0	0.0	0.0	0.0	0.0	0.0	0.0	0.0	0.0	0.0	0.0	0.35173619958766705	0.6134690392116134	0.7106914057339565	1.0382447501736842	0.6306066622824027	1.3082665320589832	1.0080958264998936	0.8221772063152986	2.3869858597785005	0.890625	0.6666666666666666	0.0	0.0	0.9068614206344134
	# checklists reporting species - (Golden Eagle)	0.0	0.0	0.0	0.0	0.0	0.0	0	0.0	0	0.0	2	0.0	0.0	0.0	0.0	0.0	0.0	0.0	0.0	0.0	0.0	0.0	0.0	0.0	0.0	0.0	0.0	0.0	0.0	0.0	0.0	0.0	0.0	0.0	7	4	12	13	54	127	79	52	12	8	1	0.0	0.0	3
	
High Count
	Golden Eagle	0.0	0.0	0.0	0.0	0.0	0.0	1	0.0	1	0.0	1	0.0	0.0	0.0	0.0	0.0	0.0	0.0	0.0	0.0	0.0	0.0	0.0	0.0	0.0	0.0	0.0	0.0	0.0	0.0	0.0	0.0	0.0	0.0	1	1	2	3	6	9	5	6	9	2	1	0.0	0.0	1
	# checklists reporting species - (Golden Eagle)	0.0	0.0	0.0	0.0	0.0	0.0	1	0.0	1	0.0	4	0.0	0.0	0.0	0.0	0.0	0.0	0.0	0.0	0.0	0.0	0.0	0.0	0.0	0.0	0.0	0.0	0.0	0.0	0.0	0.0	0.0	0.0	0.0	7	4	12	16	57	132	81	54	13	8	1	0.0	0.0	3
	
Totals
	Golden Eagle	0.0	0.0	0.0	0.0	0.0	0.0	1	0.0	1	0.0	4	0.0	0.0	0.0	0.0	0.0	0.0	0.0	0.0	0.0	0.0	0.0	0.0	0.0	0.0	0.0	0.0	0.0	0.0	0.0	0.0	0.0	0.0	0.0	7	4	13	22	91	217	122	100	22	9	1	0.0	0.0	3
	# checklists reporting species - (Golden Eagle)	0.0	0.0	0.0	0.0	0.0	0.0	1	0.0	1	0.0	4	0.0	0.0	0.0	0.0	0.0	0.0	0.0	0.0	0.0	0.0	0.0	0.0	0.0	0.0	0.0	0.0	0.0	0.0	0.0	0.0	0.0	0.0	0.0	7	4	12	16	56	131	81	53	13	8	1	0.0	0.0	3
	
Average Count
	Golden Eagle	0.0	0.0	0.0	0.0	0.0	0.0	1.0	0.0	1.0	0.0	1.0	0.0	0.0	0.0	0.0	0.0	0.0	0.0	0.0	0.0	0.0	0.0	0.0	0.0	0.0	0.0	0.0	0.0	0.0	0.0	0.0	0.0	0.0	0.0	1.0	1.0	1.0833333333333333	1.375	1.625	1.6564885496183206	1.5061728395061729	1.8867924528301887	1.6923076923076923	1.125	1.0	0.0	0.0	1.0
	# checklists reporting species - (Golden Eagle)	0.0	0.0	0.0	0.0	0.0	0.0	1	0.0	1	0.0	4	0.0	0.0	0.0	0.0	0.0	0.0	0.0	0.0	0.0	0.0	0.0	0.0	0.0	0.0	0.0	0.0	0.0	0.0	0.0	0.0	0.0	0.0	0.0	7	4	12	16	56	131	81	53	13	8	1	0.0	0.0	3
	
