

	Week starting on...	1/1	1/8	1/15	1/22	2/1	2/8	2/15	2/22	3/1	3/8	3/15	3/22	4/1	4/8	4/15	4/22	5/1	5/8	5/15	5/22	6/1	6/8	6/15	6/22	7/1	7/8	7/15	7/22	8/1	8/8	8/15	8/22	9/1	9/8	9/15	9/22	10/1	10/8	10/15	10/22	11/1	11/8	11/15	11/22	12/1	12/8	12/15	12/22
Frequency (%)
	Lapland Longspur	0.021519259737465032	0.028571428571428574	0.066006600660066	0.09330534173081409	0.37891836031691356	0.16008537886872998	0.018328445747800588	0.1650709805216243	0.029342723004694836	0.07993605115907274	0.14177693761814747	0.10436597669159853	0.0	0.07077140835102619	0.06702412868632708	0.015264845061822624	0.028893383415197923	0.0	0.24249772658381327	0.0	0.0	0.0	0.0	0.0	0.0	0.0	0.0	0.0	0.0	0.0	0.0	0.0	0.0	0.0	0.07701193685021178	0.2495321272613849	0.3215434083601286	0.8132956152758133	0.6790564689063616	1.792402354200107	0.7089552238805971	0.5185185185185185	0.49180327868852464	0.3722504230118443	0.17513134851138354	0.1287001287001287	0.07454342154304883	0.380653828929691
	Total # checklists submitted - (Lapland Longspur)	4647	3500	3030	4287	2903	3748	5456	3029	3408	3753	4232	5749	4440	4239	4476	6551	6922	7075	6598	6179	2698	2324	2065	2539	1804	1603	1555	2203	1630	1698	1916	2940	2617	2564	2597	3206	2799	2828	2798	3738	2680	2700	2440	2955	2284	2331	2683	4466
	
Abundance
	Lapland Longspur	2.1519259737465033E-4	0.001142857142857143	3.3003300330033004E-4	0.0016328434802892467	0.009989665862900447	0.007470651013874066	3.6656891495601173E-4	0.010564542753383956	2.9342723004694836E-4	0.09325872635225153	0.18052930056710775	0.12471734214646026	0.0	0.009907997169143666	0.14544235924932977	0.004579453518546787	2.889338341519792E-4	0.0	0.003637465898757199	0.0	0.0	0.0	0.0	0.0	0.0	0.0	0.0	0.0	0.0	0.0	0.0	0.0	0.0	0.0	7.701193685021178E-4	0.009669369931378666	0.0035727045373347625	0.033592644978783594	0.020729092208720514	0.03263777421080792	0.011940298507462687	0.023703703703703703	0.006147540983606557	0.0054145516074450084	0.0017513134851138354	0.002574002574002574	0.0014908684308609765	0.017241379310344827
	Total # checklists submitted - (Lapland Longspur)	4647	3500	3030	4287	2903	3748	5456	3029	3408	3753	4232	5749	4440	4239	4476	6551	6922	7075	6598	6179	2698	2324	2065	2539	1804	1603	1555	2203	1630	1698	1916	2940	2617	2564	2597	3206	2799	2828	2798	3738	2680	2700	2440	2955	2284	2331	2683	4466
	
Birds Per Party Hour
	Lapland Longspur	0.5	0.8	0.25	0.33334833483348336	0.6730384987919235	2.3	0.5333333333333333	16.19047619047619	0.6666666666666666	14.0	57.005708716235034	29.37091503267974	0.0	0.3356643356643357	0.4	6.0	0.18937266435500977	0.0	0.751808343656436	0.0	0.0	0.0	0.0	0.0	0.0	0.0	0.0	0.0	0.0	0.0	0.0	0.0	0.0	0.0	0.1	0.9250680259712123	0.28141280823565856	0.9922813221931066	0.692369978658739	0.5365148678337098	1.2256172667693634	1.3182663729640385	1.1660186457754478	1.1973141494839026	0.41454572560058595	0.391812865497076	0.2857142857142857	0.574147485114739
	# checklists reporting species - (Lapland Longspur)	1	1	1	4	10	5	1	3	1	2	6	5	0	2	1	1	2	0.0	18	0.0	0.0	0.0	0.0	0.0	0.0	0.0	0.0	0.0	0.0	0.0	0.0	0.0	0.0	0.0	2	8	10	22	18	74	20	16	16	11	4	3	1	18
	
High Count
	Lapland Longspur	1	4	1	2	7	9	2	12	1	300	300	300	6	40	350	30	1	0.0	8	0.0	0.0	0.0	0.0	0.0	0.0	0.0	0.0	0.0	0.0	0.0	0.0	0.0	0.0	0.0	1	18	2	40	48	12	4	32	2	6	1	4	2	20
	# checklists reporting species - (Lapland Longspur)	2	2	2	4	12	7	1	5	2	5	7	6	2	3	3	1	2	0.0	18	0.0	0.0	0.0	0.0	0.0	0.0	0.0	0.0	0.0	0.0	0.0	0.0	0.0	0.0	0.0	2	9	11	24	21	77	23	17	18	13	4	3	3	20
	
Totals
	Lapland Longspur	2	6	1	7	30	29	2	32	2	390	765	717	12	42	651	30	2	0.0	26	0.0	0.0	0.0	0.0	0.0	0.0	0.0	0.0	0.0	0.0	0.0	0.0	0.0	0.0	0.0	2	32	12	103	106	138	37	67	21	18	4	6	6	79
	# checklists reporting species - (Lapland Longspur)	2	2	1	4	12	7	1	5	2	4	7	6	2	3	3	1	2	0.0	18	0.0	0.0	0.0	0.0	0.0	0.0	0.0	0.0	0.0	0.0	0.0	0.0	0.0	0.0	0.0	2	8	10	24	19	76	21	17	18	13	4	3	3	18
	
Average Count
	Lapland Longspur	1.0	3.0	1.0	1.75	2.5	4.142857142857143	2.0	6.4	1.0	97.5	109.28571428571429	119.5	6.0	14.0	217.0	30.0	1.0	0.0	1.4444444444444444	0.0	0.0	0.0	0.0	0.0	0.0	0.0	0.0	0.0	0.0	0.0	0.0	0.0	0.0	0.0	1.0	4.0	1.2	4.291666666666667	5.578947368421052	1.8157894736842106	1.7619047619047619	3.9411764705882355	1.1666666666666667	1.3846153846153846	1.0	2.0	2.0	4.388888888888889
	# checklists reporting species - (Lapland Longspur)	2	2	1	4	12	7	1	5	2	4	7	6	2	3	3	1	2	0.0	18	0.0	0.0	0.0	0.0	0.0	0.0	0.0	0.0	0.0	0.0	0.0	0.0	0.0	0.0	0.0	2	8	10	24	19	76	21	17	18	13	4	3	3	18
	
