

	Week starting on...	1/1	1/8	1/15	1/22	2/1	2/8	2/15	2/22	3/1	3/8	3/15	3/22	4/1	4/8	4/15	4/22	5/1	5/8	5/15	5/22	6/1	6/8	6/15	6/22	7/1	7/8	7/15	7/22	8/1	8/8	8/15	8/22	9/1	9/8	9/15	9/22	10/1	10/8	10/15	10/22	11/1	11/8	11/15	11/22	12/1	12/8	12/15	12/22
Frequency (%)
	Mourning Warbler	0.0	0.0	0.0	0.0	0.0	0.0	0.0	0.0	0.0	0.0	0.0	0.0	0.0	0.0	0.0	0.0	0.11557353366079169	0.3957597173144876	2.9705971506517126	5.259750768732804	1.8161601186063752	1.4629948364888123	0.9685230024213075	1.2209531311539976	0.4434589800443459	0.2495321272613849	0.19292604501607716	0.09078529278256922	0.0	0.058892815076560655	0.5219206680584552	1.530612244897959	1.108139090561712	0.5850234009360374	0.23103581055063535	0.21834061135371177	0.07145409074669525	0.0	0.07147962830593281	0.0	0.0	0.0	0.0	0.0	0.0	0.0	0.0	0.0
	Total # checklists submitted - (Mourning Warbler)	4647	3500	3030	4287	2903	3748	5456	3029	3408	3753	4232	5749	4440	4239	4476	6551	6922	7075	6598	6179	2698	2324	2065	2539	1804	1603	1555	2203	1630	1698	1916	2940	2617	2564	2597	3206	2799	2828	2798	3738	2680	2700	2440	2955	2284	2331	2683	4466
	
Abundance
	Mourning Warbler	0.0	0.0	0.0	0.0	0.0	0.0	0.0	0.0	0.0	0.0	0.0	0.0	0.0	0.0	0.0	0.0	0.0011557353366079169	0.003674911660777385	0.032888754167929676	0.0718562874251497	0.024833209785025945	0.02882960413080895	0.01694915254237288	0.01732965734541158	0.008869179600886918	0.0031191515907673115	0.0038585209003215433	0.0031774852473899226	0.0	5.889281507656066E-4	0.007828810020876827	0.02074829931972789	0.014902560183416125	0.0062402496099844	0.0026954177897574125	0.002495321272613849	7.145409074669524E-4	0.0	7.147962830593281E-4	0.0	0.0	0.0	0.0	0.0	0.0	0.0	0.0	0.0
	Total # checklists submitted - (Mourning Warbler)	4647	3500	3030	4287	2903	3748	5456	3029	3408	3753	4232	5749	4440	4239	4476	6551	6922	7075	6598	6179	2698	2324	2065	2539	1804	1603	1555	2203	1630	1698	1916	2940	2617	2564	2597	3206	2799	2828	2798	3738	2680	2700	2440	2955	2284	2331	2683	4466
	
Birds Per Party Hour
	Mourning Warbler	0.0	0.0	0.0	0.0	0.0	0.0	0.0	0.0	0.0	0.0	0.0	0.0	0.0	0.0	0.0	0.0	0.5288888888888889	0.6096114049591599	0.7169074240972019	0.9454984229032859	1.118409083740821	0.7404609226502524	0.4614812114833985	1.6048076100749775	2.8724454414065317	4.340138331102186	0.8063492063492064	1.6	0.0	0.2222222222222222	0.5873047804162356	0.5344186826334336	0.7714055404916994	0.43231002658191076	0.284451722129916	0.356966984710947	0.21785339304463347	0.0	0.16	0.0	0.0	0.0	0.0	0.0	0.0	0.0	0.0	0.0
	# checklists reporting species - (Mourning Warbler)	0.0	0.0	0.0	0.0	0.0	0.0	0.0	0.0	0.0	0.0	0.0	0.0	0.0	0.0	0.0	0.0	10	48	300	588	125	32	19	31	7	3	3	2	0.0	1	12	51	29	16	7	7	2	0.0	1	0.0	0.0	0.0	0.0	0.0	0.0	0.0	0.0	0.0
	
High Count
	Mourning Warbler	0.0	0.0	0.0	0.0	0.0	0.0	0.0	0.0	0.0	0.0	0.0	0.0	0.0	0.0	0.0	0.0	1	2	6	7	6	9	6	4	6	3	2	4	0.0	1	4	4	3	2	2	2	1	0.0	1	0.0	0.0	0.0	0.0	0.0	0.0	0.0	0.0	0.0
	# checklists reporting species - (Mourning Warbler)	0.0	0.0	0.0	0.0	0.0	0.0	0.0	0.0	0.0	0.0	0.0	0.0	0.0	0.0	0.0	0.0	12	52	329	637	138	47	36	45	42	6	3	2	0.0	1	14	55	32	17	9	8	2	0.0	2	0.0	0.0	0.0	0.0	0.0	0.0	0.0	0.0	0.0
	
Totals
	Mourning Warbler	0.0	0.0	0.0	0.0	0.0	0.0	0.0	0.0	0.0	0.0	0.0	0.0	0.0	0.0	0.0	0.0	11	51	351	819	176	80	51	60	50	7	6	7	0.0	1	20	72	39	17	10	9	2	0.0	2	0.0	0.0	0.0	0.0	0.0	0.0	0.0	0.0	0.0
	# checklists reporting species - (Mourning Warbler)	0.0	0.0	0.0	0.0	0.0	0.0	0.0	0.0	0.0	0.0	0.0	0.0	0.0	0.0	0.0	0.0	11	50	313	625	134	46	35	44	42	5	3	2	0.0	1	14	54	29	16	9	8	2	0.0	2	0.0	0.0	0.0	0.0	0.0	0.0	0.0	0.0	0.0
	
Average Count
	Mourning Warbler	0.0	0.0	0.0	0.0	0.0	0.0	0.0	0.0	0.0	0.0	0.0	0.0	0.0	0.0	0.0	0.0	1.0	1.02	1.121405750798722	1.3104	1.3134328358208955	1.7391304347826086	1.457142857142857	1.3636363636363635	1.1904761904761905	1.4	2.0	3.5	0.0	1.0	1.4285714285714286	1.3333333333333333	1.3448275862068966	1.0625	1.1111111111111112	1.125	1.0	0.0	1.0	0.0	0.0	0.0	0.0	0.0	0.0	0.0	0.0	0.0
	# checklists reporting species - (Mourning Warbler)	0.0	0.0	0.0	0.0	0.0	0.0	0.0	0.0	0.0	0.0	0.0	0.0	0.0	0.0	0.0	0.0	11	50	313	625	134	46	35	44	42	5	3	2	0.0	1	14	54	29	16	9	8	2	0.0	2	0.0	0.0	0.0	0.0	0.0	0.0	0.0	0.0	0.0
	
