

	Week starting on...	1/1	1/8	1/15	1/22	2/1	2/8	2/15	2/22	3/1	3/8	3/15	3/22	4/1	4/8	4/15	4/22	5/1	5/8	5/15	5/22	6/1	6/8	6/15	6/22	7/1	7/8	7/15	7/22	8/1	8/8	8/15	8/22	9/1	9/8	9/15	9/22	10/1	10/8	10/15	10/22	11/1	11/8	11/15	11/22	12/1	12/8	12/15	12/22
Frequency (%)
	Marbled Godwit	0.0	0.0	0.0	0.0	0.0	0.0	0.0	0.0	0.0	0.0	0.0	0.0	0.0	0.0	0.0	0.0	0.028893383415197923	0.0	0.0	0.03236769703835572	0.0	0.0	0.048426150121065374	0.0	0.05543237250554324	0.0	0.0	0.0	0.0	0.8244994110718492	0.0	0.03401360544217687	0.03821169277799007	0.0	0.0	0.0	0.07145409074669525	0.0	0.10721944245889921	0.0	0.0	0.0	0.0	0.0	0.0	0.0	0.0	0.0
	Total # checklists submitted - (Marbled Godwit)	4647	3500	3030	4287	2903	3748	5456	3029	3408	3753	4232	5749	4440	4239	4476	6551	6922	7075	6598	6179	2698	2324	2065	2539	1804	1603	1555	2203	1630	1698	1916	2940	2617	2564	2597	3206	2799	2828	2798	3738	2680	2700	2440	2955	2284	2331	2683	4466
	
Abundance
	Marbled Godwit	0.0	0.0	0.0	0.0	0.0	0.0	0.0	0.0	0.0	0.0	0.0	0.0	0.0	0.0	0.0	0.0	7.22334585379948E-4	0.0	0.0	3.236769703835572E-4	0.0	0.0	4.8426150121065375E-4	0.0	5.543237250554324E-4	0.0	0.0	0.0	0.0	0.008244994110718492	0.0	3.401360544217687E-4	3.8211692777990065E-4	0.0	0.0	0.0	7.145409074669524E-4	0.0	7.147962830593281E-4	0.0	0.0	0.0	0.0	0.0	0.0	0.0	0.0	0.0
	Total # checklists submitted - (Marbled Godwit)	4647	3500	3030	4287	2903	3748	5456	3029	3408	3753	4232	5749	4440	4239	4476	6551	6922	7075	6598	6179	2698	2324	2065	2539	1804	1603	1555	2203	1630	1698	1916	2940	2617	2564	2597	3206	2799	2828	2798	3738	2680	2700	2440	2955	2284	2331	2683	4466
	
Birds Per Party Hour
	Marbled Godwit	0.0	0.0	0.0	0.0	0.0	0.0	0.0	0.0	0.0	0.0	0.0	0.0	0.0	0.0	0.0	0.0	0.49282007687970303	0.0	0.0	0.2536231884057971	0.0	0.0	0.0	0.0	0.0	0.0	0.0	0.0	0.0	3.403718198082147	0.0	0.0	0.0	0.0	0.0	0.0	0.0	0.0	0.2111111111111111	0.0	0.0	0.0	0.0	0.0	0.0	0.0	0.0	0.0
	# checklists reporting species - (Marbled Godwit)	0.0	0.0	0.0	0.0	0.0	0.0	0.0	0.0	0.0	0.0	0.0	0.0	0.0	0.0	0.0	0.0	2	0	0.0	2	0.0	0.0	0	0.0	0	0.0	0.0	0.0	0.0	21	0.0	1	0	0.0	0	0	0	0.0	2	0.0	0.0	0.0	0.0	0.0	0.0	0.0	0.0	0.0
	
High Count
	Marbled Godwit	0.0	0.0	0.0	0.0	0.0	0.0	0.0	0.0	0.0	0.0	0.0	0.0	0.0	0.0	0.0	0.0	4	1	0.0	1	0.0	0.0	1	0.0	1	0.0	0.0	0.0	0.0	1	0.0	1	1	0.0	1	1	1	0.0	1	0.0	0.0	0.0	0.0	0.0	0.0	0.0	0.0	0.0
	# checklists reporting species - (Marbled Godwit)	0.0	0.0	0.0	0.0	0.0	0.0	0.0	0.0	0.0	0.0	0.0	0.0	0.0	0.0	0.0	0.0	2	1	0.0	2	0.0	0.0	1	0.0	1	0.0	0.0	0.0	0.0	21	0.0	1	1	0.0	1	1	2	0.0	3	0.0	0.0	0.0	0.0	0.0	0.0	0.0	0.0	0.0
	
Totals
	Marbled Godwit	0.0	0.0	0.0	0.0	0.0	0.0	0.0	0.0	0.0	0.0	0.0	0.0	0.0	0.0	0.0	0.0	5	1	0.0	2	0.0	0.0	1	0.0	1	0.0	0.0	0.0	0.0	21	0.0	1	1	0.0	1	1	2	0.0	2	0.0	0.0	0.0	0.0	0.0	0.0	0.0	0.0	0.0
	# checklists reporting species - (Marbled Godwit)	0.0	0.0	0.0	0.0	0.0	0.0	0.0	0.0	0.0	0.0	0.0	0.0	0.0	0.0	0.0	0.0	2	1	0.0	2	0.0	0.0	1	0.0	1	0.0	0.0	0.0	0.0	21	0.0	1	1	0.0	1	1	2	0.0	2	0.0	0.0	0.0	0.0	0.0	0.0	0.0	0.0	0.0
	
Average Count
	Marbled Godwit	0.0	0.0	0.0	0.0	0.0	0.0	0.0	0.0	0.0	0.0	0.0	0.0	0.0	0.0	0.0	0.0	2.5	1.0	0.0	1.0	0.0	0.0	1.0	0.0	1.0	0.0	0.0	0.0	0.0	1.0	0.0	1.0	1.0	0.0	1.0	1.0	1.0	0.0	1.0	0.0	0.0	0.0	0.0	0.0	0.0	0.0	0.0	0.0
	# checklists reporting species - (Marbled Godwit)	0.0	0.0	0.0	0.0	0.0	0.0	0.0	0.0	0.0	0.0	0.0	0.0	0.0	0.0	0.0	0.0	2	1	0.0	2	0.0	0.0	1	0.0	1	0.0	0.0	0.0	0.0	21	0.0	1	1	0.0	1	1	2	0.0	2	0.0	0.0	0.0	0.0	0.0	0.0	0.0	0.0	0.0
	
