

	Week starting on...	1/1	1/8	1/15	1/22	2/1	2/8	2/15	2/22	3/1	3/8	3/15	3/22	4/1	4/8	4/15	4/22	5/1	5/8	5/15	5/22	6/1	6/8	6/15	6/22	7/1	7/8	7/15	7/22	8/1	8/8	8/15	8/22	9/1	9/8	9/15	9/22	10/1	10/8	10/15	10/22	11/1	11/8	11/15	11/22	12/1	12/8	12/15	12/22
Frequency (%)
	Hairy Woodpecker	16.268560361523562	15.8	16.996699669966997	16.445066480055985	15.983465380640716	15.981856990394878	15.065982404692082	15.879828326180256	15.228873239436618	16.62669864108713	16.446124763705104	16.211515046094974	16.936936936936934	16.654871431941494	15.259159964253799	14.944283315524348	15.169026292978907	16.02826855123675	15.125795695665353	12.607217996439553	10.89696071163825	10.327022375215146	9.927360774818402	8.861756597085467	9.977827050997783	9.23268870867124	10.67524115755627	8.8515660463005	11.349693251533742	10.188457008244994	11.169102296450939	11.83673469387755	14.940771876194114	13.143525741029642	15.209857527916826	14.31690580162196	14.397999285459093	15.275813295615276	15.79699785561115	16.024612092027823	17.723880597014926	18.0	17.09016393442623	15.736040609137056	16.68126094570928	17.46031746031746	25.15840477077898	26.511419614867894
	Total # checklists submitted - (Hairy Woodpecker)	4647	3500	3030	4287	2903	3748	5456	3029	3408	3753	4232	5749	4440	4239	4476	6551	6922	7075	6598	6179	2698	2324	2065	2539	1804	1603	1555	2203	1630	1698	1916	2940	2617	2564	2597	3206	2799	2828	2798	3738	2680	2700	2440	2955	2284	2331	2683	4466
	
Abundance
	Hairy Woodpecker	0.23972455347536045	0.24685714285714286	0.26666666666666666	0.24469325868905994	0.2462969342059938	0.24306296691568838	0.24138563049853373	0.24232419940574448	0.24178403755868544	0.2664535038635758	0.2599243856332703	0.24665159158114455	0.240990990990991	0.2368483132814343	0.20866845397676498	0.19203175087772859	0.19098526437445826	0.20975265017667843	0.19718096392846318	0.16912121702540864	0.15604151223128243	0.14543889845094665	0.14915254237288136	0.1398188263095707	0.14800443458980045	0.12663755458515283	0.14662379421221866	0.12029051293690422	0.15828220858895706	0.1348645465253239	0.15762004175365343	0.15170068027210884	0.20787160871226595	0.1684867394695788	0.19329996149403159	0.18652526512788523	0.1907824222936763	0.1905940594059406	0.21122230164403144	0.20064205457463885	0.23432835820895523	0.23777777777777778	0.22581967213114754	0.20879864636209813	0.24387040280210157	0.28614328614328616	0.572493477450615	0.6533811016569637
	Total # checklists submitted - (Hairy Woodpecker)	4647	3500	3030	4287	2903	3748	5456	3029	3408	3753	4232	5749	4440	4239	4476	6551	6922	7075	6598	6179	2698	2324	2065	2539	1804	1603	1555	2203	1630	1698	1916	2940	2617	2564	2597	3206	2799	2828	2798	3738	2680	2700	2440	2955	2284	2331	2683	4466
	
Birds Per Party Hour
	Hairy Woodpecker	2.2193716266359336	2.1325567990997203	2.031710994829441	1.641902871234154	2.0931775060740376	2.024483294246726	2.211785487888372	2.211061847149215	1.7863291577756082	1.8840438653192126	1.8282378786557865	1.5114394873247614	1.5241800057274117	1.5183869556063985	1.5668071095853704	1.230992080242577	1.1233370183269478	1.1082876861493292	1.181563794561104	1.2894423934856087	1.9025937988403763	2.8504253405073703	2.772129034402403	2.506068496016905	2.5782798618381286	1.761684167020549	1.907915646317984	2.309098738914129	1.738467891543305	2.2743411280366823	1.8208940704413323	1.7681277961739346	1.435725870488431	1.5481793940468846	1.555044967138228	1.3667241372647545	2.2284055985571722	1.3685749995800292	1.4603145806757112	1.205964504770051	1.308067903309031	1.249919743932375	1.497046171577467	1.350828399499002	1.422203550521688	1.5958358409635753	1.4638156758354932	1.558828319944098
	# checklists reporting species - (Hairy Woodpecker)	766	576	526	707	468	624	844	491	528	624	705	957	752	714	689	982	1063	1166	1037	820	318	247	218	235	181	155	175	209	191	178	232	367	407	355	410	483	432	461	460	623	502	502	428	478	387	411	692	1192
	
High Count
	Hairy Woodpecker	8	9	10	10	10	10	12	10	11	12	10	12	10	11	5	8	10	6	6	8	5	7	8	5	5	6	4	5	5	5	8	5	21	6	6	6	11	5	5	6	6	5	6	6	7	16	22	29
	# checklists reporting species - (Hairy Woodpecker)	828	614	559	770	494	649	876	524	574	665	747	1010	801	754	743	1065	1126	1228	1082	869	356	280	251	284	219	169	181	220	202	184	245	386	418	366	424	509	451	488	491	654	531	548	459	513	425	450	740	1236
	
Totals
	Hairy Woodpecker	1196	937	854	1121	754	974	1381	782	897	1049	1162	1512	1136	1055	997	1358	1410	1595	1395	1144	488	380	361	423	309	223	246	293	274	239	336	486	576	461	533	655	586	599	639	802	689	722	597	673	603	713	1658	2973
	# checklists reporting species - (Hairy Woodpecker)	799	603	549	744	486	642	863	510	555	646	730	993	782	744	724	1029	1094	1201	1058	862	353	273	249	282	214	164	179	215	195	182	242	381	412	361	418	495	444	479	480	643	525	538	456	510	416	441	731	1218
	
Average Count
	Hairy Woodpecker	1.4968710888610763	1.5538971807628523	1.5555555555555556	1.506720430107527	1.551440329218107	1.517133956386293	1.600231749710313	1.5333333333333334	1.6162162162162161	1.6238390092879258	1.5917808219178082	1.5226586102719033	1.4526854219948848	1.418010752688172	1.37707182320442	1.3197278911564625	1.2888482632541134	1.328059950041632	1.3185255198487713	1.3271461716937354	1.3824362606232294	1.3919413919413919	1.4497991967871486	1.5	1.4439252336448598	1.3597560975609757	1.3743016759776536	1.3627906976744186	1.405128205128205	1.3131868131868132	1.3884297520661157	1.2755905511811023	1.3980582524271845	1.2770083102493075	1.2751196172248804	1.3232323232323233	1.3198198198198199	1.2505219206680585	1.33125	1.2472783825816485	1.3123809523809524	1.342007434944238	1.3092105263157894	1.3196078431372549	1.4495192307692308	1.616780045351474	2.26812585499316	2.4408866995073892
	# checklists reporting species - (Hairy Woodpecker)	799	603	549	744	486	642	863	510	555	646	730	993	782	744	724	1029	1094	1201	1058	862	353	273	249	282	214	164	179	215	195	182	242	381	412	361	418	495	444	479	480	643	525	538	456	510	416	441	731	1218
	
