

	Week starting on...	1/1	1/8	1/15	1/22	2/1	2/8	2/15	2/22	3/1	3/8	3/15	3/22	4/1	4/8	4/15	4/22	5/1	5/8	5/15	5/22	6/1	6/8	6/15	6/22	7/1	7/8	7/15	7/22	8/1	8/8	8/15	8/22	9/1	9/8	9/15	9/22	10/1	10/8	10/15	10/22	11/1	11/8	11/15	11/22	12/1	12/8	12/15	12/22
Frequency (%)
	Semipalmated Plover	0.0	0.0	0.0	0.0	0.0	0.0	0.0	0.0	0.0	0.0	0.0	0.0	0.0	0.0	0.022341376228775692	0.04579453518546787	0.20225368390638546	0.7067137809187279	4.152773567747802	7.849166531801262	4.262416604892513	1.5060240963855422	0.29055690072639223	0.11815675462780621	0.0	0.3119151590767312	0.7717041800643086	4.0399455288243304	4.41717791411043	10.306242638398116	10.960334029227557	11.122448979591837	11.23423767672908	8.541341653666148	7.393145937620331	4.148471615720524	1.7863522686673812	1.6265912305516266	1.4653323802716227	0.7758159443552702	0.18656716417910446	0.2222222222222222	0.08196721311475409	0.0	0.0	0.0	0.0	0.0
	Total # checklists submitted - (Semipalmated Plover)	4647	3500	3030	4287	2903	3748	5456	3029	3408	3753	4232	5749	4440	4239	4476	6551	6922	7075	6598	6179	2698	2324	2065	2539	1804	1603	1555	2203	1630	1698	1916	2940	2617	2564	2597	3206	2799	2828	2798	3738	2680	2700	2440	2955	2284	2331	2683	4466
	
Abundance
	Semipalmated Plover	0.0	0.0	0.0	0.0	0.0	0.0	0.0	0.0	0.0	0.0	0.0	0.0	0.0	0.0	0.0	7.632422530911311E-4	0.004911875180583647	0.011731448763250883	0.17490148529857533	0.37093380805955656	0.09080800593031875	0.0189328743545611	0.00387409200968523	0.0011815675462780622	0.0	0.006238303181534623	0.01414790996784566	0.12029051293690422	0.13006134969325153	0.4045936395759717	0.4618997912317328	0.6326530612244898	0.6259075277034772	0.48673946957878317	0.4131690412013862	0.1883967560823456	0.0632368703108253	0.055162659123055166	0.030736240171551108	0.016051364365971106	0.002238805970149254	0.0022222222222222222	8.19672131147541E-4	0.0	0.0	0.0	0.0	0.0
	Total # checklists submitted - (Semipalmated Plover)	4647	3500	3030	4287	2903	3748	5456	3029	3408	3753	4232	5749	4440	4239	4476	6551	6922	7075	6598	6179	2698	2324	2065	2539	1804	1603	1555	2203	1630	1698	1916	2940	2617	2564	2597	3206	2799	2828	2798	3738	2680	2700	2440	2955	2284	2331	2683	4466
	
Birds Per Party Hour
	Semipalmated Plover	0.0	0.0	0.0	0.0	0.0	0.0	0.0	0.0	0.0	0.0	0.0	0.0	0.0	0.0	0.0	0.8890139201467033	0.6514528058886181	0.7305501858880675	1.78359213785504	1.92394906735797	1.388288270971328	0.5685607811350435	2.095807462785377	0.4148248158149148	0.0	1.4149968002559796	0.7723544605324832	1.613224916371284	2.124701864591685	4.681766327242602	3.1111689525282173	4.251009292868746	4.176268043012494	3.1935238926624256	2.699671095386553	2.2659605861486085	1.7631832154253388	1.3863314334405488	0.963773277911104	0.9341056054840681	0.33415750915750914	0.26283005308604734	0.26666666666666666	0.0	0.0	0.0	0.0	0.0
	# checklists reporting species - (Semipalmated Plover)	0.0	0.0	0.0	0.0	0.0	0.0	0.0	0.0	0.0	0.0	0.0	0.0	0.0	0.0	0	3	17	55	294	514	122	40	6	3	0.0	6	15	103	71	205	247	369	306	219	191	139	46	43	39	32	5	6	2	0	0.0	0.0	0.0	0.0
	
High Count
	Semipalmated Plover	0.0	0.0	0.0	0.0	0.0	0.0	0.0	0.0	0.0	0.0	0.0	0.0	0.0	0.0	1	2	20	8	21	65	20	6	3	1	0.0	6	5	30	30	31	26	35	37	28	45	22	15	9	10	4	2	1	1	1	0.0	0.0	0.0	0.0
	# checklists reporting species - (Semipalmated Plover)	0.0	0.0	0.0	0.0	0.0	0.0	0.0	0.0	0.0	0.0	0.0	0.0	0.0	0.0	1	3	18	59	308	548	125	40	6	3	0.0	6	16	112	85	220	265	401	329	249	227	163	55	49	47	36	5	7	2	1	0.0	0.0	0.0	0.0
	
Totals
	Semipalmated Plover	0.0	0.0	0.0	0.0	0.0	0.0	0.0	0.0	0.0	0.0	0.0	0.0	0.0	0.0	0	5	38	92	1278	2498	290	51	8	3	0.0	11	28	312	241	839	1110	2243	1829	1392	1220	732	198	164	96	74	6	7	2	1	0.0	0.0	0.0	0.0
	# checklists reporting species - (Semipalmated Plover)	0.0	0.0	0.0	0.0	0.0	0.0	0.0	0.0	0.0	0.0	0.0	0.0	0.0	0.0	0	3	17	56	301	535	125	40	6	3	0.0	6	16	112	80	214	258	391	319	239	222	157	50	46	46	36	5	7	2	1	0.0	0.0	0.0	0.0
	
Average Count
	Semipalmated Plover	0.0	0.0	0.0	0.0	0.0	0.0	0.0	0.0	0.0	0.0	0.0	0.0	0.0	0.0	0.0	1.6666666666666667	2.235294117647059	1.6428571428571428	4.245847176079734	4.669158878504673	2.32	1.275	1.3333333333333333	1.0	0.0	1.8333333333333333	1.75	2.7857142857142856	3.0125	3.9205607476635516	4.3023255813953485	5.736572890025576	5.733542319749216	5.824267782426778	5.495495495495495	4.662420382165605	3.96	3.5652173913043477	2.0869565217391304	2.0555555555555554	1.2	1.0	1.0	1.0	0.0	0.0	0.0	0.0
	# checklists reporting species - (Semipalmated Plover)	0.0	0.0	0.0	0.0	0.0	0.0	0.0	0.0	0.0	0.0	0.0	0.0	0.0	0.0	0	3	17	56	301	535	125	40	6	3	0.0	6	16	112	80	214	258	391	319	239	222	157	50	46	46	36	5	7	2	1	0.0	0.0	0.0	0.0
	
