

	Week starting on...	1/1	1/8	1/15	1/22	2/1	2/8	2/15	2/22	3/1	3/8	3/15	3/22	4/1	4/8	4/15	4/22	5/1	5/8	5/15	5/22	6/1	6/8	6/15	6/22	7/1	7/8	7/15	7/22	8/1	8/8	8/15	8/22	9/1	9/8	9/15	9/22	10/1	10/8	10/15	10/22	11/1	11/8	11/15	11/22	12/1	12/8	12/15	12/22
Frequency (%)
	Cackling Goose	0.021519259737465032	0.0	0.09900990099009901	0.06997900629811056	0.03444712366517396	0.026680896478121666	0.0	0.06602839220864973	0.08802816901408451	0.4796163069544364	0.30718336483931946	0.13915463558879806	0.15765765765765766	0.11795234725171032	0.044682752457551385	0.03052969012364525	0.0	0.0	0.0	0.0	0.0	0.0	0.0	0.0	0.0	0.0	0.0	0.0	0.0	0.0	0.0	0.0	0.0	0.0390015600624025	0.11551790527531768	0.37429819089207733	0.6073597713469097	0.14144271570014144	0.14295925661186562	0.32102728731942215	0.0	0.07407407407407407	0.20491803278688525	0.10152284263959391	0.13134851138353765	0.0	0.11181513231457324	0.08956560680698611
	Total # checklists submitted - (Cackling Goose)	4647	3500	3030	4287	2903	3748	5456	3029	3408	3753	4232	5749	4440	4239	4476	6551	6922	7075	6598	6179	2698	2324	2065	2539	1804	1603	1555	2203	1630	1698	1916	2940	2617	2564	2597	3206	2799	2828	2798	3738	2680	2700	2440	2955	2284	2331	2683	4466
	
Abundance
	Cackling Goose	2.1519259737465033E-4	0.0	9.900990099009901E-4	6.997900629811056E-4	0.0020668274199104374	5.336179295624333E-4	0.0	0.0019808517662594917	0.0014671361502347417	0.012523314681588063	0.005434782608695652	0.0020873195338319706	0.0024774774774774773	0.00377447511205473	4.4682752457551384E-4	6.10593802472905E-4	0.0	0.0	0.0	0.0	0.0	0.0	0.0	0.0	0.0	0.0	0.0	0.0	0.0	0.0	0.0	0.0	0.0	0.0015600624024961	0.0030804774740084712	0.015595757953836557	0.008931761343336906	0.0014144271570014145	0.002144388849177984	0.008560727661851257	0.0	7.407407407407407E-4	0.0020491803278688526	0.004399323181049069	0.012259194395796848	0.0	0.0011181513231457323	0.005597850425436633
	Total # checklists submitted - (Cackling Goose)	4647	3500	3030	4287	2903	3748	5456	3029	3408	3753	4232	5749	4440	4239	4476	6551	6922	7075	6598	6179	2698	2324	2065	2539	1804	1603	1555	2203	1630	1698	1916	2940	2617	2564	2597	3206	2799	2828	2798	3738	2680	2700	2440	2955	2284	2331	2683	4466
	
Birds Per Party Hour
	Cackling Goose	1.0	0.0	1.2152708728296366	2.145873006928288	6.0	0.9837678307919331	0.0	1.4923442996068694	0.5096648285558923	1.8617283966874298	2.405428420258236	1.7427050576004606	1.2556458417203706	2.752740716635933	2.334334334334334	2.7559286637242546	0.0	0.25	0.0	0.0	0.0	0.0	0.0	0.0	0.0	0.0	0.0	0.0	0.0	0.0	0.0	0.0	0.0	1.6778523489932886	1.3818112536794331	1.7797746105514967	0.42375343176349295	0.6286305445911408	0.3159145352813281	1.1277284229173494	0.0	0.5751558155156103	2.799664928085981	1.0349079111359916	6.294912771869159	0.0	0.8273809523809523	4.46969696969697
	# checklists reporting species - (Cackling Goose)	1	0.0	2	3	1	1	0.0	2	4	21	13	7	7	6	3	2	0.0	1	0.0	0.0	0.0	0.0	0.0	0.0	0.0	0.0	0.0	0.0	0.0	0.0	0.0	0.0	0.0	1	3	12	17	4	4	14	1	3	5	5	3	0.0	4	4
	
High Count
	Cackling Goose	1	0.0	1	1	6	2	0.0	5	2	9	4	5	2	6	1	2	0.0	1	0.0	0.0	0.0	0.0	0.0	0.0	0.0	0.0	0.0	0.0	0.0	0.0	0.0	0.0	0.0	4	6	16	4	1	2	7	1	5	2	5	10	0.0	1	13
	# checklists reporting species - (Cackling Goose)	2	0.0	3	3	1	1	0.0	2	5	21	13	9	7	6	3	2	0.0	1	0.0	0.0	0.0	0.0	0.0	0.0	0.0	0.0	0.0	0.0	0.0	0.0	0.0	0.0	0.0	1	3	12	17	4	5	14	1	4	6	6	3	0.0	5	5
	
Totals
	Cackling Goose	2	0.0	3	3	6	2	0.0	6	7	50	23	13	11	17	3	4	0.0	1	0.0	0.0	0.0	0.0	0.0	0.0	0.0	0.0	0.0	0.0	0.0	0.0	0.0	0.0	0.0	4	8	50	25	4	8	35	1	9	6	16	28	0.0	5	26
	# checklists reporting species - (Cackling Goose)	2	0.0	3	3	1	1	0.0	2	5	21	13	8	7	6	3	2	0.0	1	0.0	0.0	0.0	0.0	0.0	0.0	0.0	0.0	0.0	0.0	0.0	0.0	0.0	0.0	0.0	1	3	12	17	4	5	14	1	4	5	6	3	0.0	5	5
	
Average Count
	Cackling Goose	1.0	0.0	1.0	1.0	6.0	2.0	0.0	3.0	1.4	2.380952380952381	1.7692307692307692	1.625	1.5714285714285714	2.8333333333333335	1.0	2.0	0.0	1.0	0.0	0.0	0.0	0.0	0.0	0.0	0.0	0.0	0.0	0.0	0.0	0.0	0.0	0.0	0.0	4.0	2.6666666666666665	4.166666666666667	1.4705882352941178	1.0	1.6	2.5	1.0	2.25	1.2	2.6666666666666665	9.333333333333334	0.0	1.0	5.2
	# checklists reporting species - (Cackling Goose)	2	0.0	3	3	1	1	0.0	2	5	21	13	8	7	6	3	2	0.0	1	0.0	0.0	0.0	0.0	0.0	0.0	0.0	0.0	0.0	0.0	0.0	0.0	0.0	0.0	0.0	1	3	12	17	4	5	14	1	4	5	6	3	0.0	5	5
	
