

	Week starting on...	1/1	1/8	1/15	1/22	2/1	2/8	2/15	2/22	3/1	3/8	3/15	3/22	4/1	4/8	4/15	4/22	5/1	5/8	5/15	5/22	6/1	6/8	6/15	6/22	7/1	7/8	7/15	7/22	8/1	8/8	8/15	8/22	9/1	9/8	9/15	9/22	10/1	10/8	10/15	10/22	11/1	11/8	11/15	11/22	12/1	12/8	12/15	12/22
Frequency (%)
	Orange-crowned Warbler	0.32278889606197547	0.2285714285714286	0.23102310231023102	0.09330534173081409	0.0	0.05336179295624333	0.036656891495601175	0.0	0.0	0.0	0.0	0.0	0.0	0.0	0.06702412868632708	0.04579453518546787	1.069055186362323	1.992932862190813	3.364655956350409	0.6473539407671145	0.0	0.0	0.0	0.0	0.0	0.0	0.0	0.0	0.0	0.058892815076560655	0.0	0.03401360544217687	0.22927015666794037	0.078003120124805	0.3850596842510589	2.4953212726138494	5.644873168988925	5.198019801980198	4.360257326661901	2.354200107009096	0.5223880597014926	0.8148148148148148	0.36885245901639346	0.9475465313028765	0.9632224168126094	0.9009009009009009	0.7827059262020127	0.5150022391401702
	Total # checklists submitted - (Orange-crowned Warbler)	4647	3500	3030	4287	2903	3748	5456	3029	3408	3753	4232	5749	4440	4239	4476	6551	6922	7075	6598	6179	2698	2324	2065	2539	1804	1603	1555	2203	1630	1698	1916	2940	2617	2564	2597	3206	2799	2828	2798	3738	2680	2700	2440	2955	2284	2331	2683	4466
	
Abundance
	Orange-crowned Warbler	0.0032278889606197547	0.002285714285714286	0.0023102310231023103	9.330534173081409E-4	0.0	5.336179295624333E-4	3.6656891495601173E-4	0.0	0.0	0.0	0.0	0.0	0.0	0.0	6.702412868632708E-4	4.5794535185467866E-4	0.011557353366079168	0.02176678445229682	0.038799636253410125	0.006149862437287587	0.0	0.0	0.0	0.0	0.0	0.0	0.0	0.0	0.0	5.889281507656066E-4	0.0	0.0	0.0022927015666794038	7.8003120124805E-4	0.003850596842510589	0.03337492202121023	0.08252947481243302	0.08592644978783592	0.07005003573981415	0.028624933119315143	0.005597014925373134	0.008888888888888889	0.004508196721311476	0.010490693739424704	0.010507880910683012	0.010296010296010296	0.008945210585165859	0.005150022391401702
	Total # checklists submitted - (Orange-crowned Warbler)	4647	3500	3030	4287	2903	3748	5456	3029	3408	3753	4232	5749	4440	4239	4476	6551	6922	7075	6598	6179	2698	2324	2065	2539	1804	1603	1555	2203	1630	1698	1916	2940	2617	2564	2597	3206	2799	2828	2798	3738	2680	2700	2440	2955	2284	2331	2683	4466
	
Birds Per Party Hour
	Orange-crowned Warbler	1.988296129959768	0.7319729117611801	0.6078287043607008	1.0403884238924277	0.0	0.8686424901332936	1.3206638115631693	0.0	0.0	0.0	0.0	0.0	0.0	0.0	0.3127027908106519	0.9716126063952151	0.8571669204299266	0.6499795500638217	0.685362172250373	1.144295252625953	0.0	0.0	0.0	0.0	0.0	0.0	0.0	0.0	0.0	0.4444444444444444	0.0	0.0	0.18148503299111599	0.5356326763781777	0.5835319071599653	0.5852424625126312	0.7697644990919496	0.6809057282266742	1.023034287372558	1.680650907573168	1.0003456224702199	0.5357327205965625	0.8410737359463051	1.2484105273383161	0.6364455977455424	0.743354098482029	0.38040589001228875	0.529967254464647
	# checklists reporting species - (Orange-crowned Warbler)	15	8	8	5	0.0	2	2	0.0	0.0	0.0	0.0	0.0	0.0	0.0	4	3	81	159	250	48	0.0	0.0	0.0	0.0	0.0	0.0	0.0	0.0	0.0	1	0.0	0	6	3	11	91	166	152	126	99	14	22	9	29	24	22	22	26
	
High Count
	Orange-crowned Warbler	1	1	1	1	0.0	1	1	0.0	0.0	0.0	0.0	0.0	0.0	0.0	1	1	3	4	5	1	0.0	0.0	0.0	0.0	0.0	0.0	0.0	0.0	0.0	1	0.0	1	1	1	1	5	8	13	9	5	2	2	2	2	2	2	2	1
	# checklists reporting species - (Orange-crowned Warbler)	15	8	8	5	0.0	2	2	0.0	0.0	0.0	0.0	0.0	0.0	0.0	5	3	83	171	261	50	0.0	0.0	0.0	0.0	0.0	0.0	0.0	0.0	0.0	1	0.0	1	6	3	12	97	175	163	132	101	15	22	9	30	24	22	24	26
	
Totals
	Orange-crowned Warbler	15	8	8	5	0.0	2	2	0.0	0.0	0.0	0.0	0.0	0.0	0.0	5	3	88	186	298	48	0.0	0.0	0.0	0.0	0.0	0.0	0.0	0.0	0.0	1	0.0	0	6	3	12	126	262	264	207	130	16	24	11	33	26	25	27	26
	# checklists reporting species - (Orange-crowned Warbler)	15	8	8	5	0.0	2	2	0.0	0.0	0.0	0.0	0.0	0.0	0.0	5	3	82	169	256	48	0.0	0.0	0.0	0.0	0.0	0.0	0.0	0.0	0.0	1	0.0	0	6	3	12	95	172	160	132	100	15	22	9	30	24	22	24	26
	
Average Count
	Orange-crowned Warbler	1.0	1.0	1.0	1.0	0.0	1.0	1.0	0.0	0.0	0.0	0.0	0.0	0.0	0.0	1.0	1.0	1.0731707317073171	1.1005917159763314	1.1640625	1.0	0.0	0.0	0.0	0.0	0.0	0.0	0.0	0.0	0.0	1.0	0.0	0.0	1.0	1.0	1.0	1.3263157894736841	1.5232558139534884	1.65	1.5681818181818181	1.3	1.0666666666666667	1.0909090909090908	1.2222222222222223	1.1	1.0833333333333333	1.1363636363636365	1.125	1.0
	# checklists reporting species - (Orange-crowned Warbler)	15	8	8	5	0.0	2	2	0.0	0.0	0.0	0.0	0.0	0.0	0.0	5	3	82	169	256	48	0.0	0.0	0.0	0.0	0.0	0.0	0.0	0.0	0.0	1	0.0	0	6	3	12	95	172	160	132	100	15	22	9	30	24	22	24	26
	
