

	Week starting on...	1/1	1/8	1/15	1/22	2/1	2/8	2/15	2/22	3/1	3/8	3/15	3/22	4/1	4/8	4/15	4/22	5/1	5/8	5/15	5/22	6/1	6/8	6/15	6/22	7/1	7/8	7/15	7/22	8/1	8/8	8/15	8/22	9/1	9/8	9/15	9/22	10/1	10/8	10/15	10/22	11/1	11/8	11/15	11/22	12/1	12/8	12/15	12/22
Frequency (%)
	Northern Waterthrush	0.0	0.0	0.0	0.0	0.0	0.0	0.0	0.0	0.0	0.0	0.0	0.0	0.0	0.0	0.290437890974084	2.1828728438406353	7.541173071366656	6.289752650176679	6.80509245225826	2.5732319145492797	0.37064492216456635	0.08605851979345956	0.1937046004842615	0.11815675462780621	0.05543237250554324	0.0	0.19292604501607716	0.9532455742169769	2.6993865030674846	3.239104829210836	4.2797494780793315	5.204081632653061	5.235001910584639	3.3151326053042123	1.386214863303812	0.8733624454148471	0.1429081814933905	0.10608203677510608	0.0	0.0	0.0	0.0	0.0	0.0	0.0	0.0	0.0	0.0
	Total # checklists submitted - (Northern Waterthrush)	4647	3500	3030	4287	2903	3748	5456	3029	3408	3753	4232	5749	4440	4239	4476	6551	6922	7075	6598	6179	2698	2324	2065	2539	1804	1603	1555	2203	1630	1698	1916	2940	2617	2564	2597	3206	2799	2828	2798	3738	2680	2700	2440	2955	2284	2331	2683	4466
	
Abundance
	Northern Waterthrush	0.0	0.0	0.0	0.0	0.0	0.0	0.0	0.0	0.0	0.0	0.0	0.0	0.0	0.0	0.0037980339588918675	0.026408181956953138	0.10517191563132043	0.07434628975265017	0.09321006365565322	0.035442628256999516	0.00407709414381023	8.605851979345956E-4	0.001937046004842615	0.0015754233950374162	5.543237250554324E-4	0.0	6.430868167202572E-4	0.011348161597821153	0.03496932515337423	0.04946996466431095	0.054801670146137786	0.08095238095238096	0.08674054260603745	0.04095163806552262	0.01732768579129765	0.009045539613225203	0.0028581636298678098	0.0010608203677510608	0.0	0.0	0.0	0.0	0.0	0.0	0.0	0.0	0.0	0.0
	Total # checklists submitted - (Northern Waterthrush)	4647	3500	3030	4287	2903	3748	5456	3029	3408	3753	4232	5749	4440	4239	4476	6551	6922	7075	6598	6179	2698	2324	2065	2539	1804	1603	1555	2203	1630	1698	1916	2940	2617	2564	2597	3206	2799	2828	2798	3738	2680	2700	2440	2955	2284	2331	2683	4466
	
Birds Per Party Hour
	Northern Waterthrush	0.0	0.0	0.0	0.0	0.0	0.0	0.0	0.0	0.0	0.0	0.0	0.0	0.0	0.0	0.6077566882659816	0.7293282665152663	0.8550032853616316	0.8514024085838284	0.783683130615786	1.0181381116529324	1.8553836812846631	0.2289090650452164	0.7411255411255412	0.4523809523809524	0.4444444444444444	0.0	0.23529411764705882	0.6851568519730497	0.9610109014333269	0.7079023044229638	0.5739129311460435	1.4832664924476937	0.7253032225719717	0.5777968595257026	2.0118612029772636	0.7438503383318653	1.373616156519859	0.3396825396825397	0.12370113805047006	0.14285714285714285	0.0	0.0	0.0	0.0	0.0	0.0	0.0	0.0
	# checklists reporting species - (Northern Waterthrush)	0.0	0.0	0.0	0.0	0.0	0.0	0.0	0.0	0.0	0.0	0.0	0.0	0.0	0.0	13	146	680	667	636	242	20	4	5	3	1	0.0	1	24	46	64	91	160	143	89	41	32	4	3	1	2	0.0	0.0	0.0	0.0	0.0	0.0	0.0	0.0
	
High Count
	Northern Waterthrush	0.0	0.0	0.0	0.0	0.0	0.0	0.0	0.0	0.0	0.0	0.0	0.0	0.0	0.0	3	5	6	6	7	10	2	1	2	2	1	0.0	1	2	4	9	5	9	26	4	3	2	5	1	1	1	0.0	0.0	0.0	0.0	0.0	0.0	0.0	0.0
	# checklists reporting species - (Northern Waterthrush)	0.0	0.0	0.0	0.0	0.0	0.0	0.0	0.0	0.0	0.0	0.0	0.0	0.0	0.0	13	162	713	706	662	264	24	5	5	4	1	0.0	3	27	58	76	101	184	153	100	44	33	5	3	1	2	0.0	0.0	0.0	0.0	0.0	0.0	0.0	0.0
	
Totals
	Northern Waterthrush	0.0	0.0	0.0	0.0	0.0	0.0	0.0	0.0	0.0	0.0	0.0	0.0	0.0	0.0	17	193	955	837	867	337	24	5	6	4	1	0.0	1	32	76	111	127	272	238	122	54	34	8	3	1	2	0.0	0.0	0.0	0.0	0.0	0.0	0.0	0.0
	# checklists reporting species - (Northern Waterthrush)	0.0	0.0	0.0	0.0	0.0	0.0	0.0	0.0	0.0	0.0	0.0	0.0	0.0	0.0	13	158	703	689	653	258	22	5	5	3	1	0.0	1	27	55	71	97	172	146	95	44	33	4	3	1	2	0.0	0.0	0.0	0.0	0.0	0.0	0.0	0.0
	
Average Count
	Northern Waterthrush	0.0	0.0	0.0	0.0	0.0	0.0	0.0	0.0	0.0	0.0	0.0	0.0	0.0	0.0	1.3076923076923077	1.2215189873417722	1.3584637268847795	1.2148040638606676	1.327718223583461	1.306201550387597	1.0909090909090908	1.0	1.2	1.3333333333333333	1.0	0.0	1.0	1.1851851851851851	1.3818181818181818	1.5633802816901408	1.309278350515464	1.5813953488372092	1.63013698630137	1.2842105263157895	1.2272727272727273	1.0303030303030303	2.0	1.0	1.0	1.0	0.0	0.0	0.0	0.0	0.0	0.0	0.0	0.0
	# checklists reporting species - (Northern Waterthrush)	0.0	0.0	0.0	0.0	0.0	0.0	0.0	0.0	0.0	0.0	0.0	0.0	0.0	0.0	13	158	703	689	653	258	22	5	5	3	1	0.0	1	27	55	71	97	172	146	95	44	33	4	3	1	2	0.0	0.0	0.0	0.0	0.0	0.0	0.0	0.0
	
