

	Week starting on...	1/1	1/8	1/15	1/22	2/1	2/8	2/15	2/22	3/1	3/8	3/15	3/22	4/1	4/8	4/15	4/22	5/1	5/8	5/15	5/22	6/1	6/8	6/15	6/22	7/1	7/8	7/15	7/22	8/1	8/8	8/15	8/22	9/1	9/8	9/15	9/22	10/1	10/8	10/15	10/22	11/1	11/8	11/15	11/22	12/1	12/8	12/15	12/22
Frequency (%)
	Lesser Black-backed Gull	0.08607703894986013	0.1142857142857143	0.066006600660066	0.09330534173081409	0.20668274199104375	0.10672358591248667	0.07331378299120235	0.1650709805216243	0.029342723004694836	0.15987210231814547	0.16540642722117202	0.17394329448599755	0.18018018018018017	0.3066761028544468	0.8489722966934763	0.39688597160738814	0.5634209765963594	0.4240282685512367	0.5304637769020916	0.45314775853698014	0.25945144551519644	0.04302925989672978	0.0	0.03938558487593541	0.0	0.06238303181534623	0.12861736334405144	0.0	0.1226993865030675	0.5300353356890459	0.15657620041753653	0.37414965986394555	0.26748184944593045	0.3510140405616225	0.3850596842510589	0.4990642545227698	0.2500893176134334	0.10608203677510608	0.035739814152966405	0.05350454788657035	0.3731343283582089	0.037037037037037035	0.12295081967213116	0.0338409475465313	0.043782837127845885	0.1287001287001287	0.22363026462914648	0.022391401701746527
	Total # checklists submitted - (Lesser Black-backed Gull)	4647	3500	3030	4287	2903	3748	5456	3029	3408	3753	4232	5749	4440	4239	4476	6551	6922	7075	6598	6179	2698	2324	2065	2539	1804	1603	1555	2203	1630	1698	1916	2940	2617	2564	2597	3206	2799	2828	2798	3738	2680	2700	2440	2955	2284	2331	2683	4466
	
Abundance
	Lesser Black-backed Gull	8.607703894986013E-4	0.001142857142857143	6.600660066006601E-4	9.330534173081409E-4	0.003100241129865656	0.0010672358591248667	3.6656891495601173E-4	0.001650709805216243	2.9342723004694836E-4	0.0018651745270450307	0.0016540642722117202	0.0019133762393459732	0.0018018018018018018	0.003066761028544468	0.009830205540661306	0.0051900473210196914	0.012713088702687085	0.01060070671378092	0.007578053955744165	0.006473539407671145	0.0025945144551519643	4.302925989672978E-4	0.0	3.9385584875935406E-4	0.0	6.238303181534623E-4	0.0012861736334405145	0.0	0.001226993865030675	0.005889281507656066	0.0015657620041753654	0.0037414965986394557	0.0026748184944593045	0.0035101404056162248	0.004235656526761648	0.004990642545227698	0.002500893176134334	0.0010608203677510608	7.147962830593281E-4	5.350454788657035E-4	0.0037313432835820895	3.7037037037037035E-4	0.001639344262295082	3.3840947546531303E-4	4.3782837127845885E-4	0.001716001716001716	0.0022363026462914647	2.239140170174653E-4
	Total # checklists submitted - (Lesser Black-backed Gull)	4647	3500	3030	4287	2903	3748	5456	3029	3408	3753	4232	5749	4440	4239	4476	6551	6922	7075	6598	6179	2698	2324	2065	2539	1804	1603	1555	2203	1630	1698	1916	2940	2617	2564	2597	3206	2799	2828	2798	3738	2680	2700	2440	2955	2284	2331	2683	4466
	
Birds Per Party Hour
	Lesser Black-backed Gull	0.6964285714285714	0.4557109557109557	0.11490683229813664	1.0317928301815928	1.4335921381399488	0.2172881774326743	3.4940119760479043	1.20783434524603	1.9342359767891684	1.3010325101158087	0.19704498043890326	0.41973840333879564	0.1786951144094001	0.6960175851217971	0.9285116881611359	0.4218680553039726	0.9140599415529806	0.7413459763311727	0.3372862311077336	0.9018258454725673	0.8969226693221135	0.08333333333333333	0.0	0.25	0.0	0.9090909090909091	0.5070028011204482	0.0	0.8700245586395441	0.6842396393615773	0.14705882352941177	0.845286615276135	0.23048026653166515	1.1733773781320174	1.9692307765143846	0.8069627418453285	0.803341417290356	0.5284356690883525	0.1304291117777488	0.21929824561403508	0.2575799322712484	0.16998130205677375	0.8541451760093195	0.25	0.3333333333333333	0.5060031015749256	0.27236652236652237	0.3982497710876202
	# checklists reporting species - (Lesser Black-backed Gull)	4	4	2	3	6	2	2	5	1	6	7	10	7	13	40	27	42	32	36	30	8	1	0.0	1	0.0	1	3	0.0	3	9	5	13	7	9	11	17	7	5	2	4	10	1	3	1	1	3	6	2
	
High Count
	Lesser Black-backed Gull	1	1	1	1	2	1	1	1	1	2	1	2	1	1	3	3	9	11	5	4	1	1	0.0	1	0.0	1	1	0.0	1	2	1	1	1	1	2	1	1	1	2	1	1	1	2	1	1	2	1	1
	# checklists reporting species - (Lesser Black-backed Gull)	5	4	2	6	7	4	4	6	1	7	7	10	8	15	40	29	44	33	36	30	8	1	0.0	1	0.0	1	3	0.0	3	9	5	13	7	9	11	17	7	5	2	4	10	1	3	2	1	3	7	3
	
Totals
	Lesser Black-backed Gull	4	4	2	6	11	4	2	5	1	8	7	11	8	15	48	37	93	78	51	42	8	1	0.0	1	0.0	1	3	0.0	3	10	5	13	7	9	12	17	7	5	3	4	10	1	4	2	1	4	7	2
	# checklists reporting species - (Lesser Black-backed Gull)	4	4	2	6	7	4	2	5	1	7	7	10	8	15	40	29	43	33	36	30	8	1	0.0	1	0.0	1	3	0.0	3	9	5	13	7	9	11	17	7	5	2	4	10	1	3	2	1	3	7	2
	
Average Count
	Lesser Black-backed Gull	1.0	1.0	1.0	1.0	1.5714285714285714	1.0	1.0	1.0	1.0	1.1428571428571428	1.0	1.1	1.0	1.0	1.2	1.2758620689655173	2.1627906976744184	2.3636363636363638	1.4166666666666667	1.4	1.0	1.0	0.0	1.0	0.0	1.0	1.0	0.0	1.0	1.1111111111111112	1.0	1.0	1.0	1.0	1.0909090909090908	1.0	1.0	1.0	1.5	1.0	1.0	1.0	1.3333333333333333	1.0	1.0	1.3333333333333333	1.0	1.0
	# checklists reporting species - (Lesser Black-backed Gull)	4	4	2	6	7	4	2	5	1	7	7	10	8	15	40	29	43	33	36	30	8	1	0.0	1	0.0	1	3	0.0	3	9	5	13	7	9	11	17	7	5	2	4	10	1	3	2	1	3	7	2
	
