

	Week starting on...	1/1	1/8	1/15	1/22	2/1	2/8	2/15	2/22	3/1	3/8	3/15	3/22	4/1	4/8	4/15	4/22	5/1	5/8	5/15	5/22	6/1	6/8	6/15	6/22	7/1	7/8	7/15	7/22	8/1	8/8	8/15	8/22	9/1	9/8	9/15	9/22	10/1	10/8	10/15	10/22	11/1	11/8	11/15	11/22	12/1	12/8	12/15	12/22
Frequency (%)
	Blackburnian Warbler	0.0	0.0	0.0	0.0	0.0	0.0	0.0	0.0	0.0	0.0	0.0	0.0	0.0	0.0	0.0	0.0610593802472905	5.070788789367235	15.703180212014134	23.992118823886027	11.166855478232723	0.48183839881393625	0.17211703958691912	0.0	0.0	0.0	0.0	0.0	0.0	0.0	1.76678445229682	5.6889352818371615	7.959183673469387	10.470003821169279	10.842433697347893	7.200616095494802	3.680598877105427	0.35727045373347627	0.07072135785007072	0.035739814152966405	0.0	0.0	0.0	0.0	0.0	0.0	0.0	0.0	0.0
	Total # checklists submitted - (Blackburnian Warbler)	4647	3500	3030	4287	2903	3748	5456	3029	3408	3753	4232	5749	4440	4239	4476	6551	6922	7075	6598	6179	2698	2324	2065	2539	1804	1603	1555	2203	1630	1698	1916	2940	2617	2564	2597	3206	2799	2828	2798	3738	2680	2700	2440	2955	2284	2331	2683	4466
	
Abundance
	Blackburnian Warbler	0.0	0.0	0.0	0.0	0.0	0.0	0.0	0.0	0.0	0.0	0.0	0.0	0.0	0.0	0.0	6.10593802472905E-4	0.07180005778676683	0.30798586572438164	0.5657775083358594	0.21265576954199708	0.007412898443291327	0.004733218588640275	0.0	0.0	0.0	0.0	0.0	0.0	0.0	0.034746760895170786	0.11064718162839249	0.1574829931972789	0.19564386702330913	0.1938377535101404	0.12013862148633038	0.043668122270742356	0.005001786352268668	7.072135785007072E-4	3.5739814152966406E-4	0.0	0.0	0.0	0.0	0.0	0.0	0.0	0.0	0.0
	Total # checklists submitted - (Blackburnian Warbler)	4647	3500	3030	4287	2903	3748	5456	3029	3408	3753	4232	5749	4440	4239	4476	6551	6922	7075	6598	6179	2698	2324	2065	2539	1804	1603	1555	2203	1630	1698	1916	2940	2617	2564	2597	3206	2799	2828	2798	3738	2680	2700	2440	2955	2284	2331	2683	4466
	
Birds Per Party Hour
	Blackburnian Warbler	0.0	0.0	0.0	0.0	0.0	0.0	0.0	0.0	0.0	0.0	0.0	0.0	0.0	0.0	0.0	0.879071302389688	1.04891450456675	1.5420262179289372	1.665712111931313	1.6282400468031646	1.4376623096113104	0.9499082896010598	0.0	0.0	0.0	0.0	0.0	0.0	0.0	0.7393856697740527	0.9206380940324115	1.0649591161987964	1.1254124889113393	0.9691973405011379	0.8352925153856806	0.6669269313930462	0.5875346889306501	0.3277777777777778	0.5	0.0	0.0	0.0	0.0	0.0	0.0	0.0	0.0	0.0
	# checklists reporting species - (Blackburnian Warbler)	0.0	0.0	0.0	0.0	0.0	0.0	0.0	0.0	0.0	0.0	0.0	0.0	0.0	0.0	0.0	5	453	1531	2208	1241	85	4	0.0	0.0	0.0	0.0	0.0	0.0	0.0	34	124	247	286	287	203	130	13	3	1	0.0	0.0	0.0	0.0	0.0	0.0	0.0	0.0	0.0
	
High Count
	Blackburnian Warbler	0.0	0.0	0.0	0.0	0.0	0.0	0.0	0.0	0.0	0.0	0.0	0.0	0.0	0.0	0.0	1	40	70	21	31	7	4	0.0	0.0	0.0	0.0	0.0	0.0	0.0	7	16	16	16	15	16	4	3	1	1	0.0	0.0	0.0	0.0	0.0	0.0	0.0	0.0	0.0
	# checklists reporting species - (Blackburnian Warbler)	0.0	0.0	0.0	0.0	0.0	0.0	0.0	0.0	0.0	0.0	0.0	0.0	0.0	0.0	0.0	5	493	1651	2352	1314	87	5	0.0	0.0	0.0	0.0	0.0	0.0	0.0	34	130	265	303	302	212	140	14	3	1	0.0	0.0	0.0	0.0	0.0	0.0	0.0	0.0	0.0
	
Totals
	Blackburnian Warbler	0.0	0.0	0.0	0.0	0.0	0.0	0.0	0.0	0.0	0.0	0.0	0.0	0.0	0.0	0.0	5	676	3368	5333	2489	126	12	0.0	0.0	0.0	0.0	0.0	0.0	0.0	63	247	502	555	534	348	168	19	3	1	0.0	0.0	0.0	0.0	0.0	0.0	0.0	0.0	0.0
	# checklists reporting species - (Blackburnian Warbler)	0.0	0.0	0.0	0.0	0.0	0.0	0.0	0.0	0.0	0.0	0.0	0.0	0.0	0.0	0.0	5	472	1595	2274	1274	86	5	0.0	0.0	0.0	0.0	0.0	0.0	0.0	34	128	260	292	295	210	138	14	3	1	0.0	0.0	0.0	0.0	0.0	0.0	0.0	0.0	0.0
	
Average Count
	Blackburnian Warbler	0.0	0.0	0.0	0.0	0.0	0.0	0.0	0.0	0.0	0.0	0.0	0.0	0.0	0.0	0.0	1.0	1.4322033898305084	2.111598746081505	2.345206684256816	1.9536891679748822	1.4651162790697674	2.4	0.0	0.0	0.0	0.0	0.0	0.0	0.0	1.8529411764705883	1.9296875	1.9307692307692308	1.9006849315068493	1.8101694915254238	1.6571428571428573	1.2173913043478262	1.3571428571428572	1.0	1.0	0.0	0.0	0.0	0.0	0.0	0.0	0.0	0.0	0.0
	# checklists reporting species - (Blackburnian Warbler)	0.0	0.0	0.0	0.0	0.0	0.0	0.0	0.0	0.0	0.0	0.0	0.0	0.0	0.0	0.0	5	472	1595	2274	1274	86	5	0.0	0.0	0.0	0.0	0.0	0.0	0.0	34	128	260	292	295	210	138	14	3	1	0.0	0.0	0.0	0.0	0.0	0.0	0.0	0.0	0.0
	
