

	Week starting on...	1/1	1/8	1/15	1/22	2/1	2/8	2/15	2/22	3/1	3/8	3/15	3/22	4/1	4/8	4/15	4/22	5/1	5/8	5/15	5/22	6/1	6/8	6/15	6/22	7/1	7/8	7/15	7/22	8/1	8/8	8/15	8/22	9/1	9/8	9/15	9/22	10/1	10/8	10/15	10/22	11/1	11/8	11/15	11/22	12/1	12/8	12/15	12/22
Frequency (%)
	Yellow-bellied Sapsucker	0.1506348181622552	0.2571428571428571	0.36303630363036304	0.06997900629811056	0.06889424733034792	0.08004268943436499	0.054985337243401766	0.033014196104324864	0.05868544600938967	0.02664535038635758	0.07088846880907373	0.46964689511219343	5.7657657657657655	17.26822363765039	19.23592493297587	15.768584948862769	10.069344120196474	2.9681978798586575	1.0306153379812064	0.3074931218643794	0.14825796886582654	0.17211703958691912	0.0	0.03938558487593541	0.0	0.0	0.06430868167202572	0.0	0.1226993865030675	0.058892815076560655	0.10438413361169101	0.0	0.07642338555598013	0.234009360374415	3.889102810935695	13.599500935745477	21.50768131475527	12.446958981612447	3.3238027162258756	0.8025682182985553	0.4850746268656716	0.25925925925925924	0.20491803278688525	0.23688663282571912	0.17513134851138354	0.1716001716001716	0.11181513231457324	0.22391401701746527
	Total # checklists submitted - (Yellow-bellied Sapsucker)	4647	3500	3030	4287	2903	3748	5456	3029	3408	3753	4232	5749	4440	4239	4476	6551	6922	7075	6598	6179	2698	2324	2065	2539	1804	1603	1555	2203	1630	1698	1916	2940	2617	2564	2597	3206	2799	2828	2798	3738	2680	2700	2440	2955	2284	2331	2683	4466
	
Abundance
	Yellow-bellied Sapsucker	0.001506348181622552	0.0025714285714285713	0.0036303630363036304	6.997900629811056E-4	0.0010334137099552187	8.004268943436499E-4	5.498533724340176E-4	9.904258831297458E-4	5.868544600938967E-4	2.664535038635758E-4	7.088846880907373E-4	0.005044355540093929	0.08378378378378379	0.28568058504364235	0.4184539767649687	0.284078766600519	0.15024559375902918	0.03307420494699646	0.010760836617156714	0.0032367697038355723	0.0014825796886582653	0.0017211703958691911	0.0	3.9385584875935406E-4	0.0	0.0	6.430868167202572E-4	0.0	0.001226993865030675	0.002355712603062426	0.0010438413361169101	0.0	0.0011463507833397019	0.0019500780031201249	0.06623026569118214	0.25389893948845915	0.5026795284030011	0.185997171145686	0.04431736954967834	0.008560727661851257	0.005597014925373134	0.0025925925925925925	0.0020491803278688526	0.0023688663282571912	0.0017513134851138354	0.001716001716001716	0.0011181513231457323	0.0022391401701746527
	Total # checklists submitted - (Yellow-bellied Sapsucker)	4647	3500	3030	4287	2903	3748	5456	3029	3408	3753	4232	5749	4440	4239	4476	6551	6922	7075	6598	6179	2698	2324	2065	2539	1804	1603	1555	2203	1630	1698	1916	2940	2617	2564	2597	3206	2799	2828	2798	3738	2680	2700	2440	2955	2284	2331	2683	4466
	
Birds Per Party Hour
	Yellow-bellied Sapsucker	1.96908125236914	1.6846698075623376	1.6802956583888045	2.6	0.822246455834242	1.6130814912570108	1.1036553524804178	1.2	0.611111111111111	1.1534025374855825	0.5120123542103516	1.283718362838763	1.2351994438600795	1.6830024079023567	1.6263975475886026	1.6001567998248218	1.2271569360440266	1.0420678643998085	0.8688177752976942	1.0936485197537265	1.604213553388347	0.8314100225019765	0.0	0.5216484089723527	0.0	0.0	1.5772870662460567	0.0	0.9335734293717487	1.6	0.8392953580348096	0.0	0.4444444444444444	0.36799677834404676	0.873364967894427	1.0568455499075757	1.563377123646488	1.167307079085868	1.2641664637405723	0.8139833719410497	1.86279208941131	1.2733657868906523	1.6793798110062148	1.1756173533786798	1.3342113678600365	3.2798105847053822	0.6527777777777778	1.7734385765728407
	# checklists reporting species - (Yellow-bellied Sapsucker)	7	10	13	2	3	4	3	1	3	1	4	31	273	773	876	1030	727	209	69	18	4	4	1	1	0.0	0	1	0.0	2	1	2	0.0	3	6	107	440	619	354	92	35	13	8	4	7	4	5	3	10
	
High Count
	Yellow-bellied Sapsucker	1	1	1	1	2	1	1	3	1	1	1	3	18	15	27	19	15	4	3	2	1	1	1	1	0.0	3	1	0.0	1	4	1	0.0	2	1	7	16	60	12	6	2	3	1	1	1	1	1	1	1
	# checklists reporting species - (Yellow-bellied Sapsucker)	8	10	13	4	3	4	4	1	3	1	4	33	293	849	955	1141	762	223	76	19	4	4	1	1	0.0	1	1	0.0	2	1	2	0.0	3	7	120	509	686	391	100	38	13	8	5	7	5	6	4	10
	
Totals
	Yellow-bellied Sapsucker	8	10	13	4	4	4	3	3	3	1	4	36	419	1372	2021	2004	1120	247	78	20	4	4	1	1	0.0	3	1	0.0	2	4	2	0.0	4	6	191	908	1544	568	129	40	15	8	5	7	5	6	4	10
	# checklists reporting species - (Yellow-bellied Sapsucker)	8	10	13	4	3	4	3	1	3	1	4	32	290	835	929	1097	752	216	70	19	4	4	1	1	0.0	1	1	0.0	2	1	2	0.0	3	6	114	486	660	375	98	37	13	8	5	7	5	6	4	10
	
Average Count
	Yellow-bellied Sapsucker	1.0	1.0	1.0	1.0	1.3333333333333333	1.0	1.0	3.0	1.0	1.0	1.0	1.125	1.4448275862068964	1.6431137724550897	2.1754574811625402	1.8268003646308113	1.4893617021276595	1.1435185185185186	1.1142857142857143	1.0526315789473684	1.0	1.0	1.0	1.0	0.0	3.0	1.0	0.0	1.0	4.0	1.0	0.0	1.3333333333333333	1.0	1.6754385964912282	1.868312757201646	2.3393939393939394	1.5146666666666666	1.316326530612245	1.0810810810810811	1.1538461538461537	1.0	1.0	1.0	1.0	1.0	1.0	1.0
	# checklists reporting species - (Yellow-bellied Sapsucker)	8	10	13	4	3	4	3	1	3	1	4	32	290	835	929	1097	752	216	70	19	4	4	1	1	0.0	1	1	0.0	2	1	2	0.0	3	6	114	486	660	375	98	37	13	8	5	7	5	6	4	10
	
