

	Week starting on...	1/1	1/8	1/15	1/22	2/1	2/8	2/15	2/22	3/1	3/8	3/15	3/22	4/1	4/8	4/15	4/22	5/1	5/8	5/15	5/22	6/1	6/8	6/15	6/22	7/1	7/8	7/15	7/22	8/1	8/8	8/15	8/22	9/1	9/8	9/15	9/22	10/1	10/8	10/15	10/22	11/1	11/8	11/15	11/22	12/1	12/8	12/15	12/22
Frequency (%)
	Northern Flicker	0.796212610286206	0.48571428571428565	0.4290429042904291	0.6064847212502915	0.7578367206338271	0.5069370330843116	0.6414956011730205	0.5612413337735226	0.6161971830985915	0.7727151612043699	1.3941398865784498	5.148721516785528	11.216216216216218	30.73838169379571	37.377122430741736	43.97801862311098	41.31753828373302	29.38515901060071	22.719005759321007	17.737497977018933	13.157894736842104	13.33907056798623	13.123486682808716	11.973217802284363	13.747228381374724	15.03431066749844	16.39871382636656	16.159782115297322	15.337423312883436	15.076560659599528	17.32776617954071	19.25170068027211	22.774168895682077	28.471138845553824	34.34732383519445	32.096069868995635	24.22293676312969	17.68033946251768	9.363831308077197	7.196361690743713	2.9850746268656714	1.7407407407407407	0.9836065573770493	0.8798646362098138	0.9194395796847635	0.7722007722007722	1.3790532985464032	2.978056426332288
	Total # checklists submitted - (Northern Flicker)	4647	3500	3030	4287	2903	3748	5456	3029	3408	3753	4232	5749	4440	4239	4476	6551	6922	7075	6598	6179	2698	2324	2065	2539	1804	1603	1555	2203	1630	1698	1916	2940	2617	2564	2597	3206	2799	2828	2798	3738	2680	2700	2440	2955	2284	2331	2683	4466
	
Abundance
	Northern Flicker	0.008177318700236712	0.004571428571428572	0.0042904290429042905	0.006531373921156987	0.00792283844299001	0.005336179295624333	0.006414956011730206	0.006272697259821723	0.006455399061032864	0.009059419131361577	0.014650283553875236	0.07305618368411898	0.1912162162162162	0.8914838405284266	1.2868632707774799	1.3207143947488933	1.138110372724646	0.5953356890459364	0.38632919066383753	0.2788477099854345	0.17272053372868792	0.18330464716006883	0.2305084745762712	0.19653406853091768	0.2156319290465632	0.26824703680598877	0.3035369774919614	0.3150249659555152	0.24539877300613497	0.26325088339222613	0.31210855949895616	0.36020408163265305	0.426824608330149	0.6801872074882995	0.980361956103196	0.9054897067997505	0.5880671668453019	0.29915134370579916	0.14188706218727662	0.09336543606206528	0.03395522388059701	0.018518518518518517	0.011065573770491803	0.009475465313028765	0.009632224168126095	0.008151008151008152	0.014163250093179277	0.0373936408419167
	Total # checklists submitted - (Northern Flicker)	4647	3500	3030	4287	2903	3748	5456	3029	3408	3753	4232	5749	4440	4239	4476	6551	6922	7075	6598	6179	2698	2324	2065	2539	1804	1603	1555	2203	1630	1698	1916	2940	2617	2564	2597	3206	2799	2828	2798	3738	2680	2700	2440	2955	2284	2331	2683	4466
	
Birds Per Party Hour
	Northern Flicker	1.3076002801838182	0.9067776344355407	1.3110610621713616	1.4052508345252364	1.0507852255295058	2.1591530430498365	0.8100275943929162	1.0284206712767758	2.1240447372109967	0.9207633773685155	1.4337443585828356	1.2695887579546585	1.2380950706045655	2.2044669931631944	2.720720629997285	2.1321832931319964	1.615239798794103	1.2073919598442908	0.9596163655806597	1.2229181536334723	1.8794924834788047	1.6630377177110476	1.5564953516171711	2.207042610104794	2.6835311963441235	1.5031832387069164	1.6479171031294282	1.6879650554374663	1.3663167323665661	1.2332053402531473	1.2274165482767678	1.4678854322967492	1.1559662826598818	1.5043250434916302	1.703002836471921	1.72123008546783	1.6677780623703977	1.0895778286492137	1.037809918362477	0.9390448223461865	1.049394470098126	0.6612259868008847	0.7008610948750162	0.5351346323847795	0.5910599297624899	0.7626976773961243	0.5432820948599629	0.3960321982368674
	# checklists reporting species - (Northern Flicker)	41	21	15	29	21	19	36	16	21	31	59	284	486	1311	1634	2815	2837	2010	1457	1023	334	283	265	291	233	251	257	356	240	255	324	547	568	725	884	996	667	496	266	274	83	47	24	23	20	18	38	128
	
High Count
	Northern Flicker	2	1	1	2	2	2	1	2	2	3	2	12	25	50	200	50	52	40	30	20	9	6	24	11	7	18	15	23	10	14	19	18	20	30	44	35	30	16	12	5	3	2	3	2	2	3	2	6
	# checklists reporting species - (Northern Flicker)	48	24	19	36	24	22	38	22	31	38	70	330	557	1433	1838	3106	3067	2209	1597	1169	407	347	334	413	314	279	279	395	271	289	360	617	627	800	993	1149	757	541	285	295	92	51	31	28	26	24	42	139
	
Totals
	Northern Flicker	49	23	19	38	25	23	38	23	30	43	70	451	934	4014	6059	9068	8187	4377	2669	1795	525	466	542	609	457	476	522	742	420	489	632	1121	1174	1855	2741	3169	1788	917	438	371	105	55	34	30	26	25	43	173
	# checklists reporting species - (Northern Flicker)	46	23	19	36	24	22	38	21	28	38	66	318	528	1379	1732	2946	2921	2088	1516	1081	371	316	322	386	293	270	270	379	252	271	344	582	596	768	950	1087	717	524	280	290	89	51	31	28	25	23	41	136
	
Average Count
	Northern Flicker	1.065217391304348	1.0	1.0	1.0555555555555556	1.0416666666666667	1.0454545454545454	1.0	1.0952380952380953	1.0714285714285714	1.131578947368421	1.0606060606060606	1.4182389937106918	1.768939393939394	2.9108049311094994	3.498267898383372	3.078071961982349	2.8028072577884284	2.096264367816092	1.7605540897097625	1.66049953746531	1.4150943396226414	1.4746835443037976	1.6832298136645962	1.577720207253886	1.5597269624573378	1.762962962962963	1.9333333333333333	1.95778364116095	1.6666666666666667	1.8044280442804428	1.8372093023255813	1.9261168384879725	1.9697986577181208	2.4153645833333335	2.885263157894737	2.9153633854645813	2.493723849372385	1.75	1.5642857142857143	1.2793103448275862	1.1797752808988764	1.0784313725490196	1.096774193548387	1.0714285714285714	1.04	1.0869565217391304	1.048780487804878	1.2720588235294117
	# checklists reporting species - (Northern Flicker)	46	23	19	36	24	22	38	21	28	38	66	318	528	1379	1732	2946	2921	2088	1516	1081	371	316	322	386	293	270	270	379	252	271	344	582	596	768	950	1087	717	524	280	290	89	51	31	28	25	23	41	136
	
