

	Week starting on...	1/1	1/8	1/15	1/22	2/1	2/8	2/15	2/22	3/1	3/8	3/15	3/22	4/1	4/8	4/15	4/22	5/1	5/8	5/15	5/22	6/1	6/8	6/15	6/22	7/1	7/8	7/15	7/22	8/1	8/8	8/15	8/22	9/1	9/8	9/15	9/22	10/1	10/8	10/15	10/22	11/1	11/8	11/15	11/22	12/1	12/8	12/15	12/22
Frequency (%)
	Herring Gull	27.523133204217775	25.371428571428574	24.71947194719472	25.449031957079544	25.21529452290734	18.489861259338312	15.744134897360704	26.411356883459884	26.848591549295776	26.112443378630427	23.34593572778828	21.238476256740302	21.013513513513512	20.075489502241094	22.743521000893654	20.53121660815143	18.722912453048252	16.46643109540636	17.384055774477115	22.204240168312026	14.381022979985175	12.564543889845096	10.653753026634384	10.04332414336353	10.698447893569844	11.72800998128509	15.17684887459807	17.158420335905582	18.773006134969325	21.967020023557126	22.546972860125262	22.41496598639456	24.83760030569354	23.985959438377535	23.296110897189067	22.426699937616966	20.864594498035014	22.772277227722775	23.55253752680486	28.063135366506152	26.417910447761194	29.37037037037037	25.12295081967213	23.485617597292723	25.21891418563923	25.868725868725868	24.711144241520685	32.467532467532465
	Total # checklists submitted - (Herring Gull)	4647	3500	3030	4287	2903	3748	5456	3029	3408	3753	4232	5749	4440	4239	4476	6551	6922	7075	6598	6179	2698	2324	2065	2539	1804	1603	1555	2203	1630	1698	1916	2940	2617	2564	2597	3206	2799	2828	2798	3738	2680	2700	2440	2955	2284	2331	2683	4466
	
Abundance
	Herring Gull	5.999354422207876	6.4151428571428575	6.363696369636964	5.733146722649872	7.9789872545642435	4.50880469583778	3.9248533724340176	6.087487619676461	5.423415492957746	6.2627231548094855	4.580103969754253	2.9048530179161594	2.6144144144144144	2.244633168200047	2.816353887399464	2.6554724469546636	1.8519214099971106	1.723957597173145	1.7334040618369202	2.7952743162324	1.0455893254262416	1.7366609294320137	1.1331719128329298	0.7392674281213076	0.7317073170731707	0.9656893325015595	2.2218649517684885	2.3050385837494325	3.4687116564417177	4.39811542991755	2.849686847599165	2.668027210884354	2.4703859380970576	2.123634945397816	2.46168656141702	2.008421709295072	2.3822793854948197	2.3185997171145685	3.2812723373838457	2.902621722846442	4.190298507462686	3.9077777777777776	2.8278688524590163	2.5942470389170897	3.2907180385288965	3.645216645216645	4.98434588147596	18.324899238692343
	Total # checklists submitted - (Herring Gull)	4647	3500	3030	4287	2903	3748	5456	3029	3408	3753	4232	5749	4440	4239	4476	6551	6922	7075	6598	6179	2698	2324	2065	2539	1804	1603	1555	2203	1630	1698	1916	2940	2617	2564	2597	3206	2799	2828	2798	3738	2680	2700	2440	2955	2284	2331	2683	4466
	
Birds Per Party Hour
	Herring Gull	24.67637936189057	22.26352303707225	23.224643405793138	24.674568452776853	46.45953581975914	31.507754298645736	27.708915244387974	21.708574474929005	20.14408671833539	15.543986613828391	13.838870182709005	7.956573831662955	7.284682903187087	5.883939372505066	9.621750929429243	7.06633941195	6.191925803371765	6.082884174317565	5.793307196096508	9.986167245645449	6.248083725805076	7.501809852599085	14.870959708006062	6.777057893995589	7.240666828384538	7.752674279362866	8.012755733146216	6.920283492716452	7.5970051095251145	13.735309251614302	7.661610948943685	10.374392261456888	11.747029393157106	7.460923628468031	6.401139916858021	6.203772512523826	8.370876907497452	5.577184666528369	6.780639808214729	5.967377516853164	8.537044187047329	11.538641958466114	9.41457787520898	9.358620124923911	16.617790604518394	15.667828279345606	11.49737749440616	19.927563939105728
	# checklists reporting species - (Herring Gull)	1159	823	685	964	647	628	796	730	835	880	885	1066	813	753	893	1198	1147	1038	1046	1231	360	274	215	235	182	179	228	366	286	361	395	587	588	565	565	654	533	574	601	956	644	718	579	646	538	550	627	1379
	
High Count
	Herring Gull	1500	1700	1500	1000	1600	1105	1000	1000	700	800	1110	400	700	800	300	1000	600	500	600	2000	200	1200	600	250	70	300	1500	1500	2000	1000	1000	500	300	300	750	400	500	500	1500	300	1000	500	300	500	500	700	802	2603
	# checklists reporting species - (Herring Gull)	1359	937	791	1148	777	729	909	851	960	1035	1032	1263	978	896	1057	1405	1338	1219	1194	1443	413	310	233	267	204	194	250	407	323	404	457	696	672	646	651	758	626	684	705	1106	740	832	651	734	616	637	713	1522
	
Totals
	Herring Gull	28835	23350	19703	25502	25278	17404	23156	19557	18900	24128	19575	16861	11742	9663	12856	17562	12967	12396	11574	17703	2929	4088	2360	1886	1337	1597	3506	5190	5678	7642	5538	7994	6508	5642	6711	6533	6819	6684	9890	11381	11345	10689	7830	7856	8278	8874	14599	84177
	# checklists reporting species - (Herring Gull)	1210	856	710	1014	683	652	826	765	862	910	914	1108	852	783	920	1238	1173	1060	1061	1256	364	281	218	241	185	180	230	371	294	368	404	604	595	580	587	666	547	592	614	984	657	733	591	665	560	568	658	1411
	
Average Count
	Herring Gull	23.830578512396695	27.27803738317757	27.750704225352113	25.149901380670613	37.01024890190337	26.69325153374233	28.033898305084747	25.564705882352943	21.925754060324827	26.514285714285716	21.416849015317286	15.217509025270758	13.78169014084507	12.340996168582375	13.97391304347826	14.18578352180937	11.05456095481671	11.69433962264151	10.908576814326107	14.094745222929935	8.046703296703297	14.548042704626335	10.825688073394495	7.825726141078838	7.227027027027027	8.872222222222222	15.243478260869566	13.98921832884097	19.312925170068027	20.766304347826086	13.707920792079207	13.235099337748345	10.93781512605042	9.727586206896552	11.432708688245315	9.80930930930931	12.46617915904936	11.29054054054054	16.107491856677523	11.566056910569106	17.267884322678842	14.582537517053206	13.248730964467006	11.813533834586465	14.782142857142857	15.623239436619718	22.18693009118541	59.657689581856836
	# checklists reporting species - (Herring Gull)	1210	856	710	1014	683	652	826	765	862	910	914	1108	852	783	920	1238	1173	1060	1061	1256	364	281	218	241	185	180	230	371	294	368	404	604	595	580	587	666	547	592	614	984	657	733	591	665	560	568	658	1411
	
