

	Week starting on...	1/1	1/8	1/15	1/22	2/1	2/8	2/15	2/22	3/1	3/8	3/15	3/22	4/1	4/8	4/15	4/22	5/1	5/8	5/15	5/22	6/1	6/8	6/15	6/22	7/1	7/8	7/15	7/22	8/1	8/8	8/15	8/22	9/1	9/8	9/15	9/22	10/1	10/8	10/15	10/22	11/1	11/8	11/15	11/22	12/1	12/8	12/15	12/22
Frequency (%)
	Horned Grebe	0.7101355713363461	0.8571428571428572	1.3861386138613863	0.979706088173548	0.7578367206338271	0.6937033084311632	0.751466275659824	1.0894684714427203	2.464788732394366	4.503064215294431	5.978260869565218	8.262306488084885	12.657657657657658	14.319414956357631	14.09740840035746	9.525263318577316	4.868535105460849	1.1307420494699647	0.8032737193088816	0.32367697038355725	0.1111934766493699	0.04302925989672978	0.09685230024213075	0.07877116975187082	0.11086474501108648	0.0	0.0	0.04539264639128461	0.0	0.0	0.0	0.03401360544217687	0.22927015666794037	0.31201248049922	0.4620716211012707	0.4990642545227698	0.6430868167202572	1.4851485148514851	2.7162258756254465	3.397538790797218	4.925373134328359	4.074074074074074	3.401639344262295	3.0456852791878175	2.3204903677758315	1.1583011583011582	0.8945210585165859	0.8732646663681146
	Total # checklists submitted - (Horned Grebe)	4647	3500	3030	4287	2903	3748	5456	3029	3408	3753	4232	5749	4440	4239	4476	6551	6922	7075	6598	6179	2698	2324	2065	2539	1804	1603	1555	2203	1630	1698	1916	2940	2617	2564	2597	3206	2799	2828	2798	3738	2680	2700	2440	2955	2284	2331	2683	4466
	
Abundance
	Horned Grebe	0.009038089089735314	0.008857142857142857	0.015181518151815182	0.014462327968276184	0.012056493282810886	0.01040554962646745	0.011913489736070381	0.015846814130075933	0.03990610328638498	0.08446576072475354	0.12689035916824196	0.20438337102104714	0.4058558558558559	0.6494456239679169	0.6903485254691689	0.43199511524958023	0.21308870268708466	0.03222614840989399	0.011215519854501364	0.0035604466742191294	0.0014825796886582653	4.302925989672978E-4	9.685230024213075E-4	7.877116975187081E-4	5.543237250554324E-4	0.0	0.0	4.5392646391284613E-4	0.0	0.0	0.0	3.401360544217687E-4	0.003439052350019106	0.00546021840873635	0.004620716211012707	0.008109794135995009	0.011789924973204717	0.03571428571428571	0.07719799857040743	0.08400214018191546	0.08992537313432836	0.07888888888888888	0.0610655737704918	0.045008460236886635	0.04159369527145359	0.021021021021021023	0.010436079016026835	0.009852216748768473
	Total # checklists submitted - (Horned Grebe)	4647	3500	3030	4287	2903	3748	5456	3029	3408	3753	4232	5749	4440	4239	4476	6551	6922	7075	6598	6179	2698	2324	2065	2539	1804	1603	1555	2203	1630	1698	1916	2940	2617	2564	2597	3206	2799	2828	2798	3738	2680	2700	2440	2955	2284	2331	2683	4466
	
Birds Per Party Hour
	Horned Grebe	1.9404534194968244	0.8476127505364397	0.9859791134364658	1.489168212943339	1.5755340246864802	0.9119184143446638	0.949650066755367	1.3272466685359634	1.216747378504614	1.3134279322869593	1.6627603776179476	1.6582480789249567	2.2043032374253944	3.557261950068707	3.3583966575944535	2.847612910085531	2.5793492070417963	1.3246251601665122	0.756559435153758	0.3956276346255989	0.4166666666666667	0.5	0.42857142857142855	1.1976797837980357	0.0	0.0	0.0	0.0	0.0	0.0	0.0	0.5	1.5513502343142707	0.6641834958169688	0.3582010582010582	0.8561652872188663	2.4729411218892046	1.1817437635671402	1.9439126568346972	1.318353564158728	1.118930630401583	1.1120160971407784	1.2070123853582992	1.6377119307301822	1.456509143891013	1.3141537379084767	1.2500606259878446	0.8594565205063319
	# checklists reporting species - (Horned Grebe)	32	31	44	41	21	26	35	27	84	169	263	472	564	598	627	599	319	72	50	21	3	1	2	2	1	0.0	0	0	0.0	0.0	0.0	1	5	7	12	16	21	43	75	128	134	110	85	92	58	27	26	38
	
High Count
	Horned Grebe	4	2	3	5	6	4	15	5	6	23	30	29	50	120	100	60	80	20	4	4	2	1	1	1	1	0.0	1	1	0.0	0.0	0.0	1	2	4	1	5	4	15	18	20	12	20	14	8	10	10	3	4
	# checklists reporting species - (Horned Grebe)	38	34	47	45	25	36	47	37	96	184	282	519	612	655	691	667	353	87	59	22	4	1	2	2	2	0.0	1	1	0.0	0.0	0.0	1	6	8	14	20	25	47	87	136	145	118	93	101	58	32	28	47
	
Totals
	Horned Grebe	46	36	50	66	38	52	84	51	148	329	587	1238	1931	2924	3449	3015	1503	235	82	28	5	1	2	2	1	0.0	1	1	0.0	0.0	0.0	1	9	14	13	33	40	110	233	336	274	221	160	153	106	60	30	49
	# checklists reporting species - (Horned Grebe)	36	33	45	43	24	34	41	33	91	176	278	499	589	621	655	635	332	79	54	22	4	1	2	2	1	0.0	1	1	0.0	0.0	0.0	1	6	8	13	18	22	45	80	134	141	115	92	97	58	31	26	39
	
Average Count
	Horned Grebe	1.2777777777777777	1.0909090909090908	1.1111111111111112	1.5348837209302326	1.5833333333333333	1.5294117647058822	2.048780487804878	1.5454545454545454	1.6263736263736264	1.8693181818181819	2.1115107913669067	2.4809619238476954	3.2784380305602716	4.708534621578099	5.265648854961832	4.748031496062992	4.52710843373494	2.9746835443037973	1.5185185185185186	1.2727272727272727	1.25	1.0	1.0	1.0	1.0	0.0	1.0	1.0	0.0	0.0	0.0	1.0	1.5	1.75	1.0	1.8333333333333333	1.8181818181818181	2.4444444444444446	2.9125	2.5074626865671643	1.9432624113475176	1.9217391304347826	1.7391304347826086	1.577319587628866	1.8275862068965518	1.935483870967742	1.1538461538461537	1.2564102564102564
	# checklists reporting species - (Horned Grebe)	36	33	45	43	24	34	41	33	91	176	278	499	589	621	655	635	332	79	54	22	4	1	2	2	1	0.0	1	1	0.0	0.0	0.0	1	6	8	13	18	22	45	80	134	141	115	92	97	58	31	26	39
	
