

	Week starting on...	1/1	1/8	1/15	1/22	2/1	2/8	2/15	2/22	3/1	3/8	3/15	3/22	4/1	4/8	4/15	4/22	5/1	5/8	5/15	5/22	6/1	6/8	6/15	6/22	7/1	7/8	7/15	7/22	8/1	8/8	8/15	8/22	9/1	9/8	9/15	9/22	10/1	10/8	10/15	10/22	11/1	11/8	11/15	11/22	12/1	12/8	12/15	12/22
Frequency (%)
	Sanderling	0.0	0.0	0.0	0.0	0.0	0.0	0.0	0.0	0.0	0.0	0.0	0.0	0.0	0.0	0.0	0.015264845061822624	0.21670037561398442	0.31095406360424027	0.6971809639284632	4.272536009062955	2.2238695329873983	0.34423407917383825	0.0	0.0	0.05543237250554324	0.37429819089207733	2.508038585209003	1.9064911484339537	1.7791411042944787	3.9458186101295647	5.271398747390397	5.068027210884353	6.61062285059228	5.031201248049922	5.198305737389295	4.70991890205864	3.215434083601286	2.8995756718528995	1.858470335954253	1.2573568753344035	0.5970149253731344	0.25925925925925924	0.040983606557377046	0.0	0.0	0.0	0.0	0.022391401701746527
	Total # checklists submitted - (Sanderling)	4647	3500	3030	4287	2903	3748	5456	3029	3408	3753	4232	5749	4440	4239	4476	6551	6922	7075	6598	6179	2698	2324	2065	2539	1804	1603	1555	2203	1630	1698	1916	2940	2617	2564	2597	3206	2799	2828	2798	3738	2680	2700	2440	2955	2284	2331	2683	4466
	
Abundance
	Sanderling	0.0	0.0	0.0	0.0	0.0	0.0	0.0	0.0	0.0	0.0	0.0	0.0	0.0	0.0	0.0	1.5264845061822624E-4	0.0023114706732158337	0.004098939929328622	0.019702940284934828	0.5750121378863894	0.16308376575240918	0.0193631669535284	0.0	0.0	5.543237250554324E-4	0.010605115408608859	0.1787781350482315	0.08216068996822515	0.06503067484662577	0.12838633686690223	0.17379958246346555	0.3034013605442177	0.6526557126480703	0.5226209048361935	0.5132845591066615	0.34279475982532753	0.1850660950339407	0.2309052333804809	0.12937812723373837	0.08025682182985554	0.014179104477611941	0.01	4.098360655737705E-4	0.0	0.0	0.0	0.0	4.478280340349306E-4
	Total # checklists submitted - (Sanderling)	4647	3500	3030	4287	2903	3748	5456	3029	3408	3753	4232	5749	4440	4239	4476	6551	6922	7075	6598	6179	2698	2324	2065	2539	1804	1603	1555	2203	1630	1698	1916	2940	2617	2564	2597	3206	2799	2828	2798	3738	2680	2700	2440	2955	2284	2331	2683	4466
	
Birds Per Party Hour
	Sanderling	0.0	0.0	0.0	0.0	0.0	0.0	0.0	0.0	0.0	0.0	0.0	0.0	0.0	0.0	0.0	0.2	0.21233202645685056	0.33021226767929995	0.855935036248846	6.292504497765831	5.166278935416694	1.6309302830725436	0.3333333333333333	0.25	0.0	2.623581933487652	14.231783466449011	2.0550407364517658	3.08400132211063	3.327078711863956	1.833407689107749	3.0065599770134996	5.928009668102145	5.26806799115885	5.026924350697095	3.1999782140576567	2.368895482625537	2.10616635344295	1.5472134228725647	1.6713464784758316	0.8886157769914735	3.00168292216485	0.14285714285714285	0.0	0.0	0.0	0.0	0.7499062617172854
	# checklists reporting species - (Sanderling)	0.0	0.0	0.0	0.0	0.0	0.0	0.0	0.0	0.0	0.0	0.0	0.0	0.0	0.0	0.0	1	15	23	51	287	64	10	1	1	1	6	49	47	29	75	110	171	184	123	135	156	90	78	49	45	15	6	1	0.0	0.0	0.0	0.0	1
	
High Count
	Sanderling	0.0	0.0	0.0	0.0	0.0	0.0	0.0	0.0	0.0	0.0	0.0	0.0	0.0	0.0	0.0	1	2	4	40	187	67	11	1	1	1	5	108	20	17	20	20	45	100	65	60	45	40	60	55	50	6	10	1	0.0	0.0	0.0	0.0	2
	# checklists reporting species - (Sanderling)	0.0	0.0	0.0	0.0	0.0	0.0	0.0	0.0	0.0	0.0	0.0	0.0	0.0	0.0	0.0	1	15	23	53	304	67	11	1	1	1	6	52	55	37	82	121	181	195	142	160	175	101	87	59	60	17	7	1	0.0	0.0	0.0	0.0	1
	
Totals
	Sanderling	0.0	0.0	0.0	0.0	0.0	0.0	0.0	0.0	0.0	0.0	0.0	0.0	0.0	0.0	0.0	1	16	30	163	4291	551	55	1	1	1	17	328	216	135	270	400	1106	1857	1462	1571	1321	596	683	396	331	40	27	1	0.0	0.0	0.0	0.0	2
	# checklists reporting species - (Sanderling)	0.0	0.0	0.0	0.0	0.0	0.0	0.0	0.0	0.0	0.0	0.0	0.0	0.0	0.0	0.0	1	15	23	51	292	65	11	1	1	1	6	50	54	34	79	118	177	188	131	152	168	97	84	57	53	17	7	1	0.0	0.0	0.0	0.0	1
	
Average Count
	Sanderling	0.0	0.0	0.0	0.0	0.0	0.0	0.0	0.0	0.0	0.0	0.0	0.0	0.0	0.0	0.0	1.0	1.0666666666666667	1.3043478260869565	3.196078431372549	14.695205479452055	8.476923076923077	5.0	1.0	1.0	1.0	2.8333333333333335	6.56	4.0	3.9705882352941178	3.4177215189873418	3.389830508474576	6.248587570621469	9.877659574468085	11.16030534351145	10.335526315789474	7.863095238095238	6.144329896907217	8.130952380952381	6.947368421052632	6.245283018867925	2.3529411764705883	3.857142857142857	1.0	0.0	0.0	0.0	0.0	2.0
	# checklists reporting species - (Sanderling)	0.0	0.0	0.0	0.0	0.0	0.0	0.0	0.0	0.0	0.0	0.0	0.0	0.0	0.0	0.0	1	15	23	51	292	65	11	1	1	1	6	50	54	34	79	118	177	188	131	152	168	97	84	57	53	17	7	1	0.0	0.0	0.0	0.0	1
	
