

	Week starting on...	1/1	1/8	1/15	1/22	2/1	2/8	2/15	2/22	3/1	3/8	3/15	3/22	4/1	4/8	4/15	4/22	5/1	5/8	5/15	5/22	6/1	6/8	6/15	6/22	7/1	7/8	7/15	7/22	8/1	8/8	8/15	8/22	9/1	9/8	9/15	9/22	10/1	10/8	10/15	10/22	11/1	11/8	11/15	11/22	12/1	12/8	12/15	12/22
Frequency (%)
	White-crowned Sparrow	0.4303851947493006	0.48571428571428565	0.39603960396039606	0.30324236062514576	0.5856011023079573	0.6937033084311632	0.5131964809384164	0.5282271376691978	0.6748826291079812	0.45297095656807884	0.33081285444234404	0.5044355540093929	0.13513513513513514	0.4482189195564991	0.7372654155495978	3.0987635475499924	22.565732447269575	35.081272084805654	27.553804183085784	2.4275772778766793	0.1111934766493699	0.04302925989672978	0.0	0.07877116975187082	0.0	0.0	0.0	0.0	0.0	0.0	0.0	0.0	0.0	0.234009360374415	1.0396611474778592	9.482220835932626	23.865666309396214	27.121640735502123	25.017869907076484	20.59925093632959	7.8731343283582085	3.5185185185185186	1.1475409836065573	1.2859560067681897	1.4886164623467601	0.8151008151008152	0.7827059262020127	0.8732646663681146
	Total # checklists submitted - (White-crowned Sparrow)	4647	3500	3030	4287	2903	3748	5456	3029	3408	3753	4232	5749	4440	4239	4476	6551	6922	7075	6598	6179	2698	2324	2065	2539	1804	1603	1555	2203	1630	1698	1916	2940	2617	2564	2597	3206	2799	2828	2798	3738	2680	2700	2440	2955	2284	2331	2683	4466
	
Abundance
	White-crowned Sparrow	0.006455777921239509	0.006	0.005940594059405941	0.0037322136692325637	0.00792283844299001	0.006937033084311633	0.0071480938416422285	0.006272697259821723	0.008509389671361502	0.0045297095656807885	0.003544423440453686	0.00574012871803792	0.0013513513513513514	0.004482189195564991	0.010723860589812333	0.07876660051900473	0.9092747760762785	1.483957597173145	0.9499848438920885	0.03900307493121864	0.001111934766493699	0.0017211703958691911	0.0	7.877116975187081E-4	0.0	0.0	0.0	0.0	0.0	0.0	0.0	0.0	0.0	0.00234009360374415	0.023873700423565652	0.5751715533374921	2.339049660593069	2.2683875530410185	1.7283774124374554	0.9852862493311931	0.2212686567164179	0.06111111111111111	0.013114754098360656	0.0155668358714044	0.01882661996497373	0.01716001716001716	0.013790532985464033	0.012539184952978056
	Total # checklists submitted - (White-crowned Sparrow)	4647	3500	3030	4287	2903	3748	5456	3029	3408	3753	4232	5749	4440	4239	4476	6551	6922	7075	6598	6179	2698	2324	2065	2539	1804	1603	1555	2203	1630	1698	1916	2940	2617	2564	2597	3206	2799	2828	2798	3738	2680	2700	2440	2955	2284	2331	2683	4466
	
Birds Per Party Hour
	White-crowned Sparrow	0.8972371018348164	0.5167580384935372	1.1613406328082911	0.8424773602137254	0.7589102494883951	0.6146746654760452	0.6798855116475467	1.126133762055469	0.938477076142618	0.7083492993422639	0.505495555643407	0.9559871023025762	0.9677140751748544	0.7354713604498058	1.4225681942308939	2.623379963080799	3.047058237528421	2.901676282359825	2.108124264639041	0.9583510897387442	0.3559872014031645	1.4998125234345707	0.0	0.25	0.0	0.0	0.0	0.0	0.0	0.0	0.0	0.0	0.0	0.33488120950323974	1.2069385994102997	2.3032985586502535	3.610391370412266	3.8842985779364585	3.9566599512187586	2.7869671774793803	2.377453868395448	0.7720961584508724	1.4667139181113895	0.9617362137886748	0.8303489886395568	2.121194444086448	0.5911262156153567	0.6278029356263569
	# checklists reporting species - (White-crowned Sparrow)	22	15	15	22	23	26	28	17	23	17	15	28	6	21	33	212	1595	2489	1812	147	3	1	0.0	2	0.0	0.0	0.0	0.0	0.0	0.0	0.0	0.0	0.0	5	27	294	649	751	696	776	214	95	31	39	37	19	22	39
	
High Count
	White-crowned Sparrow	3	3	3	2	5	1	4	3	4	1	2	2	1	2	15	60	200	600	285	10	1	4	0.0	1	0.0	0.0	0.0	0.0	0.0	0.0	0.0	0.0	0.0	2	10	300	1500	220	150	60	40	10	2	5	5	12	8	5
	# checklists reporting species - (White-crowned Sparrow)	22	18	16	23	23	27	30	18	24	17	15	30	6	23	37	231	1761	2746	1995	165	3	1	0.0	2	0.0	0.0	0.0	0.0	0.0	0.0	0.0	0.0	0.0	7	40	343	751	864	794	849	234	105	34	41	39	22	26	43
	
Totals
	White-crowned Sparrow	32	22	23	26	29	27	43	20	30	17	16	34	6	24	55	547	6693	11148	6552	263	3	4	0.0	2	0.0	0.0	0.0	0.0	0.0	0.0	0.0	0.0	0.0	6	78	1930	7011	6790	5328	3932	629	185	39	49	51	43	44	60
	# checklists reporting species - (White-crowned Sparrow)	22	18	16	23	23	27	30	17	24	17	15	30	6	23	37	219	1680	2617	1889	157	3	1	0.0	2	0.0	0.0	0.0	0.0	0.0	0.0	0.0	0.0	0.0	5	39	328	713	823	752	811	230	103	34	41	39	22	26	43
	
Average Count
	White-crowned Sparrow	1.4545454545454546	1.2222222222222223	1.4375	1.1304347826086956	1.2608695652173914	1.0	1.4333333333333333	1.1764705882352942	1.25	1.0	1.0666666666666667	1.1333333333333333	1.0	1.0434782608695652	1.4864864864864864	2.497716894977169	3.9839285714285713	4.259839510890332	3.4685018528321865	1.6751592356687899	1.0	4.0	0.0	1.0	0.0	0.0	0.0	0.0	0.0	0.0	0.0	0.0	0.0	1.2	2.0	5.884146341463414	9.833099579242637	8.25030376670717	7.085106382978723	4.848335388409371	2.734782608695652	1.796116504854369	1.1470588235294117	1.1951219512195121	1.3076923076923077	1.9545454545454546	1.6923076923076923	1.3953488372093024
	# checklists reporting species - (White-crowned Sparrow)	22	18	16	23	23	27	30	17	24	17	15	30	6	23	37	219	1680	2617	1889	157	3	1	0.0	2	0.0	0.0	0.0	0.0	0.0	0.0	0.0	0.0	0.0	5	39	328	713	823	752	811	230	103	34	41	39	22	26	43
	
