

	Week starting on...	1/1	1/8	1/15	1/22	2/1	2/8	2/15	2/22	3/1	3/8	3/15	3/22	4/1	4/8	4/15	4/22	5/1	5/8	5/15	5/22	6/1	6/8	6/15	6/22	7/1	7/8	7/15	7/22	8/1	8/8	8/15	8/22	9/1	9/8	9/15	9/22	10/1	10/8	10/15	10/22	11/1	11/8	11/15	11/22	12/1	12/8	12/15	12/22
Frequency (%)
	White-throated Sparrow	10.996341725844632	9.6	9.108910891089108	9.587123862841148	8.749569410954185	6.563500533617929	5.828445747800586	6.932981181908221	6.895539906103286	6.261657340794032	6.072778827977316	6.888154461645503	6.328828828828829	11.417787213965557	24.039320822162647	49.65654098610899	62.09188095926032	48.32508833922262	30.02424977265838	4.110697523871176	0.6300963676797628	0.387263339070568	0.1937046004842615	0.3938558487593541	0.22172949002217296	0.12476606363069245	0.19292604501607716	0.04539264639128461	0.06134969325153375	0.11778563015312131	0.15657620041753653	0.7823129251700681	2.980512036683225	9.165366614664586	27.26222564497497	41.64067373674361	55.01964987495535	55.58698727015559	50.7505360972123	44.542536115569824	29.47761194029851	21.592592592592595	18.811475409836063	16.00676818950931	13.966725043782837	13.64221364221364	16.846813268729036	12.628750559785043
	Total # checklists submitted - (White-throated Sparrow)	4647	3500	3030	4287	2903	3748	5456	3029	3408	3753	4232	5749	4440	4239	4476	6551	6922	7075	6598	6179	2698	2324	2065	2539	1804	1603	1555	2203	1630	1698	1916	2940	2617	2564	2597	3206	2799	2828	2798	3738	2680	2700	2440	2955	2284	2331	2683	4466
	
Abundance
	White-throated Sparrow	0.2659780503550678	0.1997142857142857	0.18646864686468648	0.19617448098903661	0.17361350327247674	0.1267342582710779	0.1160190615835777	0.1406404754044239	0.13468309859154928	0.1145750066613376	0.1167296786389414	0.11393285788832841	0.10698198198198199	0.20688841707949987	1.1901251117068812	4.9171118913143035	10.42256573244727	4.30530035335689	1.7238557138526827	0.07816798834762907	0.007783543365455893	0.004733218588640275	0.001937046004842615	0.003938558487593541	0.005543237250554324	0.0012476606363069245	0.0019292604501607716	4.5392646391284613E-4	6.134969325153375E-4	0.004122497055359246	0.0015657620041753654	0.009523809523809525	0.05655330531142529	0.2780811232449298	2.380438968040046	4.754834684965689	7.930689531975705	5.897100424328147	4.438884917798427	2.5869448903156766	1.191044776119403	0.6725925925925926	0.46434426229508197	0.3895093062605753	0.3283712784588441	0.4066924066924067	0.5139768915393217	0.29601433049708914
	Total # checklists submitted - (White-throated Sparrow)	4647	3500	3030	4287	2903	3748	5456	3029	3408	3753	4232	5749	4440	4239	4476	6551	6922	7075	6598	6179	2698	2324	2065	2539	1804	1603	1555	2203	1630	1698	1916	2940	2617	2564	2597	3206	2799	2828	2798	3738	2680	2700	2440	2955	2284	2331	2683	4466
	
Birds Per Party Hour
	White-throated Sparrow	4.544918018005286	3.8343769735660147	4.31917487443688	3.61369101573629	3.324814463957027	4.228090177617894	4.493996587705704	6.613676209940234	4.1870088768524125	3.231530952247845	3.447323670084771	2.445676299027274	2.221034062941174	2.0669383306128073	4.394926810215965	7.768988921686213	10.9714054834546	5.9415885029344135	3.23545173877218	0.9378845295714279	3.7223481039435775	0.5953122472229182	0.33654544588528085	2.0249733855431713	1.16022314430174	3.5392682464950145	0.6636753522903377	3.003003003003003	5.9880239520958085	1.5	0.20460358056265984	0.9277342222103784	0.9302745457416312	1.8500436713361421	5.687658334820132	9.854217538333387	10.056688237578859	8.057535701184122	8.194789776433188	4.874228768674934	4.3614985658915115	2.8808798941671103	3.6027491597278796	3.889458953324701	3.6583944321590565	5.310928429873379	2.607277701089343	2.632530492282684
	# checklists reporting species - (White-throated Sparrow)	524	342	275	422	262	246	326	223	240	240	262	395	280	497	1067	3219	4176	3350	1931	234	15	7	5	9	3	2	3	1	1	2	2	18	76	237	738	1303	1499	1529	1395	1639	800	587	467	475	336	324	460	563
	
High Count
	White-throated Sparrow	14	11	18	14	15	15	11	8	7	6	9	7	12	18	200	457	1200	1425	250	15	3	3	1	2	6	1	1	1	1	5	1	10	7	25	165	400	1000	400	298	122	42	42	19	17	15	21	30	34
	# checklists reporting species - (White-throated Sparrow)	544	361	292	445	273	258	340	228	248	247	273	412	309	531	1206	3587	4708	3691	2126	264	18	11	8	10	4	2	3	1	1	2	3	23	83	257	829	1505	1745	1757	1591	1832	859	631	488	502	346	347	496	590
	
Totals
	White-throated Sparrow	1295	745	599	897	535	503	673	457	478	447	515	682	497	963	5866	33916	76521	31665	11817	502	21	11	8	10	10	2	3	1	1	7	3	28	152	743	6837	16657	23779	18825	13394	10316	3394	1927	1183	1203	791	1013	1494	1362
	# checklists reporting species - (White-throated Sparrow)	533	354	289	435	272	251	337	227	245	246	269	405	293	523	1131	3374	4348	3469	1973	245	17	7	8	9	4	2	3	1	1	2	3	18	78	249	788	1410	1619	1634	1508	1735	831	619	486	501	344	342	487	581
	
Average Count
	White-throated Sparrow	2.4296435272045027	2.1045197740112993	2.0726643598615917	2.0620689655172413	1.9669117647058822	2.00398406374502	1.997032640949555	2.013215859030837	1.9510204081632654	1.8170731707317074	1.9144981412639406	1.6839506172839507	1.6962457337883958	1.841300191204589	5.186560565870911	10.052163604030824	17.5991260349586	9.127990775439608	5.989356310187532	2.048979591836735	1.2352941176470589	1.5714285714285714	1.0	1.1111111111111112	2.5	1.0	1.0	1.0	1.0	3.5	1.0	1.5555555555555556	1.9487179487179487	2.9839357429718874	8.676395939086294	11.813475177304964	14.68746139592341	11.520807833537331	8.881962864721485	5.945821325648415	4.084235860409145	3.113085621970921	2.434156378600823	2.4011976047904193	2.2994186046511627	2.961988304093567	3.0677618069815193	2.3442340791738383
	# checklists reporting species - (White-throated Sparrow)	533	354	289	435	272	251	337	227	245	246	269	405	293	523	1131	3374	4348	3469	1973	245	17	7	8	9	4	2	3	1	1	2	3	18	78	249	788	1410	1619	1634	1508	1735	831	619	486	501	344	342	487	581
	
