

	Week starting on...	1/1	1/8	1/15	1/22	2/1	2/8	2/15	2/22	3/1	3/8	3/15	3/22	4/1	4/8	4/15	4/22	5/1	5/8	5/15	5/22	6/1	6/8	6/15	6/22	7/1	7/8	7/15	7/22	8/1	8/8	8/15	8/22	9/1	9/8	9/15	9/22	10/1	10/8	10/15	10/22	11/1	11/8	11/15	11/22	12/1	12/8	12/15	12/22
Frequency (%)
	Iceland Gull	3.981063051431031	5.742857142857143	4.092409240924092	5.411709820387217	5.924905270409921	3.8954108858057634	3.2991202346041053	5.315285572796302	5.428403755868545	5.595523581135091	3.6389413988657844	3.3223169246825535	2.635135135135135	3.3734371313989144	7.618409294012511	3.9688597160738817	2.036983530771453	1.3992932862190812	0.9093664746892999	0.40459621297944653	0.037064492216456635	0.0	0.0	0.0	0.0	0.0	0.0	0.0	0.0	0.0	0.0	0.0	0.0	0.0	0.0	0.031191515907673113	0.0	0.0	0.035739814152966405	0.13376136971642588	0.2611940298507463	0.07407407407407407	0.36885245901639346	0.7783417935702199	1.7075306479859893	2.016302016302016	2.459932910920611	2.843708016121809
	Total # checklists submitted - (Iceland Gull)	4647	3500	3030	4287	2903	3748	5456	3029	3408	3753	4232	5749	4440	4239	4476	6551	6922	7075	6598	6179	2698	2324	2065	2539	1804	1603	1555	2203	1630	1698	1916	2940	2617	2564	2597	3206	2799	2828	2798	3738	2680	2700	2440	2955	2284	2331	2683	4466
	
Abundance
	Iceland Gull	0.0684312459651388	0.10771428571428572	0.10594059405940594	0.12199673431303942	0.14226662073716845	0.09098185699039488	0.06304985337243402	0.09475074281941234	0.10974178403755869	0.12683186783906208	0.07112476370510397	0.05879283353626718	0.05675675675675676	0.07029959896201934	0.21760500446827524	0.09906884445122882	0.05403062698642011	0.0334982332155477	0.012428008487420431	0.004531477585369801	3.7064492216456633E-4	0.0	0.0	0.0	0.0	0.0	0.0	0.0	0.0	0.0	0.0	0.0	0.0	0.0	0.0	3.1191515907673113E-4	0.0	0.0	3.5739814152966406E-4	0.001337613697164259	0.0026119402985074628	7.407407407407407E-4	0.0036885245901639345	0.01015228426395939	0.01838879159369527	0.028314028314028315	0.038389862094670144	0.045230631437527986
	Total # checklists submitted - (Iceland Gull)	4647	3500	3030	4287	2903	3748	5456	3029	3408	3753	4232	5749	4440	4239	4476	6551	6922	7075	6598	6179	2698	2324	2065	2539	1804	1603	1555	2203	1630	1698	1916	2940	2617	2564	2597	3206	2799	2828	2798	3738	2680	2700	2440	2955	2284	2331	2683	4466
	
Birds Per Party Hour
	Iceland Gull	2.5012552193757567	2.4485327486302535	4.707789212356253	3.3404223765829357	3.060890262613186	2.4430067169992715	2.618529251598156	1.8507122662605426	2.6442620713315605	2.3469557043488787	1.5339218959228988	1.3994925211567693	1.663549937889224	1.0678720760792528	2.174700004406637	1.3546160738688287	3.504683885890095	1.1303608012456452	0.46097483917341775	0.4658000117622977	0.2	0.0	0.0	0.0	0.0	0.0	0.0	0.0	0.0	0.0	0.0	0.0	0.0	0.0	0.0	0.0	0.0	0.0	0.18181818181818182	0.9907456437718467	0.37854929063668746	1.2	0.7139576106238241	1.4415647527631947	0.912813470503982	1.5164399187563795	1.1741822177812227	1.4423878080370593
	# checklists reporting species - (Iceland Gull)	194	196	133	235	166	153	188	166	187	216	151	193	115	144	360	277	146	100	66	27	1	0.0	0.0	0.0	0.0	0.0	0.0	0.0	0.0	0.0	0.0	0.0	0.0	0.0	0.0	2	0.0	0.0	1	5	8	2	10	22	42	51	68	137
	
High Count
	Iceland Gull	12	13	10	11	15	18	12	11	18	16	11	10	13	13	26	24	24	12	5	3	1	0.0	0.0	0.0	0.0	0.0	0.0	0.0	0.0	0.0	0.0	0.0	0.0	0.0	0.0	1	0.0	0.0	1	1	1	1	1	4	2	5	6	9
	# checklists reporting species - (Iceland Gull)	203	217	145	260	192	176	212	185	203	243	171	224	133	154	372	289	155	104	66	28	1	0.0	0.0	0.0	0.0	0.0	0.0	0.0	0.0	0.0	0.0	0.0	0.0	0.0	0.0	2	0.0	0.0	1	5	8	2	10	23	44	56	82	145
	
Totals
	Iceland Gull	375	399	368	568	454	386	414	335	399	554	319	383	291	330	1075	727	424	248	88	31	1	0.0	0.0	0.0	0.0	0.0	0.0	0.0	0.0	0.0	0.0	0.0	0.0	0.0	0.0	2	0.0	0.0	1	5	8	2	10	30	49	77	125	236
	# checklists reporting species - (Iceland Gull)	203	215	141	254	189	173	207	184	203	239	168	224	133	153	371	288	154	104	66	28	1	0.0	0.0	0.0	0.0	0.0	0.0	0.0	0.0	0.0	0.0	0.0	0.0	0.0	0.0	2	0.0	0.0	1	5	8	2	10	23	43	56	80	143
	
Average Count
	Iceland Gull	1.8472906403940887	1.8558139534883722	2.6099290780141846	2.236220472440945	2.4021164021164023	2.23121387283237	2.0	1.8206521739130435	1.9655172413793103	2.3179916317991633	1.8988095238095237	1.7098214285714286	2.18796992481203	2.156862745098039	2.8975741239892185	2.5243055555555554	2.7532467532467533	2.3846153846153846	1.3333333333333333	1.1071428571428572	1.0	0.0	0.0	0.0	0.0	0.0	0.0	0.0	0.0	0.0	0.0	0.0	0.0	0.0	0.0	1.0	0.0	0.0	1.0	1.0	1.0	1.0	1.0	1.3043478260869565	1.1395348837209303	1.375	1.5625	1.6503496503496504
	# checklists reporting species - (Iceland Gull)	203	215	141	254	189	173	207	184	203	239	168	224	133	153	371	288	154	104	66	28	1	0.0	0.0	0.0	0.0	0.0	0.0	0.0	0.0	0.0	0.0	0.0	0.0	0.0	0.0	2	0.0	0.0	1	5	8	2	10	23	43	56	80	143
	
