

	Week starting on...	1/1	1/8	1/15	1/22	2/1	2/8	2/15	2/22	3/1	3/8	3/15	3/22	4/1	4/8	4/15	4/22	5/1	5/8	5/15	5/22	6/1	6/8	6/15	6/22	7/1	7/8	7/15	7/22	8/1	8/8	8/15	8/22	9/1	9/8	9/15	9/22	10/1	10/8	10/15	10/22	11/1	11/8	11/15	11/22	12/1	12/8	12/15	12/22
Frequency (%)
	Red-necked Phalarope	0.0	0.0	0.0	0.0	0.0	0.0	0.0	0.0	0.0	0.0	0.0	0.0	0.0	0.0	0.0	0.0	0.0	0.0	0.0	0.0	0.0	0.0	0.0	0.0	0.0	0.0	0.0	0.0	0.0	3.356890459363958	0.0	0.03401360544217687	0.15284677111196027	0.4290171606864275	0.0	0.0	0.03572704537334762	0.0	0.035739814152966405	0.0	0.0	0.037037037037037035	0.0	0.0	0.0	0.0	0.0	0.0
	Total # checklists submitted - (Red-necked Phalarope)	4647	3500	3030	4287	2903	3748	5456	3029	3408	3753	4232	5749	4440	4239	4476	6551	6922	7075	6598	6179	2698	2324	2065	2539	1804	1603	1555	2203	1630	1698	1916	2940	2617	2564	2597	3206	2799	2828	2798	3738	2680	2700	2440	2955	2284	2331	2683	4466
	
Abundance
	Red-necked Phalarope	0.0	0.0	0.0	0.0	0.0	0.0	0.0	0.0	0.0	0.0	0.0	0.0	0.0	0.0	0.0	0.0	0.0	0.0	0.0	0.0	0.0	0.0	0.0	0.0	0.0	0.0	0.0	0.0	0.0	0.03356890459363958	0.0	3.401360544217687E-4	0.0015284677111196026	0.0046801872074883	0.0	0.0	7.145409074669524E-4	0.0	3.5739814152966406E-4	0.0	0.0	3.7037037037037035E-4	0.0	0.0	0.0	0.0	0.0	0.0
	Total # checklists submitted - (Red-necked Phalarope)	4647	3500	3030	4287	2903	3748	5456	3029	3408	3753	4232	5749	4440	4239	4476	6551	6922	7075	6598	6179	2698	2324	2065	2539	1804	1603	1555	2203	1630	1698	1916	2940	2617	2564	2597	3206	2799	2828	2798	3738	2680	2700	2440	2955	2284	2331	2683	4466
	
Birds Per Party Hour
	Red-necked Phalarope	0.0	0.0	0.0	0.0	0.0	0.0	0.0	0.0	0.0	0.0	0.0	0.0	0.0	0.0	0.0	0.0	0.0	0.0	0.0	0.0	0.0	0.0	0.0	0.0	0.0	0.0	0.0	0.0	0.0	3.1296140803787957	0.0	0.4286326618088298	0.38365727616996653	0.5774583898682607	0.0	0.0	0.0	0.0	1.6676676676676676	0.0	0.0	0.26666666666666666	0.0	0.0	0.0	0.0	0.0	0.0
	# checklists reporting species - (Red-necked Phalarope)	0.0	0.0	0.0	0.0	0.0	0.0	0.0	0.0	0.0	0.0	0.0	0.0	0.0	0.0	0.0	0.0	0.0	0.0	0.0	0.0	0.0	0.0	0.0	0.0	0.0	0.0	0.0	0.0	0.0	80	0.0	1	6	16	0.0	1	0	0.0	3	0.0	0.0	1	0.0	0.0	0.0	0.0	0.0	0.0
	
High Count
	Red-necked Phalarope	0.0	0.0	0.0	0.0	0.0	0.0	0.0	0.0	0.0	0.0	0.0	0.0	0.0	0.0	0.0	0.0	0.0	0.0	0.0	0.0	0.0	0.0	0.0	0.0	0.0	0.0	0.0	0.0	0.0	3	0.0	1	1	12	0.0	1	2	0.0	1	0.0	0.0	1	0.0	0.0	0.0	0.0	0.0	0.0
	# checklists reporting species - (Red-necked Phalarope)	0.0	0.0	0.0	0.0	0.0	0.0	0.0	0.0	0.0	0.0	0.0	0.0	0.0	0.0	0.0	0.0	0.0	0.0	0.0	0.0	0.0	0.0	0.0	0.0	0.0	0.0	0.0	0.0	0.0	81	0.0	1	6	17	0.0	1	1	0.0	3	0.0	0.0	1	0.0	0.0	0.0	0.0	0.0	0.0
	
Totals
	Red-necked Phalarope	0.0	0.0	0.0	0.0	0.0	0.0	0.0	0.0	0.0	0.0	0.0	0.0	0.0	0.0	0.0	0.0	0.0	0.0	0.0	0.0	0.0	0.0	0.0	0.0	0.0	0.0	0.0	0.0	0.0	83	0.0	1	6	32	0.0	1	2	0.0	3	0.0	0.0	1	0.0	0.0	0.0	0.0	0.0	0.0
	# checklists reporting species - (Red-necked Phalarope)	0.0	0.0	0.0	0.0	0.0	0.0	0.0	0.0	0.0	0.0	0.0	0.0	0.0	0.0	0.0	0.0	0.0	0.0	0.0	0.0	0.0	0.0	0.0	0.0	0.0	0.0	0.0	0.0	0.0	81	0.0	1	6	17	0.0	1	1	0.0	3	0.0	0.0	1	0.0	0.0	0.0	0.0	0.0	0.0
	
Average Count
	Red-necked Phalarope	0.0	0.0	0.0	0.0	0.0	0.0	0.0	0.0	0.0	0.0	0.0	0.0	0.0	0.0	0.0	0.0	0.0	0.0	0.0	0.0	0.0	0.0	0.0	0.0	0.0	0.0	0.0	0.0	0.0	1.0246913580246915	0.0	1.0	1.0	1.8823529411764706	0.0	1.0	2.0	0.0	1.0	0.0	0.0	1.0	0.0	0.0	0.0	0.0	0.0	0.0
	# checklists reporting species - (Red-necked Phalarope)	0.0	0.0	0.0	0.0	0.0	0.0	0.0	0.0	0.0	0.0	0.0	0.0	0.0	0.0	0.0	0.0	0.0	0.0	0.0	0.0	0.0	0.0	0.0	0.0	0.0	0.0	0.0	0.0	0.0	81	0.0	1	6	17	0.0	1	1	0.0	3	0.0	0.0	1	0.0	0.0	0.0	0.0	0.0	0.0
	
