

	Week starting on...	1/1	1/8	1/15	1/22	2/1	2/8	2/15	2/22	3/1	3/8	3/15	3/22	4/1	4/8	4/15	4/22	5/1	5/8	5/15	5/22	6/1	6/8	6/15	6/22	7/1	7/8	7/15	7/22	8/1	8/8	8/15	8/22	9/1	9/8	9/15	9/22	10/1	10/8	10/15	10/22	11/1	11/8	11/15	11/22	12/1	12/8	12/15	12/22
Frequency (%)
	Greater White-fronted Goose	0.0	0.0	0.066006600660066	1.166316771635176	0.0	0.0	0.018328445747800588	0.0	0.0	0.02664535038635758	0.023629489603024575	0.0	0.04504504504504504	0.11795234725171032	0.0	0.04579453518546787	0.0	0.0	0.0	0.0	0.0	0.0	0.0	0.0	0.0	0.0	0.0	0.0	0.0	0.0	0.0	0.0	0.0	0.0	0.0	0.031191515907673113	0.0	0.03536067892503536	0.0	0.0	0.0	0.037037037037037035	0.0	0.0	0.0	0.0429000429000429	0.03727171077152441	0.044782803403493054
	Total # checklists submitted - (Greater White-fronted Goose)	4647	3500	3030	4287	2903	3748	5456	3029	3408	3753	4232	5749	4440	4239	4476	6551	6922	7075	6598	6179	2698	2324	2065	2539	1804	1603	1555	2203	1630	1698	1916	2940	2617	2564	2597	3206	2799	2828	2798	3738	2680	2700	2440	2955	2284	2331	2683	4466
	
Abundance
	Greater White-fronted Goose	0.0	0.0	6.600660066006601E-4	0.019827385117797993	0.0	0.0	1.8328445747800586E-4	0.0	0.0	2.664535038635758E-4	7.088846880907373E-4	0.0	6.756756756756757E-4	0.012738853503184714	0.0	4.5794535185467866E-4	0.0	0.0	0.0	0.0	0.0	0.0	0.0	0.0	0.0	0.0	0.0	0.0	0.0	0.0	0.0	0.0	0.0	0.0	0.0	6.238303181534623E-4	0.0	0.006011315417256012	0.0	0.0	0.0	3.7037037037037035E-4	0.0	0.0	0.0	4.29000429000429E-4	3.727171077152441E-4	0.0020152261531571876
	Total # checklists submitted - (Greater White-fronted Goose)	4647	3500	3030	4287	2903	3748	5456	3029	3408	3753	4232	5749	4440	4239	4476	6551	6922	7075	6598	6179	2698	2324	2065	2539	1804	1603	1555	2203	1630	1698	1916	2940	2617	2564	2597	3206	2799	2828	2798	3738	2680	2700	2440	2955	2284	2331	2683	4466
	
Birds Per Party Hour
	Greater White-fronted Goose	0.0	0.0	0.8382352941176471	4.866419704176338	0.0	0.0	8.024096385542169	0.0	0.0	0.29850746268656714	1.2	0.0	2.0	1.9719437482595377	0.0	1.6666666666666667	0.0	0.0	0.0	0.0	0.0	0.0	0.0	0.0	0.0	0.0	0.0	0.0	0.0	0.0	0.0	0.0	0.0	0.0	0.0	0.5	0.0	171.7	0.0	0.0	0.0	4.0	0.0	0.0	0.0	0.35298270384751146	0.8576329331046312	0.4800768122899664
	# checklists reporting species - (Greater White-fronted Goose)	0.0	0.0	2	59	0.0	0	2	0.0	0.0	1	1	0.0	1	6	0	3	0	0.0	0.0	0.0	0.0	0.0	0.0	0.0	0.0	0.0	0.0	0.0	0.0	0.0	0.0	0.0	0.0	0.0	0.0	1	0.0	2	0.0	0.0	0.0	1	0.0	1	0.0	1	2	1
	
High Count
	Greater White-fronted Goose	0.0	0.0	1	2	0.0	1	1	0.0	0.0	1	3	0.0	2	17	1	1	1	0.0	0.0	0.0	0.0	0.0	0.0	0.0	0.0	0.0	0.0	0.0	0.0	0.0	0.0	0.0	0.0	0.0	0.0	2	0.0	17	0.0	0.0	0.0	1	0.0	24	0.0	1	1	8
	# checklists reporting species - (Greater White-fronted Goose)	0.0	0.0	2	59	0.0	1	2	0.0	0.0	1	1	0.0	8	13	8	7	1	0.0	0.0	0.0	0.0	0.0	0.0	0.0	0.0	0.0	0.0	0.0	0.0	0.0	0.0	0.0	0.0	0.0	0.0	1	0.0	2	0.0	0.0	0.0	2	0.0	1	0.0	1	2	2
	
Totals
	Greater White-fronted Goose	0.0	0.0	2	99	0.0	0	2	0.0	0.0	1	3	0.0	9	63	8	7	0	0.0	0.0	0.0	0.0	0.0	0.0	0.0	0.0	0.0	0.0	0.0	0.0	0.0	0.0	0.0	0.0	0.0	0.0	2	0.0	34	0.0	0.0	0.0	1	0.0	24	0.0	1	2	9
	# checklists reporting species - (Greater White-fronted Goose)	0.0	0.0	2	59	0.0	0	2	0.0	0.0	1	1	0.0	8	13	8	7	0	0.0	0.0	0.0	0.0	0.0	0.0	0.0	0.0	0.0	0.0	0.0	0.0	0.0	0.0	0.0	0.0	0.0	0.0	1	0.0	2	0.0	0.0	0.0	1	0.0	1	0.0	1	2	2
	
Average Count
	Greater White-fronted Goose	0.0	0.0	1.0	1.6779661016949152	0.0	0.0	1.0	0.0	0.0	1.0	3.0	0.0	1.125	4.846153846153846	1.0	1.0	0.0	0.0	0.0	0.0	0.0	0.0	0.0	0.0	0.0	0.0	0.0	0.0	0.0	0.0	0.0	0.0	0.0	0.0	0.0	2.0	0.0	17.0	0.0	0.0	0.0	1.0	0.0	24.0	0.0	1.0	1.0	4.5
	# checklists reporting species - (Greater White-fronted Goose)	0.0	0.0	2	59	0.0	0	2	0.0	0.0	1	1	0.0	8	13	8	7	0	0.0	0.0	0.0	0.0	0.0	0.0	0.0	0.0	0.0	0.0	0.0	0.0	0.0	0.0	0.0	0.0	0.0	0.0	1	0.0	2	0.0	0.0	0.0	1	0.0	1	0.0	1	2	2
	
