

	Week starting on...	1/1	1/8	1/15	1/22	2/1	2/8	2/15	2/22	3/1	3/8	3/15	3/22	4/1	4/8	4/15	4/22	5/1	5/8	5/15	5/22	6/1	6/8	6/15	6/22	7/1	7/8	7/15	7/22	8/1	8/8	8/15	8/22	9/1	9/8	9/15	9/22	10/1	10/8	10/15	10/22	11/1	11/8	11/15	11/22	12/1	12/8	12/15	12/22
Frequency (%)
	Eastern Screech-Owl	0.7101355713363461	0.6857142857142857	0.594059405940594	0.4198740377886634	0.5856011023079573	0.3735325506937033	0.531524926686217	0.6272697259821723	0.5868544600938966	0.6394884092725819	0.6852551984877127	0.3304922595233954	0.4954954954954955	0.4010379806558151	0.580875781948168	0.44268050679285603	0.8956948858711354	0.9752650176678446	0.9851470142467413	0.6797216378054701	0.48183839881393625	0.4302925989672977	0.29055690072639223	0.27569909413154786	0.4434589800443459	0.561447286338116	0.3858520900321543	0.2723558783477077	0.7361963190184049	0.2944640753828033	0.41753653444676403	0.5102040816326531	0.42032862055789066	0.5850234009360374	0.5775895263765883	0.5302557704304429	0.4287245444801715	0.4243281471004243	0.5360972122944961	0.40128410914927765	0.8582089552238806	0.5185185185185185	0.5737704918032787	0.6429780033840948	0.6129597197898424	0.7293007293007293	2.3853894893775625	2.1495745633676666
	Total # checklists submitted - (Eastern Screech-Owl)	4647	3500	3030	4287	2903	3748	5456	3029	3408	3753	4232	5749	4440	4239	4476	6551	6922	7075	6598	6179	2698	2324	2065	2539	1804	1603	1555	2203	1630	1698	1916	2940	2617	2564	2597	3206	2799	2828	2798	3738	2680	2700	2440	2955	2284	2331	2683	4466
	
Abundance
	Eastern Screech-Owl	0.007531740908112761	0.007142857142857143	0.006270627062706271	0.004432003732213669	0.006544953496383052	0.003735325506937033	0.005498533724340176	0.006932981181908221	0.005575117370892019	0.006927791100452971	0.0082703213610586	0.0031309793007479564	0.00563063063063063	0.004246284501061571	0.006032171581769437	0.004732101969165013	0.010401618029471251	0.020777385159010602	0.017581085177326462	0.009386632141123159	0.006671608598962194	0.012048192771084338	0.005811138014527845	0.005120126033871603	0.013303769401330377	0.008109794135995009	0.010932475884244373	0.0027235587834770767	0.011042944785276074	0.002944640753828033	0.0036534446764091857	0.004761904761904762	0.004203286205578907	0.0062402496099844	0.005775895263765884	0.005926388022457892	0.004287245444801715	0.005304101838755304	0.006075768406004289	0.005082932049224184	0.008955223880597015	0.005925925925925926	0.005737704918032787	0.006429780033840948	0.0070052539404553416	0.00858000858000858	0.034662691017517705	0.02843708016121809
	Total # checklists submitted - (Eastern Screech-Owl)	4647	3500	3030	4287	2903	3748	5456	3029	3408	3753	4232	5749	4440	4239	4476	6551	6922	7075	6598	6179	2698	2324	2065	2539	1804	1603	1555	2203	1630	1698	1916	2940	2617	2564	2597	3206	2799	2828	2798	3738	2680	2700	2440	2955	2284	2331	2683	4466
	
Birds Per Party Hour
	Eastern Screech-Owl	2.9971537569924736	4.694795987360837	1.387271101649383	2.5249968035351786	3.6814443523811864	2.5133536534207592	2.0226045655026343	1.0137310042897711	0.8682856318837164	1.8633851894730433	1.7754644193238764	2.9422289490341154	4.094850278923822	0.6117861467889837	0.9231055114552745	1.5183868123860846	2.563296872988369	3.0259657269170375	1.4771610891088875	1.2751158474158397	6.655908239961284	17.814875884108147	1.085065918239226	3.5939754066815355	2.0098039215686274	15.13668728951172	2.6147137802875955	2.770087901310577	1.4290362699262122	0.6013163989936489	0.3781987962629539	0.8738396566967994	4.949712414906015	1.5332267180433374	3.6479858154361215	1.4247992751382377	0.795012351149997	2.93683034768711	1.4100800217353624	1.385097816271592	1.4394306931364145	2.9950041692549707	1.841148202993589	1.2450384321413306	1.830024257812734	0.8022960314136501	2.9442111653957386	0.7123729333665221
	# checklists reporting species - (Eastern Screech-Owl)	43	26	26	32	20	21	37	18	23	27	36	25	18	22	25	31	63	82	68	47	22	14	7	11	17	11	13	10	17	9	12	22	16	19	20	27	18	13	23	21	26	17	22	23	22	24	67	98
	
High Count
	Eastern Screech-Owl	2	2	2	2	2	2	2	2	1	2	2	2	3	2	2	2	3	6	6	4	5	6	5	5	6	4	6	1	4	3	3	2	3	2	2	2	3	3	2	2	2	2	2	2	2	2	7	5
	# checklists reporting species - (Eastern Screech-Owl)	50	31	26	36	25	26	40	27	27	31	37	30	30	27	38	35	74	83	75	54	26	16	14	23	24	18	13	11	17	10	17	28	19	23	27	31	20	13	27	27	30	19	23	26	24	32	73	105
	
Totals
	Eastern Screech-Owl	52	31	27	38	27	29	40	29	26	32	45	32	33	28	40	40	85	172	129	70	42	40	27	32	48	25	35	11	23	13	17	27	22	24	27	34	22	16	28	32	31	21	24	27	26	35	109	136
	# checklists reporting species - (Eastern Screech-Owl)	50	30	26	35	25	26	39	27	26	30	37	29	29	26	37	35	72	82	73	54	26	16	14	22	23	18	13	11	17	10	15	26	18	22	26	31	19	13	25	27	30	19	23	26	24	31	73	103
	
Average Count
	Eastern Screech-Owl	1.04	1.0333333333333334	1.0384615384615385	1.0857142857142856	1.08	1.1153846153846154	1.0256410256410255	1.0740740740740742	1.0	1.0666666666666667	1.2162162162162162	1.103448275862069	1.1379310344827587	1.0769230769230769	1.0810810810810811	1.1428571428571428	1.1805555555555556	2.097560975609756	1.7671232876712328	1.2962962962962963	1.6153846153846154	2.5	1.9285714285714286	1.4545454545454546	2.0869565217391304	1.3888888888888888	2.6923076923076925	1.0	1.3529411764705883	1.3	1.1333333333333333	1.0384615384615385	1.2222222222222223	1.0909090909090908	1.0384615384615385	1.096774193548387	1.1578947368421053	1.2307692307692308	1.12	1.1851851851851851	1.0333333333333334	1.105263157894737	1.0434782608695652	1.0384615384615385	1.0833333333333333	1.1290322580645162	1.4931506849315068	1.3203883495145632
	# checklists reporting species - (Eastern Screech-Owl)	50	30	26	35	25	26	39	27	26	30	37	29	29	26	37	35	72	82	73	54	26	16	14	22	23	18	13	11	17	10	15	26	18	22	26	31	19	13	25	27	30	19	23	26	24	31	73	103
	
