

	Week starting on...	1/1	1/8	1/15	1/22	2/1	2/8	2/15	2/22	3/1	3/8	3/15	3/22	4/1	4/8	4/15	4/22	5/1	5/8	5/15	5/22	6/1	6/8	6/15	6/22	7/1	7/8	7/15	7/22	8/1	8/8	8/15	8/22	9/1	9/8	9/15	9/22	10/1	10/8	10/15	10/22	11/1	11/8	11/15	11/22	12/1	12/8	12/15	12/22
Frequency (%)
	Wild Turkey	0.5164622336991607	0.5714285714285714	0.36303630363036304	0.1166316771635176	0.13778849466069584	0.18676627534685164	0.10997067448680353	0.19808517662594916	0.0	0.10658140154543032	0.04725897920604915	0.052182988345799264	0.06756756756756757	0.0	0.20107238605898123	0.122118760494581	0.0722334585379948	0.0989399293286219	0.16671718702637162	0.24275772778766788	0.2223869532987398	0.12908777969018934	0.09685230024213075	0.03938558487593541	0.0	0.0	0.0	0.0	0.0	0.0	0.10438413361169101	0.0	0.0	0.078003120124805	0.11551790527531768	0.09357454772301933	0.07145409074669525	0.0	0.07147962830593281	0.026752273943285176	0.0	0.0	0.20491803278688525	0.0676818950930626	0.21891418563922943	0.21450021450021448	0.5590756615728663	0.380653828929691
	Total # checklists submitted - (Wild Turkey)	4647	3500	3030	4287	2903	3748	5456	3029	3408	3753	4232	5749	4440	4239	4476	6551	6922	7075	6598	6179	2698	2324	2065	2539	1804	1603	1555	2203	1630	1698	1916	2940	2617	2564	2597	3206	2799	2828	2798	3738	2680	2700	2440	2955	2284	2331	2683	4466
	
Abundance
	Wild Turkey	0.01592425220572412	0.009142857142857144	0.0036303630363036304	0.002099370188943317	0.0037891836031691355	0.029082177161152616	0.006231671554252199	0.00924397490921096	0.0	0.0021316280309086064	4.725897920604915E-4	8.697164724299878E-4	0.0013513513513513514	0.0	0.002234137622877569	0.00122118760494581	8.668015024559376E-4	9.89399293286219E-4	0.0016671718702637162	0.0030749312186437935	0.002223869532987398	0.0030120481927710845	9.685230024213075E-4	0.0011815675462780622	0.0	0.0	0.0	0.0	0.0	0.0	0.0015657620041753654	0.0	0.0	7.8003120124805E-4	0.0030804774740084712	9.357454772301934E-4	0.0035727045373347625	0.0	0.0035739814152966403	2.6752273943285177E-4	0.0	0.0	0.006147540983606557	0.0013536379018612521	0.0035026269702276708	0.002145002145002145	0.007827059262020127	0.021495745633676667
	Total # checklists submitted - (Wild Turkey)	4647	3500	3030	4287	2903	3748	5456	3029	3408	3753	4232	5749	4440	4239	4476	6551	6922	7075	6598	6179	2698	2324	2065	2539	1804	1603	1555	2203	1630	1698	1916	2940	2617	2564	2597	3206	2799	2828	2798	3738	2680	2700	2440	2955	2284	2331	2683	4466
	
Birds Per Party Hour
	Wild Turkey	45.09834371938471	2.372012514370879	1.143222275596609	1.8741514350902	4.928571428571429	109.5315050105899	23.608118124686392	12.725167797326629	0.09601536245799328	5.268145005838095	1.1027326895418121	1.814312438717076	0.9277169505271695	0.4444444444444444	3.1827854343793613	0.43938327633079016	0.5687713046172916	0.3779316850362165	4.803884179940962	3.0250970650513795	2.395674258984616	1.7485474333704687	0.5440389759266335	0.75	0.0	0.0	0.0	0.0	0.0	0.0	1.6666666666666667	0.0	0.0	1.4893026322638858	0.8184955789122456	1.3289496956839195	7.837837837837838	0.0	22.05228098020826	2.0080321285140563	0.0	0.0	1.727102651717497	0.9122823982532453	0.6829016413792528	1.5291969399915426	1.9342345792666096	10.86343842845101
	# checklists reporting species - (Wild Turkey)	28	21	15	8	7	9	8	8	5	5	2	8	4	3	14	12	7	9	13	17	7	5	3	1	0.0	1	2	1	0	0.0	2	0	0.0	2	4	3	2	1	3	6	1	0.0	8	3	7	7	18	19
	
High Count
	Wild Turkey	19	10	18	9	10	51	16	20	8	5	1	30	3	1	4	2	2	1	1	3	1	5	1	3	0.0	1	1	1	1	0.0	2	1	0.0	1	4	1	7	2	6	7	7	0.0	5	3	3	8	10	41
	# checklists reporting species - (Wild Turkey)	29	21	15	9	7	9	10	8	5	5	2	9	5	3	15	12	9	10	14	18	9	6	3	2	0.0	2	2	1	1	0.0	2	1	0.0	2	4	3	2	3	3	6	1	0.0	8	3	8	7	18	19
	
Totals
	Wild Turkey	80	35	37	23	23	116	67	38	17	9	2	54	8	3	20	13	11	10	14	22	8	11	3	4	0.0	1	2	1	1	0.0	3	1	0.0	2	9	3	10	4	14	18	7	0.0	22	5	11	14	33	105
	# checklists reporting species - (Wild Turkey)	28	21	15	9	7	9	9	8	5	5	2	9	5	3	15	12	9	10	14	18	8	6	3	2	0.0	1	2	1	1	0.0	2	1	0.0	2	4	3	2	3	3	6	1	0.0	8	3	8	7	18	19
	
Average Count
	Wild Turkey	2.857142857142857	1.6666666666666667	2.466666666666667	2.5555555555555554	3.2857142857142856	12.88888888888889	7.444444444444445	4.75	3.4	1.8	1.0	6.0	1.6	1.0	1.3333333333333333	1.0833333333333333	1.2222222222222223	1.0	1.0	1.2222222222222223	1.0	1.8333333333333333	1.0	2.0	0.0	1.0	1.0	1.0	1.0	0.0	1.5	1.0	0.0	1.0	2.25	1.0	5.0	1.3333333333333333	4.666666666666667	3.0	7.0	0.0	2.75	1.6666666666666667	1.375	2.0	1.8333333333333333	5.526315789473684
	# checklists reporting species - (Wild Turkey)	28	21	15	9	7	9	9	8	5	5	2	9	5	3	15	12	9	10	14	18	8	6	3	2	0.0	1	2	1	1	0.0	2	1	0.0	2	4	3	2	3	3	6	1	0.0	8	3	8	7	18	19
	
