

	Week starting on...	1/1	1/8	1/15	1/22	2/1	2/8	2/15	2/22	3/1	3/8	3/15	3/22	4/1	4/8	4/15	4/22	5/1	5/8	5/15	5/22	6/1	6/8	6/15	6/22	7/1	7/8	7/15	7/22	8/1	8/8	8/15	8/22	9/1	9/8	9/15	9/22	10/1	10/8	10/15	10/22	11/1	11/8	11/15	11/22	12/1	12/8	12/15	12/22
Frequency (%)
	Palm Warbler	0.08607703894986013	0.05714285714285715	0.0	0.09330534173081409	0.0	0.0	0.0	0.0	0.0	0.0	0.0	0.052182988345799264	0.11261261261261261	0.28308563340410475	1.4521894548704202	7.3271256296748595	28.835596648367524	29.003533568904594	17.550772961503487	0.5178831526136916	0.037064492216456635	0.04302925989672978	0.0	0.0	0.0	0.0	0.0	0.0	0.06134969325153375	0.0	0.15657620041753653	0.3401360544217687	4.738249904470768	12.012480499219969	16.056988833269155	18.02869619463506	16.077170418006432	11.987270155586987	8.9349535382416	2.3006955591225253	0.4104477611940298	0.1111111111111111	0.040983606557377046	0.20304568527918782	0.43782837127845886	0.2574002574002574	0.37271710771524413	0.22391401701746527
	Total # checklists submitted - (Palm Warbler)	4647	3500	3030	4287	2903	3748	5456	3029	3408	3753	4232	5749	4440	4239	4476	6551	6922	7075	6598	6179	2698	2324	2065	2539	1804	1603	1555	2203	1630	1698	1916	2940	2617	2564	2597	3206	2799	2828	2798	3738	2680	2700	2440	2955	2284	2331	2683	4466
	
Abundance
	Palm Warbler	8.607703894986013E-4	5.714285714285715E-4	0.0	9.330534173081409E-4	0.0	0.0	0.0	0.0	0.0	0.0	0.0	5.218298834579927E-4	0.0013513513513513514	0.0028308563340410475	0.016309204647006255	0.12486643260570905	0.9464027737648079	0.8175265017667844	0.336314034555926	0.006635377892862923	3.7064492216456633E-4	4.302925989672978E-4	0.0	0.0	0.0	0.0	0.0	0.0	6.134969325153375E-4	0.0	0.0020876826722338203	0.004421768707482994	0.08215513947267863	0.421996879875195	0.614940315748941	1.087024329382408	0.7924258663808503	0.512022630834512	0.1937097927090779	0.03397538790797218	0.004850746268656716	0.0011111111111111111	4.098360655737705E-4	0.0020304568527918783	0.004816112084063047	0.002574002574002574	0.003727171077152441	0.0022391401701746527
	Total # checklists submitted - (Palm Warbler)	4647	3500	3030	4287	2903	3748	5456	3029	3408	3753	4232	5749	4440	4239	4476	6551	6922	7075	6598	6179	2698	2324	2065	2539	1804	1603	1555	2203	1630	1698	1916	2940	2617	2564	2597	3206	2799	2828	2798	3738	2680	2700	2440	2955	2284	2331	2683	4466
	
Birds Per Party Hour
	Palm Warbler	0.7163541996856749	0.7025641025641025	0.0	1.7823152892186862	0.0	0.0	0.0	0.0	0.0	0.0	0.0	1.3510331706700704	0.6964285714285714	0.5040079339130644	0.5354502789901102	0.9485312938110327	1.8039952945124615	1.680258514754586	1.3165832493482572	0.7756553474066418	0.26198585276395076	0.21052631578947367	0.0	0.0	0.0	0.0	0.0	0.0	0.6523157208088715	0.0	0.33667797381755804	4.4947909859733555	0.7836889561246367	1.4924568551888986	1.7768459458635673	2.4075578328086538	2.170622167455632	1.8412602000266072	1.0594541077420945	0.6360043807703775	0.5056236552367692	0.26851851851851855	1.1764705882352942	0.8500949161895678	0.5041460395032921	0.6539813920719636	0.7007073196965792	1.1800240417295282
	# checklists reporting species - (Palm Warbler)	5	3	0.0	4	0.0	0.0	0.0	0.0	0.0	0.0	0.0	5	4	13	68	499	2250	2386	1323	47	1	1	0.0	0.0	0.0	0.0	0.0	0.0	1	0.0	3	10	135	316	449	582	447	340	250	92	14	3	1	7	15	6	11	11
	
High Count
	Palm Warbler	1	1	0.0	1	0.0	0.0	0.0	0.0	0.0	0.0	0.0	1	2	1	4	11	150	250	18	3	1	1	0.0	0.0	0.0	0.0	0.0	0.0	1	0.0	2	2	10	55	35	122	114	207	12	6	2	1	1	1	2	1	1	1
	# checklists reporting species - (Palm Warbler)	5	4	0.0	4	0.0	0.0	0.0	0.0	0.0	0.0	0.0	5	5	13	73	540	2405	2522	1392	51	1	1	0.0	0.0	0.0	0.0	0.0	0.0	1	0.0	4	12	142	338	484	644	497	374	268	95	14	3	1	7	15	6	12	11
	
Totals
	Palm Warbler	5	4	0.0	4	0.0	0.0	0.0	0.0	0.0	0.0	0.0	5	6	13	84	899	7411	6752	2561	65	1	1	0.0	0.0	0.0	0.0	0.0	0.0	1	0.0	5	14	239	1145	1806	3700	2388	1513	567	139	16	3	1	7	16	6	12	11
	# checklists reporting species - (Palm Warbler)	5	4	0.0	4	0.0	0.0	0.0	0.0	0.0	0.0	0.0	5	5	13	71	520	2323	2440	1347	50	1	1	0.0	0.0	0.0	0.0	0.0	0.0	1	0.0	4	11	139	329	472	617	471	363	263	93	14	3	1	7	15	6	12	11
	
Average Count
	Palm Warbler	1.0	1.0	0.0	1.0	0.0	0.0	0.0	0.0	0.0	0.0	0.0	1.0	1.2	1.0	1.1830985915492958	1.728846153846154	3.1902712010331467	2.767213114754098	1.9012620638455828	1.3	1.0	1.0	0.0	0.0	0.0	0.0	0.0	0.0	1.0	0.0	1.25	1.2727272727272727	1.7194244604316546	3.480243161094225	3.8262711864406778	5.996758508914101	5.070063694267516	4.1680440771349865	2.155893536121673	1.4946236559139785	1.1428571428571428	1.0	1.0	1.0	1.0666666666666667	1.0	1.0	1.0
	# checklists reporting species - (Palm Warbler)	5	4	0.0	4	0.0	0.0	0.0	0.0	0.0	0.0	0.0	5	5	13	71	520	2323	2440	1347	50	1	1	0.0	0.0	0.0	0.0	0.0	0.0	1	0.0	4	11	139	329	472	617	471	363	263	93	14	3	1	7	15	6	12	11
	
