

	Week starting on...	1/1	1/8	1/15	1/22	2/1	2/8	2/15	2/22	3/1	3/8	3/15	3/22	4/1	4/8	4/15	4/22	5/1	5/8	5/15	5/22	6/1	6/8	6/15	6/22	7/1	7/8	7/15	7/22	8/1	8/8	8/15	8/22	9/1	9/8	9/15	9/22	10/1	10/8	10/15	10/22	11/1	11/8	11/15	11/22	12/1	12/8	12/15	12/22
Frequency (%)
	House Wren	0.0	0.08571428571428572	0.0	0.0	0.0	0.0	0.0	0.0	0.0	0.0	0.0	0.0	0.0	0.07077140835102619	0.5585344057193923	3.266676843230041	11.745160358277955	14.148409893992934	14.943922400727494	12.267357177536818	11.11934766493699	11.790017211703958	10.024213075060533	9.452540370224497	9.368070953436806	9.41983780411728	9.646302250803858	7.9437131184748075	6.196319018404909	3.5924617196702	4.227557411273486	3.571428571428571	3.935804356132977	3.627145085803432	4.197150558336542	3.1191515907673115	4.180064308681672	1.4497878359264498	0.6790564689063616	0.18726591760299627	0.0	0.037037037037037035	0.0	0.0	0.043782837127845885	0.0	0.0	0.0
	Total # checklists submitted - (House Wren)	4647	3500	3030	4287	2903	3748	5456	3029	3408	3753	4232	5749	4440	4239	4476	6551	6922	7075	6598	6179	2698	2324	2065	2539	1804	1603	1555	2203	1630	1698	1916	2940	2617	2564	2597	3206	2799	2828	2798	3738	2680	2700	2440	2955	2284	2331	2683	4466
	
Abundance
	House Wren	0.0	8.571428571428571E-4	0.0	0.0	0.0	0.0	0.0	0.0	0.0	0.0	0.0	0.0	0.0	0.0011795234725171032	0.007372654155495978	0.04182567546939399	0.18405085235481075	0.2337809187279152	0.26811154895422856	0.20326913740087393	0.16679021497405486	0.1884681583476764	0.17675544794188863	0.16660102402520677	0.16130820399113083	0.19962570180910794	0.19935691318327975	0.12392192464820699	0.09018404907975461	0.06065959952885748	0.06732776617954071	0.0554421768707483	0.055024837600305694	0.046411856474258974	0.05929919137466307	0.043668122270742356	0.06109324758842444	0.016973125884016973	0.006433166547533953	0.0018726591760299626	0.0	3.7037037037037035E-4	0.0	0.0	4.3782837127845885E-4	0.0	0.0	0.0
	Total # checklists submitted - (House Wren)	4647	3500	3030	4287	2903	3748	5456	3029	3408	3753	4232	5749	4440	4239	4476	6551	6922	7075	6598	6179	2698	2324	2065	2539	1804	1603	1555	2203	1630	1698	1916	2940	2617	2564	2597	3206	2799	2828	2798	3738	2680	2700	2440	2955	2284	2331	2683	4466
	
Birds Per Party Hour
	House Wren	0.0	0.3497104200126539	0.0	0.0	0.0	0.0	0.0	0.0	0.0	0.0	0.0	0.0	0.0	0.29292929292929293	0.9012767928002191	0.945811516936598	0.9952755222160137	1.028968356021572	0.9779409487727497	1.1539782443299162	1.889564611743222	1.8353554734935877	1.8557534521975394	2.1245259053830083	2.6641579444633186	1.7453991928218515	1.641480261282682	1.263005088529503	0.9438517156562192	1.6836105129146637	1.3023863692424844	2.109688209313873	0.936727410430423	0.8251002282093991	0.807410133136097	0.8675368418516081	0.812918451317381	0.4129710103741244	0.3741358634132446	0.3176804467469248	0.0	0.5	0.0	0.0	0.125	0.0	0.0	0.0
	# checklists reporting species - (House Wren)	0.0	3	0.0	0.0	0.0	0.0	0.0	0.0	0.0	0.0	0.0	0.0	0.0	3	28	222	803	990	973	730	294	264	212	237	167	154	151	166	99	57	78	99	103	91	107	99	115	38	18	6	0.0	1	0.0	0.0	1	0.0	0.0	0.0
	
High Count
	House Wren	0.0	1	0.0	0.0	0.0	0.0	0.0	0.0	0.0	0.0	0.0	0.0	0.0	3	6	7	9	13	14	10	9	7	9	8	8	18	20	7	10	6	6	8	4	4	7	8	9	3	1	1	0.0	1	0.0	0.0	1	0.0	0.0	0.0
	# checklists reporting species - (House Wren)	0.0	3	0.0	0.0	0.0	0.0	0.0	0.0	0.0	0.0	0.0	0.0	0.0	3	28	243	872	1069	1050	812	325	289	231	270	190	160	166	186	107	69	87	112	110	102	119	114	124	49	23	7	0.0	1	0.0	0.0	1	0.0	0.0	0.0
	
Totals
	House Wren	0.0	3	0.0	0.0	0.0	0.0	0.0	0.0	0.0	0.0	0.0	0.0	0.0	5	36	299	1331	1728	1831	1328	477	454	391	461	316	330	331	284	159	109	138	171	152	130	163	153	180	56	21	7	0.0	1	0.0	0.0	1	0.0	0.0	0.0
	# checklists reporting species - (House Wren)	0.0	3	0.0	0.0	0.0	0.0	0.0	0.0	0.0	0.0	0.0	0.0	0.0	3	28	235	842	1026	1008	765	307	271	225	262	183	157	161	176	102	62	80	104	105	97	115	109	120	46	21	7	0.0	1	0.0	0.0	1	0.0	0.0	0.0
	
Average Count
	House Wren	0.0	1.0	0.0	0.0	0.0	0.0	0.0	0.0	0.0	0.0	0.0	0.0	0.0	1.6666666666666667	1.2857142857142858	1.2723404255319148	1.5807600950118765	1.6842105263157894	1.816468253968254	1.7359477124183007	1.5537459283387622	1.6752767527675276	1.7377777777777779	1.7595419847328244	1.726775956284153	2.1019108280254777	2.0559006211180124	1.6136363636363635	1.5588235294117647	1.7580645161290323	1.725	1.6442307692307692	1.4476190476190476	1.3402061855670102	1.4173913043478261	1.4036697247706422	1.5	1.2173913043478262	1.0	1.0	0.0	1.0	0.0	0.0	1.0	0.0	0.0	0.0
	# checklists reporting species - (House Wren)	0.0	3	0.0	0.0	0.0	0.0	0.0	0.0	0.0	0.0	0.0	0.0	0.0	3	28	235	842	1026	1008	765	307	271	225	262	183	157	161	176	102	62	80	104	105	97	115	109	120	46	21	7	0.0	1	0.0	0.0	1	0.0	0.0	0.0
	
