

	Week starting on...	1/1	1/8	1/15	1/22	2/1	2/8	2/15	2/22	3/1	3/8	3/15	3/22	4/1	4/8	4/15	4/22	5/1	5/8	5/15	5/22	6/1	6/8	6/15	6/22	7/1	7/8	7/15	7/22	8/1	8/8	8/15	8/22	9/1	9/8	9/15	9/22	10/1	10/8	10/15	10/22	11/1	11/8	11/15	11/22	12/1	12/8	12/15	12/22
Frequency (%)
	Cattle Egret	0.0	0.0	0.0	0.0	0.0	0.0	0.0	0.0	0.0	0.0	0.0	0.0	0.0	0.0073168947098851255	0.039944803544193476	0.01702216810045698	0.026468364003024953	0.05907153446997776	0.06296177320912304	0.02219892705185916	0.03382815298284714	0.043227665706051875	0.01280847066860217	0.020533497601314146	0.020527558246946527	0.00675812664729337	0.015869867089863123	0.02551816042416853	0.026214283039358872	0.05014851676117733	0.011020093303456636	0.0023901144864839022	0.0	0.01835985312117503	0.0	0.11554015020219525	0.0029606821411653247	0.06784452296819787	0.16685374510815157	0.4082533377468829	0.7505219795722589	0.37555479685899623	0.44559099437148214	0.08223684210526315	0.015573413069208246	0.01072194424588992	0.0	0.0
	Total # checklists submitted - (Cattle Egret)	59897	41927	37441	52418	36194	52179	74398	41102	41678	48624	53837	76087	56976	54668	55076	76371	79340	86336	77825	81085	50254	48580	46844	53571	38972	29594	25205	35269	26703	25923	27223	41839	32997	32680	32900	41544	33776	35375	32963	45315	35442	32219	29848	36480	32106	27980	31549	46285
	
Abundance
	Cattle Egret	0.0	0.0	0.0	0.0	0.0	0.0	0.0	0.0	0.0	0.0	0.0	0.0	0.0	7.316894709885125E-5	3.9944803544193476E-4	2.0950360739023974E-4	2.6468364003024954E-4	8.107857672349889E-4	6.553164150337295E-4	2.219892705185916E-4	3.3828152982847136E-4	4.322766570605187E-4	1.280847066860217E-4	2.0533497601314145E-4	2.0527558246946525E-4	6.75812664729337E-5	1.5869867089863122E-4	2.5518160424168533E-4	2.995918061641014E-4	6.17212513983721E-4	3.3060279910369905E-4	2.3901144864839024E-5	0.0	7.037943696450429E-4	0.0	0.0011554015020219526	2.9606821411653245E-5	7.067137809187279E-4	0.002214604253253648	0.006068630696237449	0.010665312341289994	0.0063006300630063005	0.005494505494505495	9.046052631578947E-4	1.5573413069208246E-4	1.0721944245889921E-4	0.0	0.0
	Total # checklists submitted - (Cattle Egret)	59897	41927	37441	52418	36194	52179	74398	41102	41678	48624	53837	76087	56976	54668	55076	76371	79340	86336	77825	81085	50254	48580	46844	53571	38972	29594	25205	35269	26703	25923	27223	41839	32997	32680	32900	41544	33776	35375	32963	45315	35442	32219	29848	36480	32106	27980	31549	46285
	
Birds Per Party Hour
	Cattle Egret	0.0	0.0	0.0	0.0	0.0	0.0	0.0	0.0	0.0	0.0	0.0	0.0	0.0	4.754984240905902	7.059070249218372	5.023203505476886	9.238421927808353	9.742382809398395	6.015954493080428	5.406557627266938	7.829632732103352	8.34151846638757	7.5911261046490415	5.9626812406359075	3.9374554917084317	4.976190476190476	2.3145568487295107	3.767767830221695	3.9179171668667467	4.268615704950379	23.438652889399158	1.8078978710133589	0.0	4.993203767799889	0.0	4.6012578664900365	0.8006006006006006	1.9092310266771315	3.1525718120084583	6.217892195840996	8.778004051064887	8.534901298440847	8.205509789245216	7.21399034842954	16.705882352941178	12.048192771084338	0.0	0.0
	# checklists reporting species - (Cattle Egret)	0.0	0.0	0.0	0.0	0.0	0.0	0.0	0.0	0.0	0.0	0.0	0.0	0.0	7	32	20	32	78	64	32	22	31	14	13	12	4	4	10	8	14	5	4	1	8	0.0	67	5	39	75	253	375	177	188	36	4	1	0.0	0.0
	
High Count
	Cattle Egret	0.0	0.0	0.0	0.0	0.0	0.0	0.0	0.0	0.0	0.0	0.0	0.0	0.0	1	1	4	2	3	4	3	1	1	1	1	2	1	1	1	2	2	3	1	1	18	0.0	1	1	2	13	14	8	8	4	2	1	1	0.0	0.0
	# checklists reporting species - (Cattle Egret)	0.0	0.0	0.0	0.0	0.0	0.0	0.0	0.0	0.0	0.0	0.0	0.0	0.0	7	32	21	38	85	69	34	23	31	14	13	13	4	4	12	9	16	5	5	6	9	0.0	67	7	44	87	274	413	209	196	37	6	3	0.0	0.0
	
Totals
	Cattle Egret	0.0	0.0	0.0	0.0	0.0	0.0	0.0	0.0	0.0	0.0	0.0	0.0	0.0	7	32	24	40	117	74	41	23	31	14	13	14	4	4	12	11	21	11	5	6	26	0.0	67	6	47	125	463	643	329	250	41	6	3	0.0	0.0
	# checklists reporting species - (Cattle Egret)	0.0	0.0	0.0	0.0	0.0	0.0	0.0	0.0	0.0	0.0	0.0	0.0	0.0	7	32	21	38	85	69	34	23	31	14	13	13	4	4	12	9	16	5	5	6	9	0.0	67	6	44	87	271	412	209	194	37	6	3	0.0	0.0
	
Average Count
	Cattle Egret	0.0	0.0	0.0	0.0	0.0	0.0	0.0	0.0	0.0	0.0	0.0	0.0	0.0	1.0	1.0	1.1428571428571428	1.0526315789473684	1.3764705882352941	1.0724637681159421	1.2058823529411764	1.0	1.0	1.0	1.0	1.0769230769230769	1.0	1.0	1.0	1.2222222222222223	1.3125	2.2	1.0	1.0	2.888888888888889	0.0	1.0	1.0	1.0681818181818181	1.4367816091954022	1.7084870848708487	1.5606796116504855	1.5741626794258374	1.288659793814433	1.1081081081081081	1.0	1.0	0.0	0.0
	# checklists reporting species - (Cattle Egret)	0.0	0.0	0.0	0.0	0.0	0.0	0.0	0.0	0.0	0.0	0.0	0.0	0.0	7	32	21	38	85	69	34	23	31	14	13	13	4	4	12	9	16	5	5	6	9	0.0	67	6	44	87	271	412	209	194	37	6	3	0.0	0.0
	
