

	Week starting on...	1/1	1/8	1/15	1/22	2/1	2/8	2/15	2/22	3/1	3/8	3/15	3/22	4/1	4/8	4/15	4/22	5/1	5/8	5/15	5/22	6/1	6/8	6/15	6/22	7/1	7/8	7/15	7/22	8/1	8/8	8/15	8/22	9/1	9/8	9/15	9/22	10/1	10/8	10/15	10/22	11/1	11/8	11/15	11/22	12/1	12/8	12/15	12/22
Frequency (%)
	Black-throated Blue Warbler	0.0	0.0	0.0	0.0	0.0	0.0	0.0	0.0	0.0	0.0	0.0	0.0	0.0017551249648975007	0.0	0.0	0.09296722577941889	5.506680110915049	14.19801704966642	14.996466431095406	4.528581118579269	3.2534723604091216	3.5240839851790864	3.2704295107164203	3.2106923522054847	3.0868315713845838	1.9902682976278976	1.499702439992065	0.813745782415152	0.5879489195970491	0.8525247849400147	1.2489439077250855	3.1979731829154616	5.585356244507077	5.970012239902081	5.285714285714286	5.2474484883497015	4.254500236854572	1.2975265017667845	0.2912356278251373	0.05737614476442679	0.016929067208396816	0.012415034606908968	0.003350308228357009	0.008223684210526315	0.009344047841524948	0.0	0.0	0.0
	Total # checklists submitted - (Black-throated Blue Warbler)	59897	41927	37441	52418	36194	52179	74398	41102	41678	48624	53837	76087	56976	54668	55076	76371	79340	86336	77825	81085	50254	48580	46844	53571	38972	29594	25205	35269	26703	25923	27223	41839	32997	32680	32900	41544	33776	35375	32963	45315	35442	32219	29848	36480	32106	27980	31549	46285
	
Abundance
	Black-throated Blue Warbler	0.0	0.0	0.0	0.0	0.0	0.0	0.0	0.0	0.0	0.0	0.0	0.0	1.7551249648975007E-5	0.0	0.0	0.0011784577915700987	0.10825560877237207	0.31878938102298	0.30657243816254415	0.07386076339643584	0.05281171648028018	0.056792918896665295	0.04764751088720007	0.04655503910697952	0.04931745868828903	0.035243630465634924	0.026463003372346756	0.013354503955314866	0.00853836647567689	0.013501523743393898	0.01939536421408368	0.05162647290805229	0.10010000909173561	0.104406364749082	0.08677811550151976	0.09524841132293473	0.07526054002842254	0.018374558303886925	0.0033674119467281497	5.958291956305859E-4	1.6929067208396818E-4	1.2415034606908968E-4	3.350308228357009E-5	8.223684210526316E-5	9.344047841524949E-5	0.0	0.0	0.0
	Total # checklists submitted - (Black-throated Blue Warbler)	59897	41927	37441	52418	36194	52179	74398	41102	41678	48624	53837	76087	56976	54668	55076	76371	79340	86336	77825	81085	50254	48580	46844	53571	38972	29594	25205	35269	26703	25923	27223	41839	32997	32680	32900	41544	33776	35375	32963	45315	35442	32219	29848	36480	32106	27980	31549	46285
	
Birds Per Party Hour
	Black-throated Blue Warbler	0.0	0.0	0.0	0.0	0.0	0.0	0.0	0.0	0.0	0.0	0.0	0.0	5.46448087431694	0.0	0.0	1.0189278232598697	1.3086033546995357	1.4385957583249478	1.4875223510071525	4.038578948953309	8.282766557232835	8.269447967998811	9.531452913795341	8.658582187297819	7.511841697442222	5.836029121827087	2.343832601955081	1.723261216489988	1.0102766613508058	1.469150516501105	1.1890211060113998	1.1201528269865144	1.3253871123453158	1.2324593593400361	1.0890303117546485	1.4126116136974818	1.317085533395187	0.9838251617119804	0.8066753589852872	0.6351141156032679	1.3620079160528598	3.995819466699536	0.2069108214359611	1.584325926494465	2.862971887550201	0.0	0.0	0.0
	# checklists reporting species - (Black-throated Blue Warbler)	0.0	0.0	0.0	0.0	0.0	0.0	0.0	0.0	0.0	0.0	0.0	0.0	1	0.0	0.0	78	4408	12023	11752	3728	1608	1694	1554	1696	1232	597	390	291	158	227	350	1393	1882	2043	1807	2276	1538	496	97	26	6	4	1	3	5	2	0.0	0.0
	
High Count
	Black-throated Blue Warbler	0.0	0.0	0.0	0.0	0.0	0.0	0.0	0.0	0.0	0.0	0.0	0.0	1	0.0	0.0	3	100	125	75	25	50	22	20	20	30	18	24	8	8	9	10	27	75	35	80	80	54	11	6	2	1	1	1	1	1	1	0.0	0.0
	# checklists reporting species - (Black-throated Blue Warbler)	0.0	0.0	0.0	0.0	0.0	0.0	0.0	0.0	0.0	0.0	0.0	0.0	1	0.0	0.0	94	4955	13935	13063	4191	1759	1812	1679	1849	1317	645	438	331	180	247	388	1535	2045	2199	1947	2456	1658	541	119	44	10	4	2	4	7	3	0.0	0.0
	
Totals
	Black-throated Blue Warbler	0.0	0.0	0.0	0.0	0.0	0.0	0.0	0.0	0.0	0.0	0.0	0.0	1	0.0	0.0	111	9323	30210	26279	6773	2871	2860	2392	2609	2069	1109	756	510	255	383	602	2551	3631	3880	3313	4664	3051	776	137	47	10	4	2	4	7	3	0.0	0.0
	# checklists reporting species - (Black-throated Blue Warbler)	0.0	0.0	0.0	0.0	0.0	0.0	0.0	0.0	0.0	0.0	0.0	0.0	1	0.0	0.0	90	4595	12537	12155	3925	1660	1741	1608	1744	1271	619	409	309	170	244	379	1481	1974	2123	1884	2398	1625	535	118	44	10	4	2	4	7	3	0.0	0.0
	
Average Count
	Black-throated Blue Warbler	0.0	0.0	0.0	0.0	0.0	0.0	0.0	0.0	0.0	0.0	0.0	0.0	1.0	0.0	0.0	1.2333333333333334	2.028944504896627	2.4096673845417564	2.161990950226244	1.7256050955414013	1.7295180722891565	1.642734060884549	1.4875621890547264	1.49598623853211	1.6278520849724627	1.7915993537964459	1.8484107579462103	1.6504854368932038	1.5	1.569672131147541	1.5883905013192612	1.7224848075624577	1.8394123606889565	1.8276024493641074	1.7584925690021231	1.944954128440367	1.8775384615384616	1.4504672897196262	1.1610169491525424	1.0681818181818181	1.0	1.0	1.0	1.0	1.0	1.0	0.0	0.0
	# checklists reporting species - (Black-throated Blue Warbler)	0.0	0.0	0.0	0.0	0.0	0.0	0.0	0.0	0.0	0.0	0.0	0.0	1	0.0	0.0	90	4595	12537	12155	3925	1660	1741	1608	1744	1271	619	409	309	170	244	379	1481	1974	2123	1884	2398	1625	535	118	44	10	4	2	4	7	3	0.0	0.0
	
