

	Week starting on...	1/1	1/8	1/15	1/22	2/1	2/8	2/15	2/22	3/1	3/8	3/15	3/22	4/1	4/8	4/15	4/22	5/1	5/8	5/15	5/22	6/1	6/8	6/15	6/22	7/1	7/8	7/15	7/22	8/1	8/8	8/15	8/22	9/1	9/8	9/15	9/22	10/1	10/8	10/15	10/22	11/1	11/8	11/15	11/22	12/1	12/8	12/15	12/22
Frequency (%)
	Bay-breasted Warbler	0.04173831744494716	0.009540391633076538	0.005341737667263161	0.0	0.0	0.0	0.0	0.0	0.0	0.0	0.0	0.0	0.0	0.0	0.001815672888372431	0.003928192638566996	0.578522813208974	4.770895107487028	10.320591069707676	3.470432262440649	0.7740677359016197	0.7389872375463153	0.657501494321578	0.6272050176401411	0.6183926921892641	0.4054875988376022	0.15076373735369966	0.15877966486149309	0.47560199228551103	1.1186976815954943	2.310546229291408	5.074213054805325	8.464405855077734	9.749082007343942	6.674772036474163	3.5697092239553245	1.030317385125533	0.13568904593639575	0.048539271304189543	0.013240648791790799	0.036679645618193105	0.0	0.003350308228357009	0.0027412280701754384	0.03426150875225815	0.0035739814152966403	0.006339345145646455	0.015123690180404017
	Total # checklists submitted - (Bay-breasted Warbler)	59897	41927	37441	52418	36194	52179	74398	41102	41678	48624	53837	76087	56976	54668	55076	76371	79340	86336	77825	81085	50254	48580	46844	53571	38972	29594	25205	35269	26703	25923	27223	41839	32997	32680	32900	41544	33776	35375	32963	45315	35442	32219	29848	36480	32106	27980	31549	46285
	
Abundance
	Bay-breasted Warbler	4.173831744494716E-4	7.155293724807403E-5	5.341737667263161E-5	0.0	0.0	0.0	0.0	0.0	0.0	0.0	0.0	0.0	0.0	0.0	1.815672888372431E-5	3.9281926385669956E-5	0.006642298966473405	0.0996108228317272	0.23006745904272405	0.07096257014244312	0.009292792613523301	0.008933717579250721	0.007791819656732986	0.007130723712456367	0.006902391460535769	0.004798269919578293	0.002459829398928784	0.0018146247412742069	0.007377448226790997	0.01913358793349535	0.04374977041472285	0.10788976791988336	0.19677546443616087	0.23216034271725827	0.13744680851063829	0.06203061813980358	0.016402179062055898	0.0014982332155477032	4.8539271304189546E-4	1.32406487917908E-4	3.6679645618193106E-4	0.0	3.350308228357009E-5	2.7412280701754386E-5	3.4261508752258147E-4	3.57398141529664E-5	6.339345145646455E-5	1.5123690180404018E-4
	Total # checklists submitted - (Bay-breasted Warbler)	59897	41927	37441	52418	36194	52179	74398	41102	41678	48624	53837	76087	56976	54668	55076	76371	79340	86336	77825	81085	50254	48580	46844	53571	38972	29594	25205	35269	26703	25923	27223	41839	32997	32680	32900	41544	33776	35375	32963	45315	35442	32219	29848	36480	32106	27980	31549	46285
	
Birds Per Party Hour
	Bay-breasted Warbler	0.9706274359289588	1.3334933973589436	1.6002400960384153	0.0	0.0	0.0	0.0	0.0	0.0	0.0	0.0	0.0	0.0	0.0	1.0905125408942202	1.0240301833700183	0.5265178328899306	1.0636978861264725	1.3850438856845704	1.6017142405139535	8.318457583801024	10.170286639544685	9.968655924574843	10.31351904831789	10.99566754659814	8.736370050449587	1.6782871196694433	0.7485648954906251	1.062498921065673	1.0292131919219463	1.2200126173448425	1.5273657556220828	1.6109495577123436	1.789312188776624	1.5634969659497522	1.2473093008104112	1.0848366030629402	0.6174768491771307	0.6444903038847631	0.8906666666818116	0.9857210229892346	0.0	0.856898029134533	0.2678093197643278	1.5055267551986788	0.8	0.6332733453309338	0.9317012519293432
	# checklists reporting species - (Bay-breasted Warbler)	30	3	2	0.0	0.0	0.0	0.0	0.0	0.0	0.0	0.0	0.0	0.0	0.0	1	5	444	3870	8085	2969	393	360	311	338	243	119	37	57	132	304	666	2238	2928	3342	2320	1561	377	52	16	7	16	1	1	2	11	1	2	7
	
High Count
	Bay-breasted Warbler	1	1	1	0.0	0.0	0.0	0.0	0.0	0.0	0.0	0.0	0.0	0.0	0.0	1	1	6	205	100	50	6	7	6	4	4	6	7	5	7	15	13	60	55	67	100	35	50	4	1	1	1	1	1	1	1	1	1	1
	# checklists reporting species - (Bay-breasted Warbler)	31	4	2	0.0	0.0	0.0	0.0	0.0	0.0	0.0	0.0	0.0	0.0	0.0	1	5	527	4772	9006	3219	418	375	322	352	255	127	42	63	139	314	692	2342	3041	3475	2428	1624	395	56	16	9	18	1	1	2	11	1	2	8
	
Totals
	Bay-breasted Warbler	31	3	2	0.0	0.0	0.0	0.0	0.0	0.0	0.0	0.0	0.0	0.0	0.0	1	5	590	9488	19574	6399	500	451	381	397	282	148	65	77	214	535	1298	4963	7011	8222	5064	2778	612	62	16	9	18	1	1	2	11	1	2	8
	# checklists reporting species - (Bay-breasted Warbler)	31	3	2	0.0	0.0	0.0	0.0	0.0	0.0	0.0	0.0	0.0	0.0	0.0	1	5	469	4107	8346	3073	402	371	318	342	245	124	40	61	135	311	677	2300	2998	3423	2378	1599	390	55	16	9	18	1	1	2	11	1	2	8
	
Average Count
	Bay-breasted Warbler	1.0	1.0	1.0	0.0	0.0	0.0	0.0	0.0	0.0	0.0	0.0	0.0	0.0	0.0	1.0	1.0	1.2579957356076759	2.3102020939858776	2.3453151210160557	2.082329970712659	1.243781094527363	1.215633423180593	1.1981132075471699	1.1608187134502923	1.1510204081632653	1.1935483870967742	1.625	1.2622950819672132	1.5851851851851853	1.720257234726688	1.9172821270310192	2.1578260869565216	2.338559039359573	2.401986561495764	2.129520605550883	1.7373358348968104	1.5692307692307692	1.1272727272727272	1.0	1.0	1.0	1.0	1.0	1.0	1.0	1.0	1.0	1.0
	# checklists reporting species - (Bay-breasted Warbler)	31	3	2	0.0	0.0	0.0	0.0	0.0	0.0	0.0	0.0	0.0	0.0	0.0	1	5	469	4107	8346	3073	402	371	318	342	245	124	40	61	135	311	677	2300	2998	3423	2378	1599	390	55	16	9	18	1	1	2	11	1	2	8
	
