

	Week starting on...	1/1	1/8	1/15	1/22	2/1	2/8	2/15	2/22	3/1	3/8	3/15	3/22	4/1	4/8	4/15	4/22	5/1	5/8	5/15	5/22	6/1	6/8	6/15	6/22	7/1	7/8	7/15	7/22	8/1	8/8	8/15	8/22	9/1	9/8	9/15	9/22	10/1	10/8	10/15	10/22	11/1	11/8	11/15	11/22	12/1	12/8	12/15	12/22
Frequency (%)
	Common Tern	0.0	0.0	0.0	0.0	0.0	0.0	0.0	0.0	0.0	0.0	0.0	0.0	0.0017551249648975007	0.08597351284115022	0.5664899411721984	1.9195768027130717	5.195361734308041	7.270431801334322	7.54641824606489	7.092557193069002	4.373781191546942	3.180321119802388	3.1935786867048073	3.2032256258050062	3.7693728830955555	5.085490302088261	6.264630033723467	6.935268933057359	6.796989102348052	5.8249431007213675	5.572493847114572	3.76682043069863	3.030578537442798	2.7906976744186047	1.5987841945288752	1.1987290583477759	1.1250592136428232	0.9074204946996466	0.9556169038012317	0.7613373055279709	0.29625867614694434	0.09932027685527174	0.04690431519699812	0.05482456140350877	0.0	0.0	0.0	0.0
	Total # checklists submitted - (Common Tern)	59897	41927	37441	52418	36194	52179	74398	41102	41678	48624	53837	76087	56976	54668	55076	76371	79340	86336	77825	81085	50254	48580	46844	53571	38972	29594	25205	35269	26703	25923	27223	41839	32997	32680	32900	41544	33776	35375	32963	45315	35442	32219	29848	36480	32106	27980	31549	46285
	
Abundance
	Common Tern	0.0	0.0	0.0	0.0	0.0	0.0	0.0	0.0	0.0	0.0	0.0	0.0	1.7551249648975007E-5	0.002304821833613814	0.01821119907037548	0.09233871495724817	0.430791530123519	0.8971112861378799	0.7376549951814969	0.704347289880989	0.42898077764954035	0.33828736105393165	0.3449107676543421	0.27117283604935505	0.31235245817510005	0.5567682638372643	0.7207696885538584	0.8076214239133517	1.056173463655769	1.3507310110712494	1.8324211144987694	1.8606324242931236	1.8548049822711155	1.4667686658506731	0.9188449848024316	1.111688811862122	1.8307378019895784	0.4022332155477032	3.00640111640324	0.7429328037073817	0.1953332204728853	0.005431577640522673	0.001842669525596355	0.0017269736842105263	0.0	0.0	0.0	0.0
	Total # checklists submitted - (Common Tern)	59897	41927	37441	52418	36194	52179	74398	41102	41678	48624	53837	76087	56976	54668	55076	76371	79340	86336	77825	81085	50254	48580	46844	53571	38972	29594	25205	35269	26703	25923	27223	41839	32997	32680	32900	41544	33776	35375	32963	45315	35442	32219	29848	36480	32106	27980	31549	46285
	
Birds Per Party Hour
	Common Tern	0.0	0.0	0.0	0.0	0.0	0.0	0.0	0.0	0.0	0.0	0.0	0.0	4.238286479250335	3.288439574723991	8.4956919612147	6.328516223800698	9.059437287555127	11.696160624992805	11.657592503404755	13.245471515678377	16.40164993586874	16.456448283418492	18.56738365059937	14.86855397593926	11.474856475755624	19.13755572370237	19.49202265806498	19.358891416392577	18.48137132248279	31.266218061979732	22.999369272347625	123.25950432144798	39.648117985078734	42.52667059572163	32.09193765741195	57.528704114497565	407.7160855488681	31.4551469872343	48.91774421131921	23.453569304288497	16.45906136012905	4.379199688161645	3.64295270582406	3.5573500484827765	0.0	0.0	0.0	0.0
	# checklists reporting species - (Common Tern)	0.0	0.0	0.0	0.0	0.0	0.0	0.0	0.0	0.0	0.0	0.0	0.0	3	53	314	1460	3977	5815	5531	5664	2180	1513	1482	1721	1475	1480	1548	2480	1790	1504	1496	1563	1009	939	550	531	379	335	336	372	119	39	15	20	0.0	0.0	0.0	0.0
	
High Count
	Common Tern	0.0	0.0	0.0	0.0	0.0	0.0	0.0	0.0	0.0	0.0	0.0	0.0	1	35	75	450	2000	2200	6000	550	470	300	2500	500	1000	1000	600	420	2000	10000	12000	10000	5450	4000	5000	21025	11000	1200	9000	3000	2000	60	7	6	0.0	0.0	0.0	0.0
	# checklists reporting species - (Common Tern)	0.0	0.0	0.0	0.0	0.0	0.0	0.0	0.0	0.0	0.0	0.0	0.0	4	71	375	1679	4599	6992	6456	6444	2443	1750	1705	1963	1697	1730	1795	2757	2021	1666	1686	1759	1121	1019	614	558	419	361	354	389	124	39	15	22	0.0	0.0	0.0	0.0
	
Totals
	Common Tern	0.0	0.0	0.0	0.0	0.0	0.0	0.0	0.0	0.0	0.0	0.0	0.0	4	190	1280	8409	37955	85695	73097	62372	23495	18180	17884	15898	13839	18787	20623	32370	31268	36856	56237	94150	67412	54973	32689	52209	64086	16181	100937	35044	7163	216	61	70	0.0	0.0	0.0	0.0
	# checklists reporting species - (Common Tern)	0.0	0.0	0.0	0.0	0.0	0.0	0.0	0.0	0.0	0.0	0.0	0.0	4	68	352	1549	4133	6060	5729	5864	2260	1598	1564	1819	1555	1593	1657	2600	1875	1575	1559	1646	1062	980	587	545	402	356	352	388	124	39	15	22	0.0	0.0	0.0	0.0
	
Average Count
	Common Tern	0.0	0.0	0.0	0.0	0.0	0.0	0.0	0.0	0.0	0.0	0.0	0.0	1.0	2.7941176470588234	3.6363636363636362	5.428663653970303	9.183401887248971	14.141089108910892	12.75912026531681	10.636425648021827	10.396017699115044	11.376720901126408	11.434782608695652	8.739967014843321	8.89967845659164	11.793471437539234	12.44598672299336	12.45	16.676266666666667	23.40063492063492	36.07248236048749	57.1992709599028	63.47645951035781	56.094897959183676	55.688245315161836	95.79633027522935	159.4179104477612	45.45224719101124	286.75284090909093	90.31958762886597	57.766129032258064	5.538461538461538	4.066666666666666	3.1818181818181817	0.0	0.0	0.0	0.0
	# checklists reporting species - (Common Tern)	0.0	0.0	0.0	0.0	0.0	0.0	0.0	0.0	0.0	0.0	0.0	0.0	4	68	352	1549	4133	6060	5729	5864	2260	1598	1564	1819	1555	1593	1657	2600	1875	1575	1559	1646	1062	980	587	545	402	356	352	388	124	39	15	22	0.0	0.0	0.0	0.0
	
