

	Week starting on...	1/1	1/8	1/15	1/22	2/1	2/8	2/15	2/22	3/1	3/8	3/15	3/22	4/1	4/8	4/15	4/22	5/1	5/8	5/15	5/22	6/1	6/8	6/15	6/22	7/1	7/8	7/15	7/22	8/1	8/8	8/15	8/22	9/1	9/8	9/15	9/22	10/1	10/8	10/15	10/22	11/1	11/8	11/15	11/22	12/1	12/8	12/15	12/22
Frequency (%)
	Hermit Thrush	0.5041988747349617	0.45316860257113556	0.42466814454742124	0.5513373268724484	0.5581035530750953	0.30088733015197683	0.20296244522702225	0.19707070215561287	0.1919477902010653	0.13984863441921686	0.15045414863383919	0.2050284542694547	0.8407048581859028	4.1322162874076245	7.589512673396761	11.758389964777207	12.52205697000252	7.143022609340252	4.472855766141985	3.127582166861935	4.652365980817447	6.216550020584602	6.784219964136281	6.807787795635699	7.85948886379965	5.518010407515036	4.030946240825233	3.3088548016671866	2.0259895891847357	0.8718126760020058	0.6685523270763692	0.58796816367504	0.9243264539200534	1.1321909424724603	1.6352583586626142	3.6683997689196994	8.5297252486973	11.437455830388693	11.112459424202894	7.2691161866931475	3.1488065007618085	1.8063875353052545	1.202760653980166	0.6524122807017544	0.7506385099358376	0.7648320228734811	1.0491616216044881	0.5725396996867236
	Total # checklists submitted - (Hermit Thrush)	59897	41927	37441	52418	36194	52179	74398	41102	41678	48624	53837	76087	56976	54668	55076	76371	79340	86336	77825	81085	50254	48580	46844	53571	38972	29594	25205	35269	26703	25923	27223	41839	32997	32680	32900	41544	33776	35375	32963	45315	35442	32219	29848	36480	32106	27980	31549	46285
	
Abundance
	Hermit Thrush	0.005559543883666962	0.004817897774703652	0.004860981277209476	0.006429089244152772	0.006796706636459081	0.0036988060330784417	0.0022446839968816366	0.0019950367378716366	0.0019434713757857862	0.0014807502467917078	0.0015788398313427569	0.0022605701368170646	0.011303004773939904	0.07977244457452257	0.1918076839276636	0.32494009506226185	0.3374590370557096	0.10710479985174202	0.06183103115965307	0.04802367885552198	0.07515819636247861	0.10349938246191849	0.10368457006233456	0.10737152563887178	0.12973416812070204	0.09126850037169697	0.070144812537195	0.05344636933284187	0.02965958881024604	0.011225552598078926	0.008522205488006465	0.007648366356748489	0.011758644725278055	0.0162484700122399	0.023404255319148935	0.06414885422684383	0.19371743249644718	0.3135547703180212	0.3216636835239511	0.2080988635109787	0.052000451441792224	0.02802694062509699	0.01812516751541142	0.008826754385964912	0.010185012147262194	0.009399571122230164	0.015689879235474977	0.006503186777573728
	Total # checklists submitted - (Hermit Thrush)	59897	41927	37441	52418	36194	52179	74398	41102	41678	48624	53837	76087	56976	54668	55076	76371	79340	86336	77825	81085	50254	48580	46844	53571	38972	29594	25205	35269	26703	25923	27223	41839	32997	32680	32900	41544	33776	35375	32963	45315	35442	32219	29848	36480	32106	27980	31549	46285
	
Birds Per Party Hour
	Hermit Thrush	1.6455139554965204	1.5497603605935522	1.5249266562764874	1.5887893104238695	1.951926527371569	1.5514571611550425	2.473395559134688	1.2321128797100336	1.382728444351898	1.1776840383952787	1.1766404628813762	1.6027521294859348	1.7065777377657279	1.7772414380017734	2.178150106298639	2.3367501652367872	1.9337276984091383	1.245792091026012	1.4956962975966452	3.9531378101015076	9.037516776804061	11.271985488226587	12.568528714503312	11.474822473641101	12.376933989576566	8.484608770552217	3.6128789994686414	2.2205897822744785	1.6977218647996488	1.5083018581552508	1.266373896397064	1.0025198504410286	1.560413988771367	1.7769800872328605	2.258797596441685	1.786373480387549	2.0913123473798563	2.31081817172136	2.228497731200811	2.086623418088335	1.7319616436214231	1.8714530195891492	1.74782410597537	1.5810209294513249	1.4636142377729313	2.1999742115291596	1.0290833075416868	0.9743686172944273
	# checklists reporting species - (Hermit Thrush)	325	212	179	326	226	182	167	93	84	77	91	166	505	2356	4323	9307	10057	6198	3487	2494	2338	2993	3159	3606	3051	1635	1029	1169	558	225	186	258	328	401	549	1590	3023	4154	3817	3444	1192	631	384	263	253	238	348	302
	
High Count
	Hermit Thrush	6	3	6	6	8	8	5	2	3	12	3	15	9	45	120	175	130	55	20	40	16	15	34	30	20	15	20	15	8	5	8	6	23	26	30	51	65	600	400	1000	61	17	22	6	250	12	20	14
	# checklists reporting species - (Hermit Thrush)	345	229	188	337	236	185	177	102	91	77	94	178	562	2553	4725	9942	10867	6831	3790	2774	2447	3174	3367	3878	3244	1772	1166	1320	615	253	199	282	344	424	609	1718	3237	4486	4077	3639	1257	656	399	279	267	250	369	328
	
Totals
	Hermit Thrush	384	243	211	386	282	225	194	105	95	92	99	209	748	4825	11740	27250	28658	9986	5146	4190	3927	5204	5054	6032	5271	2864	1965	2086	893	322	249	362	525	676	924	3052	7702	13218	12180	10182	2131	997	589	372	604	327	541	396
	# checklists reporting species - (Hermit Thrush)	343	227	186	337	236	185	176	102	90	77	92	176	546	2483	4574	9637	10330	6394	3577	2608	2383	3071	3242	3700	3125	1692	1080	1244	592	243	195	278	340	417	579	1674	3170	4373	4008	3579	1243	655	397	278	266	250	368	325
	
Average Count
	Hermit Thrush	1.119533527696793	1.0704845814977975	1.1344086021505377	1.1454005934718101	1.194915254237288	1.2162162162162162	1.1022727272727273	1.0294117647058822	1.0555555555555556	1.1948051948051948	1.076086956521739	1.1875	1.36996336996337	1.9432138542086186	2.566681241801487	2.827643457507523	2.774249757986447	1.5617766656240226	1.4386357282639084	1.60659509202454	1.6479227864036927	1.6945620319114294	1.5589142504626774	1.6302702702702703	1.68672	1.6926713947990544	1.8194444444444444	1.6768488745980707	1.508445945945946	1.3251028806584362	1.2769230769230768	1.3021582733812949	1.5441176470588236	1.6211031175059951	1.5958549222797926	1.8231780167264038	2.4296529968454257	3.02263892064944	3.038922155688623	2.8449287510477785	1.7144006436041834	1.5221374045801526	1.4836272040302267	1.3381294964028776	2.2706766917293235	1.308	1.4701086956521738	1.2184615384615385
	# checklists reporting species - (Hermit Thrush)	343	227	186	337	236	185	176	102	90	77	92	176	546	2483	4574	9637	10330	6394	3577	2608	2383	3071	3242	3700	3125	1692	1080	1244	592	243	195	278	340	417	579	1674	3170	4373	4008	3579	1243	655	397	278	266	250	368	325
	
