

	Week starting on...	1/1	1/8	1/15	1/22	2/1	2/8	2/15	2/22	3/1	3/8	3/15	3/22	4/1	4/8	4/15	4/22	5/1	5/8	5/15	5/22	6/1	6/8	6/15	6/22	7/1	7/8	7/15	7/22	8/1	8/8	8/15	8/22	9/1	9/8	9/15	9/22	10/1	10/8	10/15	10/22	11/1	11/8	11/15	11/22	12/1	12/8	12/15	12/22
Frequency (%)
	Tree Swallow	0.0	0.0	0.0	0.0	0.0	0.0	0.0	0.0	0.0071980421325399495	0.1213392563343205	0.5553801289076286	2.327598669943617	8.691378826172423	17.214824028682226	21.688212651608684	28.599861203860105	34.51474665994454	35.68847294292068	35.88050112431738	31.961521859776777	25.199984080869186	21.994648003293538	20.00683118435659	18.96548505721379	16.0268911013035	15.226059336351963	14.286847847649275	13.470753352802745	13.009774182676104	10.932376653936657	10.27440032325607	7.292239298262388	5.133800042428099	2.983476132190942	1.6474164133738602	1.713845561332563	1.7852913311226908	1.4303886925795053	1.444043321299639	0.8231269998896612	0.3950115681959257	0.15829169123808934	0.03350308228357009	0.010964912280701754	0.009344047841524948	0.0	0.0	0.0
	Total # checklists submitted - (Tree Swallow)	59897	41927	37441	52418	36194	52179	74398	41102	41678	48624	53837	76087	56976	54668	55076	76371	79340	86336	77825	81085	50254	48580	46844	53571	38972	29594	25205	35269	26703	25923	27223	41839	32997	32680	32900	41544	33776	35375	32963	45315	35442	32219	29848	36480	32106	27980	31549	46285
	
Abundance
	Tree Swallow	0.0	0.0	0.0	0.0	0.0	0.0	0.0	0.0	7.19804213253995E-5	0.0037224415926291545	0.024128387540167544	0.19617017361704364	1.0122332210053355	2.3811736299114656	3.836026581451086	4.590381165625695	4.473367784219813	4.342753891771682	3.0061933825891423	2.1091323919343896	1.4137382098937399	1.0966447097571017	1.016800444026983	1.042205670978701	1.0723853022682952	1.3654119078191524	1.7558024201547313	2.112166491820012	3.217091712541662	5.34976661651815	5.516915843220806	2.696527163651139	1.7185501712276874	1.0953182374541004	0.6898784194528875	1.0126612747929906	1.1468202273803885	0.7405512367491166	0.7681339683887995	0.27549376586119384	0.08975227131651713	0.010335516310251714	9.045832216563924E-4	1.918859649122807E-4	9.344047841524949E-5	0.0	0.0	0.0
	Total # checklists submitted - (Tree Swallow)	59897	41927	37441	52418	36194	52179	74398	41102	41678	48624	53837	76087	56976	54668	55076	76371	79340	86336	77825	81085	50254	48580	46844	53571	38972	29594	25205	35269	26703	25923	27223	41839	32997	32680	32900	41544	33776	35375	32963	45315	35442	32219	29848	36480	32106	27980	31549	46285
	
Birds Per Party Hour
	Tree Swallow	0.0	0.0	0.0	0.0	0.0	0.0	0.0	0.0	1.913981577847124	7.5301749227458155	8.293673584539524	18.51139035899922	21.29704553500488	27.57886385763414	32.5283238737496	29.432472106375002	17.758542626945044	16.776521621988394	10.542773820527556	9.951210604977692	10.40064197297169	9.765548191178773	10.77315629417284	12.563644703966478	13.25458144244978	15.051198636869971	14.907675861414758	20.15021337934561	29.86401447255867	196.5036421643972	93.05813873166329	65.96268672483563	37.091748522480934	46.410957570063445	49.17569995856977	60.550896034959926	40.4936387828561	56.073821416323945	26.93442358656356	19.221061832975565	9.00006020898775	3.1604956327435705	1.6271615941392756	0.3333333333333333	4.0	0.0	0.0	14.925373134328359
	# checklists reporting species - (Tree Swallow)	0.0	0.0	0.0	0.0	0.0	0.0	0.0	0.0	3	64	301	1813	4970	9281	11492	20977	25329	27614	25452	24236	12074	10231	9067	9747	6009	4270	3374	4496	3224	2666	2554	2845	1593	913	514	707	590	493	491	398	165	62	17	11	2	0.0	0.0	1
	
High Count
	Tree Swallow	0.0	0.0	0.0	0.0	0.0	0.0	0.0	0.0	1	50	80	366	1000	5000	2500	3500	3000	2000	1500	500	400	250	200	300	1500	3000	3000	9000	10000	25000	50000	10000	6000	4000	3000	4000	4000	3000	4000	1045	534	50	27	9	1	0.0	0.0	1
	# checklists reporting species - (Tree Swallow)	0.0	0.0	0.0	0.0	0.0	0.0	0.0	0.0	3	75	356	2075	5559	10286	13034	23493	29228	33038	29756	27848	13612	11533	10142	10933	6791	4805	3858	5109	3697	3042	2976	3264	1809	1039	586	783	680	553	537	423	181	65	17	12	3	0.0	0.0	1
	
Totals
	Tree Swallow	0.0	0.0	0.0	0.0	0.0	0.0	0.0	0.0	3	225	1501	18217	64976	147617	233523	377091	375214	398014	246910	181134	74833	56462	50604	58614	44372	43203	45773	80388	90430	165888	152051	122645	59226	37138	24303	52448	47860	28473	28627	14013	3669	460	144	50	3	0.0	0.0	1
	# checklists reporting species - (Tree Swallow)	0.0	0.0	0.0	0.0	0.0	0.0	0.0	0.0	3	74	345	2010	5295	9723	12091	21625	26024	28386	26094	25054	12498	10669	9411	10146	6260	4422	3506	4653	3317	2763	2642	2939	1639	943	538	735	643	521	524	414	179	65	17	12	3	0.0	0.0	1
	
Average Count
	Tree Swallow	0.0	0.0	0.0	0.0	0.0	0.0	0.0	0.0	1.0	3.0405405405405403	4.350724637681159	9.06318407960199	12.271199244570349	15.182248277280674	19.3137871143826	17.437734104046243	14.417998770365816	14.021489466638483	9.462328504637082	7.229743753492456	5.987598015682509	5.292154841128503	5.37711189034109	5.7770549970431695	7.08817891373802	9.770013568521032	13.05561893896178	17.27659574468085	27.26258667470606	60.039087947882734	57.551476154428464	41.730180333446754	36.13544844417328	39.38282078472959	45.1728624535316	71.3578231292517	74.43234836702955	54.65067178502879	54.63167938931298	33.84782608695652	20.497206703910614	7.076923076923077	8.470588235294118	4.166666666666667	1.0	0.0	0.0	1.0
	# checklists reporting species - (Tree Swallow)	0.0	0.0	0.0	0.0	0.0	0.0	0.0	0.0	3	74	345	2010	5295	9723	12091	21625	26024	28386	26094	25054	12498	10669	9411	10146	6260	4422	3506	4653	3317	2763	2642	2939	1639	943	538	735	643	521	524	414	179	65	17	12	3	0.0	0.0	1
	
