

	Week starting on...	1/1	1/8	1/15	1/22	2/1	2/8	2/15	2/22	3/1	3/8	3/15	3/22	4/1	4/8	4/15	4/22	5/1	5/8	5/15	5/22	6/1	6/8	6/15	6/22	7/1	7/8	7/15	7/22	8/1	8/8	8/15	8/22	9/1	9/8	9/15	9/22	10/1	10/8	10/15	10/22	11/1	11/8	11/15	11/22	12/1	12/8	12/15	12/22
Frequency (%)
	Willet	0.0	0.0	0.0	0.0	0.0	0.0	0.0	0.0	0.0	0.0	0.0	0.0	0.02106149957877001	0.016463013097241533	0.012709710218607015	0.30247083316965867	0.49155533148474917	0.321997776130467	0.23771281721811757	0.13072701486094837	0.05571695785410117	0.043227665706051875	0.004269490222867389	0.013066771200836273	0.005131889561736632	0.04392782320740691	0.047609601269589366	0.005670702316481897	0.026214283039358872	0.10801218994715119	0.23876868824156045	0.13384641124309854	0.1212231414977119	0.0795593635250918	0.05167173252279636	0.02647795108800308	0.041449549976314545	0.008480565371024734	0.00910111336953554	0.0	0.0	0.0	0.0	0.0	0.0	0.0	0.0	0.0
	Total # checklists submitted - (Willet)	59897	41927	37441	52418	36194	52179	74398	41102	41678	48624	53837	76087	56976	54668	55076	76371	79340	86336	77825	81085	50254	48580	46844	53571	38972	29594	25205	35269	26703	25923	27223	41839	32997	32680	32900	41544	33776	35375	32963	45315	35442	32219	29848	36480	32106	27980	31549	46285
	
Abundance
	Willet	0.0	0.0	0.0	0.0	0.0	0.0	0.0	0.0	0.0	0.0	0.0	0.0	2.1061499578770007E-4	1.6463013097241531E-4	1.2709710218607016E-4	0.05867410404472902	0.04263927401058735	0.007644551519644181	0.003263732733697398	0.0014059320466177467	5.372706650216898E-4	4.322766570605187E-4	4.2694902228673894E-5	2.2400179201433613E-4	5.1318895617366314E-5	5.406501317834696E-4	6.347946835945249E-4	5.6707023164818965E-5	0.001385612103508969	0.0016201828492072676	0.0024611541711053154	0.0013623652572958246	0.001424371912598115	0.0011627906976744186	5.47112462006079E-4	2.647795108800308E-4	4.737091425864519E-4	8.480565371024735E-5	9.10111336953554E-5	0.0	0.0	0.0	0.0	0.0	0.0	0.0	0.0	0.0
	Total # checklists submitted - (Willet)	59897	41927	37441	52418	36194	52179	74398	41102	41678	48624	53837	76087	56976	54668	55076	76371	79340	86336	77825	81085	50254	48580	46844	53571	38972	29594	25205	35269	26703	25923	27223	41839	32997	32680	32900	41544	33776	35375	32963	45315	35442	32219	29848	36480	32106	27980	31549	46285
	
Birds Per Party Hour
	Willet	0.0	0.0	0.0	0.0	0.0	0.0	0.0	0.0	0.0	0.0	0.0	0.0	2.5837408681766614	1.4967790468029882	2.267847183590171	47.45119253865133	16.20902718052497	3.435371485465675	2.078626504347409	2.183114496037036	2.3261968373067794	1.534845999103797	0.873581847649919	1.2390058702073314	1.4916420845624385	6.263410794763099	1.7753361852655083	0.48484848484848486	1.1198395291618348	3.16233252027357	2.1057848917536583	2.5490574774774557	2.0143937004418357	1.8771750127869755	1.4144278841418434	2.191970155968137	0.5558863656271719	0.7135802469135802	0.6746751742339127	0.0	0.0	0.0	0.0	0.0	0.0	0.0	0.0	0.0
	# checklists reporting species - (Willet)	0.0	0.0	0.0	0.0	0.0	0.0	0.0	0.0	0.0	0.0	0.0	0.0	13	11	8	295	448	329	217	136	35	31	3	11	2	13	17	4	10	30	80	71	55	41	23	12	15	3	4	0.0	0.0	0	0.0	0.0	0.0	0.0	0.0	0.0
	
High Count
	Willet	0.0	0.0	0.0	0.0	0.0	0.0	0.0	0.0	0.0	0.0	0.0	0.0	1	1	2	109	145	30	28	5	1	1	1	5	1	3	4	1	14	9	2	3	4	3	3	1	2	1	1	0.0	0.0	3	0.0	0.0	0.0	0.0	0.0	0.0
	# checklists reporting species - (Willet)	0.0	0.0	0.0	0.0	0.0	0.0	0.0	0.0	0.0	0.0	0.0	0.0	13	11	9	322	521	387	243	145	41	32	3	11	4	15	18	6	13	32	84	75	58	43	26	13	17	4	4	0.0	0.0	1	0.0	0.0	0.0	0.0	0.0	0.0
	
Totals
	Willet	0.0	0.0	0.0	0.0	0.0	0.0	0.0	0.0	0.0	0.0	0.0	0.0	13	11	10	5489	4456	944	358	161	40	32	3	16	4	18	23	6	49	47	86	82	69	59	27	13	19	4	4	0.0	0.0	3	0.0	0.0	0.0	0.0	0.0	0.0
	# checklists reporting species - (Willet)	0.0	0.0	0.0	0.0	0.0	0.0	0.0	0.0	0.0	0.0	0.0	0.0	13	11	9	322	506	373	236	144	40	32	3	11	4	15	18	6	13	32	82	75	58	43	25	13	17	4	4	0.0	0.0	1	0.0	0.0	0.0	0.0	0.0	0.0
	
Average Count
	Willet	0.0	0.0	0.0	0.0	0.0	0.0	0.0	0.0	0.0	0.0	0.0	0.0	1.0	1.0	1.1111111111111112	17.046583850931675	8.806324110671937	2.5308310991957104	1.5169491525423728	1.1180555555555556	1.0	1.0	1.0	1.4545454545454546	1.0	1.2	1.2777777777777777	1.0	3.769230769230769	1.46875	1.048780487804878	1.0933333333333333	1.1896551724137931	1.372093023255814	1.08	1.0	1.1176470588235294	1.0	1.0	0.0	0.0	3.0	0.0	0.0	0.0	0.0	0.0	0.0
	# checklists reporting species - (Willet)	0.0	0.0	0.0	0.0	0.0	0.0	0.0	0.0	0.0	0.0	0.0	0.0	13	11	9	322	506	373	236	144	40	32	3	11	4	15	18	6	13	32	82	75	58	43	25	13	17	4	4	0.0	0.0	1	0.0	0.0	0.0	0.0	0.0	0.0
	
