

	Week starting on...	1/1	1/8	1/15	1/22	2/1	2/8	2/15	2/22	3/1	3/8	3/15	3/22	4/1	4/8	4/15	4/22	5/1	5/8	5/15	5/22	6/1	6/8	6/15	6/22	7/1	7/8	7/15	7/22	8/1	8/8	8/15	8/22	9/1	9/8	9/15	9/22	10/1	10/8	10/15	10/22	11/1	11/8	11/15	11/22	12/1	12/8	12/15	12/22
Frequency (%)
	Black-billed Cuckoo	0.0	0.0	0.0	0.0	0.0	0.0	0.0	0.0	0.0	0.0	0.0	0.0	0.0	0.0	0.0	0.0013093975461889984	0.07562389715149988	0.6660025945144551	2.374558303886926	4.342356786088673	4.148923468778605	3.8410868670234666	3.4518828451882846	3.246159302607754	2.7712203633377808	2.155842400486585	2.0154731204126164	1.8599903598060619	1.8986630715649926	1.5546040195964974	1.1975168056422878	1.058820717512369	0.7667363699730279	0.5232558139534884	0.303951367781155	0.14201810129019835	0.08585978209379441	0.039575971731448764	0.015168522282559233	0.015447423590422596	0.0	0.0	0.0	0.0	0.0	0.0	0.0	0.0
	Total # checklists submitted - (Black-billed Cuckoo)	59897	41927	37441	52418	36194	52179	74398	41102	41678	48624	53837	76087	56976	54668	55076	76371	79340	86336	77825	81085	50254	48580	46844	53571	38972	29594	25205	35269	26703	25923	27223	41839	32997	32680	32900	41544	33776	35375	32963	45315	35442	32219	29848	36480	32106	27980	31549	46285
	
Abundance
	Black-billed Cuckoo	0.0	0.0	0.0	0.0	0.0	0.0	0.0	0.0	0.0	0.0	0.0	0.0	0.0	0.0	0.0	1.3093975461889984E-5	7.814469372321653E-4	0.0072044106745737585	0.02812720848056537	0.054967009927853486	0.051080511004099174	0.04699464800329354	0.04216121595081547	0.04002165350656139	0.03271579595607103	0.023991349597891464	0.023050981948026187	0.02024440726984037	0.02183275287420889	0.018014890251899857	0.01348124747456195	0.011424747245393054	0.008485619904839833	0.005569155446756426	0.0031914893617021275	0.0015164644714038128	8.882046423495973E-4	3.957597173144876E-4	1.5168522282559232E-4	1.5447423590422596E-4	0.0	0.0	0.0	0.0	0.0	0.0	0.0	0.0
	Total # checklists submitted - (Black-billed Cuckoo)	59897	41927	37441	52418	36194	52179	74398	41102	41678	48624	53837	76087	56976	54668	55076	76371	79340	86336	77825	81085	50254	48580	46844	53571	38972	29594	25205	35269	26703	25923	27223	41839	32997	32680	32900	41544	33776	35375	32963	45315	35442	32219	29848	36480	32106	27980	31549	46285
	
Birds Per Party Hour
	Black-billed Cuckoo	0.0	0.0	0.0	0.0	0.0	0.0	0.0	0.0	0.0	0.0	0.0	0.0	0.0	0.0	0.0	1.4992503748125936	0.3208680930752232	0.856447811201669	1.029476454603209	1.5318575640223546	2.4645146956605504	3.4150504952240985	3.379210447259969	4.299674043720568	3.489073933322592	2.422804501662052	1.579771412462089	1.4320714584077114	1.4434356816157046	1.315516068982796	1.3713253130536314	0.8856301455572541	0.955850705479116	1.2787403009697633	0.6651474990868177	0.65643793681954	2.855901889460328	0.4327209550543073	0.12335269939664512	1.4297204855210788	0.0	0.0	0.0	0.0	0.0	0.0	0.0	0.0
	# checklists reporting species - (Black-billed Cuckoo)	0.0	0.0	0.0	0.0	0.0	0.0	0.0	0.0	0.0	0.0	0.0	0.0	0.0	0.0	0.0	1	60	537	1892	3741	2227	1997	1749	1838	1161	705	555	727	544	446	351	445	265	187	112	64	34	17	9	5	1	0.0	0.0	0.0	0.0	0.0	0.0	0.0
	
High Count
	Black-billed Cuckoo	0.0	0.0	0.0	0.0	0.0	0.0	0.0	0.0	0.0	0.0	0.0	0.0	0.0	0.0	0.0	1	2	7	10	20	8	8	10	18	19	5	4	5	5	6	5	3	4	4	3	2	2	1	1	1	1	0.0	0.0	0.0	0.0	0.0	0.0	0.0
	# checklists reporting species - (Black-billed Cuckoo)	0.0	0.0	0.0	0.0	0.0	0.0	0.0	0.0	0.0	0.0	0.0	0.0	0.0	0.0	0.0	2	81	720	2211	4081	2422	2147	1916	2031	1273	786	620	820	603	495	407	494	305	199	122	75	40	22	10	7	1	0.0	0.0	0.0	0.0	0.0	0.0	0.0
	
Totals
	Black-billed Cuckoo	0.0	0.0	0.0	0.0	0.0	0.0	0.0	0.0	0.0	0.0	0.0	0.0	0.0	0.0	0.0	2	77	741	2568	5065	2928	2592	2294	2444	1477	862	695	903	676	565	451	531	330	213	129	80	41	21	10	7	1	0.0	0.0	0.0	0.0	0.0	0.0	0.0
	# checklists reporting species - (Black-billed Cuckoo)	0.0	0.0	0.0	0.0	0.0	0.0	0.0	0.0	0.0	0.0	0.0	0.0	0.0	0.0	0.0	2	74	605	2038	3920	2357	2099	1854	1963	1237	767	600	790	583	484	393	477	294	197	119	75	40	21	10	7	1	0.0	0.0	0.0	0.0	0.0	0.0	0.0
	
Average Count
	Black-billed Cuckoo	0.0	0.0	0.0	0.0	0.0	0.0	0.0	0.0	0.0	0.0	0.0	0.0	0.0	0.0	0.0	1.0	1.0405405405405406	1.2247933884297522	1.2600588812561335	1.2920918367346939	1.2422571064913026	1.2348737494044784	1.2373247033441208	1.2450331125827814	1.1940177849636218	1.1238591916558018	1.1583333333333334	1.1430379746835444	1.1595197255574614	1.1673553719008265	1.147582697201018	1.1132075471698113	1.1224489795918366	1.0812182741116751	1.084033613445378	1.0666666666666667	1.025	1.0	1.0	1.0	1.0	0.0	0.0	0.0	0.0	0.0	0.0	0.0
	# checklists reporting species - (Black-billed Cuckoo)	0.0	0.0	0.0	0.0	0.0	0.0	0.0	0.0	0.0	0.0	0.0	0.0	0.0	0.0	0.0	2	74	605	2038	3920	2357	2099	1854	1963	1237	767	600	790	583	484	393	477	294	197	119	75	40	21	10	7	1	0.0	0.0	0.0	0.0	0.0	0.0	0.0
	
