

	Week starting on...	1/1	1/8	1/15	1/22	2/1	2/8	2/15	2/22	3/1	3/8	3/15	3/22	4/1	4/8	4/15	4/22	5/1	5/8	5/15	5/22	6/1	6/8	6/15	6/22	7/1	7/8	7/15	7/22	8/1	8/8	8/15	8/22	9/1	9/8	9/15	9/22	10/1	10/8	10/15	10/22	11/1	11/8	11/15	11/22	12/1	12/8	12/15	12/22
Frequency (%)
	American Crow	31.17852313137553	30.221575595678203	30.20218477070591	31.720019840512805	32.84522296513234	28.906264972498512	31.061318852657326	42.70595104861077	46.82326407217237	51.30799605133267	52.259598417445254	51.99048457686596	50.021061499578764	46.79154166971537	45.05955407073861	43.69983370651163	40.54197126291908	37.64246664195701	39.28300674590427	40.499475858666834	40.126159111712504	38.552902428983124	36.71334642643668	35.773086184689475	35.29200451606281	37.28796377644117	38.42491569133109	39.26394283932065	40.680822379507916	38.55649423292057	40.02865224258898	39.812137001362366	40.97342182622663	41.30660954712362	42.109422492401215	43.51771615636434	43.70855045002369	44.531448763250886	43.15444589388102	41.81176210967671	38.47976976468597	35.80185604767373	35.285446261056016	34.03234649122807	32.17778608359808	33.38813438170122	35.96310501125234	33.60483958085773
	Total # checklists submitted - (American Crow)	59897	41927	37441	52418	36194	52179	74398	41102	41678	48624	53837	76087	56976	54668	55076	76371	79340	86336	77825	81085	50254	48580	46844	53571	38972	29594	25205	35269	26703	25923	27223	41839	32997	32680	32900	41544	33776	35375	32963	45315	35442	32219	29848	36480	32106	27980	31549	46285
	
Abundance
	American Crow	12.067499206971968	3.8164428649796074	4.251675970193104	4.765614865122668	4.3674642205890475	3.341152570957665	3.3698889755100945	5.014914116101406	5.1003167138538315	3.5918682132280355	3.251388450322269	2.564879677211613	2.2411015164279697	1.730116338625887	1.5130728447962816	1.298136727291773	1.0848878245525586	0.9402219236471461	0.9739286861548345	0.990984769069495	1.039758029211605	0.9848291477974475	0.9144821108359662	0.8849190793526348	0.9525813404495536	1.0972156518213152	1.1796865701249752	1.2769571011369758	1.5547691270643749	1.3377309724954674	1.4174044006905926	1.6023566528836732	1.5665363517895565	1.6665544675642594	1.7836474164133738	2.1372520700943576	2.4980755566082427	3.2164240282685514	6.004489882595638	15.580492110780096	12.118842051802945	7.7940966510444145	7.398921200750469	6.364199561403509	5.398181025353517	6.720407433881344	14.192335731718913	10.298973749594902
	Total # checklists submitted - (American Crow)	59897	41927	37441	52418	36194	52179	74398	41102	41678	48624	53837	76087	56976	54668	55076	76371	79340	86336	77825	81085	50254	48580	46844	53571	38972	29594	25205	35269	26703	25923	27223	41839	32997	32680	32900	41544	33776	35375	32963	45315	35442	32219	29848	36480	32106	27980	31549	46285
	
Birds Per Party Hour
	American Crow	61.74869665384462	42.998218660972455	49.07929513816285	47.80552039253838	42.53161817269563	38.32267443732629	26.848533828592895	45.567314069046354	33.81960626184663	21.32823544736471	16.455201809760464	14.017878517799584	11.40554797999651	8.734400980927012	7.210826429605896	5.519282351485285	4.368520648163686	3.9590107245903936	3.76197522959124	5.611168657994313	8.40363121282062	10.170416411551313	10.274235833954021	10.37908012183241	8.736476000128958	7.930952695908186	5.956425115684758	6.680353644632487	7.244987539803868	6.200344858256839	6.726247417463864	8.712581220720265	7.412439437521165	7.744665148357968	7.550836156020334	9.68433263569578	12.495123907434643	17.490782463257396	25.8688958240994	37.83419175166355	39.34538659626853	45.493481921007074	37.73366641391456	42.51075394412678	90.9445700149236	53.42470738351279	48.04433727636811	70.94072138766214
	# checklists reporting species - (American Crow)	18967	12659	11290	16549	11803	15114	23189	17479	19534	24801	27837	39090	27831	24799	23965	32642	31241	31441	29544	31860	19855	18445	16928	18889	13494	10765	9493	13565	10707	9902	10707	16363	13190	13231	13776	17896	14625	15551	14127	18722	13535	11413	10355	12265	10095	9154	11271	15507
	
High Count
	American Crow	125000	8000	9300	8000	10000	8100	24000	10000	9000	5000	8000	600	420	200	270	500	128	100	150	200	125	110	200	120	160	300	105	500	250	300	600	1100	750	300	1000	800	750	4000	15350	70000	24000	125000	16000	16000	20000	55000	60000	50000
	# checklists reporting species - (American Crow)	20737	13777	12327	18064	12922	16319	24873	19109	21156	26854	30283	42452	30459	27276	26457	35372	34156	34695	32498	34867	21480	19842	18287	20464	14819	11860	10523	15051	11833	10910	11790	17967	14528	14414	14919	19494	15913	16923	15313	20283	14579	12293	11242	13228	11161	10014	12168	16868
	
Totals
	American Crow	756429	181071	176109	270508	178356	200750	296077	228552	239069	197153	189232	209655	135066	100171	87835	104043	90024	85376	79444	84152	54698	49972	45387	50043	39232	34247	31661	48411	44340	37344	41849	70994	56434	58440	62834	96251	90963	122231	234749	874771	476388	413777	260104	261423	193695	264335	464948	513990
	# checklists reporting species - (American Crow)	20079	13392	12003	17583	12571	15993	24432	18668	20645	26136	29275	40958	29235	26017	25171	33798	32377	32413	30428	32864	20498	19031	17494	19578	14080	11309	9960	14309	11268	10388	11267	17156	13841	13821	14292	18621	15266	16247	14752	19546	14076	11884	10856	12841	10755	9730	11876	16418
	
Average Count
	American Crow	37.67264305991334	13.520833333333334	14.672081979505124	15.384632884035716	14.187892769071674	12.55236666041393	12.118410281597905	12.24298264409685	11.579995156212158	7.543350168350169	6.4639453458582405	5.11878021387763	4.620010261672653	3.850213322058654	3.4895316038298043	3.0783774187821766	2.780492324798468	2.6340048745873568	2.6108847114499802	2.5606134371957157	2.6684554590691776	2.6258210288476698	2.594432376814908	2.5560833588722036	2.786363636363636	3.0282960473958793	3.1788152610441767	3.3832552938709903	3.9350372736954204	3.594917212167886	3.7142983935386527	4.13814408953136	4.077306552994726	4.2283481658346	4.396445563951861	5.168949036034585	5.958535307218656	7.5232966086046655	15.91302874186551	44.75447661925714	33.84398976982097	34.81799057556378	23.959469417833457	20.3584611790359	18.00976290097629	27.167009249743064	39.1502189289323	31.306492873675236
	# checklists reporting species - (American Crow)	20079	13392	12003	17583	12571	15993	24432	18668	20645	26136	29275	40958	29235	26017	25171	33798	32377	32413	30428	32864	20498	19031	17494	19578	14080	11309	9960	14309	11268	10388	11267	17156	13841	13821	14292	18621	15266	16247	14752	19546	14076	11884	10856	12841	10755	9730	11876	16418
	
