

	Week starting on...	1/1	1/8	1/15	1/22	2/1	2/8	2/15	2/22	3/1	3/8	3/15	3/22	4/1	4/8	4/15	4/22	5/1	5/8	5/15	5/22	6/1	6/8	6/15	6/22	7/1	7/8	7/15	7/22	8/1	8/8	8/15	8/22	9/1	9/8	9/15	9/22	10/1	10/8	10/15	10/22	11/1	11/8	11/15	11/22	12/1	12/8	12/15	12/22
Frequency (%)
	Red-breasted Merganser	8.39607993722557	8.529110119970424	7.195320637803477	6.6313098553931855	6.194396861358236	4.593802104294832	3.6896153122395763	6.240572234927741	7.200441479917462	7.664939124712077	6.8465924921522365	6.609539080263382	7.041561359168773	7.29677324943294	7.785605345340983	8.153618520118894	8.570708343836653	8.515567086730911	5.517507227754578	2.9117592649688597	0.9312691527042622	0.4672704816797036	0.328750747160789	0.259468742416606	0.29764959458072465	0.30749476245184837	0.5078357468756199	0.4990218038504069	0.5018162753248698	0.46676696370018905	0.5510046651728319	0.6907430865938478	0.8788677758584114	1.0128518971848224	1.1975683890577509	1.434623531677258	2.457366177167219	3.397879858657244	5.4606680217213235	9.15811541432197	11.587946504147622	11.952574567801607	11.789734655588315	11.192434210526315	11.287609792562138	9.610436025732666	7.940029794922185	7.8664794209787186
	Total # checklists submitted - (Red-breasted Merganser)	59897	41927	37441	52418	36194	52179	74398	41102	41678	48624	53837	76087	56976	54668	55076	76371	79340	86336	77825	81085	50254	48580	46844	53571	38972	29594	25205	35269	26703	25923	27223	41839	32997	32680	32900	41544	33776	35375	32963	45315	35442	32219	29848	36480	32106	27980	31549	46285
	
Abundance
	Red-breasted Merganser	1.364175167370653	1.6179788680325327	0.9423893592585668	0.9424625128772559	0.9163949825938	0.5328197167442841	0.4735073523481814	0.6815726728626345	0.8249436153366284	1.076423165514972	0.99063840852945	1.0995439431177467	1.3628720864925583	1.809358308333943	2.1434744716391894	2.3445024944023256	2.197995966725485	1.6519760007412898	1.0120141342756184	0.3466485786520318	0.06656186572213157	0.02892136681762042	0.01643753735803945	0.010920087360698886	0.011007903109925074	0.018077988781509766	0.027018448720491965	0.026595593864300094	0.018387447103321724	0.017860587123403927	0.026778826727399625	0.02674538110375487	0.03673061187380671	0.04978580171358629	0.07227963525835866	0.10555074138263046	0.36034462340123163	0.832226148409894	3.994600006067409	15.060840781198278	19.539360081259524	19.724541419659207	13.855467703028678	7.564720394736842	9.132436304740548	2.7996068620443175	3.627595169418999	1.8589823917035757
	Total # checklists submitted - (Red-breasted Merganser)	59897	41927	37441	52418	36194	52179	74398	41102	41678	48624	53837	76087	56976	54668	55076	76371	79340	86336	77825	81085	50254	48580	46844	53571	38972	29594	25205	35269	26703	25923	27223	41839	32997	32680	32900	41544	33776	35375	32963	45315	35442	32219	29848	36480	32106	27980	31549	46285
	
Birds Per Party Hour
	Red-breasted Merganser	35.724752888660014	36.79277419761446	32.92917352073358	24.217057875110136	25.68411297888961	24.214567614028077	22.084169058145996	27.483854810745928	24.79599934566011	22.959394220463654	29.37512592597853	31.19076885049441	34.33233091646161	41.88321203343755	41.787232116275256	36.58197344105024	24.418226578891197	15.296614921612006	16.791429799015525	11.813602811741562	7.9591528120126585	4.8786702991497775	5.070199947281729	6.209025157502228	4.560590133926224	11.09610894688143	5.812078599517486	11.040098219913146	2.746595968004052	2.797890016322612	4.808202963198507	4.40838862347437	3.179641569597889	3.939267312204558	6.385069145242717	4.4511598555325005	12.26598570442306	37.66362515181214	60.52833475919603	142.52787481942912	133.93563880005973	101.77763167195815	125.50765106853902	65.58637620816451	72.70392510638062	39.82393870375211	33.91248440011316	32.5734017033522
	# checklists reporting species - (Red-breasted Merganser)	4797	3459	2567	3284	2101	2292	2599	2447	2868	3540	3477	4788	3836	3823	4094	5931	6253	6523	3843	2312	487	237	162	147	111	95	130	184	146	129	142	305	292	331	403	599	809	1195	1787	4071	4016	3745	3388	3910	3469	2601	2441	3568
	
High Count
	Red-breasted Merganser	1500	3185	1000	5000	7500	800	3050	3000	500	2000	4000	2000	5000	3500	2500	5000	7000	5000	2000	1000	303	518	145	40	46	75	33	50	42	42	200	91	170	80	200	700	1500	7500	15000	22000	54000	87000	50000	25000	55800	6505	13500	4000
	# checklists reporting species - (Red-breasted Merganser)	5313	3772	2836	3638	2347	2508	2896	2704	3149	3926	3877	5308	4276	4291	4592	6666	7334	8009	4644	2642	544	264	183	163	138	120	139	205	163	140	166	327	316	363	448	667	895	1293	1951	4453	4381	4090	3705	4322	3849	2828	2636	3864
	
Totals
	Red-breasted Merganser	87287	70503	36193	51736	36034	29327	37027	35433	35414	53673	58417	87179	83257	109229	123948	188384	194215	153418	81043	31725	3713	1547	946	634	497	643	721	1049	592	522	767	1228	1278	1694	2614	4919	14112	39806	187644	778099	829998	853197	478395	321909	310090	87362	120485	102088
	# checklists reporting species - (Red-breasted Merganser)	4919	3541	2625	3369	2153	2369	2686	2525	2925	3625	3555	4933	3947	3948	4229	6090	6467	6764	4005	2427	509	247	170	152	129	107	136	193	155	137	163	324	309	351	431	634	860	1256	1883	4237	4136	3850	3490	4032	3566	2662	2492	3636
	
Average Count
	Red-breasted Merganser	17.74486684285424	19.910477266308952	13.787809523809523	15.356485604036806	16.73664653971203	12.379485014774167	13.78518242740134	14.032871287128712	12.107350427350427	14.806344827586207	16.432348804500702	17.672613014392866	21.093742082594375	27.66691995947315	29.309056514542444	30.933333333333334	30.0316993969383	22.681549379065643	20.2354556803995	13.071693448702101	7.294695481335953	6.2631578947368425	5.564705882352941	4.171052631578948	3.852713178294574	6.009345794392523	5.301470588235294	5.435233160621761	3.8193548387096774	3.81021897810219	4.705521472392638	3.7901234567901234	4.135922330097087	4.8262108262108265	6.064965197215777	7.7586750788643535	16.409302325581397	31.69267515923567	99.65161975570898	183.64385178192117	200.67649903288202	221.6096103896104	137.0759312320917	79.83854166666667	86.95737521031968	32.81818181818182	48.34871589085072	28.07700770077008
	# checklists reporting species - (Red-breasted Merganser)	4919	3541	2625	3369	2153	2369	2686	2525	2925	3625	3555	4933	3947	3948	4229	6090	6467	6764	4005	2427	509	247	170	152	129	107	136	193	155	137	163	324	309	351	431	634	860	1256	1883	4237	4136	3850	3490	4032	3566	2662	2492	3636
	
