

	Week starting on...	1/1	1/8	1/15	1/22	2/1	2/8	2/15	2/22	3/1	3/8	3/15	3/22	4/1	4/8	4/15	4/22	5/1	5/8	5/15	5/22	6/1	6/8	6/15	6/22	7/1	7/8	7/15	7/22	8/1	8/8	8/15	8/22	9/1	9/8	9/15	9/22	10/1	10/8	10/15	10/22	11/1	11/8	11/15	11/22	12/1	12/8	12/15	12/22
Frequency (%)
	Lesser Yellowlegs	0.0	0.0	0.0	0.0	0.0	0.0	0.0	0.009731886526203104	0.0	0.002056597564988483	0.011144751750654753	0.03942854889797206	0.15620612187587757	0.4664520377551767	0.9495969206187813	2.7222374985269275	4.846231409125283	5.308330244625649	3.8882107292001282	0.9212554726521551	0.13929239463525292	0.05969534787978592	0.10887200068311843	0.2706688320173228	1.0623011392794828	2.97695478813273	6.022614560603055	7.425784683433043	9.055162341309964	10.901516028237472	11.813540021305514	11.436697817825474	10.294875291693184	7.567319461444308	6.358662613981762	5.334103601001348	4.278185693983893	3.256537102473498	2.6393228771653066	1.5712236566258413	0.37526098978612943	0.11483907011390795	0.06030554811042616	0.03837719298245614	0.04672023920762475	0.0035739814152966403	0.0	0.0
	Total # checklists submitted - (Lesser Yellowlegs)	59897	41927	37441	52418	36194	52179	74398	41102	41678	48624	53837	76087	56976	54668	55076	76371	79340	86336	77825	81085	50254	48580	46844	53571	38972	29594	25205	35269	26703	25923	27223	41839	32997	32680	32900	41544	33776	35375	32963	45315	35442	32219	29848	36480	32106	27980	31549	46285
	
Abundance
	Lesser Yellowlegs	0.0	0.0	0.0	0.0	0.0	0.0	0.0	1.7030801420855432E-4	0.0	4.113195129976966E-5	1.300221037576388E-4	7.09713880163497E-4	0.003317186183656276	0.012566766664227702	0.031447454426610504	0.14989983108771654	0.39683640030249556	0.3879378243143069	0.17056215868936717	0.016797188135906766	0.0018505989572969316	8.027995059695348E-4	0.0015156690291179232	0.004181366784267607	0.03941291183413733	0.2488342231533419	1.8114659789724261	2.1828801497065413	2.0686439725873496	2.0450950893029356	1.6273004444770967	1.2299529147446162	0.9470557929508743	0.5858935128518972	0.4563525835866261	0.3306614673599076	0.22184391283751775	0.16689752650176679	0.11591784728331767	0.050248262164846076	0.007335929123638621	0.0017381048449672553	6.700616456714018E-4	3.837719298245614E-4	4.6720239207624745E-4	3.57398141529664E-5	0.0	0.0
	Total # checklists submitted - (Lesser Yellowlegs)	59897	41927	37441	52418	36194	52179	74398	41102	41678	48624	53837	76087	56976	54668	55076	76371	79340	86336	77825	81085	50254	48580	46844	53571	38972	29594	25205	35269	26703	25923	27223	41839	32997	32680	32900	41544	33776	35375	32963	45315	35442	32219	29848	36480	32106	27980	31549	46285
	
Birds Per Party Hour
	Lesser Yellowlegs	0.0	0.0	0.0	0.0	0.0	0.0	0.0	5.226358630656967	0.0	24.096385542168676	0.45677767432538213	3.1505237074764785	7.49883091914759	6.605327764044278	7.855716594863037	12.15556909591819	19.457709442629408	15.500370326353703	7.310140415704677	2.916723467167418	2.400239166824018	6.091882449030151	10.58999010269177	4.931932495942907	8.721194704658668	13.835158703023879	19.002472016201356	16.71706215021104	15.766148425660958	16.06926539533961	13.852552206567385	12.44229419328057	11.492971395008853	11.806339503352484	11.079018249118874	10.392774710835406	8.288462558074917	8.047016220797115	6.390983488519774	5.595396863979447	3.522281702798812	4.108680532762959	6.500124298521502	4.529550111344167	7.636985621511803	9.357429718875501	0.0	0.0
	# checklists reporting species - (Lesser Yellowlegs)	0.0	0.0	0.0	0.0	0.0	0.0	0.0	4	0.0	1	13	36	99	289	564	2242	4103	4716	3129	843	85	34	52	160	431	909	1574	2747	2504	2990	3405	5049	3571	2600	2178	2331	1500	1182	904	769	156	44	26	15	17	2	0.0	0.0
	
High Count
	Lesser Yellowlegs	0.0	0.0	0.0	0.0	0.0	0.0	0.0	3	0.0	2	4	5	12	28	56	225	460	425	110	50	6	7	4	23	45	178	737	1734	776	691	454	435	459	220	200	125	100	88	55	31	14	7	2	1	1	1	0.0	0.0
	# checklists reporting species - (Lesser Yellowlegs)	0.0	0.0	0.0	0.0	0.0	0.0	0.0	4	0.0	1	15	40	110	319	625	2449	4566	5308	3472	964	95	38	59	182	485	1002	1704	2982	2707	3223	3697	5456	3872	2791	2374	2507	1618	1278	970	814	177	49	28	18	18	2	0.0	0.0
	
Totals
	Lesser Yellowlegs	0.0	0.0	0.0	0.0	0.0	0.0	0.0	7	0.0	2	20	66	220	788	2116	13219	37325	37687	15045	1850	130	54	78	332	2046	8183	47979	81098	59009	57802	49709	58573	35633	21346	17039	15962	8516	6578	4295	2622	377	69	31	18	18	2	0.0	0.0
	# checklists reporting species - (Lesser Yellowlegs)	0.0	0.0	0.0	0.0	0.0	0.0	0.0	4	0.0	1	15	40	109	310	596	2346	4280	4892	3248	907	89	38	55	178	471	953	1643	2843	2579	3072	3511	5232	3705	2694	2266	2402	1552	1229	939	800	174	49	28	18	18	2	0.0	0.0
	
Average Count
	Lesser Yellowlegs	0.0	0.0	0.0	0.0	0.0	0.0	0.0	1.75	0.0	2.0	1.3333333333333333	1.65	2.018348623853211	2.541935483870968	3.5503355704697985	5.634697357203751	8.720794392523365	7.703802125919869	4.632081280788177	2.0396912899669237	1.4606741573033708	1.4210526315789473	1.4181818181818182	1.8651685393258426	4.343949044585988	8.586568730325288	29.202069385270846	28.525501231093916	22.880573865839473	18.815755208333332	14.15807462261464	11.195145259938839	9.617543859649123	7.923533778767632	7.519417475728155	6.645295587010824	5.487113402061856	5.352318958502848	4.574014909478168	3.2775	2.1666666666666665	1.4081632653061225	1.1071428571428572	1.0	1.0	1.0	0.0	0.0
	# checklists reporting species - (Lesser Yellowlegs)	0.0	0.0	0.0	0.0	0.0	0.0	0.0	4	0.0	1	15	40	109	310	596	2346	4280	4892	3248	907	89	38	55	178	471	953	1643	2843	2579	3072	3511	5232	3705	2694	2266	2402	1552	1229	939	800	174	49	28	18	18	2	0.0	0.0
	
