

	Week starting on...	1/1	1/8	1/15	1/22	2/1	2/8	2/15	2/22	3/1	3/8	3/15	3/22	4/1	4/8	4/15	4/22	5/1	5/8	5/15	5/22	6/1	6/8	6/15	6/22	7/1	7/8	7/15	7/22	8/1	8/8	8/15	8/22	9/1	9/8	9/15	9/22	10/1	10/8	10/15	10/22	11/1	11/8	11/15	11/22	12/1	12/8	12/15	12/22
Frequency (%)
	Brant	0.0066781307911915454	0.0	0.013354344168157903	0.0019077416154756	0.0	0.0	0.0	0.002432971631550776	0.0	0.004113195129976966	0.0018574586251091257	0.0013142849632657354	0.0	0.005487671032413844	0.0	0.010475180369511988	0.03024955886059995	0.14709970348406226	0.49084484420173463	0.5697724609977185	0.21888804871254028	0.05763688760806917	0.046964392451541284	0.0074667264004778695	0.09493995689212768	0.030411569912820166	0.047609601269589366	0.022682809265927587	0.05991836123282028	0.061721251398372104	0.011020093303456636	0.02629125935132293	0.06970330636118435	0.08873929008567931	0.0364741641337386	0.1251684960523782	0.20132638559924204	0.5286219081272084	0.9980887661923975	1.1431093456912722	1.1906777269905762	0.6766193860765387	0.2244706512999196	0.1699561403508772	0.17442222637513236	0.032165832737669764	0.015848362864116138	0.010802635843145727
	Total # checklists submitted - (Brant)	59897	41927	37441	52418	36194	52179	74398	41102	41678	48624	53837	76087	56976	54668	55076	76371	79340	86336	77825	81085	50254	48580	46844	53571	38972	29594	25205	35269	26703	25923	27223	41839	32997	32680	32900	41544	33776	35375	32963	45315	35442	32219	29848	36480	32106	27980	31549	46285
	
Abundance
	Brant	1.6695326977978864E-4	0.0	2.1366950669052644E-4	1.9077416154756E-5	0.0	0.0	0.0	2.432971631550776E-5	0.0	4.113195129976966E-5	1.8574586251091257E-5	1.3142849632657353E-5	0.0	5.487671032413844E-5	0.0	0.0023176336567545274	0.019032014116460803	0.11638250555967383	0.5061869579184067	0.5191095763704754	0.3872925538265611	0.019020172910662825	9.179403979164887E-4	4.2933676802747755E-4	9.493995689212768E-4	3.0411569912820166E-4	4.7609601269589367E-4	4.536561853185517E-4	5.991836123282028E-4	6.943640782316862E-4	1.1020093303456637E-4	3.585171729725854E-4	0.011667727369154772	0.029559363525091798	0.00182370820668693	0.006763912959753514	0.09050805305542398	0.2575547703180212	0.5593544276916543	1.9152377799845526	0.6038316122115005	0.025450820944163382	0.007169659608683999	0.005153508771929825	0.0017753690898897401	3.2165832737669764E-4	1.5848362864116138E-4	1.2963163011774873E-4
	Total # checklists submitted - (Brant)	59897	41927	37441	52418	36194	52179	74398	41102	41678	48624	53837	76087	56976	54668	55076	76371	79340	86336	77825	81085	50254	48580	46844	53571	38972	29594	25205	35269	26703	25923	27223	41839	32997	32680	32900	41544	33776	35375	32963	45315	35442	32219	29848	36480	32106	27980	31549	46285
	
Birds Per Party Hour
	Brant	5.4248756962408	0.0	1.5625053625053624	2.5	0.0	0.0	0.0	3.003003003003003	0.0	1.0905125408942202	2.304147465437788	0.5	0.0	1.42006073685463	0.0	1.9917466986794718	64.37405405472137	77.8531044826929	229.09610977767585	290.4670526372767	57.50495946863169	4.723513858965492	3.2625936601926293	1.0289400278940029	1.8627314258580505	2.2446632147594765	2.379481410774367	1.7072974667501362	1.6016092462597449	2.2388237949834107	1.4756162924101854	1.3553543622058972	2.009277391723216	3.2481156885095603	1.5341799963973892	5.584051280581718	163.01016921200875	240.67873917385973	96.22789418895967	70.52393481882453	31.561288998447726	3.296615655943957	4.9527230883825	3.8189796099566817	4.357421215039485	4.448247949989293	1.1132507507507508	1.7879757568663115
	# checklists reporting species - (Brant)	7	0	5	2	0.0	0.0	0	1	0.0	1	2	2	0.0	3	0.0	6	20	126	416	518	80	23	22	5	41	13	14	8	16	16	3	11	24	34	13	67	70	199	354	566	485	250	70	66	65	10	4	8
	
High Count
	Brant	6	1	4	1	0.0	0.0	1	1	0.0	1	1	1	0.0	1	0.0	112	500	1500	1700	11500	2700	400	19	26	1	1	1	6	1	3	1	4	90	450	200	125	850	850	950	24100	4681	200	90	80	20	1	1	2
	# checklists reporting species - (Brant)	8	1	8	4	0.0	0.0	2	2	0.0	2	4	2	0.0	3	0.0	13	37	186	534	642	134	36	28	6	46	13	15	11	17	17	3	14	26	35	17	73	95	229	414	676	566	288	100	88	76	14	7	11
	
Totals
	Brant	18	1	11	4	0.0	0.0	1	2	0.0	2	4	2	0.0	3	0.0	196	2025	18856	58156	77731	20516	1034	51	51	46	13	15	19	17	19	3	18	388	972	264	338	4409	11338	23582	91021	22905	969	363	289	96	14	7	14
	# checklists reporting species - (Brant)	8	1	8	4	0.0	0.0	1	2	0.0	2	4	2	0.0	3	0.0	13	37	179	498	618	126	35	26	6	46	13	15	10	17	17	3	14	25	35	16	72	89	220	407	656	552	281	95	88	76	14	7	10
	
Average Count
	Brant	2.25	1.0	1.375	1.0	0.0	0.0	1.0	1.0	0.0	1.0	1.0	1.0	0.0	1.0	0.0	15.076923076923077	54.729729729729726	105.34078212290503	116.77911646586345	125.77831715210355	162.82539682539684	29.542857142857144	1.9615384615384615	8.5	1.0	1.0	1.0	1.9	1.0	1.1176470588235294	1.0	1.2857142857142858	15.52	27.771428571428572	16.5	4.694444444444445	49.53932584269663	51.53636363636364	57.941031941031945	138.7515243902439	41.494565217391305	3.4483985765124556	3.8210526315789473	3.284090909090909	1.263157894736842	1.0	1.0	1.4
	# checklists reporting species - (Brant)	8	1	8	4	0.0	0.0	1	2	0.0	2	4	2	0.0	3	0.0	13	37	179	498	618	126	35	26	6	46	13	15	10	17	17	3	14	25	35	16	72	89	220	407	656	552	281	95	88	76	14	7	10
	
