

	Week starting on...	1/1	1/8	1/15	1/22	2/1	2/8	2/15	2/22	3/1	3/8	3/15	3/22	4/1	4/8	4/15	4/22	5/1	5/8	5/15	5/22	6/1	6/8	6/15	6/22	7/1	7/8	7/15	7/22	8/1	8/8	8/15	8/22	9/1	9/8	9/15	9/22	10/1	10/8	10/15	10/22	11/1	11/8	11/15	11/22	12/1	12/8	12/15	12/22
Frequency (%)
	Northern Waterthrush	0.008347663488989432	0.0023850979082691345	0.0	0.0	0.0	0.0	0.0	0.0	0.0023993473775133166	0.0	0.0	0.0	0.0	0.0018292236774712814	0.061732878204662646	1.3264197142894554	6.635996975044114	8.22484247590808	8.322518470928365	6.003576493802799	5.020495880924901	4.435981885549609	4.167022457518573	3.5821619906292583	2.92517705018988	1.83483138474015	1.4600277722674073	1.4006634721710285	2.1233569261880687	1.9635073101107126	1.792601844028946	1.8356079256196371	1.8819892717519775	1.1689106487148102	0.547112462006079	0.3129212401309455	0.10658455708195168	0.045229681978798585	0.01820222673907108	0.006620324395895399	0.0	0.006207517303454484	0.003350308228357009	0.0027412280701754384	0.0	0.007147962830593281	0.019018035436939362	0.010802635843145727
	Total # checklists submitted - (Northern Waterthrush)	59897	41927	37441	52418	36194	52179	74398	41102	41678	48624	53837	76087	56976	54668	55076	76371	79340	86336	77825	81085	50254	48580	46844	53571	38972	29594	25205	35269	26703	25923	27223	41839	32997	32680	32900	41544	33776	35375	32963	45315	35442	32219	29848	36480	32106	27980	31549	46285
	
Abundance
	Northern Waterthrush	8.347663488989432E-5	2.3850979082691346E-5	0.0	0.0	0.0	0.0	0.0	0.0	2.3993473775133165E-5	0.0	0.0	0.0	0.0	1.8292236774712813E-5	7.08112426465248E-4	0.020413507745086486	0.12394756743130829	0.1388065233506301	0.15153228397044652	0.1093050502559043	0.08086918454252398	0.07299300123507617	0.06876014003927931	0.05389109779544903	0.041747921584727496	0.023552071365817395	0.01864709383058917	0.017834358785335565	0.02950979290716399	0.025652895112448403	0.022370789406016972	0.02571763187456679	0.025547777070642787	0.014902080783353732	0.006170212765957447	0.00353841709994223	0.0014211274277593558	5.371024734982333E-4	1.820222673907108E-4	6.6203243958954E-5	0.0	6.207517303454484E-5	3.350308228357009E-5	2.7412280701754386E-5	0.0	7.14796283059328E-5	1.9018035436939364E-4	1.0802635843145727E-4
	Total # checklists submitted - (Northern Waterthrush)	59897	41927	37441	52418	36194	52179	74398	41102	41678	48624	53837	76087	56976	54668	55076	76371	79340	86336	77825	81085	50254	48580	46844	53571	38972	29594	25205	35269	26703	25923	27223	41839	32997	32680	32900	41544	33776	35375	32963	45315	35442	32219	29848	36480	32106	27980	31549	46285
	
Birds Per Party Hour
	Northern Waterthrush	7.895572263993317	7.518796992481203	0.0	0.0	0.0	0.0	0.0	0.0	0.2390628735357399	0.0	0.0	0.0	0.0	0.7501875468867217	2.6847664414773202	2.557763939117974	2.4697074210866723	1.6904116222398293	2.1852781998776134	3.9837365493138077	6.1915764540217735	6.486907023711232	7.456164890013042	7.7689728067333155	6.59562299089961	4.505352357253461	1.8116562750029241	1.6366282364967606	1.8629499487059977	1.019567388422987	0.8859893902973497	0.9675230660378668	0.8626720042206036	0.7493871102799898	0.6711582523050483	0.7425708086649367	0.8423922084855009	0.47756205594286155	0.36225680054294424	0.5028133235533617	0.0	1.0654811570841238	0.7057163020465773	0.8	0.0	2.0	1.2836309132965362	1.5636379240103284
	# checklists reporting species - (Northern Waterthrush)	5	1	0.0	0.0	0.0	0.0	0.0	0.0	1	0.0	0.0	0.0	0.0	1	36	1075	5333	6902	6417	4895	2502	2138	1962	1896	1161	531	377	525	608	554	528	850	651	417	199	147	48	16	8	7	0.0	2	1	1	1	1	6	5
	
High Count
	Northern Waterthrush	1	1	0.0	0.0	0.0	0.0	0.0	0.0	1	0.0	0.0	0.0	0.0	1	3	24	30	25	59	30	22	16	35	100	125	10	6	8	7	9	70	12	15	6	3	4	6	3	1	1	0.0	1	1	1	1	1	1	1
	# checklists reporting species - (Northern Waterthrush)	5	1	0.0	0.0	0.0	0.0	0.0	0.0	1	0.0	0.0	0.0	0.0	1	43	1213	5838	7966	7075	5364	2714	2353	2157	2136	1287	614	411	569	654	610	582	921	699	437	217	155	51	18	9	9	0.0	3	2	1	1	3	6	5
	
Totals
	Northern Waterthrush	5	1	0.0	0.0	0.0	0.0	0.0	0.0	1	0.0	0.0	0.0	0.0	1	47	1824	10595	12957	12529	9464	4293	3756	3514	3258	1892	772	519	731	890	793	784	1251	937	554	251	174	69	21	9	9	0.0	3	2	1	1	3	6	5
	# checklists reporting species - (Northern Waterthrush)	5	1	0.0	0.0	0.0	0.0	0.0	0.0	1	0.0	0.0	0.0	0.0	1	42	1178	5557	7215	6654	5101	2610	2257	2083	2041	1236	592	390	552	635	596	563	894	680	431	216	153	50	18	9	9	0.0	3	2	1	1	3	6	5
	
Average Count
	Northern Waterthrush	1.0	1.0	0.0	0.0	0.0	0.0	0.0	0.0	1.0	0.0	0.0	0.0	0.0	1.0	1.119047619047619	1.5483870967741935	1.9066042828864496	1.7958419958419958	1.8829275623685002	1.8553224857871005	1.6448275862068966	1.6641559592379265	1.686989918386942	1.5962763351298384	1.5307443365695792	1.304054054054054	1.3307692307692307	1.3242753623188406	1.4015748031496063	1.330536912751678	1.3925399644760212	1.3993288590604027	1.3779411764705882	1.28538283062645	1.162037037037037	1.1372549019607843	1.38	1.1666666666666667	1.0	1.0	0.0	1.0	1.0	1.0	1.0	1.0	1.0	1.0
	# checklists reporting species - (Northern Waterthrush)	5	1	0.0	0.0	0.0	0.0	0.0	0.0	1	0.0	0.0	0.0	0.0	1	42	1178	5557	7215	6654	5101	2610	2257	2083	2041	1236	592	390	552	635	596	563	894	680	431	216	153	50	18	9	9	0.0	3	2	1	1	3	6	5
	
