

	Week starting on...	1/1	1/8	1/15	1/22	2/1	2/8	2/15	2/22	3/1	3/8	3/15	3/22	4/1	4/8	4/15	4/22	5/1	5/8	5/15	5/22	6/1	6/8	6/15	6/22	7/1	7/8	7/15	7/22	8/1	8/8	8/15	8/22	9/1	9/8	9/15	9/22	10/1	10/8	10/15	10/22	11/1	11/8	11/15	11/22	12/1	12/8	12/15	12/22
Frequency (%)
	Cliff Swallow	0.0	0.0	0.0	0.0	0.0	0.0	0.0	0.0	0.0	0.0	0.0037149172502182514	0.0052571398530629415	0.014040999719180006	0.04755981561425331	0.36858159633960347	1.3460606774822903	3.122006554071086	4.685183469236471	4.734982332155477	4.481716717025344	3.6514506307955585	3.025936599423631	2.884040645546922	3.0762912769968827	3.2484860925792876	3.733864972629587	3.8841499702439988	3.7001332615044373	3.999550612290754	3.3638082012112798	3.126033133747199	1.869069528430412	1.1001000090917357	0.5232558139534884	0.10334346504559272	0.07943385326400924	0.029606821411653248	0.011307420494699646	0.00910111336953554	0.011033873993158999	0.03385813441679363	0.0	0.0	0.0	0.0	0.0	0.0	0.0
	Total # checklists submitted - (Cliff Swallow)	59897	41927	37441	52418	36194	52179	74398	41102	41678	48624	53837	76087	56976	54668	55076	76371	79340	86336	77825	81085	50254	48580	46844	53571	38972	29594	25205	35269	26703	25923	27223	41839	32997	32680	32900	41544	33776	35375	32963	45315	35442	32219	29848	36480	32106	27980	31549	46285
	
Abundance
	Cliff Swallow	0.0	0.0	0.0	0.0	0.0	0.0	0.0	0.0	0.0	0.0	3.7149172502182514E-5	3.022855415511191E-4	1.4040999719180006E-4	9.511963122850663E-4	0.012255791996513908	0.056893323381911984	0.1836904461809932	0.3392790956263899	0.37752650176678443	0.32536227415674907	0.2569745691885223	0.19405104981473859	0.1989795918367347	0.20078027290884995	0.2518218207944165	0.3218219909441103	0.3320372941876612	0.2903683121154555	0.23128487435868628	0.19430621455850017	0.1791867171142049	0.1482109993068668	0.07088523199078704	0.08641370869033048	0.0028267477203647415	0.0021182360870402464	9.474182851729038E-4	8.480565371024735E-5	9.10111336953554E-5	1.9860973187686197E-4	3.3858134416793635E-4	0.0	0.0	0.0	0.0	0.0	0.0	0.0
	Total # checklists submitted - (Cliff Swallow)	59897	41927	37441	52418	36194	52179	74398	41102	41678	48624	53837	76087	56976	54668	55076	76371	79340	86336	77825	81085	50254	48580	46844	53571	38972	29594	25205	35269	26703	25923	27223	41839	32997	32680	32900	41544	33776	35375	32963	45315	35442	32219	29848	36480	32106	27980	31549	46285
	
Birds Per Party Hour
	Cliff Swallow	0.0	0.0	0.0	0.0	0.0	0.0	0.0	0.0	0.0	0.0	1.7287742287742287	8.832818314651625	0.9673912355748471	2.2301300395297874	4.039516755415561	8.964096219165032	8.811664355543792	10.112118567153068	12.574749323762104	15.018361420179255	18.084213456592888	17.63971918562202	18.203183463906292	19.480049672818204	21.77396580606804	18.985765009726652	16.892034143087155	12.683668188428145	10.646195431930066	6.868432067465069	8.15062399602927	6.769202723084124	6.573542216320223	6.253790020249866	2.340229325815301	3.9258104550172277	1.9374766512924408	0.6070588222220015	0.12956808658153326	1.1772489192242355	1.625253160449852	0.0	0.0	0.0	0.0	0.0	0.0	0.0
	# checklists reporting species - (Cliff Swallow)	0.0	0.0	0.0	0.0	0.0	0.0	0.0	0.0	0.0	0.0	2	5	15	32	211	1058	2421	3774	3439	3520	1795	1439	1344	1602	1270	1079	945	1286	1027	865	824	762	359	157	35	37	8	3	4	6	20	1	0	0.0	0.0	0.0	0.0	0.0
	
High Count
	Cliff Swallow	0.0	0.0	0.0	0.0	0.0	0.0	0.0	0.0	0.0	0.0	1	20	2	8	100	76	750	3500	600	300	300	200	150	250	250	200	200	400	305	200	400	2000	355	2000	20	40	20	1	1	4	1	1	1	0.0	0.0	0.0	0.0	0.0
	# checklists reporting species - (Cliff Swallow)	0.0	0.0	0.0	0.0	0.0	0.0	0.0	0.0	0.0	0.0	2	5	16	40	248	1158	2759	4535	4097	4084	2049	1668	1550	1861	1427	1227	1074	1422	1146	949	926	853	403	183	37	39	12	5	4	7	25	1	1	0.0	0.0	0.0	0.0	0.0
	
Totals
	Cliff Swallow	0.0	0.0	0.0	0.0	0.0	0.0	0.0	0.0	0.0	0.0	2	24	16	76	859	4987	15811	33508	32455	29538	14450	10221	10217	12086	10919	10238	9054	11045	6575	5336	5381	6646	2815	2867	110	101	39	4	4	12	24	1	0	0.0	0.0	0.0	0.0	0.0
	# checklists reporting species - (Cliff Swallow)	0.0	0.0	0.0	0.0	0.0	0.0	0.0	0.0	0.0	0.0	2	5	15	40	242	1102	2510	3931	3594	3668	1874	1526	1419	1715	1328	1138	984	1325	1072	893	862	798	371	170	36	38	10	4	4	7	24	1	0	0.0	0.0	0.0	0.0	0.0
	
Average Count
	Cliff Swallow	0.0	0.0	0.0	0.0	0.0	0.0	0.0	0.0	0.0	0.0	1.0	4.8	1.0666666666666667	1.9	3.549586776859504	4.525408348457351	6.299203187250996	8.524039684558636	9.030328324986089	8.05288985823337	7.710779082177162	6.6979030144167755	7.200140944326991	7.0472303206997085	8.222138554216867	8.996485061511423	9.201219512195122	8.335849056603774	6.13339552238806	5.9753639417693165	6.24245939675174	8.328320802005013	7.587601078167116	16.86470588235294	3.0555555555555554	2.6578947368421053	3.9	1.0	1.0	1.7142857142857142	1.0	1.0	0.0	0.0	0.0	0.0	0.0	0.0
	# checklists reporting species - (Cliff Swallow)	0.0	0.0	0.0	0.0	0.0	0.0	0.0	0.0	0.0	0.0	2	5	15	40	242	1102	2510	3931	3594	3668	1874	1526	1419	1715	1328	1138	984	1325	1072	893	862	798	371	170	36	38	10	4	4	7	24	1	0	0.0	0.0	0.0	0.0	0.0
	
