

	Week starting on...	1/1	1/8	1/15	1/22	2/1	2/8	2/15	2/22	3/1	3/8	3/15	3/22	4/1	4/8	4/15	4/22	5/1	5/8	5/15	5/22	6/1	6/8	6/15	6/22	7/1	7/8	7/15	7/22	8/1	8/8	8/15	8/22	9/1	9/8	9/15	9/22	10/1	10/8	10/15	10/22	11/1	11/8	11/15	11/22	12/1	12/8	12/15	12/22
Frequency (%)
	Hudsonian Godwit	0.0	0.0	0.0	0.0	0.0	0.0	0.0	0.0	0.0	0.0	0.0	0.0	0.0	0.0	0.0	0.0	0.005041593143433325	0.038222757598220906	0.025698682942499197	0.053030770179441335	0.05372706650216898	0.16879374228077398	0.1238152164631543	0.08773403520561497	0.06928050908344452	0.06420220314928701	0.5911525490974013	0.6748135756613457	0.7714489008725611	0.7252247039308722	0.5877383095176872	0.48997346972920003	0.38791405279267815	0.13769889840881275	0.270516717325228	0.8352590025033699	0.675035528185694	0.6530035335689046	0.9010102235840185	0.5097649784839458	0.21725636250775915	0.10863155281045345	0.04020369874028411	0.0	0.0	0.0	0.0	0.0
	Total # checklists submitted - (Hudsonian Godwit)	59897	41927	37441	52418	36194	52179	74398	41102	41678	48624	53837	76087	56976	54668	55076	76371	79340	86336	77825	81085	50254	48580	46844	53571	38972	29594	25205	35269	26703	25923	27223	41839	32997	32680	32900	41544	33776	35375	32963	45315	35442	32219	29848	36480	32106	27980	31549	46285
	
Abundance
	Hudsonian Godwit	0.0	0.0	0.0	0.0	0.0	0.0	0.0	0.0	0.0	0.0	0.0	0.0	0.0	0.0	0.0	0.0	3.781194857574994E-5	4.748888065233506E-4	3.2123353678124E-4	5.179749645433804E-4	0.0013332272057945637	0.00547550432276657	0.005059345914097857	0.0039013645442496875	0.0023863286462075337	0.00858282084206258	0.8071414401904384	1.4166548527035074	1.7593528816986856	1.964664583574432	1.4202328913051463	0.7633786658380937	0.26926690305179257	0.037943696450428395	0.011580547112462007	0.05659060273445022	0.02116887730933207	0.07968904593639577	0.013226951430391652	0.01034977380558314	0.002793296089385475	0.0012415034606908966	4.6904315196998124E-4	0.0	0.0	0.0	0.0	0.0
	Total # checklists submitted - (Hudsonian Godwit)	59897	41927	37441	52418	36194	52179	74398	41102	41678	48624	53837	76087	56976	54668	55076	76371	79340	86336	77825	81085	50254	48580	46844	53571	38972	29594	25205	35269	26703	25923	27223	41839	32997	32680	32900	41544	33776	35375	32963	45315	35442	32219	29848	36480	32106	27980	31549	46285
	
Birds Per Party Hour
	Hudsonian Godwit	0.0	0.0	0.0	0.0	0.0	0.0	0.0	0.0	0.0	0.0	0.0	0.0	0.0	0.0	0.0	0.0	1.0	2.1688144349874414	1.655319068775565	1.2777155663852986	6.019435436919097	6.458602938598331	4.015627087422632	9.869186992354974	6.898204690251707	4.405346603684427	20.231080595568628	32.25349970736969	28.86503676113138	33.194371912823954	43.720775899445854	26.787337983005546	9.320601321927708	5.558066005659535	2.6314262143963356	14.13640320822842	3.465056921901935	2.846400856403328	3.023813988289349	4.349665599221359	3.3577168680642915	1.873305716335401	2.169168283057974	9.78349488178277	0.0	0.0	0.0	0.0
	# checklists reporting species - (Hudsonian Godwit)	0.0	0.0	0.0	0.0	0.0	0.0	0.0	0.0	0.0	0.0	0.0	0.0	0.0	0.0	0.0	0.0	5	44	31	50	27	84	61	55	27	17	149	244	204	185	163	230	146	53	108	398	276	257	347	264	91	42	16	2	0.0	0.0	0.0	0.0
	
High Count
	Hudsonian Godwit	0.0	0.0	0.0	0.0	0.0	0.0	0.0	0.0	0.0	0.0	0.0	0.0	0.0	0.0	0.0	0.0	1	2	3	4	5	13	20	22	14	77	996	1876	2381	5088	3295	2383	2400	231	220	195	130	1200	22	9	5	2	3	1	0.0	0.0	0.0	0.0
	# checklists reporting species - (Hudsonian Godwit)	0.0	0.0	0.0	0.0	0.0	0.0	0.0	0.0	0.0	0.0	0.0	0.0	0.0	0.0	0.0	0.0	6	45	38	58	31	93	67	58	32	20	150	249	207	190	172	238	146	54	115	409	293	285	359	283	99	42	16	2	0.0	0.0	0.0	0.0
	
Totals
	Hudsonian Godwit	0.0	0.0	0.0	0.0	0.0	0.0	0.0	0.0	0.0	0.0	0.0	0.0	0.0	0.0	0.0	0.0	5	53	46	59	75	306	294	304	118	256	20346	51698	46981	50942	38675	32025	8981	1274	443	2577	906	2924	580	573	133	48	19	2	0.0	0.0	0.0	0.0
	# checklists reporting species - (Hudsonian Godwit)	0.0	0.0	0.0	0.0	0.0	0.0	0.0	0.0	0.0	0.0	0.0	0.0	0.0	0.0	0.0	0.0	5	44	38	52	28	87	62	55	31	18	149	249	207	190	170	237	146	54	114	406	291	282	357	281	97	42	16	2	0.0	0.0	0.0	0.0
	
Average Count
	Hudsonian Godwit	0.0	0.0	0.0	0.0	0.0	0.0	0.0	0.0	0.0	0.0	0.0	0.0	0.0	0.0	0.0	0.0	1.0	1.2045454545454546	1.2105263157894737	1.1346153846153846	2.6785714285714284	3.5172413793103448	4.741935483870968	5.527272727272727	3.806451612903226	14.222222222222221	136.5503355704698	207.62248995983936	226.96135265700482	268.11578947368423	227.5	135.126582278481	61.513698630136986	23.59259259259259	3.8859649122807016	6.347290640394089	3.11340206185567	10.368794326241135	1.6246498599439776	2.03914590747331	1.3711340206185567	1.1428571428571428	1.1875	1.0	0.0	0.0	0.0	0.0
	# checklists reporting species - (Hudsonian Godwit)	0.0	0.0	0.0	0.0	0.0	0.0	0.0	0.0	0.0	0.0	0.0	0.0	0.0	0.0	0.0	0.0	5	44	38	52	28	87	62	55	31	18	149	249	207	190	170	237	146	54	114	406	291	282	357	281	97	42	16	2	0.0	0.0	0.0	0.0
	
