

	Week starting on...	1/1	1/8	1/15	1/22	2/1	2/8	2/15	2/22	3/1	3/8	3/15	3/22	4/1	4/8	4/15	4/22	5/1	5/8	5/15	5/22	6/1	6/8	6/15	6/22	7/1	7/8	7/15	7/22	8/1	8/8	8/15	8/22	9/1	9/8	9/15	9/22	10/1	10/8	10/15	10/22	11/1	11/8	11/15	11/22	12/1	12/8	12/15	12/22
Frequency (%)
	Prothonotary Warbler	0.0	0.0	0.0	0.0	0.0	0.0	0.0	0.0	0.0	0.0	0.0	0.0	0.0	0.0	0.0	0.031425541108535966	0.8885807915301235	2.377918828762046	1.663989720526823	0.5167416908182771	0.36415011740358977	0.21407986825854264	0.13662368713175646	0.11760094080752645	0.07184645386431283	0.05068594985470028	0.027772267407260465	0.019847458107686636	0.04119387334756394	0.030860625699186052	0.05142710208279763	0.06453309113506538	0.02727520683698518	0.01529987760097919	0.0	0.055362988638551894	0.0059213642823306495	0.0	0.0	0.0	0.0	0.0	0.0	0.0	0.0	0.0	0.0	0.0
	Total # checklists submitted - (Prothonotary Warbler)	59897	41927	37441	52418	36194	52179	74398	41102	41678	48624	53837	76087	56976	54668	55076	76371	79340	86336	77825	81085	50254	48580	46844	53571	38972	29594	25205	35269	26703	25923	27223	41839	32997	32680	32900	41544	33776	35375	32963	45315	35442	32219	29848	36480	32106	27980	31549	46285
	
Abundance
	Prothonotary Warbler	0.0	0.0	0.0	0.0	0.0	0.0	0.0	0.0	0.0	0.0	0.0	0.0	0.0	0.0	0.0	3.1425541108535965E-4	0.010146206201159566	0.030960433654558934	0.025338901381304207	0.007251649503607326	0.005352807736697576	0.0034787978592013174	0.0022414823670053796	0.0021093502081349982	0.001616545211947039	8.447658309116713E-4	7.538186867684984E-4	2.835351158240948E-4	4.4938770924615214E-4	3.086062569918605E-4	5.877383095176873E-4	6.453309113506537E-4	2.727520683698518E-4	1.529987760097919E-4	0.0	5.53629886385519E-4	5.921364282330649E-5	0.0	0.0	0.0	0.0	0.0	0.0	0.0	0.0	0.0	0.0	0.0
	Total # checklists submitted - (Prothonotary Warbler)	59897	41927	37441	52418	36194	52179	74398	41102	41678	48624	53837	76087	56976	54668	55076	76371	79340	86336	77825	81085	50254	48580	46844	53571	38972	29594	25205	35269	26703	25923	27223	41839	32997	32680	32900	41544	33776	35375	32963	45315	35442	32219	29848	36480	32106	27980	31549	46285
	
Birds Per Party Hour
	Prothonotary Warbler	0.0	0.0	0.0	0.0	0.0	0.0	0.0	0.0	0.0	0.0	0.0	0.0	0.0	0.0	0.1111111111111111	0.7000811170491875	0.7283036239771246	0.6563035172761845	0.7123618284389356	1.4996810601262214	1.6161536988892107	2.0962450564964543	2.3841200216081	2.0643324437741244	2.451005267289421	1.5782317024903925	1.7328999844841766	0.6394128890877627	0.9194457157176682	0.5596324590393991	0.6194704462433708	0.4681132897506505	1.314541499330656	0.572288735823575	0.0	2.5087305169093637	0.14285714285714285	0.25	0.0	0.0	0.0	0.0	0.0	0.0	0.0	0.0	0.0	0.0
	# checklists reporting species - (Prothonotary Warbler)	0.0	0.0	0.0	0.0	0.0	0.0	0.0	0.0	0.0	0.0	0.0	0.0	0.0	0.0	3	27	730	2069	1326	444	209	121	76	75	32	16	9	8	13	9	15	29	10	5	0.0	35	3	1	0.0	0.0	0.0	2	0.0	0.0	0.0	0.0	0.0	0.0
	
High Count
	Prothonotary Warbler	0.0	0.0	0.0	0.0	0.0	0.0	0.0	0.0	0.0	0.0	0.0	0.0	0.0	0.0	1	1	4	6	8	6	5	11	6	9	6	3	6	4	2	2	2	1	1	1	0.0	1	1	1	0.0	0.0	0.0	1	0.0	0.0	0.0	0.0	0.0	0.0
	# checklists reporting species - (Prothonotary Warbler)	0.0	0.0	0.0	0.0	0.0	0.0	0.0	0.0	0.0	0.0	0.0	0.0	0.0	0.0	3	29	822	2450	1536	487	220	126	84	79	32	17	10	9	13	10	17	35	10	5	0.0	35	3	1	0.0	0.0	0.0	2	0.0	0.0	0.0	0.0	0.0	0.0
	
Totals
	Prothonotary Warbler	0.0	0.0	0.0	0.0	0.0	0.0	0.0	0.0	0.0	0.0	0.0	0.0	0.0	0.0	3	29	910	3101	2248	666	323	204	140	149	77	27	27	12	14	10	19	35	10	5	0.0	35	3	1	0.0	0.0	0.0	2	0.0	0.0	0.0	0.0	0.0	0.0
	# checklists reporting species - (Prothonotary Warbler)	0.0	0.0	0.0	0.0	0.0	0.0	0.0	0.0	0.0	0.0	0.0	0.0	0.0	0.0	3	29	761	2186	1403	459	219	124	82	77	32	17	10	9	13	9	17	35	10	5	0.0	35	3	1	0.0	0.0	0.0	2	0.0	0.0	0.0	0.0	0.0	0.0
	
Average Count
	Prothonotary Warbler	0.0	0.0	0.0	0.0	0.0	0.0	0.0	0.0	0.0	0.0	0.0	0.0	0.0	0.0	1.0	1.0	1.1957950065703022	1.418572735590119	1.6022808267997148	1.4509803921568627	1.4748858447488584	1.6451612903225807	1.7073170731707317	1.9350649350649352	2.40625	1.588235294117647	2.7	1.3333333333333333	1.0769230769230769	1.1111111111111112	1.1176470588235294	1.0	1.0	1.0	0.0	1.0	1.0	1.0	0.0	0.0	0.0	1.0	0.0	0.0	0.0	0.0	0.0	0.0
	# checklists reporting species - (Prothonotary Warbler)	0.0	0.0	0.0	0.0	0.0	0.0	0.0	0.0	0.0	0.0	0.0	0.0	0.0	0.0	3	29	761	2186	1403	459	219	124	82	77	32	17	10	9	13	9	17	35	10	5	0.0	35	3	1	0.0	0.0	0.0	2	0.0	0.0	0.0	0.0	0.0	0.0
	
