

	Week starting on...	1/1	1/8	1/15	1/22	2/1	2/8	2/15	2/22	3/1	3/8	3/15	3/22	4/1	4/8	4/15	4/22	5/1	5/8	5/15	5/22	6/1	6/8	6/15	6/22	7/1	7/8	7/15	7/22	8/1	8/8	8/15	8/22	9/1	9/8	9/15	9/22	10/1	10/8	10/15	10/22	11/1	11/8	11/15	11/22	12/1	12/8	12/15	12/22
Frequency (%)
	Loggerhead Shrike	0.0	0.0	0.0	0.0	0.0	0.0	0.0	0.0	0.0	0.0	0.0018574586251091257	0.009199994742860148	0.054408873911822524	0.07133972342137997	0.09259931730699397	0.12570216443414386	0.10713385429795814	0.09845255744996292	0.11050433665274655	0.35518283282974655	0.3820591395709794	0.4528612597776863	0.23695670736914015	0.20346829441302197	0.14882479729036233	0.13178346962222073	0.13886133703630232	0.13893220675380646	0.1273265176197431	0.05786367318597385	0.0330602799103699	0.04541217524319415	0.1333454556474831	0.01529987760097919	0.030395136778115502	0.004814172925091469	0.017764092846991947	0.0028268551236749115	0.0	0.0	0.0	0.0	0.0	0.0	0.0	0.0	0.0	0.0
	Total # checklists submitted - (Loggerhead Shrike)	59897	41927	37441	52418	36194	52179	74398	41102	41678	48624	53837	76087	56976	54668	55076	76371	79340	86336	77825	81085	50254	48580	46844	53571	38972	29594	25205	35269	26703	25923	27223	41839	32997	32680	32900	41544	33776	35375	32963	45315	35442	32219	29848	36480	32106	27980	31549	46285
	
Abundance
	Loggerhead Shrike	0.0	0.0	0.0	0.0	0.0	0.0	0.0	0.0	0.0	0.0	1.8574586251091257E-5	1.5771419559188824E-4	8.249087335018253E-4	9.329040755103534E-4	0.0015433219551165662	0.001649840908198138	0.001373834131585581	0.0011814306893995553	0.0014519755862512046	0.004353456249614602	0.00463644685000199	0.006587072869493619	0.0034155921782939116	0.0035280282242257936	0.0021810530637380683	0.0023653443265526796	0.0021821067248561795	0.0024100484845048058	0.0023592854735422987	9.643945530995641E-4	3.673364434485545E-4	7.409354908100098E-4	0.001424371912598115	1.835985312117503E-4	3.343465045592705E-4	4.814172925091469E-5	1.7764092846991948E-4	2.8268551236749116E-5	0.0	0.0	0.0	0.0	0.0	0.0	0.0	0.0	0.0	0.0
	Total # checklists submitted - (Loggerhead Shrike)	59897	41927	37441	52418	36194	52179	74398	41102	41678	48624	53837	76087	56976	54668	55076	76371	79340	86336	77825	81085	50254	48580	46844	53571	38972	29594	25205	35269	26703	25923	27223	41839	32997	32680	32900	41544	33776	35375	32963	45315	35442	32219	29848	36480	32106	27980	31549	46285
	
Birds Per Party Hour
	Loggerhead Shrike	0.0	0.0	0.0	0.0	0.0	0.0	0.0	0.0	0.0	0.0	5.9880239520958085	1.0662291569296227	2.7655913206798197	2.8574077342427264	2.486090532814082	2.2032809924017878	2.0619349922179135	2.9812308077685437	1.8206345432765196	1.4157050740613562	1.019343201142218	1.3933580052494554	2.294225687459306	2.9242353210766723	1.718449093740803	2.1474959710971007	1.9122564338101244	1.8137448722166387	2.0566021244940487	2.1837625906977287	1.4711210320063641	4.435081285566176	1.0827565381070006	2.008810897333657	0.9567342977290035	0.4166666666666667	2.2219574022870487	0.3333333333333333	0.0	0.0	0.0	0.0	0.0	0.0	0.0	0.0	0.0	0.0
	# checklists reporting species - (Loggerhead Shrike)	0.0	0.0	0.0	0.0	0.0	0.0	0.0	0.0	0.0	0	1	9	31	44	57	97	95	89	95	309	197	236	115	113	58	39	37	49	36	20	11	18	51	5	13	2	6	1	1	0.0	0.0	0.0	0.0	0.0	0.0	0.0	0.0	0.0
	
High Count
	Loggerhead Shrike	0.0	0.0	0.0	0.0	0.0	0.0	0.0	0.0	0.0	1	1	5	4	3	8	4	6	3	5	4	4	8	6	15	3	11	8	11	4	4	4	5	2	2	2	1	1	1	1	0.0	0.0	0.0	0.0	0.0	0.0	0.0	0.0	0.0
	# checklists reporting species - (Loggerhead Shrike)	0.0	0.0	0.0	0.0	0.0	0.0	0.0	0.0	0.0	1	2	12	34	53	61	110	118	115	105	367	229	262	136	128	66	41	38	53	38	22	12	21	51	5	14	2	7	1	1	0.0	0.0	0.0	0.0	0.0	0.0	0.0	0.0	0.0
	
Totals
	Loggerhead Shrike	0.0	0.0	0.0	0.0	0.0	0.0	0.0	0.0	0.0	1	2	17	50	67	97	140	151	139	140	435	278	378	192	215	93	82	65	90	71	33	19	33	54	6	15	2	7	1	1	0.0	0.0	0.0	0.0	0.0	0.0	0.0	0.0	0.0
	# checklists reporting species - (Loggerhead Shrike)	0.0	0.0	0.0	0.0	0.0	0.0	0.0	0.0	0.0	1	2	12	32	51	61	103	115	108	103	337	210	251	129	120	62	40	37	52	38	22	12	21	51	5	14	2	7	1	1	0.0	0.0	0.0	0.0	0.0	0.0	0.0	0.0	0.0
	
Average Count
	Loggerhead Shrike	0.0	0.0	0.0	0.0	0.0	0.0	0.0	0.0	0.0	1.0	1.0	1.4166666666666667	1.5625	1.3137254901960784	1.5901639344262295	1.3592233009708738	1.3130434782608695	1.287037037037037	1.3592233009708738	1.2908011869436202	1.3238095238095238	1.5059760956175299	1.4883720930232558	1.7916666666666667	1.5	2.05	1.7567567567567568	1.7307692307692308	1.868421052631579	1.5	1.5833333333333333	1.5714285714285714	1.0588235294117647	1.2	1.0714285714285714	1.0	1.0	1.0	1.0	0.0	0.0	0.0	0.0	0.0	0.0	0.0	0.0	0.0
	# checklists reporting species - (Loggerhead Shrike)	0.0	0.0	0.0	0.0	0.0	0.0	0.0	0.0	0.0	1	2	12	32	51	61	103	115	108	103	337	210	251	129	120	62	40	37	52	38	22	12	21	51	5	14	2	7	1	1	0.0	0.0	0.0	0.0	0.0	0.0	0.0	0.0	0.0
	
