

	Week starting on...	1/1	1/8	1/15	1/22	2/1	2/8	2/15	2/22	3/1	3/8	3/15	3/22	4/1	4/8	4/15	4/22	5/1	5/8	5/15	5/22	6/1	6/8	6/15	6/22	7/1	7/8	7/15	7/22	8/1	8/8	8/15	8/22	9/1	9/8	9/15	9/22	10/1	10/8	10/15	10/22	11/1	11/8	11/15	11/22	12/1	12/8	12/15	12/22
Frequency (%)
	Peregrine Falcon	1.0634923284972535	0.9588093591241921	0.9668545177746322	0.9958411232782632	0.823340885229596	0.528948427528316	0.4610338987607193	0.7006958298866235	0.6766159604587552	0.7259789404409346	0.6148188049111206	0.5546282544981402	0.5177618646447627	0.47376893246506185	0.5029413900791633	0.6337484123554752	0.6995210486513738	0.7181245366938472	0.5910697076774816	0.4957760374915212	0.2845544633263024	0.3046521202140799	0.31167278626931944	0.29120232961863696	0.3874576619111157	0.4764479286341826	0.7458837532235667	0.8420992939975616	0.9811631651874322	1.2845735447286193	1.3187378319803107	1.7949759793494109	2.082007455223202	2.365361077111383	2.477203647416413	3.174947044097824	3.28635717669351	2.5215547703180214	2.2297727755362073	1.509433962264151	1.3966480446927374	1.0894192867562618	1.0419458590190298	1.1211622807017545	1.0340746277954278	0.9685489635453897	1.0428222764588417	0.8642108674516582
	Total # checklists submitted - (Peregrine Falcon)	59897	41927	37441	52418	36194	52179	74398	41102	41678	48624	53837	76087	56976	54668	55076	76371	79340	86336	77825	81085	50254	48580	46844	53571	38972	29594	25205	35269	26703	25923	27223	41839	32997	32680	32900	41544	33776	35375	32963	45315	35442	32219	29848	36480	32106	27980	31549	46285
	
Abundance
	Peregrine Falcon	0.012254370001836486	0.011400768001526463	0.011404609919606849	0.011618146438246404	0.009587224401834559	0.006151900189731501	0.00538992983682357	0.008345092696219162	0.007869859398243678	0.009049029285949325	0.007151215706670134	0.006623996214859306	0.005809463633810727	0.005414502085314992	0.00564674268283826	0.006874337117492242	0.00749936980085707	0.00716966271312083	0.006206231930613556	0.005574397237466856	0.004059378357941656	0.005825442568958419	0.004931261207411835	0.00459203673629389	0.005799035204762394	0.0071298236128945055	0.010910533624280896	0.010575859820238736	0.011234692731153803	0.01535316128534506	0.015170995114425302	0.020507182294031884	0.024517380367912234	0.02842717258261934	0.029939209726443768	0.04354419410745234	0.04840715300805305	0.032452296819787986	0.028547158935776477	0.01774246938099967	0.01687263698436883	0.012352959433874423	0.012161618868935941	0.013322368421052631	0.011960381237151934	0.010972122944960687	0.01172778851944594	0.010046451334125527
	Total # checklists submitted - (Peregrine Falcon)	59897	41927	37441	52418	36194	52179	74398	41102	41678	48624	53837	76087	56976	54668	55076	76371	79340	86336	77825	81085	50254	48580	46844	53571	38972	29594	25205	35269	26703	25923	27223	41839	32997	32680	32900	41544	33776	35375	32963	45315	35442	32219	29848	36480	32106	27980	31549	46285
	
Birds Per Party Hour
	Peregrine Falcon	5.743003057545688	4.67828881942905	4.941600341370699	4.495125745451056	4.717217603641018	4.899070058243451	4.894558252967185	4.303798260304052	3.496972466253944	3.9682948820807145	4.383481014298922	3.9300111294134017	3.1618040454532923	2.646774131477491	2.0130263957826067	2.463968875940867	1.6675527499747704	1.7418491575790127	2.1590460344343723	2.8638013576866803	4.565716882912567	4.64237183676578	4.709972266990337	3.4617017954630733	4.212891613791392	3.8312380245630955	3.69286835281468	3.9729980100579656	2.7214280368795216	1.6957640206192224	1.5201102589176163	1.6201288845350588	1.376740221104719	1.213081789216173	1.1591534420300695	1.390774229062076	1.4198173823883775	1.3296222581458124	2.1878985614043556	1.6616774236335292	2.0337664988131663	2.2528079601626048	3.292082443490083	2.7310320205796845	2.701916731956586	3.3762894199936957	4.198369686990962	3.5790545696146414
	# checklists reporting species - (Peregrine Falcon)	747	509	448	634	358	348	407	385	366	437	404	495	343	330	320	548	631	682	518	479	177	201	201	221	198	194	245	372	321	396	427	866	802	880	935	1575	1270	1063	872	824	585	417	386	505	430	340	401	498
	
High Count
	Peregrine Falcon	2	4	3	3	3	2	2	2	6	3	4	4	6	3	3	8	4	5	5	5	6	7	6	5	5	5	5	5	6	4	4	4	5	10	25	27	66	10	8	7	7	3	3	3	2	3	3	6
	# checklists reporting species - (Peregrine Falcon)	829	575	510	742	433	403	461	443	434	488	489	598	409	389	371	631	721	809	612	564	213	229	245	264	239	224	275	422	365	442	471	950	881	970	1049	1728	1438	1157	963	919	652	468	419	560	495	384	447	565
	
Totals
	Peregrine Falcon	955	676	593	849	512	461	532	518	515	602	563	709	473	445	417	692	772	810	651	671	314	423	402	410	367	322	403	546	437	526	541	1068	1019	1151	1287	2366	2117	1503	1228	1085	801	545	486	668	569	436	506	650
	# checklists reporting species - (Peregrine Falcon)	816	571	505	732	427	400	456	438	427	485	484	591	401	386	369	618	696	757	581	542	208	224	238	255	232	222	272	418	360	434	465	936	872	952	1033	1708	1418	1149	958	913	646	460	416	555	489	377	441	559
	
Average Count
	Peregrine Falcon	1.170343137254902	1.1838879159369526	1.1742574257425742	1.1598360655737705	1.199063231850117	1.1525	1.1666666666666667	1.182648401826484	1.2060889929742389	1.2412371134020619	1.1632231404958677	1.1996615905245347	1.1795511221945136	1.1528497409326426	1.1300813008130082	1.1197411003236246	1.1091954022988506	1.07001321003963	1.1204819277108433	1.2380073800738007	1.5096153846153846	1.8883928571428572	1.6890756302521008	1.607843137254902	1.581896551724138	1.4504504504504505	1.4816176470588236	1.30622009569378	1.2138888888888888	1.2119815668202765	1.1634408602150537	1.141025641025641	1.1685779816513762	1.209033613445378	1.2458857696030978	1.3852459016393444	1.492947813822285	1.3080939947780679	1.2818371607515657	1.1883899233296824	1.2399380804953561	1.184782608695652	1.1682692307692308	1.2036036036036035	1.16359918200409	1.156498673740053	1.1473922902494331	1.1627906976744187
	# checklists reporting species - (Peregrine Falcon)	816	571	505	732	427	400	456	438	427	485	484	591	401	386	369	618	696	757	581	542	208	224	238	255	232	222	272	418	360	434	465	936	872	952	1033	1708	1418	1149	958	913	646	460	416	555	489	377	441	559
	
