

	Week starting on...	1/1	1/8	1/15	1/22	2/1	2/8	2/15	2/22	3/1	3/8	3/15	3/22	4/1	4/8	4/15	4/22	5/1	5/8	5/15	5/22	6/1	6/8	6/15	6/22	7/1	7/8	7/15	7/22	8/1	8/8	8/15	8/22	9/1	9/8	9/15	9/22	10/1	10/8	10/15	10/22	11/1	11/8	11/15	11/22	12/1	12/8	12/15	12/22
Frequency (%)
	Common Merganser	10.76514683540077	10.611300593889379	9.134371411020005	9.376550040062574	9.087141515168259	6.841832921290174	5.89128740019893	10.240377597197217	10.80905993569749	13.127262257321487	13.42571094228876	13.304506683139039	13.37054198258916	11.514963049681715	10.935797806667152	9.053174634350736	6.115452482984622	4.079410674573759	3.9730163829103757	3.239810075846334	2.1928602698292674	1.9987649238369698	1.6757749124754504	1.6445464897052509	1.7858975674843478	1.8618638913293235	2.1265621900416583	2.3476707590235053	2.730030333670374	2.6347259190680092	2.788083605774529	3.1979731829154616	3.518501681971088	3.7851897184822523	4.556231003039514	4.727517812439823	5.4062055897678825	6.052296819787986	7.3628007159542515	9.116186693147963	10.876925681394955	11.334926596107886	11.478155990351112	11.685855263157894	12.088083224319442	11.161543959971407	11.093854004881296	9.899535486658745
	Total # checklists submitted - (Common Merganser)	59897	41927	37441	52418	36194	52179	74398	41102	41678	48624	53837	76087	56976	54668	55076	76371	79340	86336	77825	81085	50254	48580	46844	53571	38972	29594	25205	35269	26703	25923	27223	41839	32997	32680	32900	41544	33776	35375	32963	45315	35442	32219	29848	36480	32106	27980	31549	46285
	
Abundance
	Common Merganser	2.6861445481409754	2.961194457032461	2.033145482225368	1.6472013430500974	2.5386804442725315	1.1327353916326492	1.146200166671147	1.863583280618948	1.7899611305724843	2.1096989141164855	1.9060125935694783	1.7735092722804158	1.5940571468688571	1.1130643155045	0.9346357760185925	0.5875659609013892	0.2905092009074868	0.1538639733135656	0.13403148088660455	0.09282851328852439	0.0580252318223425	0.06272128447920955	0.05321919562804201	0.05788579641970469	0.08398337267781997	0.10208150300736636	0.1560007934933545	0.1624089143440415	0.18997865408381082	0.18790263472591906	0.18065606288799912	0.21886278352733096	0.2225959935751735	0.2675030599755202	0.3130091185410334	0.31583381475062583	0.44620440549502605	0.5104169611307421	0.6712981221369414	0.985148405605208	1.6447435246317927	2.184208075980012	3.337979094076655	4.453344298245614	4.583473494050956	4.324410293066476	3.744080636470253	4.0734579237333906
	Total # checklists submitted - (Common Merganser)	59897	41927	37441	52418	36194	52179	74398	41102	41678	48624	53837	76087	56976	54668	55076	76371	79340	86336	77825	81085	50254	48580	46844	53571	38972	29594	25205	35269	26703	25923	27223	41839	32997	32680	32900	41544	33776	35375	32963	45315	35442	32219	29848	36480	32106	27980	31549	46285
	
Birds Per Party Hour
	Common Merganser	65.1024980955171	86.21219854512051	49.23091740183996	52.79916654006337	65.3515471471507	41.38486136448647	45.01779313391379	48.66805906744908	47.02933202288368	40.634601613360786	37.919677353661086	36.86175632487045	29.71983485808482	24.060183622263665	20.955991272552367	13.373620324104548	9.083798301181215	6.4171015488000505	5.055600489489089	4.901502556751026	5.930749591740886	5.2580324044798745	5.574634545611154	5.78015955587467	10.333106470172904	7.23143371254078	9.322183768126568	9.294457269575176	9.097430389267284	10.453063815641631	9.45254823937287	8.388887023384962	8.48824525738428	10.5144522969635	8.541024903818567	9.678585890523749	16.6680798926215	17.010704234948076	16.433519530338362	22.632927386192826	37.56023077477723	46.73289375135856	79.40925789613983	89.1350687837601	86.02822672275812	84.86761368199305	65.52209466340817	80.18113836097054
	# checklists reporting species - (Common Merganser)	6300	4371	3318	4787	3157	3472	4262	4097	4418	6311	7109	9992	7572	6234	5899	6932	4841	3536	3099	2690	1104	1000	819	929	751	580	572	898	771	732	820	1407	1238	1285	1558	2025	1859	2208	2475	4153	3850	3651	3430	4189	3805	3062	3418	4536
	
High Count
	Common Merganser	11791	10000	5000	5000	14000	4000	3000	2000	2000	1500	850	1000	2500	1800	600	400	500	150	150	80	36	161	120	86	176	78	93	101	137	75	90	165	110	316	200	200	230	683	550	800	1500	1200	2533	4000	3500	7000	5000	11000
	# checklists reporting species - (Common Merganser)	6923	4770	3664	5229	3485	3798	4660	4486	4791	6784	7694	10880	8249	6895	6540	7501	5284	3869	3414	3015	1244	1118	937	1050	849	656	627	973	838	813	887	1528	1305	1381	1668	2167	1969	2357	2637	4461	4137	3944	3717	4581	4195	3343	3686	4922
	
Totals
	Common Merganser	204073	148930	79057	94488	97053	71851	88090	82210	78105	108648	107675	142080	96106	67858	54990	48167	24804	14348	11294	8590	3242	3448	2932	3741	3959	3583	4417	6719	5654	5757	5731	10221	8256	9734	11547	14296	16100	19275	23974	47524	62687	73214	103699	172358	158536	127970	123614	200048
	# checklists reporting species - (Common Merganser)	6515	4537	3461	4986	3265	3636	4417	4268	4565	6497	7320	10348	7869	6531	6185	7161	5001	3641	3213	2843	1160	1062	872	988	809	621	605	943	809	787	864	1482	1271	1334	1617	2102	1927	2300	2558	4287	3965	3759	3563	4368	3965	3197	3548	4711
	
Average Count
	Common Merganser	31.323561013046817	32.825655719638526	22.84224212655302	18.95066185318893	29.725267993874425	19.76100110011001	19.94340049807562	19.26194939081537	17.109529025191677	16.722795136216714	14.709699453551913	13.730189408581369	12.213241835048926	10.390139335476956	8.890864995957962	6.726295210166178	4.959808038392321	3.940675638560835	3.5150949268596325	3.021456208230742	2.7948275862068965	3.2467043314500943	3.3623853211009176	3.7864372469635628	4.8936959208899875	5.769726247987117	7.3008264462809915	7.125132555673383	6.988875154511743	7.315120711562897	6.633101851851852	6.896761133603239	6.495672698662471	7.296851574212893	7.14100185528757	6.801141769743102	8.354955889984431	8.380434782608695	9.3721657544957	11.085607651038021	15.810088272383354	19.476988560787444	29.10440639910188	39.45924908424909	39.983858764186635	40.02815139192993	34.840473506200674	42.4640203778391
	# checklists reporting species - (Common Merganser)	6515	4537	3461	4986	3265	3636	4417	4268	4565	6497	7320	10348	7869	6531	6185	7161	5001	3641	3213	2843	1160	1062	872	988	809	621	605	943	809	787	864	1482	1271	1334	1617	2102	1927	2300	2558	4287	3965	3759	3563	4368	3965	3197	3548	4711
	
