

	Week starting on...	1/1	1/8	1/15	1/22	2/1	2/8	2/15	2/22	3/1	3/8	3/15	3/22	4/1	4/8	4/15	4/22	5/1	5/8	5/15	5/22	6/1	6/8	6/15	6/22	7/1	7/8	7/15	7/22	8/1	8/8	8/15	8/22	9/1	9/8	9/15	9/22	10/1	10/8	10/15	10/22	11/1	11/8	11/15	11/22	12/1	12/8	12/15	12/22
Frequency (%)
	Dunlin	0.023373457769170408	0.014310587449614805	0.010683475334526321	0.0	0.0	0.0	0.0013441221538213392	0.0	0.0023993473775133166	0.002056597564988483	0.0	0.053885683493895144	0.17902274641954508	0.3786493012365552	0.5374391749582396	1.0043079179269618	2.0115956642298967	3.8570237212750187	5.0613556055252165	5.097120305851884	1.2237831814382936	0.5290242898312062	0.2604389035949108	0.22213511041421666	0.1334291286051524	0.06082313982564033	0.4959333465582225	0.5954237432305991	0.6815713590233307	0.6287852486209158	0.7530397090695368	0.47085255383732877	0.43337273085432015	0.587515299877601	0.8814589665653495	1.350375505488157	2.208668877309332	2.5809187279151944	3.8164002062919034	3.4138806134833946	2.722758309350488	1.374965082715168	0.6332082551594747	0.18914473684210525	0.1899956394443406	0.10721944245889921	0.1045991949031665	0.05833423355298693
	Total # checklists submitted - (Dunlin)	59897	41927	37441	52418	36194	52179	74398	41102	41678	48624	53837	76087	56976	54668	55076	76371	79340	86336	77825	81085	50254	48580	46844	53571	38972	29594	25205	35269	26703	25923	27223	41839	32997	32680	32900	41544	33776	35375	32963	45315	35442	32219	29848	36480	32106	27980	31549	46285
	
Abundance
	Dunlin	2.5042990466968295E-4	1.4310587449614806E-4	1.0683475334526322E-4	0.0	0.0	0.0	1.3441221538213393E-5	0.0	2.3993473775133165E-5	2.056597564988483E-5	0.0	0.0026154270768988133	0.017445942151081157	0.09804638911246068	0.15046481225942335	0.5333961844155504	0.9763675321401563	1.6264709970348405	1.9578670093157726	2.439341431830795	0.08554542921956461	0.011733223548785508	0.0076423874989326275	0.0042187004162699965	0.0032074309760853946	9.799283638575386E-4	2.755485022812934	3.4991352178967365	3.651499831479609	2.347452069590711	0.7748594938103809	0.6317072587776954	1.5655665666575749	2.450764993880049	0.07109422492401216	0.17352686308492202	0.39936641402179063	0.2691448763250883	0.5924521433121985	1.5207326492331457	1.0191016308334744	0.20227195133306433	0.07075850978290003	0.01030701754385965	0.004983492182146639	0.0031451036454610438	0.0015848362864116137	6.913686939613266E-4
	Total # checklists submitted - (Dunlin)	59897	41927	37441	52418	36194	52179	74398	41102	41678	48624	53837	76087	56976	54668	55076	76371	79340	86336	77825	81085	50254	48580	46844	53571	38972	29594	25205	35269	26703	25923	27223	41839	32997	32680	32900	41544	33776	35375	32963	45315	35442	32219	29848	36480	32106	27980	31549	46285
	
Birds Per Party Hour
	Dunlin	0.8413094936156919	2.855736894322644	1.3136554221459882	0.0	0.0	0.0	10.5	0.0	0.8	12.048192771084338	0.0	12.014619808933132	15.423434566464229	39.575335244461975	47.521891828588885	99.04940205474894	67.3107121621958	67.14193887962536	55.71301440092418	52.88573895682415	10.134235972240576	6.791070805045947	6.727064006368358	9.89880636119086	10.517662732752251	1.4857256600044597	75.39893264234131	95.69910877357209	69.23807964336346	47.56512096465216	15.130994854575253	20.95731086768343	41.515611648999965	55.16641680967243	2.494817587573043	3.7281918029364323	6.65298829962706	8.867577022623927	19.35821140570847	25.916724599012827	42.323970942404465	21.29979501664159	19.583615289870824	5.2172297165191495	3.4985353443530816	2.3514144002686614	1.01608249050942	2.3230403710811838
	# checklists reporting species - (Dunlin)	15	6	6	0	0.0	0.0	2	0.0	1	1	0.0	49	109	246	312	839	1574	3195	3961	4485	700	275	124	133	55	20	129	218	186	168	209	203	152	193	301	602	776	959	1306	1654	1033	494	207	93	74	36	43	31
	
High Count
	Dunlin	2	1	1	1	0.0	0.0	20	0.0	1	1	0.0	30	98	300	300	550	600	2000	3000	8000	400	25	40	12	23	8	19420	12219	19850	11187	4764	4575	5351	12700	1800	1500	3000	1500	2500	3000	2290	1200	126	81	17	15	5	30
	# checklists reporting species - (Dunlin)	18	6	7	1	0.0	0.0	3	0.0	1	1	0.0	51	118	272	377	941	1937	4011	4672	5106	798	316	143	139	58	21	131	219	187	171	213	212	168	221	351	684	863	1067	1441	1821	1170	573	246	111	86	40	46	33
	
Totals
	Dunlin	19	6	7	1	0.0	0.0	22	0.0	1	1	0.0	240	1184	7551	9907	49192	88488	161695	182496	268673	6557	788	400	269	136	32	69459	125896	97512	60865	21105	26472	51683	80148	2491	7737	14682	11349	25469	78677	49958	13607	2914	731	227	103	71	69
	# checklists reporting species - (Dunlin)	17	6	7	1	0.0	0.0	3	0.0	1	1	0.0	51	114	261	355	881	1661	3377	4193	4832	764	300	133	137	58	21	130	219	187	171	212	211	163	212	338	658	837	1033	1414	1770	1139	556	239	110	84	38	46	33
	
Average Count
	Dunlin	1.1176470588235294	1.0	1.0	1.0	0.0	0.0	7.333333333333333	0.0	1.0	1.0	0.0	4.705882352941177	10.385964912280702	28.93103448275862	27.907042253521126	55.836549375709424	53.2739313666466	47.88125555226532	43.523968518960174	55.602855960264904	8.582460732984293	2.6266666666666665	3.007518796992481	1.9635036496350364	2.3448275862068964	1.5238095238095237	534.3	574.8675799086758	521.4545454545455	355.9356725146199	99.55188679245283	125.45971563981043	317.07361963190186	378.0566037735849	7.3698224852071	11.75835866261398	17.54121863799283	10.986447241045498	18.01202263083451	44.450282485875704	43.8612818261633	24.473021582733814	12.192468619246862	6.6454545454545455	2.7023809523809526	2.710526315789474	1.5434782608695652	2.090909090909091
	# checklists reporting species - (Dunlin)	17	6	7	1	0.0	0.0	3	0.0	1	1	0.0	51	114	261	355	881	1661	3377	4193	4832	764	300	133	137	58	21	130	219	187	171	212	211	163	212	338	658	837	1033	1414	1770	1139	556	239	110	84	38	46	33
	
