

	Week starting on...	1/1	1/8	1/15	1/22	2/1	2/8	2/15	2/22	3/1	3/8	3/15	3/22	4/1	4/8	4/15	4/22	5/1	5/8	5/15	5/22	6/1	6/8	6/15	6/22	7/1	7/8	7/15	7/22	8/1	8/8	8/15	8/22	9/1	9/8	9/15	9/22	10/1	10/8	10/15	10/22	11/1	11/8	11/15	11/22	12/1	12/8	12/15	12/22
Frequency (%)
	Cerulean Warbler	0.0	0.0	0.0	0.0	0.0	0.0	0.0	0.0	0.0	0.0	0.0	0.0	0.0	0.0	0.0	0.09820481596417488	0.5596168389210991	1.0598128243143068	0.768390619980726	0.5969044829499908	0.5014526206869105	0.39316591189790034	0.35223294338655964	0.21653506561385827	0.1334291286051524	0.06420220314928701	0.09918666931164452	0.03118886274065043	0.011234692731153803	0.02314546927438954	0.0036733644344855453	0.021511030378355122	0.009091735612328393	0.0030599755201958386	0.00911854103343465	0.007221259387637203	0.0	0.0028268551236749115	0.0	0.0	0.0	0.0	0.0	0.0	0.0	0.0	0.0	0.0
	Total # checklists submitted - (Cerulean Warbler)	59897	41927	37441	52418	36194	52179	74398	41102	41678	48624	53837	76087	56976	54668	55076	76371	79340	86336	77825	81085	50254	48580	46844	53571	38972	29594	25205	35269	26703	25923	27223	41839	32997	32680	32900	41544	33776	35375	32963	45315	35442	32219	29848	36480	32106	27980	31549	46285
	
Abundance
	Cerulean Warbler	0.0	0.0	0.0	0.0	0.0	0.0	0.0	0.0	0.0	0.0	0.0	0.0	0.0	0.0	0.0	9.689541841798588E-4	0.005734812200655407	0.011142512972572276	0.010061034371988435	0.010766479620151693	0.009332590440561945	0.006854672704816797	0.007386218085560584	0.0032853596162102632	0.0018218207944165042	9.461377306210719E-4	0.0013886133703630231	3.118886274065043E-4	3.370407819346141E-4	2.7003047486787797E-4	3.6733644344855455E-5	2.629125935132293E-4	9.091735612328394E-5	3.0599755201958386E-5	9.11854103343465E-5	7.221259387637204E-5	0.0	2.8268551236749116E-5	0.0	0.0	0.0	0.0	0.0	0.0	0.0	0.0	0.0	0.0
	Total # checklists submitted - (Cerulean Warbler)	59897	41927	37441	52418	36194	52179	74398	41102	41678	48624	53837	76087	56976	54668	55076	76371	79340	86336	77825	81085	50254	48580	46844	53571	38972	29594	25205	35269	26703	25923	27223	41839	32997	32680	32900	41544	33776	35375	32963	45315	35442	32219	29848	36480	32106	27980	31549	46285
	
Birds Per Party Hour
	Cerulean Warbler	0.0	0.0	0.0	0.0	0.0	0.0	0.0	0.0	0.0	0.0	0.0	0.0	0.0	0.0	0.0	2.8520420429397	1.3109968721169698	0.6845565922789544	1.0678810105727206	1.619926018610256	3.464879277635713	2.340473519013201	3.8342255657932904	2.4798892186353587	2.8449453302588337	0.8828123848255723	1.7013904505630693	0.5739765027798873	4.9083408340834085	0.429682020107552	0.16666666666666666	0.7433346851772802	0.7066154612490836	1.3333333333333333	0.7248272676237207	0.4666666666666667	0.0	1.3333333333333333	0.0	0.0	0.0	0.0	0.0	0.0	0.0	0.0	0.0	0.0
	# checklists reporting species - (Cerulean Warbler)	0.0	0.0	0.0	0.0	0.0	0.0	0.0	0.0	0.0	0.0	0.0	0.0	0.0	0.0	0.0	105	483	879	603	491	265	197	171	117	54	18	27	11	4	7	2	8	4	1	3	3	0.0	1	0.0	0.0	0.0	0.0	0.0	0.0	0.0	0.0	0.0	0.0
	
High Count
	Cerulean Warbler	0.0	0.0	0.0	0.0	0.0	0.0	0.0	0.0	0.0	0.0	0.0	0.0	0.0	0.0	0.0	1	14	21	11	30	22	19	18	13	6	3	3	1	6	2	1	2	1	1	1	1	0.0	1	0.0	0.0	0.0	0.0	0.0	0.0	0.0	0.0	0.0	0.0
	# checklists reporting species - (Cerulean Warbler)	0.0	0.0	0.0	0.0	0.0	0.0	0.0	0.0	0.0	0.0	0.0	0.0	0.0	0.0	0.0	113	550	1179	758	583	295	227	196	136	61	22	32	11	4	7	3	9	5	2	4	3	0.0	1	0.0	0.0	0.0	0.0	0.0	0.0	0.0	0.0	0.0	0.0
	
Totals
	Cerulean Warbler	0.0	0.0	0.0	0.0	0.0	0.0	0.0	0.0	0.0	0.0	0.0	0.0	0.0	0.0	0.0	111	553	1199	971	1017	537	394	385	234	79	30	41	11	15	8	3	11	5	2	4	3	0.0	1	0.0	0.0	0.0	0.0	0.0	0.0	0.0	0.0	0.0	0.0
	# checklists reporting species - (Cerulean Warbler)	0.0	0.0	0.0	0.0	0.0	0.0	0.0	0.0	0.0	0.0	0.0	0.0	0.0	0.0	0.0	111	518	999	682	544	283	214	183	132	56	21	30	11	4	7	3	9	5	2	4	3	0.0	1	0.0	0.0	0.0	0.0	0.0	0.0	0.0	0.0	0.0	0.0
	
Average Count
	Cerulean Warbler	0.0	0.0	0.0	0.0	0.0	0.0	0.0	0.0	0.0	0.0	0.0	0.0	0.0	0.0	0.0	1.0	1.0675675675675675	1.2002002002002001	1.4237536656891496	1.869485294117647	1.8975265017667844	1.841121495327103	2.1038251366120218	1.7727272727272727	1.4107142857142858	1.4285714285714286	1.3666666666666667	1.0	3.75	1.1428571428571428	1.0	1.2222222222222223	1.0	1.0	1.0	1.0	0.0	1.0	0.0	0.0	0.0	0.0	0.0	0.0	0.0	0.0	0.0	0.0
	# checklists reporting species - (Cerulean Warbler)	0.0	0.0	0.0	0.0	0.0	0.0	0.0	0.0	0.0	0.0	0.0	0.0	0.0	0.0	0.0	111	518	999	682	544	283	214	183	132	56	21	30	11	4	7	3	9	5	2	4	3	0.0	1	0.0	0.0	0.0	0.0	0.0	0.0	0.0	0.0	0.0	0.0
	
