

	Week starting on...	1/1	1/8	1/15	1/22	2/1	2/8	2/15	2/22	3/1	3/8	3/15	3/22	4/1	4/8	4/15	4/22	5/1	5/8	5/15	5/22	6/1	6/8	6/15	6/22	7/1	7/8	7/15	7/22	8/1	8/8	8/15	8/22	9/1	9/8	9/15	9/22	10/1	10/8	10/15	10/22	11/1	11/8	11/15	11/22	12/1	12/8	12/15	12/22
Frequency (%)
	Common Loon	0.6193966308830158	0.37684546950652326	0.26174514569589485	0.19077416154756	0.11051555506437531	0.08432511163494892	0.033603053845533484	0.09975183689358183	0.12476606363069245	0.13984863441921686	0.12630718650742057	0.8003995426288327	2.186885706262286	4.582205312065559	7.34258116057811	8.512393447774679	8.394252583816487	6.98781504818384	6.754898811435914	6.4709872356169456	5.012536315517173	5.047344586249485	5.539663564170438	5.254708704336301	6.743302884121934	6.301953098601068	7.022416187264431	7.193285888457285	8.261244054975096	7.514562357751803	6.990412518825993	6.431798083128182	5.800527320665514	4.813341493268053	4.74468085106383	5.362988638551896	5.9272856466129795	6.555477031802121	7.265722173345873	9.555334878075692	8.94136899723492	7.476954592010925	5.484454569820423	4.139254385964912	3.0897651529309162	1.6797712651894212	1.1474214713620083	0.7475424003456844
	Total # checklists submitted - (Common Loon)	59897	41927	37441	52418	36194	52179	74398	41102	41678	48624	53837	76087	56976	54668	55076	76371	79340	86336	77825	81085	50254	48580	46844	53571	38972	29594	25205	35269	26703	25923	27223	41839	32997	32680	32900	41544	33776	35375	32963	45315	35442	32219	29848	36480	32106	27980	31549	46285
	
Abundance
	Common Loon	0.008915304606240713	0.005127960502778639	0.0033385860420394754	0.002232057690106452	0.0013814444383046915	0.0012648766745242338	4.4356031076104197E-4	0.0011678263831443726	0.0013676280051825903	0.001706975978940441	0.0014116685550829356	0.012288564406534625	0.03712089300758214	0.10064388673446989	0.24288256227758007	0.34247292820573255	0.30622636753214016	0.1538639733135656	0.12418888531962737	0.1709564037738176	0.08003343017471246	0.07498970769864141	0.08682008368200837	0.08665135987754569	0.11382531047931849	0.11782793809555991	0.14445546518547908	0.14814709801808953	0.18136538965659288	0.17154650310535047	0.15982808654446606	0.1493104519706494	0.1510137285207746	0.16312729498164014	0.21057750759878419	0.35470826112073944	0.8430542396968261	1.4955194346289753	1.9245214331219853	1.704512854463202	0.9330455391907906	0.5665601042862907	0.47440364513535244	0.1777686403508772	0.06631159284868872	0.02676912080057184	0.015943453041300834	0.010500162039537648
	Total # checklists submitted - (Common Loon)	59897	41927	37441	52418	36194	52179	74398	41102	41678	48624	53837	76087	56976	54668	55076	76371	79340	86336	77825	81085	50254	48580	46844	53571	38972	29594	25205	35269	26703	25923	27223	41839	32997	32680	32900	41544	33776	35375	32963	45315	35442	32219	29848	36480	32106	27980	31549	46285
	
Birds Per Party Hour
	Common Loon	2.8657504336013138	2.7703937283384144	2.6130453727940908	2.1841857914683733	1.6754307961397943	2.938619773870828	1.7900488118032762	7.075887231813861	3.400779565957405	2.252038785216055	1.4887768601974178	3.673947346285259	3.249255455613084	4.963011540216541	5.738331002043908	5.445672166345922	4.49252141948492	2.555668511654781	2.0434812063656618	2.700144236016339	3.5915429995486656	4.556610905258345	5.583578657632475	5.293319796350813	5.260595960781984	4.491118750431517	2.9421775006769297	3.379469138906907	2.6523347846131853	3.1781099287342967	3.2491322232533064	2.833593014674966	3.894360688106677	4.74823041349343	6.961274979505221	8.604566120501582	28.86486873020961	33.06798049233973	37.857954989330565	24.99269781428075	14.856097884870806	14.052122289966903	28.473323411584346	7.749030504405312	4.490564032759473	3.764399487215312	2.360259688661763	2.628684743228645
	# checklists reporting species - (Common Loon)	384	167	104	105	42	43	27	47	56	68	68	628	1318	2619	4175	6788	6833	6008	5254	5362	2571	2521	2654	2896	2700	1940	1855	2720	2307	1990	2071	2882	2012	1630	1610	2281	2056	2368	2474	4441	3234	2504	1668	1539	1023	481	356	356
	
High Count
	Common Loon	30	7	5	4	7	13	5	4	3	10	3	25	41	90	566	600	643	160	81	410	17	26	27	123	75	44	41	60	45	100	68	200	174	350	570	1100	1776	1100	4000	4000	1982	2300	2000	475	150	30	10	9
	# checklists reporting species - (Common Loon)	420	182	111	110	48	52	33	52	64	76	79	699	1449	2896	4630	7386	7407	6832	5915	6041	2930	2859	3044	3346	3122	2300	2151	3150	2674	2335	2415	3353	2259	1830	1807	2512	2244	2594	2701	4816	3469	2677	1816	1662	1125	521	395	384
	
Totals
	Common Loon	593	244	143	131	69	90	44	59	69	91	87	1058	2428	6409	15878	29871	27921	14613	10775	15766	4643	4232	4822	5618	5324	4374	4473	6531	5851	5453	5682	8164	5805	6165	7821	18364	32762	58839	71662	85260	36879	20413	17098	6813	2352	829	549	551
	# checklists reporting species - (Common Loon)	413	181	111	110	48	50	33	51	62	73	77	692	1427	2824	4513	7190	7166	6340	5557	5710	2772	2696	2860	3164	2961	2166	2031	2986	2534	2206	2323	3189	2182	1748	1742	2447	2186	2535	2643	4696	3404	2635	1762	1630	1095	510	386	377
	
Average Count
	Common Loon	1.4358353510895885	1.3480662983425415	1.2882882882882882	1.190909090909091	1.4375	1.8	1.3333333333333333	1.1568627450980393	1.1129032258064515	1.2465753424657535	1.12987012987013	1.5289017341040463	1.7014716187806587	2.269475920679887	3.518280522933747	4.15452016689847	3.8963159363661735	2.304889589905363	1.9389958610761202	2.761120840630473	1.674963924963925	1.5697329376854599	1.686013986013986	1.7756005056890012	1.7980412022965215	2.0193905817174516	2.202363367799114	2.1872069658405895	2.3089976322020522	2.471894832275612	2.4459750322858373	2.560050172467858	2.660403299725023	3.526887871853547	4.489667049368542	7.504699632202697	14.9871912168344	23.210650887573966	27.113885735906166	18.155877342419082	10.834018801410105	7.746869070208729	9.703745743473325	4.1797546012269935	2.147945205479452	1.6254901960784314	1.422279792746114	1.4615384615384615
	# checklists reporting species - (Common Loon)	413	181	111	110	48	50	33	51	62	73	77	692	1427	2824	4513	7190	7166	6340	5557	5710	2772	2696	2860	3164	2961	2166	2031	2986	2534	2206	2323	3189	2182	1748	1742	2447	2186	2535	2643	4696	3404	2635	1762	1630	1095	510	386	377
	
