

	Week starting on...	1/1	1/8	1/15	1/22	2/1	2/8	2/15	2/22	3/1	3/8	3/15	3/22	4/1	4/8	4/15	4/22	5/1	5/8	5/15	5/22	6/1	6/8	6/15	6/22	7/1	7/8	7/15	7/22	8/1	8/8	8/15	8/22	9/1	9/8	9/15	9/22	10/1	10/8	10/15	10/22	11/1	11/8	11/15	11/22	12/1	12/8	12/15	12/22
Frequency (%)
	Song Sparrow	3.220528574052123	2.995682972786033	2.9299431104938436	3.6895722843298104	3.3375697629441343	2.7271507694666437	2.3790962122637707	3.213955525278575	4.390805700849369	9.554952286936492	21.078440477738358	35.87209378737498	47.763970794720585	52.64139899026853	52.55102040816326	53.62244831153187	51.76455760020167	47.75528169014084	52.11435913909413	53.20589504840599	49.90846499781112	49.096335940716344	47.83750320211767	48.36758694069553	48.03961818741661	52.2436980469014	55.0724062685975	53.925543678584596	50.035576526981984	42.205763221849324	37.92381442162877	32.2044025908841	29.551171318604723	27.827417380660957	28.920972644376903	33.23945696129405	36.66212695405021	34.33780918727915	28.832327154688592	18.60311155246607	10.916426838214548	7.008287035600112	4.864647547574377	3.851425438596491	3.687784214788513	3.8491779842744815	5.420140099527719	3.8133304526304417
	Total # checklists submitted - (Song Sparrow)	59897	41927	37441	52418	36194	52179	74398	41102	41678	48624	53837	76087	56976	54668	55076	76371	79340	86336	77825	81085	50254	48580	46844	53571	38972	29594	25205	35269	26703	25923	27223	41839	32997	32680	32900	41544	33776	35375	32963	45315	35442	32219	29848	36480	32106	27980	31549	46285
	
Abundance
	Song Sparrow	0.06110489673940264	0.04827438166336728	0.04660666114687108	0.05982677706131482	0.05075426866331436	0.044807297955116045	0.0399473104115702	0.05182229575203153	0.07138058448102116	0.21727953274103323	0.6695581105930866	1.4105563368249503	2.1659295141814097	2.4214348430526083	2.2184254484712036	2.101294994173181	1.8985883539198387	1.5918504447739066	1.711352393189849	1.6718998581735216	1.570481951685438	1.5198229724166323	1.4519468875416275	1.4357954863638909	1.5261469773170482	1.7545448401703048	1.974370164649871	1.9651251807536363	1.7832827772160431	1.4221347837827412	1.1878558571795907	0.9330050909438562	0.8256205109555415	0.7873317013463892	0.9130395136778116	1.180579626420181	1.4922134059687353	1.2969611307420494	0.990534842095683	0.5697230497627717	0.25007053778003496	0.14804928768738942	0.0903913160010721	0.06419956140350877	0.06771320002491746	0.07662616154395997	0.15540904624552285	0.07700118828994275
	Total # checklists submitted - (Song Sparrow)	59897	41927	37441	52418	36194	52179	74398	41102	41678	48624	53837	76087	56976	54668	55076	76371	79340	86336	77825	81085	50254	48580	46844	53571	38972	29594	25205	35269	26703	25923	27223	41839	32997	32680	32900	41544	33776	35375	32963	45315	35442	32219	29848	36480	32106	27980	31549	46285
	
Birds Per Party Hour
	Song Sparrow	2.735017938103197	2.961652985104837	3.1032762250391923	3.1002711151726574	2.8322698558254897	3.158135517472059	3.30438645515604	2.7538527813523697	2.989348264499762	3.6836218529832716	5.1913848842918835	7.069804465217838	7.915824787121179	7.671824053145402	6.850850383074859	5.839137475919165	4.944600250154976	4.3204814339494275	4.186323038786679	5.396316628355946	7.364859774408016	8.421014279567656	8.951432695003826	9.413421759653088	8.051167642747476	7.123135234363035	5.93929855965651	5.552447843422879	5.035576376627735	4.47661496555504	3.9516306491973645	3.4055481176328395	2.9390023038819373	3.118714515385078	3.5060992481525344	4.259260878088547	4.865230644593347	4.403102304890201	3.944269350668296	3.211995963536407	2.411060574194592	2.1602111631556045	2.2822332485758254	2.12435816972462	2.3684004471706115	2.2689255053446598	2.285568565303873	2.1358512816364
	# checklists reporting species - (Song Sparrow)	1974	1287	1127	1972	1210	1442	1791	1345	1853	4744	11378	27507	27050	28342	28266	40317	40158	40090	39365	42264	24770	23583	22228	25643	18659	15254	13609	18775	13207	10806	10158	13312	9660	8977	9494	13726	12408	12106	9539	8497	3916	2295	1477	1446	1216	1090	1749	1796
	
High Count
	Song Sparrow	30	16	17	16	20	30	20	26	22	180	135	510	200	300	100	100	120	60	100	100	118	138	65	54	70	63	75	76	110	100	50	60	45	60	70	100	160	128	140	200	42	100	18	32	28	40	122	26
	# checklists reporting species - (Song Sparrow)	2091	1365	1197	2078	1286	1524	1888	1419	1949	4964	12091	28983	28912	30558	30746	43242	43397	43634	42834	45663	26547	25166	23717	27420	20000	16479	14820	20349	14250	11623	10923	14180	10243	9516	10047	14548	13131	12825	10038	8892	4077	2392	1533	1508	1276	1162	1835	1890
	
Totals
	Song Sparrow	3934	2162	1870	3363	1954	2529	3136	2260	3137	11326	37466	111577	127916	136991	126521	165908	155612	141942	137470	140098	81527	76243	70346	79679	61890	53667	51438	71934	49506	38301	33583	40484	28241	26601	31178	50823	52350	47608	34373	26778	9219	5184	2833	2508	2310	2307	5364	3790
	# checklists reporting species - (Song Sparrow)	2057	1351	1184	2053	1265	1503	1864	1390	1919	4870	11720	28196	27935	29315	29326	41326	41123	40957	40191	43206	25352	24155	22770	26284	19155	15741	14039	19349	13600	11110	10478	13665	9889	9194	9748	14096	12728	12422	9764	8693	3992	2350	1512	1493	1268	1146	1818	1864
	
Average Count
	Song Sparrow	1.9124939231891103	1.6002960769800147	1.5793918918918919	1.6380905991232342	1.5446640316205533	1.6826347305389222	1.6824034334763949	1.6258992805755397	1.63470557582074	2.3256673511293635	3.1967576791808874	3.9571925095758265	4.579058528727403	4.673068395019614	4.3142944827115866	4.01461549629773	3.784062446805924	3.4656346900407744	3.420417506406907	3.242558903855946	3.2158015146733985	3.1564065410888014	3.0894158981115503	3.031464008522295	3.231010180109632	3.4093767867352773	3.663936177790441	3.717711509638741	3.6401470588235294	3.4474347434743473	3.2050963924413054	2.96260519575558	2.8557993730407523	2.8932999782466826	3.198399671727534	3.6054909194097617	4.112979258328096	3.832555144099179	3.5203809913969684	3.0804095249050962	2.30936873747495	2.205957446808511	1.8736772486772486	1.6798392498325518	1.8217665615141956	2.013089005235602	2.9504950495049505	2.0332618025751072
	# checklists reporting species - (Song Sparrow)	2057	1351	1184	2053	1265	1503	1864	1390	1919	4870	11720	28196	27935	29315	29326	41326	41123	40957	40191	43206	25352	24155	22770	26284	19155	15741	14039	19349	13600	11110	10478	13665	9889	9194	9748	14096	12728	12422	9764	8693	3992	2350	1512	1493	1268	1146	1818	1864
	
