

	Week starting on...	1/1	1/8	1/15	1/22	2/1	2/8	2/15	2/22	3/1	3/8	3/15	3/22	4/1	4/8	4/15	4/22	5/1	5/8	5/15	5/22	6/1	6/8	6/15	6/22	7/1	7/8	7/15	7/22	8/1	8/8	8/15	8/22	9/1	9/8	9/15	9/22	10/1	10/8	10/15	10/22	11/1	11/8	11/15	11/22	12/1	12/8	12/15	12/22
Frequency (%)
	Trumpeter Swan	4.046947259462077	4.037970758699645	3.7659250554205284	3.859361288107139	3.7741062054484167	2.5393357480978938	2.5135084276459043	4.072794511215999	4.201257258025818	4.7918723264231655	4.73837695265338	3.867940646891059	3.8244172985116536	3.14077705421819	3.008569976033118	3.0103049586885073	2.6014620620115956	2.3524369903632323	2.4734982332155475	2.64537214034655	1.7968718907947625	1.484149855907781	1.2061309879600377	0.9240073920591365	0.9699271271682233	1.2806649996620936	1.6345963102559016	1.7210581530522555	1.973561023106018	2.2952590363769625	2.5566616464019396	2.4403068907000645	2.6335727490377914	2.2980416156670747	2.534954407294833	2.55632582322357	2.3892704879204167	3.0558303886925797	3.1884233837939506	3.107138916473574	3.312454150442977	3.407926999596511	3.2766014473331544	3.023574561403509	3.1146826138416497	3.4739099356683347	3.080921740784177	3.5821540455871235
	Total # checklists submitted - (Trumpeter Swan)	59897	41927	37441	52418	36194	52179	74398	41102	41678	48624	53837	76087	56976	54668	55076	76371	79340	86336	77825	81085	50254	48580	46844	53571	38972	29594	25205	35269	26703	25923	27223	41839	32997	32680	32900	41544	33776	35375	32963	45315	35442	32219	29848	36480	32106	27980	31549	46285
	
Abundance
	Trumpeter Swan	0.5565888107918594	0.6517041524554583	0.6457626665954435	0.6984051280094624	0.6052108084212853	0.4369765614519251	0.39354552541734994	0.5268113473796896	0.5117328086760401	0.45179335307666996	0.3448186191652581	0.19749760142994205	0.17818028643639428	0.122228726128631	0.10245842109085627	0.09583480640557279	0.08391731787244769	0.07257690882134915	0.07838098297462255	0.08677313929826726	0.06451227762964142	0.056134211609715934	0.04662283323371189	0.037016296130369046	0.03974648465565021	0.054504291410421034	0.07776234874032929	0.0807224474751198	0.08485937909598172	0.10473324846661267	0.11185394703008486	0.10886971485934176	0.1293147861926842	0.10535495716034271	0.12130699088145896	0.11708068553822454	0.11075911890099478	0.14507420494699647	0.16400206291903044	0.16881827209533268	0.2260312623441115	0.23830658927961762	0.23834092736531762	0.27055921052631576	0.2716626175792687	0.3320228734810579	0.3378553995372278	0.45731878578373125
	Total # checklists submitted - (Trumpeter Swan)	59897	41927	37441	52418	36194	52179	74398	41102	41678	48624	53837	76087	56976	54668	55076	76371	79340	86336	77825	81085	50254	48580	46844	53571	38972	29594	25205	35269	26703	25923	27223	41839	32997	32680	32900	41544	33776	35375	32963	45315	35442	32219	29848	36480	32106	27980	31549	46285
	
Birds Per Party Hour
	Trumpeter Swan	32.1821040338321	38.75423903466434	34.787662559864465	37.948049187392755	33.72189925581943	39.41371640424433	34.5375545845632	30.62575198023642	27.05417274689659	17.80190217115287	13.85746777932839	10.669678542116925	8.15767138263878	6.500480451143816	5.664042287674963	5.033352197194763	4.061062452415741	4.146252401473643	3.6937001351904164	3.622639788994152	4.869274264000392	4.770876672958173	6.721786465923724	6.072710592717087	4.638960031935129	4.949912030001777	5.968714502767086	5.27269635632923	4.902690593499415	6.033132579870634	4.48641959981314	4.9322687398463305	5.173395165202425	4.754006564386811	4.978996820523344	5.541681938214503	7.882330168401808	6.454776935063991	11.04109543206156	10.038999583323324	15.034330189762853	14.437503081144186	14.792192081761595	18.259515233106967	16.182992849992132	21.916898912875073	19.947850671316804	23.03290338001358
	# checklists reporting species - (Trumpeter Swan)	2388	1701	1386	1962	1384	1333	1890	1708	1769	2395	2622	3033	2262	1779	1710	2402	2174	2133	2027	2290	968	774	628	555	407	410	431	657	558	644	737	1070	907	773	881	1098	857	1138	1096	1475	1201	1103	990	1115	1047	994	985	1668
	
High Count
	Trumpeter Swan	194	260	222	340	217	220	200	180	200	230	203	120	140	75	35	32	27	28	25	24	25	20	24	64	32	46	35	34	29	34	28	28	30	33	37	65	39	28	42	46	174	106	87	199	150	164	200	191
	# checklists reporting species - (Trumpeter Swan)	2681	1876	1567	2242	1543	1478	2090	1873	1968	2642	2859	3312	2453	1948	1866	2628	2338	2295	2159	2497	1096	872	705	625	450	445	469	718	605	691	806	1161	987	843	963	1202	947	1230	1182	1610	1325	1226	1089	1266	1168	1109	1090	1868
	
Totals
	Trumpeter Swan	35861	29249	25875	38922	23416	24470	31199	22993	22632	23304	19841	16274	10993	7250	6141	8104	7277	6810	6684	7822	3840	3220	2640	2414	1777	1829	2158	3209	2518	2990	3372	4944	4675	3719	4402	5325	4282	5709	6002	8541	8870	8324	7784	10795	9869	10274	11770	23723
	# checklists reporting species - (Trumpeter Swan)	2489	1781	1466	2088	1459	1404	1980	1782	1855	2512	2745	3194	2378	1888	1817	2542	2273	2216	2096	2416	1053	856	690	610	441	430	452	692	590	670	778	1116	948	802	933	1162	917	1200	1146	1566	1262	1164	1040	1200	1111	1051	1039	1753
	
Average Count
	Trumpeter Swan	14.407794294897549	16.42279618192027	17.65006821282401	18.64080459770115	16.049348869088416	17.428774928774928	15.757070707070707	12.902918069584736	12.20053908355795	9.277070063694268	7.228051001821494	5.095178459611772	4.622792262405382	3.840042372881356	3.3797468354430378	3.188040912667191	3.20149582050154	3.0731046931407944	3.1889312977099236	3.2375827814569536	3.646723646723647	3.7616822429906542	3.8260869565217392	3.957377049180328	4.029478458049887	4.253488372093023	4.774336283185841	4.63728323699422	4.2677966101694915	4.462686567164179	4.334190231362468	4.43010752688172	4.931434599156118	4.63715710723192	4.718113612004287	4.582616179001721	4.6695747001090515	4.7575	5.237347294938918	5.454022988505747	7.028526148969889	7.151202749140894	7.484615384615385	8.995833333333334	8.882988298829883	9.775451950523312	11.328200192492782	13.532800912721049
	# checklists reporting species - (Trumpeter Swan)	2489	1781	1466	2088	1459	1404	1980	1782	1855	2512	2745	3194	2378	1888	1817	2542	2273	2216	2096	2416	1053	856	690	610	441	430	452	692	590	670	778	1116	948	802	933	1162	917	1200	1146	1566	1262	1164	1040	1200	1111	1051	1039	1753
	
