

	Week starting on...	1/1	1/8	1/15	1/22	2/1	2/8	2/15	2/22	3/1	3/8	3/15	3/22	4/1	4/8	4/15	4/22	5/1	5/8	5/15	5/22	6/1	6/8	6/15	6/22	7/1	7/8	7/15	7/22	8/1	8/8	8/15	8/22	9/1	9/8	9/15	9/22	10/1	10/8	10/15	10/22	11/1	11/8	11/15	11/22	12/1	12/8	12/15	12/22
Frequency (%)
	Eastern Kingbird	0.0	0.0	0.0	0.0	0.0	0.0	0.0	0.0	0.0	0.0	0.0	0.0	0.0	0.0036584473549425628	0.010894037330234585	0.3993662515876445	5.983110662969499	14.24203113417346	23.915194346289752	25.446136770056114	20.36653798702591	17.72128447920955	16.1173255913244	16.348397453846296	18.074515036436416	21.173210785970127	23.919857171196192	25.472794805636678	25.985844287158745	23.4463603749566	20.758182419277816	12.387963383446067	5.412613267872837	1.9951040391676869	0.37386018237082064	0.09146928557673792	0.014803410705826624	0.01696113074204947	0.012134817826047386	0.011033873993158999	0.0	0.0	0.0	0.0	0.0	0.0	0.0	0.0
	Total # checklists submitted - (Eastern Kingbird)	59897	41927	37441	52418	36194	52179	74398	41102	41678	48624	53837	76087	56976	54668	55076	76371	79340	86336	77825	81085	50254	48580	46844	53571	38972	29594	25205	35269	26703	25923	27223	41839	32997	32680	32900	41544	33776	35375	32963	45315	35442	32219	29848	36480	32106	27980	31549	46285
	
Abundance
	Eastern Kingbird	0.0	0.0	0.0	0.0	0.0	0.0	0.0	0.0	0.0	0.0	0.0	0.0	0.0	3.6584473549425625E-5	1.6341055995351878E-4	0.005748255227769703	0.10855810436097807	0.3272678836174944	0.6167683906199807	0.6265523833014738	0.439964977912206	0.3551255660765747	0.3078088976176245	0.3039890985794553	0.3776814122960074	0.4923633168885585	0.6160682404284864	0.702741784570019	0.7543721679212073	0.6802067661921846	0.6488630937075267	0.3699658213628433	0.12243537291268904	0.0330171358629131	0.004863221884498481	0.0011554015020219526	1.4803410705826624E-4	1.696113074204947E-4	1.2134817826047386E-4	1.1033873993158998E-4	0.0	0.0	0.0	0.0	0.0	0.0	0.0	0.0
	Total # checklists submitted - (Eastern Kingbird)	59897	41927	37441	52418	36194	52179	74398	41102	41678	48624	53837	76087	56976	54668	55076	76371	79340	86336	77825	81085	50254	48580	46844	53571	38972	29594	25205	35269	26703	25923	27223	41839	32997	32680	32900	41544	33776	35375	32963	45315	35442	32219	29848	36480	32106	27980	31549	46285
	
Birds Per Party Hour
	Eastern Kingbird	0.0	0.0	0.0	0.0	0.0	0.0	0.0	0.0	0.0	0.0	0.0	0.0	0.0	0.12603982858583312	0.6922601380948998	1.0339289155984714	1.5853717236730378	1.9115852980695744	2.4324443024875277	3.2651598939891464	3.989431466230267	4.123709054260162	4.2343086904507645	4.4398561147203255	3.914415701789269	4.078719033037234	3.7194356828916924	3.9426424653287007	3.8304732578505596	3.701917706490742	3.6744560317357178	3.3286293300666943	2.5381836583470267	1.712157615900358	1.1900241915066887	0.7575833415068151	0.8314255801112229	0.4575433510145189	0.6187290705755987	2.388126663246524	12.048192771084338	0.0	0.0	0.0	0.0	0.0	0.0	0.0
	# checklists reporting species - (Eastern Kingbird)	0.0	0.0	0.0	0.0	0.0	0.0	0.0	0.0	0.0	0.0	0.0	0.0	0.0	2	7	334	4729	11651	18285	20664	10272	8574	7558	8748	7072	6296	6044	9151	7019	6160	5696	5250	1813	670	133	38	7	7	4	5	1	0.0	0.0	0.0	0.0	0.0	0.0	0.0
	
High Count
	Eastern Kingbird	0.0	0.0	0.0	0.0	0.0	0.0	0.0	0.0	0.0	0.0	0.0	0.0	0.0	1	3	10	57	200	110	100	40	47	36	25	40	25	45	40	75	50	130	930	35	11	5	4	1	2	1	1	1	0.0	0.0	0.0	0.0	0.0	0.0	0.0
	# checklists reporting species - (Eastern Kingbird)	0.0	0.0	0.0	0.0	0.0	0.0	0.0	0.0	0.0	0.0	0.0	0.0	0.0	2	13	405	5370	13621	20157	22370	11141	9377	8268	9714	7854	6859	6526	9814	7553	6601	6155	5621	1965	741	161	42	7	9	5	6	3	0.0	0.0	0.0	0.0	0.0	0.0	0.0
	
Totals
	Eastern Kingbird	0.0	0.0	0.0	0.0	0.0	0.0	0.0	0.0	0.0	0.0	0.0	0.0	0.0	2	18	546	9427	30548	50919	54163	23470	18281	15367	17503	15865	15521	16347	26455	21364	18759	18884	18739	4397	1216	206	52	7	10	5	6	3	0.0	0.0	0.0	0.0	0.0	0.0	0.0
	# checklists reporting species - (Eastern Kingbird)	0.0	0.0	0.0	0.0	0.0	0.0	0.0	0.0	0.0	0.0	0.0	0.0	0.0	2	13	392	4992	12163	18764	21283	10678	8968	7913	9295	7496	6593	6249	9449	7276	6368	5931	5431	1897	713	158	42	7	9	5	6	3	0.0	0.0	0.0	0.0	0.0	0.0	0.0
	
Average Count
	Eastern Kingbird	0.0	0.0	0.0	0.0	0.0	0.0	0.0	0.0	0.0	0.0	0.0	0.0	0.0	1.0	1.3846153846153846	1.3928571428571428	1.8884214743589745	2.5115514264572885	2.7136538051588146	2.5448949866090307	2.1979771492788913	2.0384701159678857	1.941994186781246	1.8830554061323292	2.116462113127001	2.354163506749583	2.615938550168027	2.7997671711292202	2.936228697086311	2.9458228643216082	3.183948743888046	3.450377462714049	2.3178703215603584	1.7054698457223	1.3037974683544304	1.2380952380952381	1.0	1.1111111111111112	1.0	1.0	1.0	0.0	0.0	0.0	0.0	0.0	0.0	0.0
	# checklists reporting species - (Eastern Kingbird)	0.0	0.0	0.0	0.0	0.0	0.0	0.0	0.0	0.0	0.0	0.0	0.0	0.0	2	13	392	4992	12163	18764	21283	10678	8968	7913	9295	7496	6593	6249	9449	7276	6368	5931	5431	1897	713	158	42	7	9	5	6	3	0.0	0.0	0.0	0.0	0.0	0.0	0.0
	
