

	Week starting on...	1/1	1/8	1/15	1/22	2/1	2/8	2/15	2/22	3/1	3/8	3/15	3/22	4/1	4/8	4/15	4/22	5/1	5/8	5/15	5/22	6/1	6/8	6/15	6/22	7/1	7/8	7/15	7/22	8/1	8/8	8/15	8/22	9/1	9/8	9/15	9/22	10/1	10/8	10/15	10/22	11/1	11/8	11/15	11/22	12/1	12/8	12/15	12/22
Frequency (%)
	Red-eyed Vireo	0.0	0.0	0.0	0.0	0.0	0.0	0.0	0.0	0.0	0.0	0.0	0.0	0.0	0.0018292236774712814	0.001815672888372431	0.06939806994801692	1.179732795563398	7.167346182357302	21.234821715387085	34.354072886477155	38.532256138814816	39.99176615891314	39.206728716591236	37.02002949356928	36.618597967771734	32.89518145570048	30.680420551477884	25.26581417108509	22.139834475527095	21.30540446707557	22.367116041582484	23.674083988623053	23.02936630602782	19.75214198286414	13.680851063829788	7.262179857500481	3.120558976788252	0.7858657243816255	0.19112338076024635	0.10151164073706279	0.031036623215394164	0.0372451038207269	0.016751541141785044	0.024671052631578948	0.0	0.0	0.0	0.0
	Total # checklists submitted - (Red-eyed Vireo)	59897	41927	37441	52418	36194	52179	74398	41102	41678	48624	53837	76087	56976	54668	55076	76371	79340	86336	77825	81085	50254	48580	46844	53571	38972	29594	25205	35269	26703	25923	27223	41839	32997	32680	32900	41544	33776	35375	32963	45315	35442	32219	29848	36480	32106	27980	31549	46285
	
Abundance
	Red-eyed Vireo	0.0	0.0	0.0	0.0	0.0	0.0	0.0	0.0	0.0	0.0	0.0	0.0	0.0	1.8292236774712813E-5	1.815672888372431E-5	7.725445522515091E-4	0.015616334761784725	0.13398813936249074	0.5624670735624799	1.0483936609730529	1.1074740319178573	1.1038493207081104	1.0108018102638545	0.9113139571783241	0.9600225803140716	0.9048117861728728	0.8539575481055346	0.6514219286058578	0.5460809646856158	0.5444585888978899	0.5882893141828601	0.6769999282965654	0.6568778979907264	0.525795593635251	0.2898176291793313	0.12300211823608705	0.044587873045949786	0.008876325088339222	0.002032581985862937	0.0010371841553569459	3.3858134416793635E-4	3.72451038207269E-4	1.6751541141785044E-4	2.467105263157895E-4	0.0	0.0	0.0	0.0
	Total # checklists submitted - (Red-eyed Vireo)	59897	41927	37441	52418	36194	52179	74398	41102	41678	48624	53837	76087	56976	54668	55076	76371	79340	86336	77825	81085	50254	48580	46844	53571	38972	29594	25205	35269	26703	25923	27223	41839	32997	32680	32900	41544	33776	35375	32963	45315	35442	32219	29848	36480	32106	27980	31549	46285
	
Birds Per Party Hour
	Red-eyed Vireo	0.0	0.0	0.0	0.0	0.0	0.0	0.0	0.0	0.0	0.0	0.0	0.0	0.0	0.3333333333333333	0.0	0.5069007089641483	0.7985831957308488	1.2716168167030057	2.42907994291234	5.140257293669002	8.682227747861987	10.808540964082987	11.700161019374526	11.063766033638219	9.502969523558932	7.633402201336153	4.325560573054241	3.471314545433552	2.995616088064702	2.98963961608023	2.8374878072295955	2.74318064815989	2.346927397068974	2.236012859889986	1.746761561978513	1.2532098913481962	1.0450690967577558	0.8692499480758407	0.7487011034733435	0.8450887510637339	0.6964016278299342	1.140515237521943	1.0719928298688974	1.709366341781716	0.0	0.0	0.0	0.0
	# checklists reporting species - (Red-eyed Vireo)	0.0	0.0	0.0	0.0	0.0	0.0	0.0	0.0	0.0	0.0	0.0	0.0	0.0	1	2	59	863	5651	16051	27779	19415	19368	18404	19828	14310	9689	7639	8883	5908	5558	6196	10029	7727	6551	4626	3083	1108	283	73	50	11	12	8	11	1	0.0	0.0	0.0
	
High Count
	Red-eyed Vireo	0.0	0.0	0.0	0.0	0.0	0.0	0.0	0.0	0.0	0.0	0.0	0.0	0.0	1	1	2	15	70	120	200	154	75	95	70	50	100	41	50	33	50	100	60	73	200	40	33	16	4	2	2	2	1	1	1	1	0.0	0.0	0.0
	# checklists reporting species - (Red-eyed Vireo)	0.0	0.0	0.0	0.0	0.0	0.0	0.0	0.0	0.0	0.0	0.0	0.0	0.0	1	3	65	1027	6974	17990	30083	20806	20651	20006	21921	15694	10613	8333	9602	6339	5930	6610	10708	8179	6900	4879	3258	1151	309	86	61	18	12	8	11	1	0.0	0.0	0.0
	
Totals
	Red-eyed Vireo	0.0	0.0	0.0	0.0	0.0	0.0	0.0	0.0	0.0	0.0	0.0	0.0	0.0	1	3	70	1326	12621	46417	89578	58091	55744	49798	51734	39552	28053	22571	24073	15360	14776	17063	30248	23153	18232	10401	5536	1663	349	90	62	18	12	8	11	1	0.0	0.0	0.0
	# checklists reporting species - (Red-eyed Vireo)	0.0	0.0	0.0	0.0	0.0	0.0	0.0	0.0	0.0	0.0	0.0	0.0	0.0	1	3	63	910	6006	16592	28621	20064	20002	19362	21149	15163	10232	7947	9227	6109	5746	6429	10362	7970	6734	4764	3185	1141	302	86	61	17	12	8	11	1	0.0	0.0	0.0
	
Average Count
	Red-eyed Vireo	0.0	0.0	0.0	0.0	0.0	0.0	0.0	0.0	0.0	0.0	0.0	0.0	0.0	1.0	1.0	1.1111111111111112	1.457142857142857	2.1013986013986012	2.797553037608486	3.129799797351595	2.8952850877192984	2.786921307869213	2.571945046999277	2.4461676675020096	2.6084547912682186	2.7416927286942925	2.8401912671448346	2.608973664246234	2.514323129808479	2.5715280194918204	2.6540675066106703	2.9191275815479636	2.9050188205771645	2.7074547074547075	2.183249370277078	1.7381475667189954	1.4574934268185802	1.1556291390728477	1.0465116279069768	1.0163934426229508	1.0588235294117647	1.0	1.0	1.0	1.0	0.0	0.0	0.0
	# checklists reporting species - (Red-eyed Vireo)	0.0	0.0	0.0	0.0	0.0	0.0	0.0	0.0	0.0	0.0	0.0	0.0	0.0	1	3	63	910	6006	16592	28621	20064	20002	19362	21149	15163	10232	7947	9227	6109	5746	6429	10362	7970	6734	4764	3185	1141	302	86	61	17	12	8	11	1	0.0	0.0	0.0
	
