

	Week starting on...	1/1	1/8	1/15	1/22	2/1	2/8	2/15	2/22	3/1	3/8	3/15	3/22	4/1	4/8	4/15	4/22	5/1	5/8	5/15	5/22	6/1	6/8	6/15	6/22	7/1	7/8	7/15	7/22	8/1	8/8	8/15	8/22	9/1	9/8	9/15	9/22	10/1	10/8	10/15	10/22	11/1	11/8	11/15	11/22	12/1	12/8	12/15	12/22
Frequency (%)
	Ruffed Grouse	1.6361420438419285	1.3762014930712905	1.6425843326834217	1.5357320004578578	1.4118362159473947	1.324287548630675	1.7191322347374929	1.4062576030363487	1.4036182158452901	1.3182790391576176	1.4989691104630645	1.7335418665475049	2.6519938219601236	3.8212482622375066	4.63904422979156	4.495161776066832	4.33577010335266	4.234618235730171	5.157725666559589	5.2155145834617995	3.997691726031759	2.7027583367641004	1.852958756724447	1.3869444288887645	1.390742071230627	1.3786578360478476	1.3092640349137077	1.25606056310074	1.104744785230124	1.130270416232689	1.1938434412078023	1.149645067998757	1.4122495984483439	1.4167686658506733	2.0577507598784193	2.431157327171192	2.865940312648034	3.1038869257950528	2.575615083578558	2.55103166721836	2.1894926922859885	2.1322821937366148	1.8024658268560707	1.6392543859649122	1.5604559895346664	1.7583988563259472	2.2282798186947286	2.2210219293507616
	Total # checklists submitted - (Ruffed Grouse)	59897	41927	37441	52418	36194	52179	74398	41102	41678	48624	53837	76087	56976	54668	55076	76371	79340	86336	77825	81085	50254	48580	46844	53571	38972	29594	25205	35269	26703	25923	27223	41839	32997	32680	32900	41544	33776	35375	32963	45315	35442	32219	29848	36480	32106	27980	31549	46285
	
Abundance
	Ruffed Grouse	0.025894452142845217	0.020321034178453025	0.025533506049517908	0.022549505894921593	0.021163728794827873	0.019873895628509552	0.026116293448748624	0.020607269719235075	0.019674648495609195	0.01766617308325107	0.02084068577372439	0.024051414827762956	0.03601516427969671	0.05365113046023268	0.06659888154550077	0.06299511594715272	0.06269221073859339	0.05897887323943662	0.06966912945711533	0.07049392612690386	0.050782027301309346	0.03962536023054755	0.02792246605755273	0.025050867073603256	0.025300215539361594	0.027032506589173482	0.024518944653838522	0.024780969123025888	0.021495712092274275	0.023724106006249277	0.02211365389560298	0.020053060541599943	0.024184016728793528	0.02405140758873929	0.034103343465045594	0.03511939148854227	0.04076859308384652	0.04672791519434629	0.04049995449443315	0.039655743131413436	0.034168500648947574	0.0318445637667215	0.027606539801661754	0.02387609649122807	0.02388961564816545	0.026411722659042174	0.03740213635931408	0.03549746138057686
	Total # checklists submitted - (Ruffed Grouse)	59897	41927	37441	52418	36194	52179	74398	41102	41678	48624	53837	76087	56976	54668	55076	76371	79340	86336	77825	81085	50254	48580	46844	53571	38972	29594	25205	35269	26703	25923	27223	41839	32997	32680	32900	41544	33776	35375	32963	45315	35442	32219	29848	36480	32106	27980	31549	46285
	
Birds Per Party Hour
	Ruffed Grouse	2.7935691593508776	4.194632043060693	3.126425984386706	3.2568592205184745	3.0906469565130794	3.4847639139524147	2.501985868058873	2.5149753398345704	2.7297781498013243	2.8795673453566364	2.7183048105925827	2.181028395655392	2.3876263714358323	2.429627199545524	2.1194534789824533	1.9671742756108808	1.823871009647361	1.665425929316392	1.5693595642382183	2.8516739371612196	5.356914016760026	4.140107325337815	4.140575980946453	8.23980652323983	3.9242348750707525	3.612193048976949	2.627185983878512	2.496390639039553	2.326353073483646	1.809384377132675	1.7996809401885643	1.6475058728055256	1.613635284554085	1.8660480888698538	1.4356738743134445	1.8177131862341929	1.538086515492932	2.037645755969549	1.6114923116707092	2.1700621178856148	2.049053699610455	2.085157502024403	1.882524093327307	2.4229937190178115	2.294459613778844	2.4145307559101763	2.2777755627429404	2.197414144883937
	# checklists reporting species - (Ruffed Grouse)	1105	640	717	913	565	766	1356	661	660	720	875	1433	1599	2139	2595	3522	3498	3682	3984	4168	2019	1338	905	806	581	471	363	468	328	320	377	527	490	479	703	1069	1016	1171	925	1256	828	735	575	672	560	528	740	1128
	
High Count
	Ruffed Grouse	9	12	13	10	10	7	9	8	12	9	8	10	7	16	20	30	45	12	20	14	13	15	19	19	24	15	19	25	12	9	15	12	18	11	14	23	12	15	22	15	15	15	10	9	9	8	27	15
	# checklists reporting species - (Ruffed Grouse)	1226	733	769	1025	644	820	1451	737	732	796	987	1603	1760	2356	2862	3872	3809	4032	4381	4603	2196	1483	1068	969	713	543	450	555	379	377	419	594	546	556	791	1201	1140	1313	1018	1379	946	820	636	744	628	589	827	1230
	
Totals
	Ruffed Grouse	1942	1094	1182	1509	971	1221	2185	1053	1035	1058	1350	2167	2352	3224	4048	5376	5356	5519	5802	6137	2772	2121	1631	1808	1294	1050	810	1089	728	767	786	1061	963	928	1326	1748	1633	2005	1567	2121	1471	1231	977	1092	955	881	1376	1973
	# checklists reporting species - (Ruffed Grouse)	1203	718	762	1012	626	809	1436	725	724	785	970	1558	1731	2293	2753	3723	3664	3819	4124	4337	2103	1407	999	905	669	516	405	520	360	357	410	573	521	524	762	1155	1115	1276	993	1353	922	801	623	731	616	576	810	1204
	
Average Count
	Ruffed Grouse	1.6142975893599334	1.5236768802228413	1.5511811023622046	1.4911067193675889	1.5511182108626198	1.5092707045735476	1.5215877437325904	1.4524137931034482	1.4295580110497237	1.3477707006369426	1.3917525773195876	1.3908857509627728	1.3587521663778164	1.4060183166157871	1.4703959317108608	1.443996776792909	1.4617903930131004	1.4451427075150562	1.406886517943744	1.4150334332487895	1.3181169757489302	1.507462686567164	1.6326326326326326	1.9977900552486187	1.9342301943198805	2.0348837209302326	2.0	2.0942307692307693	2.022222222222222	2.1484593837535013	1.9170731707317072	1.8516579406631763	1.8483685220729367	1.7709923664122138	1.7401574803149606	1.5134199134199133	1.4645739910313902	1.5713166144200628	1.5780463242698892	1.5676274944567627	1.5954446854663775	1.536828963795256	1.5682182985553772	1.493844049247606	1.5503246753246753	1.5295138888888888	1.6987654320987655	1.638704318936877
	# checklists reporting species - (Ruffed Grouse)	1203	718	762	1012	626	809	1436	725	724	785	970	1558	1731	2293	2753	3723	3664	3819	4124	4337	2103	1407	999	905	669	516	405	520	360	357	410	573	521	524	762	1155	1115	1276	993	1353	922	801	623	731	616	576	810	1204
	
