

	Week starting on...	1/1	1/8	1/15	1/22	2/1	2/8	2/15	2/22	3/1	3/8	3/15	3/22	4/1	4/8	4/15	4/22	5/1	5/8	5/15	5/22	6/1	6/8	6/15	6/22	7/1	7/8	7/15	7/22	8/1	8/8	8/15	8/22	9/1	9/8	9/15	9/22	10/1	10/8	10/15	10/22	11/1	11/8	11/15	11/22	12/1	12/8	12/15	12/22
Frequency (%)
	Wood Thrush	0.0	0.0	0.0	0.0019077416154756	0.0	0.0	0.0	0.0	0.0	0.0	0.0	0.0	0.0	0.01280456574229897	0.05083884087442806	0.45697974361996047	5.447441391479708	10.329410674573758	11.82910375843238	8.650181907874453	6.481076133243125	5.916014820913956	6.158739646486209	6.445651565212522	6.050497793287488	5.132797188619315	4.641936123784964	2.7389492188607556	1.2507957907351235	0.6905065000192879	0.5987584028211439	0.6907430865938478	0.8425008334090979	0.774173806609547	0.6899696048632219	0.4308684767956865	0.2783041212695405	0.11307420494699646	0.03640445347814216	0.024274522784949796	0.0	0.0	0.0	0.0027412280701754384	0.0031146826138416495	0.0	0.0031696725728232273	0.006481581505887436
	Total # checklists submitted - (Wood Thrush)	59897	41927	37441	52418	36194	52179	74398	41102	41678	48624	53837	76087	56976	54668	55076	76371	79340	86336	77825	81085	50254	48580	46844	53571	38972	29594	25205	35269	26703	25923	27223	41839	32997	32680	32900	41544	33776	35375	32963	45315	35442	32219	29848	36480	32106	27980	31549	46285
	
Abundance
	Wood Thrush	0.0	0.0	0.0	1.9077416154756E-5	0.0	0.0	0.0	0.0	0.0	0.0	0.0	0.0	0.0	1.463378941977025E-4	5.628585953954536E-4	0.0059970407615456125	0.09907990925132341	0.18338815789473684	0.2059363957597173	0.1434543997040143	0.09869861105583635	0.09114862083161795	0.09728033472803348	0.10040880327042616	0.09732628553833521	0.08464553625734947	0.07431065264828407	0.03909949247214267	0.01692693704827173	0.00918103614550785	0.0074201961576608015	0.008795621310260762	0.011304057944661636	0.009791921664626682	0.008358662613981762	0.004838243789716926	0.0029902889625769776	0.001215547703180212	4.5505566847677697E-4	2.64812975835816E-4	0.0	0.0	0.0	2.7412280701754386E-5	3.1146826138416496E-5	0.0	3.169672572823227E-5	6.481581505887436E-5
	Total # checklists submitted - (Wood Thrush)	59897	41927	37441	52418	36194	52179	74398	41102	41678	48624	53837	76087	56976	54668	55076	76371	79340	86336	77825	81085	50254	48580	46844	53571	38972	29594	25205	35269	26703	25923	27223	41839	32997	32680	32900	41544	33776	35375	32963	45315	35442	32219	29848	36480	32106	27980	31549	46285
	
Birds Per Party Hour
	Wood Thrush	0.0	0.0	0.0	5.46448087431694	0.0	0.0	0.0	0.0	0.0	0.0	0.0	0.0	0.0	0.5306374058535082	0.8139280532243116	1.2722666644188987	1.3187229976899053	1.3761184020766108	1.6109064898819458	2.7528203740203554	4.268152386127901	4.99576623600356	5.008659387114706	5.842084897321955	4.475000631818862	3.514248173651797	2.3188558491788545	1.8944972321449454	1.8438364579096826	2.7355463463988237	2.221329160733713	1.5580222371251669	2.1425661559574074	1.3140186368771307	2.3392980930516076	2.2899954801969358	0.9825902458306358	0.6137035673966849	0.6022070605046639	0.8768287909881246	0.0	0.0	0.0	0.6666666666666666	2.25	0.0	1.1666666666666667	0.8410641200545702
	# checklists reporting species - (Wood Thrush)	0.0	0.0	1	1	0.0	0.0	0.0	0.0	0.0	0.0	0.0	0.0	0.0	7	30	386	4310	8630	9074	6972	3289	2889	2976	3507	2423	1554	1182	998	353	190	175	301	306	295	249	190	108	43	14	12	0	1	0.0	1	2	0.0	2	4
	
High Count
	Wood Thrush	0.0	0.0	1	1	0.0	0.0	0.0	0.0	0.0	0.0	0.0	0.0	0.0	2	2	8	25	30	25	16	29	20	35	31	24	13	10	10	6	6	6	10	13	32	60	13	4	4	2	2	1	1	0.0	1	1	0.0	1	1
	# checklists reporting species - (Wood Thrush)	0.0	0.0	1	1	0.0	0.0	0.0	0.0	0.0	0.0	0.0	0.0	0.0	7	32	422	4826	9948	10030	7671	3615	3203	3398	4180	2879	1826	1281	1068	371	201	185	328	323	318	278	218	115	54	17	15	1	2	0.0	1	2	0.0	3	4
	
Totals
	Wood Thrush	0.0	0.0	1	1	0.0	0.0	0.0	0.0	0.0	0.0	0.0	0.0	0.0	8	35	538	8498	17044	17070	12411	5368	4805	5148	6158	4352	2848	1997	1511	497	266	227	411	463	449	420	257	123	56	20	16	1	2	0.0	1	2	0.0	3	4
	# checklists reporting species - (Wood Thrush)	0.0	0.0	1	1	0.0	0.0	0.0	0.0	0.0	0.0	0.0	0.0	0.0	7	32	408	4497	8983	9333	7272	3500	3100	3275	4034	2794	1766	1238	1032	364	197	184	314	318	312	265	211	115	52	17	14	1	2	0.0	1	2	0.0	3	4
	
Average Count
	Wood Thrush	0.0	0.0	1.0	1.0	0.0	0.0	0.0	0.0	0.0	0.0	0.0	0.0	0.0	1.1428571428571428	1.09375	1.3186274509803921	1.8897042472759618	1.8973616831793387	1.8289938926390228	1.7066831683168318	1.5337142857142858	1.55	1.5719083969465648	1.526524541398116	1.5576234788833214	1.6126840317100792	1.6130856219709209	1.4641472868217054	1.3653846153846154	1.350253807106599	1.233695652173913	1.3089171974522293	1.4559748427672956	1.439102564102564	1.5849056603773586	1.2180094786729858	1.0695652173913044	1.0769230769230769	1.1764705882352942	1.1428571428571428	1.0	1.0	0.0	1.0	1.0	0.0	1.0	1.0
	# checklists reporting species - (Wood Thrush)	0.0	0.0	1	1	0.0	0.0	0.0	0.0	0.0	0.0	0.0	0.0	0.0	7	32	408	4497	8983	9333	7272	3500	3100	3275	4034	2794	1766	1238	1032	364	197	184	314	318	312	265	211	115	52	17	14	1	2	0.0	1	2	0.0	3	4
	
