

	Week starting on...	1/1	1/8	1/15	1/22	2/1	2/8	2/15	2/22	3/1	3/8	3/15	3/22	4/1	4/8	4/15	4/22	5/1	5/8	5/15	5/22	6/1	6/8	6/15	6/22	7/1	7/8	7/15	7/22	8/1	8/8	8/15	8/22	9/1	9/8	9/15	9/22	10/1	10/8	10/15	10/22	11/1	11/8	11/15	11/22	12/1	12/8	12/15	12/22
Frequency (%)
	Black-capped Chickadee	50.139405980266126	51.77570539270637	52.819102053898135	53.40531878362395	53.85146709399348	57.15134441058664	59.28116347213634	50.975621624251865	50.90455396132252	48.55215531424811	47.9744413693185	46.536201979313155	46.979429935411396	47.85249140264872	47.606943133125135	47.79170103835225	47.29770607511974	43.99671052631579	43.46032765820752	35.914164148732816	29.74091614597843	27.515438452037877	27.55102040816326	28.761830094640757	32.96469259981525	36.35534229911468	41.16246776433247	42.4593835946582	45.37317904355316	45.69687150406975	47.06314513462881	48.908912736920094	51.392550837954964	51.05875152998776	51.689969604863215	51.54534950895437	53.32188536238749	54.846643109540636	54.445893881018115	55.57100297914598	55.93363805654309	57.02535770818461	55.80943446797105	55.2686403508772	52.482402043231794	55.26447462473195	58.78791720815239	56.81538295344064
	Total # checklists submitted - (Black-capped Chickadee)	59897	41927	37441	52418	36194	52179	74398	41102	41678	48624	53837	76087	56976	54668	55076	76371	79340	86336	77825	81085	50254	48580	46844	53571	38972	29594	25205	35269	26703	25923	27223	41839	32997	32680	32900	41544	33776	35375	32963	45315	35442	32219	29848	36480	32106	27980	31549	46285
	
Abundance
	Black-capped Chickadee	3.3051071005225636	3.130226345791495	3.2017307230041934	3.304303865084513	3.2580261921865503	3.268997106115487	3.35261700583349	2.872487956790424	2.837492202121023	2.5322268838433697	2.3627059457250588	2.147857058367395	2.130458438640831	2.0558827833467475	1.96996877042632	1.9218813423943644	1.7656919586589361	1.4631324128984433	1.3163764857051077	0.8931614971943023	0.6707127790822621	0.637216961712639	0.6545128511655708	0.7421179369434956	0.9661038694447296	1.130871122524836	1.3860741916286452	1.514672942243897	1.757854922667865	1.8688809165605833	2.064798148624325	2.3687707641196014	2.653513955814165	2.655324357405141	2.7513373860182373	2.766632967456191	2.8918758882046425	3.354402826855124	3.1699177866092287	3.5247269116186692	3.5646972518480897	3.2979918681523324	3.2215223800589654	3.2394462719298245	3.1360493365726034	3.6363831308077197	5.548004691115408	4.258334233552987
	Total # checklists submitted - (Black-capped Chickadee)	59897	41927	37441	52418	36194	52179	74398	41102	41678	48624	53837	76087	56976	54668	55076	76371	79340	86336	77825	81085	50254	48580	46844	53571	38972	29594	25205	35269	26703	25923	27223	41839	32997	32680	32900	41544	33776	35375	32963	45315	35442	32219	29848	36480	32106	27980	31549	46285
	
Birds Per Party Hour
	Black-capped Chickadee	13.135278595784218	13.063053881817423	12.512492731169951	13.027024263739706	12.543626928771083	12.25716944119932	10.832168620374736	11.504430410891041	11.325560390743512	10.12772341204112	9.64473015160762	8.45297607679829	7.699928505226239	6.918152671635568	6.477950476103293	5.750561598127855	4.969272960577016	4.294027925091094	3.6191745763109133	3.8635220506414774	5.108261218184074	5.8997825965227975	6.691200897247698	7.461288310146598	6.716002659303956	6.285365094585664	5.41981227241786	5.324097440293402	5.496269425014037	5.619299797560942	5.84519422985745	6.049173813423346	6.123109627803302	6.512055818852152	6.581791004482473	6.857034158604045	7.2516517746114255	7.700461568922311	8.298288433873054	9.001823062828072	9.916346282473604	9.746204470475249	10.574262732904057	11.222165105506226	11.668846899066178	11.637924689205146	12.358001459441262	11.938570971111732
	# checklists reporting species - (Black-capped Chickadee)	29825	21472	19540	27662	19162	29947	44369	20774	21068	23310	25434	34975	26340	25552	25484	35846	36810	37149	33019	28404	14663	13179	12753	15207	12723	10564	10240	14810	11966	11769	12702	20164	16662	16455	16938	21129	17811	19261	17769	25009	19768	18293	16437	19965	16655	15318	18397	26087
	
High Count
	Black-capped Chickadee	264	125	100	100	100	110	135	113	120	90	100	100	80	100	110	350	170	120	75	50	50	48	40	37	62	50	100	103	53	60	76	100	67	79	120	415	545	5000	698	1425	3000	640	265	150	100	715	1395	284
	# checklists reporting species - (Black-capped Chickadee)	32266	23109	21105	29794	20691	31428	46264	22306	22560	25026	27386	37663	28508	27817	27904	38701	39843	40489	35976	30890	15854	14190	13758	16439	13851	11554	11198	16225	13102	12805	13875	22018	18172	17855	18298	22994	19365	20931	19222	27054	21249	19714	17724	21475	18017	16477	19635	28051
	
Totals
	Black-capped Chickadee	207550	137296	125542	181699	123200	177883	259276	123100	123456	128353	132907	170930	127084	117661	113614	153498	145957	131838	106970	75650	35070	32265	32030	41540	39534	34860	36507	56196	49493	50775	59216	104187	91624	90649	94785	120374	102301	125113	110143	170189	137603	111741	100642	123311	105328	107026	182905	207548
	# checklists reporting species - (Black-capped Chickadee)	31094	22334	20334	28814	19966	30732	45384	21617	21884	24190	26317	36294	27349	26582	26554	36889	37773	38019	33783	29188	15088	13599	13132	15672	13180	10983	10633	15434	12457	12215	13222	20966	17296	17049	17504	21862	18499	20010	18440	25971	20504	19003	17124	20790	17370	15966	19141	27122
	
Average Count
	Black-capped Chickadee	6.674921206663665	6.147398585116862	6.173994295269008	6.3059276740473384	6.170489832715616	5.788201223480411	5.71293848052177	5.69459221908683	5.641381831475051	5.306035551880942	5.050233689250295	4.709593872265388	4.646751252330981	4.426341133097585	4.2786020938465015	4.161077828078831	3.8640563365366796	3.4676872090270656	3.1663854601426755	2.5918185555707827	2.3243637327677624	2.3726009265387162	2.439080109655803	2.650587034201123	2.9995447647951443	3.1739961759082216	3.433367817172952	3.6410522223662043	3.9731074897647907	4.156774457634056	4.478596278929057	4.969331298292474	5.29740980573543	5.3169687371693355	5.415047989031079	5.506083615405727	5.530082707173361	6.252523738130934	5.973047722342733	6.553039929151746	6.711031993757316	5.880176814187234	5.877248306470451	5.931265031265031	6.063788140472078	6.703369660528623	9.5556658481793	7.6523855172922355
	# checklists reporting species - (Black-capped Chickadee)	31094	22334	20334	28814	19966	30732	45384	21617	21884	24190	26317	36294	27349	26582	26554	36889	37773	38019	33783	29188	15088	13599	13132	15672	13180	10983	10633	15434	12457	12215	13222	20966	17296	17049	17504	21862	18499	20010	18440	25971	20504	19003	17124	20790	17370	15966	19141	27122
	
