

	Week starting on...	1/1	1/8	1/15	1/22	2/1	2/8	2/15	2/22	3/1	3/8	3/15	3/22	4/1	4/8	4/15	4/22	5/1	5/8	5/15	5/22	6/1	6/8	6/15	6/22	7/1	7/8	7/15	7/22	8/1	8/8	8/15	8/22	9/1	9/8	9/15	9/22	10/1	10/8	10/15	10/22	11/1	11/8	11/15	11/22	12/1	12/8	12/15	12/22
Frequency (%)
	Philadelphia Vireo	0.0	0.0	0.0	0.0	0.0	0.0	0.0	0.0	0.0	0.0	0.0	0.0	0.0	0.0	0.0	0.0013093975461889984	0.2419964708847996	2.2470348406226837	4.381625441696113	2.82173028303632	0.6626338201934174	0.4281597365170853	0.45897019895824437	0.41066995202628287	0.43621061274761364	0.35480164898290195	0.3412021424320571	0.3317360855141909	0.5280305583642287	0.7290822821432704	1.0358887705249238	2.648246851024164	5.200472770251841	6.1750305997552015	4.6626139817629175	2.464856537646832	0.8141875888204642	0.1724381625441696	0.06674149804326063	0.015447423590422596	0.014107556006997347	0.006207517303454484	0.013401232913428035	0.0	0.0	0.0	0.0	0.0
	Total # checklists submitted - (Philadelphia Vireo)	59897	41927	37441	52418	36194	52179	74398	41102	41678	48624	53837	76087	56976	54668	55076	76371	79340	86336	77825	81085	50254	48580	46844	53571	38972	29594	25205	35269	26703	25923	27223	41839	32997	32680	32900	41544	33776	35375	32963	45315	35442	32219	29848	36480	32106	27980	31549	46285
	
Abundance
	Philadelphia Vireo	0.0	0.0	0.0	0.0	0.0	0.0	0.0	0.0	0.0	0.0	0.0	0.0	0.0	0.0	0.0	1.3093975461889984E-5	0.002571212503150996	0.028412249814677538	0.060661741085769355	0.04152432632422766	0.008974409997214152	0.005351996706463565	0.00552898983861327	0.0047413712643034475	0.005670737965718977	0.004561735486923025	0.004800634794683595	0.00493351101533925	0.0076021420814140735	0.010878370558963082	0.013628182051941374	0.03745309400320276	0.07315816589386914	0.08968788249694003	0.06367781155015198	0.02992008472944348	0.010066319279962103	0.0018374558303886925	6.674149804326063E-4	1.5447423590422596E-4	1.4107556006997347E-4	6.207517303454484E-5	1.3401232913428035E-4	0.0	0.0	0.0	0.0	0.0
	Total # checklists submitted - (Philadelphia Vireo)	59897	41927	37441	52418	36194	52179	74398	41102	41678	48624	53837	76087	56976	54668	55076	76371	79340	86336	77825	81085	50254	48580	46844	53571	38972	29594	25205	35269	26703	25923	27223	41839	32997	32680	32900	41544	33776	35375	32963	45315	35442	32219	29848	36480	32106	27980	31549	46285
	
Birds Per Party Hour
	Philadelphia Vireo	0.0	0.0	0.0	0.0	0.0	0.0	0.0	0.0	0.0	0.0	0.0	0.0	0.0	0.0	0.0	2.2222222222222223	0.6499981251576091	0.633337727418237	0.9430290933291671	1.1340450400440416	3.5970976818138864	6.915007741573489	8.379947470754152	7.049379343796918	6.827965832010671	5.358400437360986	1.8492346057265954	1.0557335605334959	1.2111319009609434	1.1404591780766413	1.304251221980501	1.0064795053001667	1.1721447366584046	1.1022043885511832	1.041870840993993	1.0851455196350501	0.7788262842240776	0.6589383142935659	0.7406961196883526	0.8234360448456193	0.9793899174377985	1.8027649769585252	0.27452455349808436	0.0	0.0	0.0	0.0	0.0
	# checklists reporting species - (Philadelphia Vireo)	0.0	0.0	0.0	0.0	0.0	0.0	0.0	0.0	0.0	0.0	0.0	0.0	0.0	0.0	0.0	1	185	1790	3372	2355	348	210	219	215	157	98	89	119	145	192	298	1144	1775	2079	1583	1065	292	63	24	8	6	3	5	0.0	0.0	0.0	0.0	0.0
	
High Count
	Philadelphia Vireo	0.0	0.0	0.0	0.0	0.0	0.0	0.0	0.0	0.0	0.0	0.0	0.0	0.0	0.0	0.0	1	6	14	20	45	7	8	4	4	5	4	8	18	5	7	8	15	14	14	10	9	7	2	1	1	1	1	1	0.0	0.0	0.0	0.0	0.0
	# checklists reporting species - (Philadelphia Vireo)	0.0	0.0	0.0	0.0	0.0	0.0	0.0	0.0	0.0	0.0	0.0	0.0	0.0	0.0	0.0	1	218	2280	3822	2584	375	225	226	237	175	109	95	125	154	209	321	1232	1866	2201	1690	1132	315	66	25	9	7	3	5	0.0	0.0	0.0	0.0	0.0
	
Totals
	Philadelphia Vireo	0.0	0.0	0.0	0.0	0.0	0.0	0.0	0.0	0.0	0.0	0.0	0.0	0.0	0.0	0.0	1	222	2751	5242	3853	510	275	279	264	223	139	132	184	224	316	431	1757	2631	3204	2352	1373	384	70	25	9	7	3	5	0.0	0.0	0.0	0.0	0.0
	# checklists reporting species - (Philadelphia Vireo)	0.0	0.0	0.0	0.0	0.0	0.0	0.0	0.0	0.0	0.0	0.0	0.0	0.0	0.0	0.0	1	196	1926	3539	2472	358	216	222	223	167	107	95	122	150	204	318	1198	1834	2164	1655	1110	312	66	25	9	7	3	5	0.0	0.0	0.0	0.0	0.0
	
Average Count
	Philadelphia Vireo	0.0	0.0	0.0	0.0	0.0	0.0	0.0	0.0	0.0	0.0	0.0	0.0	0.0	0.0	0.0	1.0	1.1326530612244898	1.428348909657321	1.4812093811811247	1.5586569579288025	1.4245810055865922	1.2731481481481481	1.2567567567567568	1.1838565022421526	1.3353293413173652	1.2990654205607477	1.3894736842105264	1.5081967213114753	1.4933333333333334	1.5490196078431373	1.3553459119496856	1.4666110183639398	1.4345692475463467	1.4805914972273568	1.4211480362537765	1.236936936936937	1.2307692307692308	1.0606060606060606	1.0	1.0	1.0	1.0	1.0	0.0	0.0	0.0	0.0	0.0
	# checklists reporting species - (Philadelphia Vireo)	0.0	0.0	0.0	0.0	0.0	0.0	0.0	0.0	0.0	0.0	0.0	0.0	0.0	0.0	0.0	1	196	1926	3539	2472	358	216	222	223	167	107	95	122	150	204	318	1198	1834	2164	1655	1110	312	66	25	9	7	3	5	0.0	0.0	0.0	0.0	0.0
	
