

	Week starting on...	1/1	1/8	1/15	1/22	2/1	2/8	2/15	2/22	3/1	3/8	3/15	3/22	4/1	4/8	4/15	4/22	5/1	5/8	5/15	5/22	6/1	6/8	6/15	6/22	7/1	7/8	7/15	7/22	8/1	8/8	8/15	8/22	9/1	9/8	9/15	9/22	10/1	10/8	10/15	10/22	11/1	11/8	11/15	11/22	12/1	12/8	12/15	12/22
Frequency (%)
	Barred Owl	0.7212381254486869	0.7703866243709304	0.7398306669159477	0.9042695257354344	1.0139802177156436	0.7972556009122445	0.6734051990644909	0.6666342270449126	0.7437976870291281	0.6375452451464297	0.6519679774133031	0.5677711041307977	0.5914771131704577	0.6475451818248336	0.6463795482605853	0.7699257571591311	0.5570960423493824	0.4992123795404003	0.768390619980726	0.79176173151631	0.6347753412663668	0.5496088925483738	0.580650670309965	0.4741371264303447	0.5311505696397414	0.48658511860512266	0.5356080142828803	0.5273753154328163	0.5392652510953826	0.6210700921961193	0.6354920471659993	0.6548913692965893	0.5667181865018033	0.5385556915544676	0.6139817629179332	0.5512227999229733	0.4796305068687826	0.5031802120141342	0.33977489912932685	0.45459560851815073	0.5699452626826929	0.7200720072007201	0.7136156526400429	0.6935307017543859	0.5855603314022301	0.7183702644746247	1.0269739135947258	0.8188397969104462
	Total # checklists submitted - (Barred Owl)	59897	41927	37441	52418	36194	52179	74398	41102	41678	48624	53837	76087	56976	54668	55076	76371	79340	86336	77825	81085	50254	48580	46844	53571	38972	29594	25205	35269	26703	25923	27223	41839	32997	32680	32900	41544	33776	35375	32963	45315	35442	32219	29848	36480	32106	27980	31549	46285
	
Abundance
	Barred Owl	0.007813413025694108	0.008061630929949675	0.007718810929195267	0.009615017741997025	0.011023926617671436	0.008719983134977674	0.00740611306755558	0.007323244610967836	0.00796583329334421	0.007177525501809806	0.007671304121700689	0.006610853365226648	0.008705419825891604	0.009603424306724227	0.00982279032609485	0.011300100823611057	0.006831358709352155	0.006150389177168273	0.009701252810793447	0.010088179071344886	0.007800374099574163	0.007328118567311651	0.007450260438903595	0.006496051968415747	0.007056348147387868	0.006791917280529837	0.006982741519539774	0.006322833082877314	0.006740815638692282	0.007175095475060757	0.007787532601109356	0.008054685819450751	0.006788495923871867	0.006272949816401469	0.007659574468085106	0.006571346042749855	0.005299621032685931	0.005766784452296819	0.0036707823923793344	0.004722498069072051	0.006094464195022855	0.007542133523697197	0.00760519967837041	0.007209429824561403	0.006229365227683299	0.007576840600428878	0.01087197692478367	0.008663713946202873
	Total # checklists submitted - (Barred Owl)	59897	41927	37441	52418	36194	52179	74398	41102	41678	48624	53837	76087	56976	54668	55076	76371	79340	86336	77825	81085	50254	48580	46844	53571	38972	29594	25205	35269	26703	25923	27223	41839	32997	32680	32900	41544	33776	35375	32963	45315	35442	32219	29848	36480	32106	27980	31549	46285
	
Birds Per Party Hour
	Barred Owl	2.3668391799944675	3.1922616180547334	2.3039675054638735	2.23260759609515	2.128520544773839	2.673334410916344	2.618643386639701	2.987628264222552	3.2504185499608953	3.3952881819449017	3.192571607794011	3.7829460978258242	4.655298350826296	5.227748532109989	5.084701819539697	4.324574903426217	2.9142603599691395	2.5983459168658567	3.0064599781478236	2.8822790394431776	3.1439124612939002	2.990204767992322	3.922771363992478	3.4285170974317656	5.086917746491824	4.0241099536867	3.4894431909790757	3.381924755024839	3.315551308542865	2.882776848950485	2.4945448541982067	2.850587862437466	3.4615832204229924	3.2950177894718498	2.7257012957802385	2.119226771237398	2.4973931148900927	3.101624622414115	2.4616178983959593	1.7167644268874724	2.0473253007584846	2.1891581851887745	1.3551205114637226	2.775301938370878	2.889232170373546	2.91960720263212	2.1207409495972716	2.8833603875939593
	# checklists reporting species - (Barred Owl)	566	433	354	601	463	535	630	352	392	376	449	507	406	442	430	716	498	501	689	755	368	312	310	315	251	172	158	242	184	210	253	360	251	231	280	279	204	240	163	273	261	295	260	320	236	274	393	530
	
High Count
	Barred Owl	10	6	3	3	6	4	4	4	3	10	4	5	18	14	18	12	8	6	7	6	6	6	6	5	5	8	4	5	4	5	4	5	6	3	6	5	6	5	3	4	5	4	2	3	3	4	7	2
	# checklists reporting species - (Barred Owl)	640	490	406	702	531	598	691	404	437	416	499	574	439	507	488	768	565	565	767	888	416	349	352	351	286	207	198	285	231	258	301	431	298	279	318	331	228	283	194	313	299	332	292	357	261	316	435	571
	
Totals
	Barred Owl	677	513	419	736	568	648	750	434	467	463	583	662	624	767	703	1103	689	676	973	1135	500	472	463	470	370	287	255	339	280	300	371	523	362	325	387	394	261	324	213	332	318	347	309	369	274	333	464	599
	# checklists reporting species - (Barred Owl)	629	487	396	690	525	595	686	398	432	414	493	560	431	495	476	758	550	553	745	853	397	337	336	340	278	201	192	276	220	248	291	422	293	271	312	312	221	276	194	310	293	327	289	352	256	311	431	566
	
Average Count
	Barred Owl	1.0763116057233704	1.053388090349076	1.0580808080808082	1.0666666666666667	1.081904761904762	1.0890756302521007	1.0932944606413995	1.0904522613065326	1.0810185185185186	1.1183574879227054	1.182555780933063	1.1821428571428572	1.4477958236658932	1.5494949494949495	1.476890756302521	1.4551451187335092	1.2527272727272727	1.2224231464737794	1.3060402684563759	1.3305978898007034	1.2594458438287153	1.400593471810089	1.3779761904761905	1.3823529411764706	1.330935251798561	1.427860696517413	1.328125	1.2282608695652173	1.2727272727272727	1.2096774193548387	1.274914089347079	1.2393364928909953	1.235494880546075	1.1992619926199262	1.2403846153846154	1.2628205128205128	1.1809954751131222	1.173913043478261	1.097938144329897	1.070967741935484	1.0853242320819112	1.0611620795107033	1.069204152249135	1.0482954545454546	1.0703125	1.0707395498392283	1.0765661252900232	1.058303886925795
	# checklists reporting species - (Barred Owl)	629	487	396	690	525	595	686	398	432	414	493	560	431	495	476	758	550	553	745	853	397	337	336	340	278	201	192	276	220	248	291	422	293	271	312	312	221	276	194	310	293	327	289	352	256	311	431	566
	
