

	Week starting on...	1/1	1/8	1/15	1/22	2/1	2/8	2/15	2/22	3/1	3/8	3/15	3/22	4/1	4/8	4/15	4/22	5/1	5/8	5/15	5/22	6/1	6/8	6/15	6/22	7/1	7/8	7/15	7/22	8/1	8/8	8/15	8/22	9/1	9/8	9/15	9/22	10/1	10/8	10/15	10/22	11/1	11/8	11/15	11/22	12/1	12/8	12/15	12/22
Frequency (%)
	Magnolia Warbler	0.0	0.0	0.0	0.0	0.0	0.0	0.0	0.0	0.0	0.0	0.0	0.0	0.0	0.0	0.001815672888372431	0.031425541108535966	2.6997731283085455	13.206541882876206	19.519434628975265	9.157057408891903	6.1825924304532975	7.025524907369288	6.51097258987277	5.799779731571186	6.799753669301037	3.912955328782861	2.114659789724261	1.4375230372281607	1.2957345616597387	1.9480769972611194	4.132534988796238	9.926145462367646	14.674061278298028	15.850673194614442	12.02127659574468	7.7797034469478135	3.3159639981051634	0.7151943462897526	0.19112338076024635	0.04192872117400419	0.008464533604198408	0.012415034606908968	0.013401232913428035	0.0027412280701754384	0.0	0.0	0.0	0.0
	Total # checklists submitted - (Magnolia Warbler)	59897	41927	37441	52418	36194	52179	74398	41102	41678	48624	53837	76087	56976	54668	55076	76371	79340	86336	77825	81085	50254	48580	46844	53571	38972	29594	25205	35269	26703	25923	27223	41839	32997	32680	32900	41544	33776	35375	32963	45315	35442	32219	29848	36480	32106	27980	31549	46285
	
Abundance
	Magnolia Warbler	0.0	0.0	0.0	0.0	0.0	0.0	0.0	0.0	0.0	0.0	0.0	0.0	0.0	0.0	1.815672888372431E-5	3.273493865472496E-4	0.05001260398285858	0.37305411415863604	0.5124445872149053	0.19724979959301966	0.11109563417837386	0.12828324413338824	0.10154982495090087	0.0838326706613653	0.10897567484347737	0.06369534365074002	0.040388811743701646	0.024979443704102752	0.02003520203722428	0.03116923195617791	0.06792050839363774	0.23545017806352925	0.39303573052095647	0.40957772337821297	0.2639209726443769	0.1489264394377046	0.053233064898152535	0.008819787985865725	0.0020629190304280558	4.4135495972635994E-4	8.464533604198409E-5	1.2415034606908968E-4	1.3401232913428035E-4	2.7412280701754386E-5	0.0	0.0	0.0	0.0
	Total # checklists submitted - (Magnolia Warbler)	59897	41927	37441	52418	36194	52179	74398	41102	41678	48624	53837	76087	56976	54668	55076	76371	79340	86336	77825	81085	50254	48580	46844	53571	38972	29594	25205	35269	26703	25923	27223	41839	32997	32680	32900	41544	33776	35375	32963	45315	35442	32219	29848	36480	32106	27980	31549	46285
	
Birds Per Party Hour
	Magnolia Warbler	0.0	0.0	0.0	0.0	0.0	0.0	0.0	0.0	0.0	0.0	0.0	0.0	0.0	0.0	0.25	0.847324327417176	1.2982773465728603	1.5216404452841261	1.7649989376742332	2.6975614442072198	9.616769634958894	11.9699721220936	12.722650352204997	11.021672102837433	11.722897590763258	8.52618922347669	3.15413201996923	1.518463155943417	1.1754963971022487	1.3000995127700188	1.3338685292663313	1.711085966443238	2.0021335808013876	1.8808889348806348	1.6327569946188838	1.4569402096091297	1.2300351066457664	0.8041660555770548	0.6826699356510736	1.3904841655554792	0.41880402477856615	0.5718850985916387	0.7483829638420076	0.5	0.0	0.0	0.0	0.0
	# checklists reporting species - (Magnolia Warbler)	0.0	0.0	0.0	0.0	0.0	0.0	0.0	0.0	0.0	0.0	0.0	0.0	0.0	0.0	1	24	2053	10882	15183	7601	3102	3395	3059	3066	2630	1144	519	496	343	507	1169	4267	4928	5328	4071	3313	1168	265	65	20	3	4	4	1	0.0	0.0	0.0	0.0
	
High Count
	Magnolia Warbler	0.0	0.0	0.0	0.0	0.0	0.0	0.0	0.0	0.0	0.0	0.0	0.0	0.0	0.0	1	4	63	500	400	160	32	38	26	23	40	25	20	35	13	30	18	55	70	200	125	50	50	10	5	2	1	1	1	1	0.0	0.0	0.0	0.0
	# checklists reporting species - (Magnolia Warbler)	0.0	0.0	0.0	0.0	0.0	0.0	0.0	0.0	0.0	0.0	0.0	0.0	0.0	0.0	2	30	2478	12893	16941	8452	3326	3569	3194	3288	2750	1237	603	555	396	565	1256	4565	5240	5651	4351	3530	1239	285	72	22	4	4	4	1	0.0	0.0	0.0	0.0
	
Totals
	Magnolia Warbler	0.0	0.0	0.0	0.0	0.0	0.0	0.0	0.0	0.0	0.0	0.0	0.0	0.0	0.0	2	32	4393	35751	44175	18422	5889	6399	4943	4685	4375	1978	1093	927	605	902	2039	11032	14074	14753	9904	6788	2014	350	78	23	4	4	4	1	0.0	0.0	0.0	0.0
	# checklists reporting species - (Magnolia Warbler)	0.0	0.0	0.0	0.0	0.0	0.0	0.0	0.0	0.0	0.0	0.0	0.0	0.0	0.0	2	27	2190	11378	15687	7948	3185	3458	3106	3149	2672	1189	546	515	365	539	1216	4442	5105	5512	4226	3447	1212	283	71	22	4	4	4	1	0.0	0.0	0.0	0.0
	
Average Count
	Magnolia Warbler	0.0	0.0	0.0	0.0	0.0	0.0	0.0	0.0	0.0	0.0	0.0	0.0	0.0	0.0	1.0	1.1851851851851851	2.005936073059361	3.142116364914748	2.816026008797093	2.3178158027176647	1.8489795918367347	1.8504916136495084	1.5914359304571797	1.4877738964750715	1.6373502994011977	1.663582842724979	2.001831501831502	1.8	1.6575342465753424	1.6734693877551021	1.6768092105263157	2.4835659612787033	2.75690499510284	2.676523947750363	2.343587316611453	1.9692486219901364	1.6617161716171618	1.2367491166077738	1.0985915492957747	1.0454545454545454	1.0	1.0	1.0	1.0	0.0	0.0	0.0	0.0
	# checklists reporting species - (Magnolia Warbler)	0.0	0.0	0.0	0.0	0.0	0.0	0.0	0.0	0.0	0.0	0.0	0.0	0.0	0.0	2	27	2190	11378	15687	7948	3185	3458	3106	3149	2672	1189	546	515	365	539	1216	4442	5105	5512	4226	3447	1212	283	71	22	4	4	4	1	0.0	0.0	0.0	0.0
	
