

	Week starting on...	1/1	1/8	1/15	1/22	2/1	2/8	2/15	2/22	3/1	3/8	3/15	3/22	4/1	4/8	4/15	4/22	5/1	5/8	5/15	5/22	6/1	6/8	6/15	6/22	7/1	7/8	7/15	7/22	8/1	8/8	8/15	8/22	9/1	9/8	9/15	9/22	10/1	10/8	10/15	10/22	11/1	11/8	11/15	11/22	12/1	12/8	12/15	12/22
Frequency (%)
	Wild Turkey	3.61787735612802	3.124478259832566	3.076840896343581	3.012324010835972	3.326518207437697	3.1871059238390926	3.40197317132181	3.5010461778015665	3.81256298286866	3.3666502138861465	2.997938220926129	3.229198154743912	3.891112047177759	4.743176995683032	5.238216282954463	5.985256183629912	6.949836148222839	8.147238695329873	6.532605203983295	4.783868779675649	3.88028813626776	3.196788801976122	2.6470839381777815	2.3781523585522018	2.3375756953710356	2.4869906062039604	2.5947232691926203	2.8920581814057673	2.6626221772834513	2.337692396713343	2.703596223781361	2.748631659456488	3.003303330605813	2.576499388004896	2.592705167173252	2.7272289620643173	2.8244907626717195	2.614840989399293	2.317750204775051	2.321527088160653	2.037131087410417	2.07020702070207	2.201152506030555	2.1546052631578947	2.6101040303993024	2.941386704789135	3.7560619987955244	3.5648698282380904
	Total # checklists submitted - (Wild Turkey)	59897	41927	37441	52418	36194	52179	74398	41102	41678	48624	53837	76087	56976	54668	55076	76371	79340	86336	77825	81085	50254	48580	46844	53571	38972	29594	25205	35269	26703	25923	27223	41839	32997	32680	32900	41544	33776	35375	32963	45315	35442	32219	29848	36480	32106	27980	31549	46285
	
Abundance
	Wild Turkey	0.5693440406030352	0.47191547213013096	0.4999332282791592	0.4501888664199321	0.4551030557550975	0.3700147568945361	0.43427242667813654	0.4511215999221449	0.4085848649167426	0.3470919710431063	0.3031743967903115	0.2796666973333158	0.26690185341196293	0.22667739811224116	0.18991938412375625	0.17693889041651936	0.18945046634736576	0.22274601556708673	0.16763250883392225	0.10616020225689092	0.0942810522545469	0.07719226018937834	0.07042524122619759	0.06628586362024229	0.07164117828184337	0.08836250591336081	0.10057528268200754	0.12234540247809692	0.12537917087967643	0.12089650117656135	0.14076332512948608	0.15301512942469944	0.17325817498560475	0.1600673194614443	0.15167173252279637	0.18390140573849412	0.20825438180956893	0.19575971731448763	0.17926159633528502	0.17932252013682004	0.18949269228598836	0.21124181383655607	0.2543218976145805	0.2600877192982456	0.3511181710583692	0.44710507505360975	0.5729500142635265	0.5994166576644702
	Total # checklists submitted - (Wild Turkey)	59897	41927	37441	52418	36194	52179	74398	41102	41678	48624	53837	76087	56976	54668	55076	76371	79340	86336	77825	81085	50254	48580	46844	53571	38972	29594	25205	35269	26703	25923	27223	41839	32997	32680	32900	41544	33776	35375	32963	45315	35442	32219	29848	36480	32106	27980	31549	46285
	
Birds Per Party Hour
	Wild Turkey	82.05209802870804	91.10339838674926	80.56493448045748	66.094320569153	77.20900776843175	48.85764541433359	45.5058131973168	69.98238329646186	59.15116996826976	46.2064404877641	51.01191586703215	40.91876388695707	24.354758971840422	17.265394491302057	10.445779927607301	7.476305141976134	4.364111492600228	3.085174565261008	3.5243501253642937	4.465216381607006	6.95739693555314	6.475954664890763	8.975141285989022	10.226377911207708	9.209955214003223	10.659338919776044	12.253848104365868	10.680108064169332	12.75464246008563	11.4533235524236	13.038665165652858	14.27694079300224	11.274574028412218	12.794034281976465	9.297731475855104	16.590817546678892	17.89206960265116	17.088186315539343	18.738611823063042	25.430510126158637	39.08858878610179	53.95681302918684	55.967273641895694	62.52643970602235	84.80371457557956	95.79336519521209	59.66061392453769	64.32694633432978
	# checklists reporting species - (Wild Turkey)	2754	1663	1408	1958	1472	1985	2882	1797	1934	1929	1851	2818	2484	2790	3079	4870	5608	6910	5069	4018	2083	1656	1309	1383	1000	810	773	1131	802	706	790	1255	1115	953	932	1273	1071	1053	870	1197	871	776	785	935	1046	1038	1388	1973
	
High Count
	Wild Turkey	255	450	208	180	200	150	240	250	158	130	166	119	85	81	140	40	75	46	35	40	50	29	38	33	40	30	45	39	50	35	86	50	66	42	58	65	51	140	50	89	96	150	150	121	250	250	263	186
	# checklists reporting species - (Wild Turkey)	3186	1915	1668	2230	1668	2197	3218	2041	2191	2206	2118	3218	2852	3178	3501	5341	6377	8043	5782	4503	2341	1870	1477	1607	1157	914	851	1284	923	800	915	1406	1242	1077	1044	1442	1227	1159	978	1355	986	881	891	1075	1181	1155	1544	2244
	
Totals
	Wild Turkey	50882	30607	27503	33641	23658	27083	41782	26512	24970	24247	22463	29814	20831	15967	12753	15760	17240	21624	14681	10019	5672	4467	3897	4568	3573	3263	3256	5383	4317	4099	4746	7812	7347	6755	6237	9812	9033	8715	7534	10656	9379	9353	10554	14137	16619	18642	24931	37661
	# checklists reporting species - (Wild Turkey)	3113	1888	1632	2195	1639	2175	3177	2010	2160	2166	2059	3145	2782	3077	3399	5163	5928	7254	5325	4230	2247	1813	1417	1539	1106	876	832	1229	887	773	880	1361	1203	1043	1009	1396	1194	1137	954	1313	968	858	867	1054	1164	1134	1521	2207
	
Average Count
	Wild Turkey	16.345004818503053	16.211334745762713	16.85232843137255	15.326195899772209	14.434411226357534	12.451954022988506	13.15140069247718	13.19004975124378	11.560185185185185	11.194367497691598	10.909664885866926	9.479809220985691	7.487778576563623	5.189145271368216	3.7519858781994704	3.05248886306411	2.9082321187584346	2.980976013234078	2.7569953051643195	2.3685579196217494	2.5242545616377394	2.4638720353006067	2.7501764290755117	2.96816114359974	3.2305605786618443	3.7248858447488584	3.9134615384615383	4.379983726606998	4.866967305524239	5.302716688227684	5.3931818181818185	5.739897134459956	6.107231920199501	6.476510067114094	6.181367690782953	7.02865329512894	7.565326633165829	7.66490765171504	7.89727463312369	8.115765422696116	9.689049586776859	10.900932400932401	12.173010380622838	13.412713472485768	14.277491408934708	16.43915343915344	16.39119000657462	17.064340734028093
	# checklists reporting species - (Wild Turkey)	3113	1888	1632	2195	1639	2175	3177	2010	2160	2166	2059	3145	2782	3077	3399	5163	5928	7254	5325	4230	2247	1813	1417	1539	1106	876	832	1229	887	773	880	1361	1203	1043	1009	1396	1194	1137	954	1313	968	858	867	1054	1164	1134	1521	2207
	
