

	Week starting on...	1/1	1/8	1/15	1/22	2/1	2/8	2/15	2/22	3/1	3/8	3/15	3/22	4/1	4/8	4/15	4/22	5/1	5/8	5/15	5/22	6/1	6/8	6/15	6/22	7/1	7/8	7/15	7/22	8/1	8/8	8/15	8/22	9/1	9/8	9/15	9/22	10/1	10/8	10/15	10/22	11/1	11/8	11/15	11/22	12/1	12/8	12/15	12/22
Frequency (%)
	Eastern Towhee	0.20201345643354424	0.18365253893672334	0.2430490638604738	0.2632683429356328	0.31220644305686024	0.22039517813679832	0.17204763568913142	0.16787504257700356	0.20154517971111857	0.20154656136887134	0.2098928246373312	0.5598853943512032	1.286506599269868	3.071266554474281	4.797007771079962	7.031464823034922	9.860095790269725	9.01130467012602	7.904914873112753	5.727323179379663	4.948859792255343	4.820913956360642	4.423191870890616	3.8602975490470595	3.910499846043313	3.912955328782861	4.391985717119619	3.717145368453883	2.89480582706063	2.349265131350538	2.2517723983396394	1.8260474676737015	1.645604145831439	1.5299877600979193	1.7082066869300911	2.1904486809166186	2.9133112269066794	3.1689045936395757	2.5240421078178565	1.187244841663908	0.4599063258281136	0.2017443123622707	0.19766818547306353	0.1507675438596491	0.15261944807824082	0.24303073624017155	0.32964594757361565	0.2182132440315437
	Total # checklists submitted - (Eastern Towhee)	59897	41927	37441	52418	36194	52179	74398	41102	41678	48624	53837	76087	56976	54668	55076	76371	79340	86336	77825	81085	50254	48580	46844	53571	38972	29594	25205	35269	26703	25923	27223	41839	32997	32680	32900	41544	33776	35375	32963	45315	35442	32219	29848	36480	32106	27980	31549	46285
	
Abundance
	Eastern Towhee	0.0021703925071372525	0.002003482242946073	0.0028044122753131595	0.003205005913999008	0.003370724429463447	0.002472258954751912	0.001948977123040942	0.001824728723663082	0.002063438744661452	0.002282823297137216	0.0024704199713951372	0.006886853207512453	0.019692502106149957	0.05015731323626253	0.08702520153969061	0.13789265558916342	0.20131081421729266	0.17616058191252779	0.1643045293928686	0.11787630264537215	0.09814144147729534	0.10327295183202964	0.08829305780889762	0.07640327789288981	0.07636251667864108	0.08197607623166858	0.09216425312438008	0.08109104312569111	0.06029285099052541	0.04821972765497821	0.04319876574955001	0.0333181959415856	0.03182107464314938	0.027080783353733172	0.031914893617021274	0.0409686115925284	0.04917693036475604	0.04653003533568904	0.03346176015532567	0.014961933134723602	0.0053890863946729865	0.0020484807101399795	0.0021106941838649157	0.0015625	0.0017130754376129072	0.002573266619013581	0.003708516910203176	0.002614237874041266
	Total # checklists submitted - (Eastern Towhee)	59897	41927	37441	52418	36194	52179	74398	41102	41678	48624	53837	76087	56976	54668	55076	76371	79340	86336	77825	81085	50254	48580	46844	53571	38972	29594	25205	35269	26703	25923	27223	41839	32997	32680	32900	41544	33776	35375	32963	45315	35442	32219	29848	36480	32106	27980	31549	46285
	
Birds Per Party Hour
	Eastern Towhee	2.294546563849639	2.080665073614848	2.439367809102216	3.5483360898899465	3.1885651696130535	2.6895603578235203	2.2040586292992326	3.603381435983188	1.629789094470782	2.183558870999104	1.3751069624313563	1.7047991317840256	1.7953670772055452	1.9866532092642937	2.013631774045565	2.0508133623095337	1.8850108234426022	1.6275173772126177	2.033544184408725	2.460757229771451	3.1480100533558657	3.549820884840243	3.6187546442734577	4.08186751803701	3.3486993892915673	3.106860368791335	2.623874910443274	2.9631682034397744	2.3352869046899163	2.238442936512865	2.2387820429687695	1.6807049352291101	1.5975653063894668	1.581431691802378	1.5042496943204275	2.0110608810468467	1.6506942304553718	1.2990813796510372	1.114310956329214	1.0221579493444024	0.7344493920903794	1.0587817906698582	3.047584086904435	2.4513882826089617	1.3120028665097299	1.926964922262813	0.9929317867460088	2.1353089376782406
	# checklists reporting species - (Eastern Towhee)	136	83	98	146	122	115	139	68	87	105	122	462	783	1741	2747	5523	7774	7403	5900	4609	2493	2344	2108	2081	1557	1177	1111	1356	791	616	618	752	550	492	578	920	1007	1157	876	585	172	69	63	60	58	75	117	113
	
High Count
	Eastern Towhee	2	2	4	4	2	2	5	4	2	3	4	8	12	29	24	60	35	35	40	25	38	22	29	30	22	17	20	20	16	15	9	17	15	10	10	16	19	14	10	5	6	2	3	2	2	2	3	5
	# checklists reporting species - (Eastern Towhee)	163	100	124	188	149	146	168	94	104	120	143	513	842	1910	2987	5949	8575	8624	6644	5062	2721	2568	2279	2315	1741	1282	1226	1458	857	656	656	816	575	530	614	981	1090	1246	919	637	197	82	69	71	75	103	147	145
	
Totals
	Eastern Towhee	175	108	137	218	158	161	186	103	107	133	163	626	1242	3046	5237	11311	16927	16155	13430	10108	5203	5340	4402	4438	3256	2586	2466	3072	1715	1308	1245	1464	1095	922	1121	1825	1774	1791	1205	791	233	83	73	74	81	107	163	164
	# checklists reporting species - (Eastern Towhee)	161	100	122	187	149	146	168	93	104	119	143	512	825	1849	2902	5747	8015	7680	6055	4750	2585	2451	2176	2188	1655	1228	1162	1399	823	630	631	773	557	510	601	960	1062	1221	905	622	195	81	68	71	75	103	145	144
	
Average Count
	Eastern Towhee	1.0869565217391304	1.08	1.1229508196721312	1.1657754010695187	1.0604026845637584	1.1027397260273972	1.1071428571428572	1.10752688172043	1.0288461538461537	1.1176470588235294	1.1398601398601398	1.22265625	1.5054545454545454	1.6473769605191995	1.8046175051688491	1.968157299460588	2.111915159076731	2.103515625	2.218001651527663	2.128	2.0127659574468084	2.178702570379437	2.0229779411764706	2.0283363802559413	1.9673716012084592	2.1058631921824102	2.1222030981067124	2.1958541815582557	2.0838396111786146	2.0761904761904764	1.9730586370839938	1.8939197930142302	1.9658886894075405	1.807843137254902	1.86522462562396	1.9010416666666667	1.670433145009416	1.4668304668304668	1.3314917127071824	1.2717041800643087	1.1948717948717948	1.0246913580246915	1.0735294117647058	1.0422535211267605	1.08	1.0388349514563107	1.1241379310344828	1.1388888888888888
	# checklists reporting species - (Eastern Towhee)	161	100	122	187	149	146	168	93	104	119	143	512	825	1849	2902	5747	8015	7680	6055	4750	2585	2451	2176	2188	1655	1228	1162	1399	823	630	631	773	557	510	601	960	1062	1221	905	622	195	81	68	71	75	103	145	144
	
