

	Week starting on...	1/1	1/8	1/15	1/22	2/1	2/8	2/15	2/22	3/1	3/8	3/15	3/22	4/1	4/8	4/15	4/22	5/1	5/8	5/15	5/22	6/1	6/8	6/15	6/22	7/1	7/8	7/15	7/22	8/1	8/8	8/15	8/22	9/1	9/8	9/15	9/22	10/1	10/8	10/15	10/22	11/1	11/8	11/15	11/22	12/1	12/8	12/15	12/22
Frequency (%)
	American Coot	1.923301667863165	1.7625873542108903	1.5117117598354746	1.5090236178411995	1.199093772448472	0.7915061614825888	0.7822790935240194	1.4646489221935672	1.5211862373434426	2.003126028298783	2.1026431636235303	2.0463416878047496	2.4027660769446784	2.2609204653545034	2.3912411939864913	1.9457647536368516	1.7091000756238972	1.411925500370645	0.8570510761323482	0.5290744280693099	0.42782664066541964	0.3561136270069988	0.2583041584834771	0.21653506561385827	0.2617263676485682	0.30749476245184837	0.28169014084507044	0.42530267373614217	0.36699996255102424	0.44362149442579946	0.36733644344855454	0.40631946270226343	0.5576264508894748	0.6456548347613219	0.7720364741641337	1.7956865010591179	2.128730459497868	3.1604240282685514	4.505051117920092	4.453271543638972	4.187122622876813	3.3582668611688757	2.4624765478424013	1.9188596491228072	1.8189746464835232	1.36168691922802	1.435861675488922	1.4216268769579776
	Total # checklists submitted - (American Coot)	59897	41927	37441	52418	36194	52179	74398	41102	41678	48624	53837	76087	56976	54668	55076	76371	79340	86336	77825	81085	50254	48580	46844	53571	38972	29594	25205	35269	26703	25923	27223	41839	32997	32680	32900	41544	33776	35375	32963	45315	35442	32219	29848	36480	32106	27980	31549	46285
	
Abundance
	American Coot	0.6785648696929729	0.2997352541321821	0.20987687294676957	0.29932465946812165	0.11717411725700393	0.051342494106824586	0.0572058388666362	0.32304997323731205	0.14319305148999473	0.321076011846002	0.28924345710199306	0.21336102093655945	0.5114434147711318	0.2820479988292968	0.23264216718715955	0.1525448141310183	0.07355684396269221	0.036554855448480354	0.017089624156761966	0.01011284454584695	0.010208142635412107	0.009180732811856732	0.005400905131927248	0.0034906945922234043	0.007646515446987581	0.011556396566871662	0.010077365602063083	0.01423346281436956	0.014155712841253791	0.018130617598271805	0.010432354993938948	0.01986185138268123	0.06158135588083765	0.07135862913096695	0.10914893617021276	0.4097101867899095	0.7886369019422075	1.317540636042403	2.0311561447683766	2.564470925742028	2.176118729191355	2.338744219249511	1.8569753417314392	1.1396107456140352	2.064473930106522	0.8855253752680486	0.9762591524295541	0.34404234633250513
	Total # checklists submitted - (American Coot)	59897	41927	37441	52418	36194	52179	74398	41102	41678	48624	53837	76087	56976	54668	55076	76371	79340	86336	77825	81085	50254	48580	46844	53571	38972	29594	25205	35269	26703	25923	27223	41839	32997	32680	32900	41544	33776	35375	32963	45315	35442	32219	29848	36480	32106	27980	31549	46285
	
Birds Per Party Hour
	American Coot	103.92749144027307	82.62167839663026	69.05242650313794	86.24704943219109	15.173627356181166	26.32073524269902	27.360002115774193	55.86941269085664	18.213181332612432	20.468540360773243	37.131408055142245	26.454173179474427	38.443267897216685	28.212381325903237	19.542099100843565	12.892396193200158	5.603665100451837	3.363216057034519	2.5064851034788327	2.4270442523364966	3.2205148498709493	3.6016194790529688	2.776364172519459	2.4702550359684494	3.4995483349322667	6.539926908874814	2.662798298356443	3.1169810139095286	3.6180167525391993	3.437330954863554	3.110528079133766	5.80491141409572	4.919452037009009	5.538717036581882	4.6605898311789415	16.395660279027094	39.708289780173615	34.60278360917576	38.441269195229914	65.18763183704574	39.752327120106514	72.7405198610619	93.31639724694203	103.87979424064088	227.03635403012348	82.07939179418155	87.09438588044769	38.59032927780902
	# checklists reporting species - (American Coot)	1106	730	558	781	414	412	580	602	636	972	1141	1530	1340	1212	1278	1464	1284	1168	644	431	220	177	131	108	99	97	70	145	98	118	94	173	182	211	253	765	727	1129	1507	2038	1461	1062	715	692	570	378	438	665
	
High Count
	American Coot	4200	2000	1500	1500	800	950	900	3000	1200	2500	870	1000	5000	2000	1000	1000	100	60	25	30	21	16	20	12	30	47	35	46	50	40	20	100	131	200	370	640	3600	3500	3000	6000	5000	5200	5500	5000	5000	4400	4400	5000
	# checklists reporting species - (American Coot)	1281	811	619	858	478	452	632	658	682	1061	1259	1705	1496	1363	1432	1608	1511	1415	771	494	243	195	146	129	125	107	77	167	111	130	109	190	208	237	290	821	796	1220	1617	2216	1614	1171	806	775	645	427	496	736
	
Totals
	American Coot	42314	13619	8024	17135	4914	2735	4555	13377	6098	16289	16519	18249	30055	16205	13876	12077	6253	3520	1505	920	552	479	291	209	339	378	260	545	405	512	294	861	2076	2402	3719	17534	27370	47109	72225	126299	82738	79508	67273	47437	68919	27121	31793	17665
	# checklists reporting species - (American Coot)	1178	775	585	825	449	434	604	638	656	1013	1199	1616	1420	1275	1346	1517	1342	1232	675	455	231	187	137	120	113	103	73	156	105	124	97	181	194	226	270	797	772	1183	1558	2130	1532	1117	754	730	617	408	465	703
	
Average Count
	American Coot	35.92020373514431	17.572903225806453	13.716239316239315	20.76969696969697	10.944320712694877	6.3018433179723505	7.541390728476821	20.96708463949843	9.295731707317072	16.079960513326753	13.777314428690575	11.29269801980198	21.16549295774648	12.709803921568627	10.309063893016345	7.961107448912327	4.6594634873323395	2.857142857142857	2.22962962962963	2.021978021978022	2.3896103896103895	2.5614973262032086	2.124087591240876	1.7416666666666667	3.0	3.6699029126213594	3.5616438356164384	3.4935897435897436	3.857142857142857	4.129032258064516	3.0309278350515463	4.7569060773480665	10.70103092783505	10.628318584070797	13.774074074074074	22.0	35.45336787564767	39.82163989856298	46.35750962772786	59.29530516431925	54.0065274151436	71.17994628469114	89.22148541114058	64.98219178082192	111.7001620745543	66.47303921568627	68.37204301075269	25.128022759601706
	# checklists reporting species - (American Coot)	1178	775	585	825	449	434	604	638	656	1013	1199	1616	1420	1275	1346	1517	1342	1232	675	455	231	187	137	120	113	103	73	156	105	124	97	181	194	226	270	797	772	1183	1558	2130	1532	1117	754	730	617	408	465	703
	
