

	Week starting on...	1/1	1/8	1/15	1/22	2/1	2/8	2/15	2/22	3/1	3/8	3/15	3/22	4/1	4/8	4/15	4/22	5/1	5/8	5/15	5/22	6/1	6/8	6/15	6/22	7/1	7/8	7/15	7/22	8/1	8/8	8/15	8/22	9/1	9/8	9/15	9/22	10/1	10/8	10/15	10/22	11/1	11/8	11/15	11/22	12/1	12/8	12/15	12/22
Frequency (%)
	Bald Eagle	6.649748735328981	6.356285925537243	5.956037498998424	6.490136975847991	6.166767972592142	4.833362080530482	4.532379902685555	5.955914554036299	6.15672537069917	6.5358670615333985	6.281925070119063	5.618568217961018	5.263619769727605	4.779761469232458	4.573680005810153	4.8670306791845075	5.176455760020167	5.3511860637509265	3.969161580469001	3.053585743355738	2.373940382855096	1.9761218608480857	1.769703697378533	1.8256146049168391	2.1399979472441752	2.612015949178888	3.15016861733783	3.615072726757209	4.183050593566266	5.02256683254253	5.157403666017705	5.616769043237171	7.012758735642634	8.30171358629131	7.376899696048632	7.312728673213941	6.181904310753198	6.425441696113074	7.098868428237721	6.993269336864174	6.49229727442018	5.422266364567491	5.655320289466631	5.734649122807017	5.874291409705351	6.065046461758398	7.730831405115851	6.861834287566166
	Total # checklists submitted - (Bald Eagle)	59897	41927	37441	52418	36194	52179	74398	41102	41678	48624	53837	76087	56976	54668	55076	76371	79340	86336	77825	81085	50254	48580	46844	53571	38972	29594	25205	35269	26703	25923	27223	41839	32997	32680	32900	41544	33776	35375	32963	45315	35442	32219	29848	36480	32106	27980	31549	46285
	
Abundance
	Bald Eagle	0.12920513548257842	0.13466262790087533	0.12999118613284902	0.14622839482620473	0.14295187047576946	0.10726537495927481	0.10267749133041211	0.1253710281738115	0.1271894044819809	0.12578150707469563	0.12183071122090755	0.10084508523137987	0.08728236450435271	0.08061388746615936	0.07284479628150192	0.07377145775228817	0.07377111167128812	0.07222942920681986	0.05225827176357212	0.041709317382993154	0.03259442034464918	0.02706875257307534	0.02504056015711724	0.025573537921636705	0.02722467412501283	0.037710346691897004	0.043285062487601667	0.050639371686183335	0.060068157135902335	0.07186668209697952	0.07394482606619403	0.08585291235450178	0.12182925720520048	0.16370869033047736	0.15288753799392096	0.14307721933371848	0.11445997157745144	0.1183321554770318	0.14762005885386645	0.1307293390709478	0.12945093392020765	0.09907197616313355	0.09551728759045833	0.10353618421052632	0.11658257023609295	0.11551107934238741	0.16767567910234873	0.13762558064167657
	Total # checklists submitted - (Bald Eagle)	59897	41927	37441	52418	36194	52179	74398	41102	41678	48624	53837	76087	56976	54668	55076	76371	79340	86336	77825	81085	50254	48580	46844	53571	38972	29594	25205	35269	26703	25923	27223	41839	32997	32680	32900	41544	33776	35375	32963	45315	35442	32219	29848	36480	32106	27980	31549	46285
	
Birds Per Party Hour
	Bald Eagle	6.158068298666534	5.982117685122289	6.555407712196463	6.736714568483019	6.972271461676771	6.624218713067337	6.205994104677605	5.779839691974187	6.546049208628467	5.072152804306598	4.7873462788211825	4.644990844524058	4.0232756811202215	3.6087622260129875	3.2475015851187905	2.4446206203522776	2.0254195506329076	1.8056952494283285	1.690312072102459	2.219577958780692	3.0455462088325365	2.5507451843730395	2.9201678137431712	2.746542569863895	2.7948698727779555	2.728769210585331	2.199372397300746	1.960211401081875	1.909527625259273	1.7535682427366925	1.6884694526560662	1.7519935111219025	1.7846948672149736	1.880497570919175	2.0879319150945546	2.052359733640417	1.990292963486544	2.297538384616425	2.6050156952657737	2.4243863668724477	3.462112349096283	3.0976678720936395	3.3081106071374973	4.375452335795187	4.930693994301384	4.776899253108224	4.454879489964652	4.987785229589701
	# checklists reporting species - (Bald Eagle)	4516	3013	2565	3817	2573	2885	3775	2786	2929	3603	3762	4680	3308	2829	2737	4008	4347	4789	3226	2665	1307	1056	957	1116	916	849	875	1436	1287	1371	1570	2622	2552	2980	2733	3381	2351	2528	2645	3585	2565	1982	1939	2383	2143	1929	2672	3584
	
High Count
	Bald Eagle	150	400	130	76	110	87	150	55	81	50	58	65	58	60	50	77	18	14	10	11	16	35	18	26	12	16	10	30	14	13	12	33	46	51	80	60	45	41	71	31	209	200	26	43	292	70	53	140
	# checklists reporting species - (Bald Eagle)	4881	3252	2825	4168	2794	3098	4045	3032	3168	3839	4057	5011	3557	3058	2940	4235	4749	5308	3556	2885	1436	1186	1066	1266	1067	979	969	1594	1407	1595	1718	2870	2796	3226	2992	3669	2542	2700	2814	3793	2738	2107	2062	2576	2309	2101	2878	3856
	
Totals
	Bald Eagle	9178	6528	5789	8925	6177	6607	8668	6114	6661	7120	7654	8792	6051	4998	4599	6462	6742	7058	4658	3892	1987	1644	1495	1806	1356	1378	1344	2330	2015	2254	2447	4316	4860	6365	6155	7213	4654	5167	5932	7061	5325	3779	3425	4462	4602	3757	5942	7433
	# checklists reporting species - (Bald Eagle)	4833	3225	2793	4127	2769	3073	4011	3014	3139	3816	4019	4962	3513	3011	2881	4165	4544	4974	3369	2778	1382	1142	1029	1226	1017	947	926	1540	1366	1549	1682	2812	2728	3159	2935	3579	2498	2660	2769	3748	2694	2077	2040	2555	2275	2083	2854	3819
	
Average Count
	Bald Eagle	1.899027519139251	2.0241860465116277	2.072681704260652	2.16258783620063	2.230769230769231	2.1500162707452	2.1610570929942656	2.0285335102853352	2.1220133800573433	1.8658280922431867	1.9044538442398606	1.7718661829907296	1.7224594363791632	1.6599136499501828	1.5963207219715376	1.551500600240096	1.4837147887323943	1.4189786891837555	1.3826061145740576	1.4010079193664506	1.4377713458755428	1.4395796847635727	1.4528668610301263	1.473083197389886	1.3333333333333333	1.4551214361140443	1.451403887688985	1.5129870129870129	1.4751098096632504	1.4551323434473855	1.4548156956004756	1.534850640113798	1.781524926686217	2.014878125989237	2.0971039182282794	2.0153674210673374	1.8630904723779023	1.9424812030075187	2.1422896352473817	1.8839381003201707	1.9766146993318485	1.8194511314395763	1.678921568627451	1.7463796477495108	2.0228571428571427	1.8036485837734038	2.081990189208129	1.946321026446714
	# checklists reporting species - (Bald Eagle)	4833	3225	2793	4127	2769	3073	4011	3014	3139	3816	4019	4962	3513	3011	2881	4165	4544	4974	3369	2778	1382	1142	1029	1226	1017	947	926	1540	1366	1549	1682	2812	2728	3159	2935	3579	2498	2660	2769	3748	2694	2077	2040	2555	2275	2083	2854	3819
	
