

	Week starting on...	1/1	1/8	1/15	1/22	2/1	2/8	2/15	2/22	3/1	3/8	3/15	3/22	4/1	4/8	4/15	4/22	5/1	5/8	5/15	5/22	6/1	6/8	6/15	6/22	7/1	7/8	7/15	7/22	8/1	8/8	8/15	8/22	9/1	9/8	9/15	9/22	10/1	10/8	10/15	10/22	11/1	11/8	11/15	11/22	12/1	12/8	12/15	12/22
Frequency (%)
	Common Gallinule	0.0	0.0	0.0	0.0	0.0	0.0	0.0	0.0	0.0	0.0	0.0	0.003942854889797206	0.0035102499297950014	0.034755249871954344	0.22514343815818144	0.6835055191106572	0.8822788001008318	1.081819866567828	1.3042081593318342	1.307270148609484	1.0586221992279221	0.9448332647179909	0.8538980445734778	1.0453416960669017	1.0828286975264292	1.3347300128404407	1.7179131124776832	1.766423771584111	1.760101861214096	1.8130617598271805	1.5868934356977555	1.8810201008628311	1.975937206412704	1.6034271725826192	1.656534954407295	1.3166762950125168	0.9385362387494078	0.5738515901060071	0.2851682189121136	0.12137261392474899	0.04232266802099204	0.006207517303454484	0.010050924685071027	0.0027412280701754384	0.0	0.0035739814152966403	0.0	0.004321054337258291
	Total # checklists submitted - (Common Gallinule)	59897	41927	37441	52418	36194	52179	74398	41102	41678	48624	53837	76087	56976	54668	55076	76371	79340	86336	77825	81085	50254	48580	46844	53571	38972	29594	25205	35269	26703	25923	27223	41839	32997	32680	32900	41544	33776	35375	32963	45315	35442	32219	29848	36480	32106	27980	31549	46285
	
Abundance
	Common Gallinule	0.0	0.0	0.0	0.0	0.0	0.0	0.0	0.0	0.0	0.0	0.0	3.942854889797206E-5	3.5102499297950014E-5	3.8413697226896904E-4	0.0029777035369307867	0.010802529756059238	0.01739349634484497	0.024671052631578948	0.02808866045615162	0.027378676697292964	0.02242607553627572	0.01914368052696583	0.01938348561181795	0.025424203393627148	0.02845632761982962	0.04054875988376022	0.06113866296369768	0.06966457795798009	0.08470958319289967	0.08016047525363577	0.06773684017191346	0.08009273644207558	0.08534109161438919	0.07451040391676866	0.06474164133738602	0.045614288465241674	0.02563950734249171	0.01563250883392226	0.005005612353244547	0.002449520026481298	4.796569042379098E-4	6.207517303454484E-5	1.0050924685071027E-4	2.7412280701754386E-5	0.0	3.57398141529664E-5	0.0	4.321054337258291E-5
	Total # checklists submitted - (Common Gallinule)	59897	41927	37441	52418	36194	52179	74398	41102	41678	48624	53837	76087	56976	54668	55076	76371	79340	86336	77825	81085	50254	48580	46844	53571	38972	29594	25205	35269	26703	25923	27223	41839	32997	32680	32900	41544	33776	35375	32963	45315	35442	32219	29848	36480	32106	27980	31549	46285
	
Birds Per Party Hour
	Common Gallinule	0.0	0.0	0.0	0.0	0.0	0.0	0.0	0.0	0.0	0.0	0.0	2.799320216381828	2.8726591760299627	3.0475563882111767	1.8994093042769968	2.8275706549997355	2.866741856955672	3.2925196496234954	3.5557848326131825	3.641380164576153	3.7329209251066264	3.815075962290443	3.269223380814739	3.6584412285295618	3.850565863089288	4.655362753094524	4.294313564936908	4.753109051102625	5.411969225303201	5.6450585072425685	5.607639661263382	5.525087953115296	4.709138982806299	6.022659626126053	4.88937269614798	4.305313471548189	3.7001810966725	3.7499924960112905	2.840501128826422	3.3762789226845973	2.2889167275446534	5.731343283582089	1.7816018316533266	0.49188391539596654	0.0	0.7501875468867217	0.0	0.7008547008547008
	# checklists reporting species - (Common Gallinule)	0.0	0.0	0.0	0.0	0.0	0.0	0.0	0.0	0.0	0.0	0.0	3	2	19	131	550	732	966	1042	1093	564	480	422	577	423	405	448	628	485	504	429	809	666	539	542	540	330	204	101	58	16	2	3	1	0.0	1	0.0	3
	
High Count
	Common Gallinule	0.0	0.0	0.0	0.0	0.0	0.0	0.0	0.0	0.0	0.0	0.0	1	1	2	4	11	24	25	40	30	25	20	18	28	25	43	28	28	63	41	46	47	51	62	39	31	25	20	7	7	2	1	1	1	0.0	1	0.0	1
	# checklists reporting species - (Common Gallinule)	0.0	0.0	0.0	0.0	0.0	0.0	0.0	0.0	0.0	0.0	0.0	3	2	24	143	579	797	1064	1162	1219	606	527	463	621	478	438	472	666	516	530	479	857	711	594	601	599	355	212	107	61	17	2	3	1	0.0	2	0.0	3
	
Totals
	Common Gallinule	0.0	0.0	0.0	0.0	0.0	0.0	0.0	0.0	0.0	0.0	0.0	3	2	26	182	898	1512	2426	2448	2447	1261	1044	1009	1462	1195	1313	1640	2574	2392	2313	1972	3600	2963	2713	2271	2015	971	566	180	121	19	2	3	1	0.0	2	0.0	3
	# checklists reporting species - (Common Gallinule)	0.0	0.0	0.0	0.0	0.0	0.0	0.0	0.0	0.0	0.0	0.0	3	2	24	140	566	763	1013	1090	1144	589	507	443	605	446	427	459	643	496	517	447	833	684	567	562	571	343	207	105	60	17	2	3	1	0.0	2	0.0	3
	
Average Count
	Common Gallinule	0.0	0.0	0.0	0.0	0.0	0.0	0.0	0.0	0.0	0.0	0.0	1.0	1.0	1.0833333333333333	1.3	1.5865724381625441	1.981651376146789	2.3948667324777886	2.2458715596330276	2.138986013986014	2.140916808149406	2.059171597633136	2.2776523702031604	2.4165289256198346	2.679372197309417	3.0749414519906324	3.5729847494553377	4.003110419906688	4.82258064516129	4.473887814313346	4.411633109619687	4.321728691476591	4.331871345029239	4.784832451499118	4.040925266903915	3.5288966725043784	2.8309037900874636	2.7342995169082127	1.7142857142857142	2.0166666666666666	1.1176470588235294	1.0	1.0	1.0	0.0	1.0	0.0	1.0
	# checklists reporting species - (Common Gallinule)	0.0	0.0	0.0	0.0	0.0	0.0	0.0	0.0	0.0	0.0	0.0	3	2	24	140	566	763	1013	1090	1144	589	507	443	605	446	427	459	643	496	517	447	833	684	567	562	571	343	207	105	60	17	2	3	1	0.0	2	0.0	3
	
