

	Week starting on...	1/1	1/8	1/15	1/22	2/1	2/8	2/15	2/22	3/1	3/8	3/15	3/22	4/1	4/8	4/15	4/22	5/1	5/8	5/15	5/22	6/1	6/8	6/15	6/22	7/1	7/8	7/15	7/22	8/1	8/8	8/15	8/22	9/1	9/8	9/15	9/22	10/1	10/8	10/15	10/22	11/1	11/8	11/15	11/22	12/1	12/8	12/15	12/22
Frequency (%)
	Acadian Flycatcher	0.0	0.0	0.0	0.0	0.0	0.0	0.0	0.0	0.0	0.0	0.0	0.0	0.0	0.0	0.0	0.007856385277133992	0.04537433829089993	0.23744440326167535	0.256986829424992	0.3773817598816057	0.31440283360528515	0.26759983532317827	0.21987874647767056	0.1885348416120662	0.14882479729036233	0.11150908968034061	0.10315413608411031	0.05103632084833706	0.044938770924615214	0.01928789106199128	0.011020093303456636	0.016730801405387317	0.009091735612328393	0.009179926560587515	0.0	0.0024070864625457345	0.0	0.0	0.0	0.0	0.0	0.0	0.0	0.0	0.0	0.0	0.0	0.0
	Total # checklists submitted - (Acadian Flycatcher)	59897	41927	37441	52418	36194	52179	74398	41102	41678	48624	53837	76087	56976	54668	55076	76371	79340	86336	77825	81085	50254	48580	46844	53571	38972	29594	25205	35269	26703	25923	27223	41839	32997	32680	32900	41544	33776	35375	32963	45315	35442	32219	29848	36480	32106	27980	31549	46285
	
Abundance
	Acadian Flycatcher	0.0	0.0	0.0	0.0	0.0	0.0	0.0	0.0	0.0	0.0	0.0	0.0	0.0	0.0	0.0	7.856385277133991E-5	4.789513486261659E-4	0.0023744440326167533	0.002916800513973659	0.00554973176296479	0.005034425120388427	0.005372581309180733	0.0031807702160362053	0.002986690560191148	0.0028481987067638303	0.002703250658917348	0.002063082721682206	0.001417675579120474	0.0011983672246564056	3.8575782123982563E-4	7.346728868971091E-5	1.912091589187122E-4	9.091735612328394E-5	1.2239902080783354E-4	0.0	2.4070864625457346E-5	0.0	0.0	0.0	0.0	0.0	0.0	0.0	0.0	0.0	0.0	0.0	0.0
	Total # checklists submitted - (Acadian Flycatcher)	59897	41927	37441	52418	36194	52179	74398	41102	41678	48624	53837	76087	56976	54668	55076	76371	79340	86336	77825	81085	50254	48580	46844	53571	38972	29594	25205	35269	26703	25923	27223	41839	32997	32680	32900	41544	33776	35375	32963	45315	35442	32219	29848	36480	32106	27980	31549	46285
	
Birds Per Party Hour
	Acadian Flycatcher	0.0	0.0	0.0	0.0	0.0	0.0	0.0	0.0	0.0	0.0	0.0	0.0	0.0	0.0	0.0	0.5319159101767797	0.7370032789276627	0.5178926182631206	0.4967015808714133	1.2948423795799728	1.132006322877189	1.5384560413994606	1.548051117819565	2.122064997049494	1.6214064920333415	1.631908765779397	1.1405664100706705	1.9766296149182825	1.7111108436209046	1.0498193808639937	1.1616161616161615	0.5965967841190342	0.2006482737066032	1.9304561955164365	0.0	0.2597402597402597	0.0	0.0	0.0	0.0	0.0	0.0	0.0	0.0	0.0	0.0	0.0	0.0
	# checklists reporting species - (Acadian Flycatcher)	0.0	0.0	0.0	0.0	0.0	0.0	0.0	0.0	0.0	0.0	0.0	0.0	0.0	0.0	0.0	7	37	220	217	354	186	144	111	110	67	39	31	19	13	9	3	9	5	3	0.0	1	0.0	0.0	0.0	0.0	0.0	0.0	0.0	0.0	0.0	0.0	0.0	0.0
	
High Count
	Acadian Flycatcher	0.0	0.0	0.0	0.0	0.0	0.0	0.0	0.0	0.0	0.0	0.0	0.0	0.0	0.0	0.0	2	2	2	5	13	12	20	12	8	10	7	12	8	11	4	1	2	1	2	0.0	1	0.0	0.0	0.0	0.0	0.0	0.0	0.0	0.0	0.0	0.0	0.0	0.0
	# checklists reporting species - (Acadian Flycatcher)	0.0	0.0	0.0	0.0	0.0	0.0	0.0	0.0	0.0	0.0	0.0	0.0	0.0	0.0	0.0	10	43	249	249	381	193	156	118	119	71	40	32	21	13	11	4	10	5	3	0.0	1	0.0	0.0	0.0	0.0	0.0	0.0	0.0	0.0	0.0	0.0	0.0	0.0
	
Totals
	Acadian Flycatcher	0.0	0.0	0.0	0.0	0.0	0.0	0.0	0.0	0.0	0.0	0.0	0.0	0.0	0.0	0.0	12	45	248	276	527	293	304	171	191	125	92	58	52	35	19	3	11	5	4	0.0	1	0.0	0.0	0.0	0.0	0.0	0.0	0.0	0.0	0.0	0.0	0.0	0.0
	# checklists reporting species - (Acadian Flycatcher)	0.0	0.0	0.0	0.0	0.0	0.0	0.0	0.0	0.0	0.0	0.0	0.0	0.0	0.0	0.0	10	42	240	240	377	191	153	117	117	68	40	32	20	13	11	3	10	5	3	0.0	1	0.0	0.0	0.0	0.0	0.0	0.0	0.0	0.0	0.0	0.0	0.0	0.0
	
Average Count
	Acadian Flycatcher	0.0	0.0	0.0	0.0	0.0	0.0	0.0	0.0	0.0	0.0	0.0	0.0	0.0	0.0	0.0	1.2	1.0714285714285714	1.0333333333333334	1.15	1.3978779840848807	1.5340314136125655	1.9869281045751634	1.4615384615384615	1.6324786324786325	1.838235294117647	2.3	1.8125	2.6	2.6923076923076925	1.7272727272727273	1.0	1.1	1.0	1.3333333333333333	0.0	1.0	0.0	0.0	0.0	0.0	0.0	0.0	0.0	0.0	0.0	0.0	0.0	0.0
	# checklists reporting species - (Acadian Flycatcher)	0.0	0.0	0.0	0.0	0.0	0.0	0.0	0.0	0.0	0.0	0.0	0.0	0.0	0.0	0.0	10	42	240	240	377	191	153	117	117	68	40	32	20	13	11	3	10	5	3	0.0	1	0.0	0.0	0.0	0.0	0.0	0.0	0.0	0.0	0.0	0.0	0.0	0.0
	
