

	Week starting on...	1/1	1/8	1/15	1/22	2/1	2/8	2/15	2/22	3/1	3/8	3/15	3/22	4/1	4/8	4/15	4/22	5/1	5/8	5/15	5/22	6/1	6/8	6/15	6/22	7/1	7/8	7/15	7/22	8/1	8/8	8/15	8/22	9/1	9/8	9/15	9/22	10/1	10/8	10/15	10/22	11/1	11/8	11/15	11/22	12/1	12/8	12/15	12/22
Frequency (%)
	Swamp Sparrow	0.691186536888325	0.6129701624251676	0.6169707005688951	0.6982334312640696	0.599546886224236	0.45228923513290786	0.2943627516868733	0.2919565957860931	0.29751907481165124	0.30643303718328396	0.3417723870200791	0.4350283228409584	1.058340353833193	3.9986829589522204	7.642167187159561	11.470322504615627	14.09377363246786	12.129355077835434	12.641182139415355	11.823395202565209	11.306562661678672	11.692054343351172	11.604474425753565	11.666760000746674	12.455095966334804	12.52956680408191	13.021225947232692	11.54554991635714	9.287345991087143	6.604173899625815	5.45861954964552	4.911685269724419	5.397460375185623	6.049571603427173	7.407294832826748	9.808877334873868	11.250592136428233	9.464310954063604	7.514485938779844	4.3892750744786495	2.612719372495909	1.874670225643254	1.2630662020905923	1.0718201754385965	1.0870242322307357	1.0114367405289493	1.6799264635963107	1.0111267149184402
	Total # checklists submitted - (Swamp Sparrow)	59897	41927	37441	52418	36194	52179	74398	41102	41678	48624	53837	76087	56976	54668	55076	76371	79340	86336	77825	81085	50254	48580	46844	53571	38972	29594	25205	35269	26703	25923	27223	41839	32997	32680	32900	41544	33776	35375	32963	45315	35442	32219	29848	36480	32106	27980	31549	46285
	
Abundance
	Swamp Sparrow	0.014491543816885654	0.010232070026474588	0.010042466814454741	0.013010797817543591	0.011465988837928938	0.008049215201517851	0.004731309981451114	0.0038197654615347186	0.004222851384423437	0.004318854886475814	0.004550773631517358	0.005625139642777347	0.01669123841617523	0.09149776834711348	0.1992156293122231	0.3333464273087952	0.40917569952104865	0.2883849147516679	0.31014455509155153	0.2801011284454585	0.2662474628885263	0.3020378756689996	0.30341132268807103	0.30518377480353176	0.3349071127989326	0.34500236534432654	0.3733782979567546	0.30446000737191303	0.2345803842264914	0.16402422559117386	0.1286412224956838	0.11192906140204116	0.14261902597205806	0.15379436964504284	0.20702127659574468	0.30894954746774506	0.391135717669351	0.2731590106007067	0.20070988684282376	0.10193092794880282	0.04813498109587495	0.03535181104317328	0.023083623693379792	0.018201754385964913	0.02392076247430387	0.028162973552537527	0.07927351104630892	0.02093550826401642
	Total # checklists submitted - (Swamp Sparrow)	59897	41927	37441	52418	36194	52179	74398	41102	41678	48624	53837	76087	56976	54668	55076	76371	79340	86336	77825	81085	50254	48580	46844	53571	38972	29594	25205	35269	26703	25923	27223	41839	32997	32680	32900	41544	33776	35375	32963	45315	35442	32219	29848	36480	32106	27980	31549	46285
	
Birds Per Party Hour
	Swamp Sparrow	2.415327527306318	2.1783467274394472	3.3041409166872953	2.5560459617870666	2.3338618856667876	2.48763450550568	2.1293561153010843	1.7749157477040092	2.8960188223937107	1.6429629850086966	2.151737569038367	2.2103052946775974	2.113871401584065	3.8798836064405196	4.28166298660228	4.291857991483567	3.6470175009543935	2.900830509830422	3.312859847192669	4.329931521598529	5.919756386309608	6.780932182005191	7.877123558735331	8.142427013053581	7.673708743253354	6.1042728491876215	4.7034639271044405	3.7101722233420595	2.9879795087929497	2.4532808590490736	2.1199081278283423	2.3295850133673657	2.5373928029350195	2.5114292899436337	2.908148241922725	3.311835230095989	3.511539265013093	2.7255013261235055	2.4718401282117206	2.098766687761045	1.764819724510958	1.6105559278888082	1.9070294654852566	2.063868939672686	2.5836836361028412	2.4343728909596276	2.023861565869182	2.238829936626828
	# checklists reporting species - (Swamp Sparrow)	419	260	242	375	221	238	220	125	127	152	190	328	628	2219	4201	8732	11041	10070	9488	9295	5563	5578	5344	6131	4743	3568	3210	4020	2487	1729	1491	2043	1761	1971	2464	4123	3851	3372	2502	2026	944	624	382	403	364	282	545	479
	
High Count
	Swamp Sparrow	20	16	23	29	28	16	13	4	7	8	6	13	30	42	50	100	150	60	100	77	40	50	64	62	50	70	45	40	50	107	60	36	61	42	300	60	145	60	50	75	20	26	18	18	29	29	66	18
	# checklists reporting species - (Swamp Sparrow)	442	273	252	388	229	250	230	131	130	159	200	354	676	2349	4525	9380	11906	11208	10382	10160	5980	6070	5908	6781	5266	3927	3475	4270	2603	1803	1568	2146	1853	2068	2601	4275	4027	3557	2606	2093	975	639	393	408	380	298	565	501
	
Totals
	Swamp Sparrow	901	447	411	720	434	439	364	173	182	225	268	459	1042	5248	11534	26676	33838	26019	25123	23523	13779	15243	14868	17047	13676	10522	9720	11049	6520	4409	3641	4842	4866	5232	7235	13259	13840	10233	6874	4788	1780	1193	708	697	829	825	2644	1026
	# checklists reporting species - (Swamp Sparrow)	438	272	252	386	227	247	229	130	129	158	195	339	657	2279	4338	8960	11284	10315	9665	9503	5696	5815	5623	6453	4993	3708	3285	4080	2523	1755	1518	2075	1796	2012	2529	4203	3931	3473	2563	2062	962	633	388	406	379	296	563	498
	
Average Count
	Swamp Sparrow	2.057077625570776	1.6433823529411764	1.630952380952381	1.8652849740932642	1.9118942731277533	1.777327935222672	1.5895196506550218	1.3307692307692307	1.4108527131782946	1.4240506329113924	1.3743589743589744	1.3539823008849559	1.5859969558599696	2.3027643703378673	2.6588289534347624	2.977232142857143	2.998759305210918	2.522443044110519	2.5993792033109155	2.4753235820267285	2.419066011235955	2.621324161650903	2.6441401387159877	2.64171703083837	2.739034648507911	2.83764832793959	2.958904109589041	2.7080882352941176	2.5842251288149027	2.512250712250712	2.398550724637681	2.3334939759036146	2.7093541202672604	2.600397614314115	2.86081455120601	3.1546514394480134	3.5207326380055965	2.946443996544774	2.682013265704253	2.3220174587778857	1.8503118503118503	1.8846761453396526	1.824742268041237	1.7167487684729064	2.187335092348285	2.7871621621621623	4.696269982238011	2.0602409638554215
	# checklists reporting species - (Swamp Sparrow)	438	272	252	386	227	247	229	130	129	158	195	339	657	2279	4338	8960	11284	10315	9665	9503	5696	5815	5623	6453	4993	3708	3285	4080	2523	1755	1518	2075	1796	2012	2529	4203	3931	3473	2563	2062	962	633	388	406	379	296	563	498
	
