

	Week starting on...	1/1	1/8	1/15	1/22	2/1	2/8	2/15	2/22	3/1	3/8	3/15	3/22	4/1	4/8	4/15	4/22	5/1	5/8	5/15	5/22	6/1	6/8	6/15	6/22	7/1	7/8	7/15	7/22	8/1	8/8	8/15	8/22	9/1	9/8	9/15	9/22	10/1	10/8	10/15	10/22	11/1	11/8	11/15	11/22	12/1	12/8	12/15	12/22
Frequency (%)
	Rose-breasted Grosbeak	0.04340785014274505	0.023850979082691345	0.005341737667263161	0.009538708077378	0.008288666629828148	0.0	0.0	0.004865943263101552	0.0	0.0	0.0	0.0013142849632657354	0.0017551249648975007	0.005487671032413844	0.030866439102331323	0.7620693718819971	12.116208721956138	27.360544848035584	30.653389013813044	18.665597829438244	13.378039559040076	12.612186084808563	12.084792075826147	11.328890631125049	9.655650210407472	8.54227208217882	7.800039674667724	7.6582834784088005	7.939182863348687	7.27925008679551	7.769165778936929	7.674657616099811	9.37054883777313	9.629742962056303	6.844984802431611	3.321779318313114	0.6898389388915206	0.15830388692579506	0.054606680217213245	0.04192872117400419	0.025393600812595223	0.031037586517272415	0.013401232913428035	0.01644736842105263	0.015573413069208246	0.0035739814152966403	0.05388443373799486	0.030247380360808034
	Total # checklists submitted - (Rose-breasted Grosbeak)	59897	41927	37441	52418	36194	52179	74398	41102	41678	48624	53837	76087	56976	54668	55076	76371	79340	86336	77825	81085	50254	48580	46844	53571	38972	29594	25205	35269	26703	25923	27223	41839	32997	32680	32900	41544	33776	35375	32963	45315	35442	32219	29848	36480	32106	27980	31549	46285
	
Abundance
	Rose-breasted Grosbeak	4.3407850142745046E-4	2.3850979082691345E-4	5.341737667263161E-5	9.538708077378E-5	8.288666629828149E-5	0.0	0.0	4.865943263101552E-5	0.0	0.0	0.0	1.3142849632657353E-5	1.7551249648975007E-5	5.487671032413844E-5	6.899556975815237E-4	0.012622592345261944	0.294252583816486	0.8679461638250556	0.8615997430131705	0.38992415366590616	0.2296533609264934	0.21016879374228079	0.20581077619332253	0.1843721416437998	0.16889048547675253	0.16023518280732582	0.14032929974211467	0.1399529331707732	0.14691233194772124	0.13949002816032094	0.14179186717114206	0.14307225316092642	0.1782889353577598	0.18922888616891065	0.12054711246200608	0.049297130752936645	0.00849715774514448	0.001667844522968198	6.067408913023693E-4	4.4135495972635994E-4	2.5393600812595224E-4	2.4830069213817936E-4	1.3401232913428035E-4	1.644736842105263E-4	1.5573413069208246E-4	3.57398141529664E-5	5.705410631081809E-4	3.0247380360808035E-4
	Total # checklists submitted - (Rose-breasted Grosbeak)	59897	41927	37441	52418	36194	52179	74398	41102	41678	48624	53837	76087	56976	54668	55076	76371	79340	86336	77825	81085	50254	48580	46844	53571	38972	29594	25205	35269	26703	25923	27223	41839	32997	32680	32900	41544	33776	35375	32963	45315	35442	32219	29848	36480	32106	27980	31549	46285
	
Birds Per Party Hour
	Rose-breasted Grosbeak	2.153894685473909	1.5921264906260937	1.8576329331046313	2.0316452369735005	4.33642225132463	0.0	0.0	1.8333333333333333	0.0	0.0	0.0	0.5	0.8103727714748784	3.5296092796092795	10.244497542404268	2.5933820404904666	2.626347382476579	2.998896068923949	2.7658537855171796	3.2547313806953566	4.329543303469206	4.916914405585643	5.0306851095624925	5.4050724921642965	4.048145305742391	3.470772479185965	2.5357324867085747	2.1523680182375133	2.1737472553769	2.0708069541346106	1.9091692295013871	1.7597333683919976	1.7839671309541771	1.8444432669390027	1.6453659088190542	1.541015004424692	0.9728302111774435	1.33279662717656	0.6404278136848095	1.6149581425867863	4.133600248378611	3.5152337256015227	23.08175997671796	6.735454860155941	2.5827940698281053	0.6666666666666666	1.9692706583664534	0.6885576433928028
	# checklists reporting species - (Rose-breasted Grosbeak)	28	11	2	5	5	0.0	0.0	3	0.0	0.0	0.0	1	1	4	19	675	9997	23561	23978	15128	6696	6080	5679	6055	3816	2547	2008	2780	2200	1957	2149	3270	3182	3239	2343	1411	254	58	21	23	11	8	4	5	6	1	18	16
	
High Count
	Rose-breasted Grosbeak	1	1	1	1	1	0.0	0.0	1	0.0	0.0	0.0	1	1	1	20	40	106	300	119	46	26	20	36	18	21	21	12	21	16	15	32	24	25	54	25	90	5	2	4	8	1	1	2	1	1	1	2	1
	# checklists reporting species - (Rose-breasted Grosbeak)	28	11	2	5	5	0.0	0.0	3	0.0	0.0	0.0	1	3	7	22	781	11188	26495	26159	16471	7237	6621	6194	6694	4199	2773	2154	2960	2315	2068	2279	3471	3329	3390	2474	1508	269	63	22	25	13	13	7	6	8	1	19	19
	
Totals
	Rose-breasted Grosbeak	28	11	2	5	5	0.0	0.0	3	0.0	0.0	0.0	1	3	7	45	1267	26117	81993	71754	33644	12186	10752	10226	10632	7146	5124	3792	5292	4202	3897	4082	6394	6219	6614	4317	2221	333	66	27	33	13	11	8	6	8	1	20	18
	# checklists reporting species - (Rose-breasted Grosbeak)	28	11	2	5	5	0.0	0.0	3	0.0	0.0	0.0	1	3	7	21	757	10574	24499	24682	15635	6953	6391	5944	6401	4037	2679	2077	2866	2262	2024	2218	3373	3264	3333	2427	1476	269	63	22	25	13	11	7	6	8	1	19	18
	
Average Count
	Rose-breasted Grosbeak	1.0	1.0	1.0	1.0	1.0	0.0	0.0	1.0	0.0	0.0	0.0	1.0	1.0	1.0	2.142857142857143	1.6737120211360634	2.4699262341592587	3.346789664884281	2.907138805607325	2.1518388231531818	1.7526247662879333	1.6823658269441402	1.7203903095558546	1.6609904702390252	1.7701263314342333	1.9126539753639418	1.8257101588830043	1.8464759246336357	1.8576480990274093	1.925395256916996	1.8403967538322814	1.8956418618440558	1.9053308823529411	1.9843984398439845	1.7787391841779976	1.5047425474254743	1.237918215613383	1.0476190476190477	1.2272727272727273	1.32	1.0	1.0	1.1428571428571428	1.0	1.0	1.0	1.0526315789473684	1.0
	# checklists reporting species - (Rose-breasted Grosbeak)	28	11	2	5	5	0.0	0.0	3	0.0	0.0	0.0	1	3	7	21	757	10574	24499	24682	15635	6953	6391	5944	6401	4037	2679	2077	2866	2262	2024	2218	3373	3264	3333	2427	1476	269	63	22	25	13	11	7	6	8	1	19	18
	
