

	Week starting on...	1/1	1/8	1/15	1/22	2/1	2/8	2/15	2/22	3/1	3/8	3/15	3/22	4/1	4/8	4/15	4/22	5/1	5/8	5/15	5/22	6/1	6/8	6/15	6/22	7/1	7/8	7/15	7/22	8/1	8/8	8/15	8/22	9/1	9/8	9/15	9/22	10/1	10/8	10/15	10/22	11/1	11/8	11/15	11/22	12/1	12/8	12/15	12/22
Frequency (%)
	Blue-gray Gnatcatcher	0.026712523164766182	0.011925489541345672	0.01602521300178948	0.0	0.0	0.0	0.0	0.0	0.0	0.0	0.0	0.0	0.0017551249648975007	0.1938977098119558	1.0603529668094995	3.6204842152125805	10.843206453239224	14.150528169014084	10.332155477031803	4.923228710612321	2.166991682254149	1.6632358995471386	1.4558961659977798	1.2040096320770566	1.244483218721133	1.3245928228695005	1.5988891093037096	1.6558450764127135	1.9098977642961465	2.3531227095629363	3.306027991036991	3.334209708645044	2.8548049822711157	1.9553243574051409	0.9969604863221885	0.4116117850953206	0.1924443391757461	0.10176678445229681	0.05764038467372508	0.052962595167163194	0.07618080243778569	0.04655637977590863	0.0770570892522112	0.09594298245614034	0.15261944807824082	0.028591851322373123	0.09825984975752006	0.0237657988549206
	Total # checklists submitted - (Blue-gray Gnatcatcher)	59897	41927	37441	52418	36194	52179	74398	41102	41678	48624	53837	76087	56976	54668	55076	76371	79340	86336	77825	81085	50254	48580	46844	53571	38972	29594	25205	35269	26703	25923	27223	41839	32997	32680	32900	41544	33776	35375	32963	45315	35442	32219	29848	36480	32106	27980	31549	46285
	
Abundance
	Blue-gray Gnatcatcher	3.3390653955957727E-4	1.1925489541345673E-4	2.1366950669052644E-4	0.0	0.0	0.0	0.0	0.0	0.0	0.0	0.0	0.0	1.7551249648975007E-5	0.003329187092997732	0.020244752705352604	0.08990323552133664	0.3388202672044366	0.40640057449962935	0.24490844844201734	0.10026515385089721	0.038424802005810485	0.029312474269246602	0.028007855862010076	0.022941516865468258	0.024119880940162167	0.030006082313982566	0.03475500892680024	0.03425104199155066	0.03831030221323447	0.04980133472206149	0.07614884472688535	0.07026936590262674	0.0607630996757281	0.03470012239902081	0.01723404255319149	0.006210283073367995	0.0023389388915206065	0.0012720848056537103	6.977520249977248E-4	5.29625951671632E-4	7.618080243778568E-4	4.966013842763587E-4	8.375770570892522E-4	0.0012609649122807018	0.0019311032205818228	3.5739814152966406E-4	0.0011093854004881295	2.5926326023549746E-4
	Total # checklists submitted - (Blue-gray Gnatcatcher)	59897	41927	37441	52418	36194	52179	74398	41102	41678	48624	53837	76087	56976	54668	55076	76371	79340	86336	77825	81085	50254	48580	46844	53571	38972	29594	25205	35269	26703	25923	27223	41839	32997	32680	32900	41544	33776	35375	32963	45315	35442	32219	29848	36480	32106	27980	31549	46285
	
Birds Per Party Hour
	Blue-gray Gnatcatcher	0.8337601118114397	1.2992890995260664	7.758234873795422	0.0	0.0	0.0	0.0	0.0	0.0	0.0	0.0	0.0	0.0	1.4573713465929543	1.3800863055630619	1.651764030639899	1.9021852435433495	1.5603243087476713	1.394081863378803	1.414061293002129	1.928481926749123	2.379324695957744	1.9781749850526156	2.4981783011407197	2.0467303731381925	1.9781444814766855	1.7528148094036082	1.7059971435271888	1.4663826797642578	1.5601621102864662	1.3227186259315489	1.4263299022669564	1.1622803883208965	0.8570881750649557	0.8635686939524144	0.7312121486198103	0.46396624862539865	0.4001846962696903	0.5589991397268905	0.4812617761094361	0.7755123339158314	1.5490954314402565	1.5081387037179583	1.5499942282617638	1.345229041015959	1.866920589577258	0.816281940293776	0.9981694981892053
	# checklists reporting species - (Blue-gray Gnatcatcher)	18	5	6	0.0	0.0	0.0	0.0	0.0	0.0	0.0	0.0	0.0	1	113	590	2825	8342	11483	7715	3973	1105	804	687	654	472	397	417	588	536	629	919	1414	939	659	335	189	69	41	23	29	30	18	26	38	52	9	34	15
	
High Count
	Blue-gray Gnatcatcher	2	1	2	0.0	0.0	0.0	0.0	0.0	0.0	0.0	0.0	0.0	1	10	20	50	120	70	36	20	18	13	14	19	15	23	15	15	16	15	31	60	40	25	15	8	4	4	2	1	1	2	2	2	2	2	2	2
	# checklists reporting species - (Blue-gray Gnatcatcher)	21	5	6	0.0	0.0	0.0	0.0	0.0	0.0	0.0	0.0	0.0	2	118	671	3076	9389	13311	8696	4320	1189	901	786	760	567	434	437	637	571	672	972	1512	1020	712	374	200	76	44	23	33	36	19	29	39	54	13	37	16
	
Totals
	Blue-gray Gnatcatcher	25	5	8	0.0	0.0	0.0	0.0	0.0	0.0	0.0	0.0	0.0	2	197	1305	7409	28477	36961	20148	8567	2062	1518	1443	1372	1030	950	938	1289	1110	1411	2211	3159	2132	1258	648	303	91	55	27	33	35	20	32	50	68	16	41	17
	# checklists reporting species - (Blue-gray Gnatcatcher)	21	5	6	0.0	0.0	0.0	0.0	0.0	0.0	0.0	0.0	0.0	2	116	645	2941	8601	11808	7909	4099	1155	869	759	736	541	417	428	613	551	654	945	1461	984	692	361	196	75	44	23	33	35	19	29	39	54	13	36	16
	
Average Count
	Blue-gray Gnatcatcher	1.1904761904761905	1.0	1.3333333333333333	0.0	0.0	0.0	0.0	0.0	0.0	0.0	0.0	0.0	1.0	1.6982758620689655	2.0232558139534884	2.5192111526691603	3.3108940820834785	3.1301659891598916	2.5474775572133015	2.090021956574774	1.7852813852813854	1.7468354430379747	1.901185770750988	1.8641304347826086	1.9038817005545285	2.278177458033573	2.191588785046729	2.102773246329527	2.014519056261343	2.1574923547400613	2.33968253968254	2.162217659137577	2.1666666666666665	1.8179190751445087	1.7950138504155124	1.5459183673469388	1.2133333333333334	1.25	1.173913043478261	1.0	1.0	1.0526315789473684	1.103448275862069	1.2820512820512822	1.2592592592592593	1.2307692307692308	1.1388888888888888	1.0625
	# checklists reporting species - (Blue-gray Gnatcatcher)	21	5	6	0.0	0.0	0.0	0.0	0.0	0.0	0.0	0.0	0.0	2	116	645	2941	8601	11808	7909	4099	1155	869	759	736	541	417	428	613	551	654	945	1461	984	692	361	196	75	44	23	33	35	19	29	39	54	13	36	16
	
