

	Week starting on...	1/1	1/8	1/15	1/22	2/1	2/8	2/15	2/22	3/1	3/8	3/15	3/22	4/1	4/8	4/15	4/22	5/1	5/8	5/15	5/22	6/1	6/8	6/15	6/22	7/1	7/8	7/15	7/22	8/1	8/8	8/15	8/22	9/1	9/8	9/15	9/22	10/1	10/8	10/15	10/22	11/1	11/8	11/15	11/22	12/1	12/8	12/15	12/22
Frequency (%)
	White-winged Crossbill	0.9883633570963488	0.6654423164070885	0.8279693384257899	0.9080850089663856	0.9974028844559871	0.680350332509247	0.827979246753945	1.0510437448299355	0.7917846345793945	0.5820171108917407	0.45507736315173575	0.2851998370286646	0.16147149677057007	0.13170410477793226	0.10167768174885612	0.0877296355946629	0.06301991429291656	0.05443847294292068	0.05396723417924831	0.16895850033915027	0.3203725076610817	0.2655413750514615	0.41841004184100417	0.5394709824345262	1.1161859796777174	0.5710617016962898	0.5990874826423328	0.5784116362811534	0.7789386960266637	0.7792307989044478	0.565698122910774	0.4087095771887473	0.330333060581265	0.24479804161566704	0.12462006079027356	0.16368187945310994	0.3493604926575083	0.30247349823321557	0.5035949397809665	0.9047776674390379	1.2358219062129676	1.092523045407989	0.9782900026802466	0.7894736842105263	0.7163770011835794	0.675482487491065	0.9033566832546198	1.1645241438911094
	Total # checklists submitted - (White-winged Crossbill)	59897	41927	37441	52418	36194	52179	74398	41102	41678	48624	53837	76087	56976	54668	55076	76371	79340	86336	77825	81085	50254	48580	46844	53571	38972	29594	25205	35269	26703	25923	27223	41839	32997	32680	32900	41544	33776	35375	32963	45315	35442	32219	29848	36480	32106	27980	31549	46285
	
Abundance
	White-winged Crossbill	0.13251081022421823	0.04898991103584802	0.06420768676050319	0.07512686481742913	0.07581367077416146	0.06928074512735008	0.057219280088174417	0.0714807065349618	0.060967416862613366	0.033789897992760776	0.03447443208202537	0.012695992745147003	0.004738837405223252	0.007536401551181678	0.0031411140968843052	0.0020426601720548374	0.0015628938744643307	0.0015173276501111936	0.0015162222936074526	0.00511808595917864	0.008695825207943646	0.012186084808563195	0.014772436171121167	0.016930802113083572	0.04523760648670841	0.01953098601067784	0.052013489387026386	0.06614874252176133	0.20334793843388382	0.18234772210006558	0.19777394115270175	0.05953775185831401	0.018789586932145348	0.018206854345165238	0.009057750759878419	0.015092432120161757	0.03475840833728091	0.026515901060070672	0.08597518429754573	0.17960940086064217	0.11128040178319508	0.07507992178528197	0.08191503618332886	0.07420504385964913	0.05547249735251978	0.09013581129378127	0.12241275476243305	0.15707032515933889
	Total # checklists submitted - (White-winged Crossbill)	59897	41927	37441	52418	36194	52179	74398	41102	41678	48624	53837	76087	56976	54668	55076	76371	79340	86336	77825	81085	50254	48580	46844	53571	38972	29594	25205	35269	26703	25923	27223	41839	32997	32680	32900	41544	33776	35375	32963	45315	35442	32219	29848	36480	32106	27980	31549	46285
	
Birds Per Party Hour
	White-winged Crossbill	18.048810240839636	14.146768285408683	17.476167531711145	15.17732093622719	12.035626564582106	20.180558604625734	14.129551187876968	14.042474701219238	16.934206595060793	10.122469505508352	17.568557057783277	9.694201978405601	7.809874471054884	8.746651556824837	3.525140424435679	4.0587451561094765	6.323064449914264	3.7217161092460915	4.644133557378288	18.514114802350385	28.322247595022453	32.82957403567529	27.254130536446883	25.253352038082802	32.508053049848186	17.964806380542385	8.303943265881552	3.1662383831820424	6.16081514494489	7.917743591298606	7.257107910918853	10.0716262079278	3.8232484325740024	4.569318899008566	4.664050031129817	5.17998346828712	7.091316989923048	7.958177223573215	8.735796643926724	12.558362956422997	9.064882049752827	12.905231649411336	11.23021705838772	12.625035128035668	14.6459427030393	24.605275819949153	13.086916204819502	18.678142989006282
	# checklists reporting species - (White-winged Crossbill)	608	280	343	515	379	382	629	494	348	295	253	229	93	77	58	68	52	52	43	139	160	131	196	288	424	159	159	209	206	205	163	178	105	80	42	73	117	107	176	453	447	375	301	314	238	197	281	574
	
High Count
	White-winged Crossbill	407	600	200	200	100	360	300	210	70	100	130	70	100	150	40	20	8	20	20	50	25	37	45	35	250	60	156	120	360	822	827	237	63	104	85	70	60	125	300	1825	100	100	180	200	100	289	327	2493
	# checklists reporting species - (White-winged Crossbill)	733	353	395	605	436	415	703	532	373	341	272	241	109	91	76	79	55	57	52	145	164	135	208	304	459	177	166	236	215	220	170	190	112	89	44	78	123	117	184	497	523	419	340	351	270	227	332	641
	
Totals
	White-winged Crossbill	10230	3870	3172	5037	3392	4082	5038	3769	2850	1968	1944	1039	409	482	212	201	137	168	140	434	441	601	713	979	2131	618	1429	2878	5459	4835	5446	2562	624	630	308	670	1190	979	3070	9239	4807	3221	3070	3273	2263	3074	4590	12472
	# checklists reporting species - (White-winged Crossbill)	698	329	379	582	419	407	681	522	363	320	264	235	101	86	65	76	55	53	47	142	163	131	201	295	443	164	161	226	208	216	169	187	108	84	44	75	121	115	180	480	497	407	326	336	260	221	319	624
	
Average Count
	White-winged Crossbill	14.656160458452723	11.7629179331307	8.369393139841689	8.654639175257731	8.095465393794749	10.02948402948403	7.3979441997063144	7.2203065134099615	7.851239669421488	6.15	7.363636363636363	4.421276595744681	4.0495049504950495	5.604651162790698	3.2615384615384615	2.6447368421052633	2.4909090909090907	3.169811320754717	2.978723404255319	3.056338028169014	2.705521472392638	4.587786259541985	3.5472636815920398	3.31864406779661	4.81038374717833	3.768292682926829	8.875776397515528	12.734513274336283	26.245192307692307	22.38425925925926	32.22485207100592	13.70053475935829	5.777777777777778	7.5	7.0	8.933333333333334	9.834710743801653	8.513043478260869	17.055555555555557	19.247916666666665	9.672032193158953	7.914004914004914	9.417177914110429	9.741071428571429	8.703846153846154	13.90950226244344	14.38871473354232	19.987179487179485
	# checklists reporting species - (White-winged Crossbill)	698	329	379	582	419	407	681	522	363	320	264	235	101	86	65	76	55	53	47	142	163	131	201	295	443	164	161	226	208	216	169	187	108	84	44	75	121	115	180	480	497	407	326	336	260	221	319	624
	
