

	Week starting on...	1/1	1/8	1/15	1/22	2/1	2/8	2/15	2/22	3/1	3/8	3/15	3/22	4/1	4/8	4/15	4/22	5/1	5/8	5/15	5/22	6/1	6/8	6/15	6/22	7/1	7/8	7/15	7/22	8/1	8/8	8/15	8/22	9/1	9/8	9/15	9/22	10/1	10/8	10/15	10/22	11/1	11/8	11/15	11/22	12/1	12/8	12/15	12/22
Frequency (%)
	Lesser Scaup	1.7530093326877807	1.6361771650726262	1.3754974493202639	1.4460681445305048	1.5803724374205668	1.0291496579083539	0.7916879486007689	1.7225439151379494	1.8498968280627668	2.6262750904902927	3.3917194494492633	4.251711856164653	4.981044650379108	5.288285651569473	5.672162103275474	5.259849943041207	4.494580287370809	3.4238324684951817	2.09058785737231	1.0297835604612444	0.4795638158156565	0.34170440510498146	0.2412261975920075	0.22213511041421666	0.195011803345992	0.2737041292153815	0.28169014084507044	0.36859565057132326	0.322061191626409	0.39733055587702043	0.45917055431069315	0.6429407968641698	1.063733066642422	1.1536107711138313	1.486322188449848	2.221740804929713	3.665324490762672	4.4946996466431095	5.676061038133665	5.9803597042921774	6.246825799898426	5.05291908501195	3.950013401232914	2.5520833333333335	2.267488942876721	1.608291636883488	1.5816666138387905	1.259587339310792
	Total # checklists submitted - (Lesser Scaup)	59897	41927	37441	52418	36194	52179	74398	41102	41678	48624	53837	76087	56976	54668	55076	76371	79340	86336	77825	81085	50254	48580	46844	53571	38972	29594	25205	35269	26703	25923	27223	41839	32997	32680	32900	41544	33776	35375	32963	45315	35442	32219	29848	36480	32106	27980	31549	46285
	
Abundance
	Lesser Scaup	0.268577725094746	0.1835332840413099	0.13965973131059534	0.10013735739631424	0.139581146046306	0.0940033346748692	0.09342993091212129	0.14473748236095568	0.31611401698737945	0.6045368542283646	0.7526793840667199	1.0174011329136383	0.9531732659365347	1.8772590912416771	1.0514198561987071	1.0260439171936993	0.7552432568691707	0.4762671423276501	0.20719563122389978	0.05423937843004255	0.0239582918772635	0.016467682173734045	0.011655708308427973	0.008213399040525657	0.010340757466899312	0.008075961343515577	0.017060107121602858	0.013241089908985228	0.010710407070366626	0.013000038575782124	0.011901700767733166	0.03157341236645235	0.048368033457587056	0.04908200734394125	0.10407294832826748	0.27902946273830154	0.8570878730459498	2.3345583038869258	2.5022904468646665	2.4603332229945933	2.8216522769595396	2.185387504267668	1.9684735995711606	0.498547149122807	0.6382919080545693	0.2321300929235168	0.7319724872420679	0.3198876525872313
	Total # checklists submitted - (Lesser Scaup)	59897	41927	37441	52418	36194	52179	74398	41102	41678	48624	53837	76087	56976	54668	55076	76371	79340	86336	77825	81085	50254	48580	46844	53571	38972	29594	25205	35269	26703	25923	27223	41839	32997	32680	32900	41544	33776	35375	32963	45315	35442	32219	29848	36480	32106	27980	31549	46285
	
Birds Per Party Hour
	Lesser Scaup	26.11454304345249	25.576451784920927	22.286659884900757	13.092177492888444	13.995760976786892	21.073213881443326	25.679589941774086	21.6235994770021	34.24330972350345	53.0749551931517	40.16397355562307	47.65844637477376	33.41182903510568	49.56696387735767	33.75404050825375	37.2010535575187	30.19760585250162	22.97224487538248	15.126426458948858	9.466209620786985	7.664314901664544	9.207962874755045	9.729891400079474	10.841005084522873	9.338023031998315	10.345500786344713	7.944634427323632	8.465590724988305	3.2931100037030707	2.696192804691918	2.371483967955247	6.045984953669878	5.494589384983535	6.169027341854549	7.016946988320416	10.18235386447332	25.794269021598602	46.88740317937383	44.80689965878842	67.70603586123049	65.41790411357981	59.33870532424641	44.17209912444017	43.007031564242446	49.05110947750212	23.026549042900495	18.368285313439102	23.177718539558004
	# checklists reporting species - (Lesser Scaup)	977	647	478	725	537	508	542	682	714	1210	1725	3064	2713	2774	2975	3878	3324	2771	1577	860	261	172	125	137	77	84	73	129	91	113	127	278	366	383	489	920	1182	1552	1792	2613	2108	1554	1110	870	707	421	472	560
	
High Count
	Lesser Scaup	29000	2335	1200	250	500	400	500	2500	1200	3000	3000	9500	6020	29600	4600	1500	1000	1000	450	95	70	51	50	52	80	30	99	51	45	61	30	120	200	100	230	1500	2400	15000	6000	5500	16000	4000	25000	1000	15000	17000	5100	2500
	# checklists reporting species - (Lesser Scaup)	1145	734	566	840	613	569	641	771	819	1371	1965	3421	3036	3106	3381	4368	3887	3258	1791	951	285	183	133	149	99	95	80	144	96	122	136	312	393	424	541	1007	1337	1700	2011	2915	2383	1753	1277	999	813	487	528	641
	
Totals
	Lesser Scaup	50267	12435	5989	6041	5495	5143	7439	9581	13455	30482	41346	89060	56462	111230	72509	83008	63656	43897	16917	4759	1382	846	572	515	454	257	471	525	312	373	355	1479	1753	1839	4086	12417	31267	84139	91587	116716	124822	74321	86377	20279	49557	40700	23234	25329
	# checklists reporting species - (Lesser Scaup)	1020	671	495	756	547	527	567	703	738	1244	1785	3159	2802	2876	3111	4027	3443	2892	1627	892	276	177	131	145	93	94	77	140	96	120	134	307	383	409	515	954	1240	1605	1874	2695	2181	1603	1157	906	737	443	493	580
	
Average Count
	Lesser Scaup	49.28137254901961	18.53204172876304	12.098989898989899	7.9907407407407405	10.045703839122487	9.759013282732449	13.119929453262786	13.62873399715505	18.23170731707317	24.5032154340836	23.163025210084033	28.19246597024375	20.150606709493218	38.67524339360222	23.30729668916747	20.612863173578347	18.4885274469939	15.178769017980636	10.397664413030117	5.335201793721973	5.007246376811594	4.779661016949152	4.366412213740458	3.5517241379310347	4.881720430107527	2.734042553191489	6.116883116883117	3.75	3.25	3.1083333333333334	2.6492537313432836	4.817589576547231	4.577023498694517	4.496332518337408	7.9339805825242715	13.015723270440251	25.21532258064516	52.42305295950156	48.87246531483458	43.30834879406308	57.23154516276937	46.36369307548347	74.65600691443387	22.38300220750552	67.2415196743555	91.87358916478556	47.12778904665314	43.67068965517242
	# checklists reporting species - (Lesser Scaup)	1020	671	495	756	547	527	567	703	738	1244	1785	3159	2802	2876	3111	4027	3443	2892	1627	892	276	177	131	145	93	94	77	140	96	120	134	307	383	409	515	954	1240	1605	1874	2695	2181	1603	1157	906	737	443	493	580
	
