

	Week starting on...	1/1	1/8	1/15	1/22	2/1	2/8	2/15	2/22	3/1	3/8	3/15	3/22	4/1	4/8	4/15	4/22	5/1	5/8	5/15	5/22	6/1	6/8	6/15	6/22	7/1	7/8	7/15	7/22	8/1	8/8	8/15	8/22	9/1	9/8	9/15	9/22	10/1	10/8	10/15	10/22	11/1	11/8	11/15	11/22	12/1	12/8	12/15	12/22
Frequency (%)
	King Eider	0.3806534550979181	0.31960311970806404	0.43535161988194754	0.1468961043916212	0.23760844338840695	0.14565246555127542	0.13037984892066992	0.2116685319449175	0.280723643169058	0.16247120763409018	0.18946077976113082	0.15508562566535675	0.09302162313956754	0.0878027365186215	0.05628585953954536	0.05761349203231593	0.021426770859591632	0.026640103780578205	0.02955348538387408	0.06413023370537091	0.009949456759660922	0.0	0.0	0.0	0.0	0.0	0.0	0.005670702316481897	0.0	0.007715156424796513	0.0036733644344855453	0.0	0.0	0.0	0.0	0.0024070864625457345	0.0	0.005653710247349823	0.0030337044565118465	0.03530839677810879	0.20597031770216126	0.4283186939383594	0.4187885285446261	0.5729166666666666	0.60424842708528	0.5039313795568263	0.32013692985514597	0.40401858053365025
	Total # checklists submitted - (King Eider)	59897	41927	37441	52418	36194	52179	74398	41102	41678	48624	53837	76087	56976	54668	55076	76371	79340	86336	77825	81085	50254	48580	46844	53571	38972	29594	25205	35269	26703	25923	27223	41839	32997	32680	32900	41544	33776	35375	32963	45315	35442	32219	29848	36480	32106	27980	31549	46285
	
Abundance
	King Eider	0.0045578242649882295	0.0047463448374555775	0.008066023877567373	0.003376702659391812	0.003343095540697353	0.0015715134441058663	0.0023522137691873437	0.004038732908374289	0.005110609914103364	0.0038664034221783483	0.0034920222152051562	0.0031805696111030794	0.002474726200505476	0.0015365478890758762	8.170527997675939E-4	0.0010082361105655288	4.6634736576758255E-4	3.1273165307635283E-4	2.955348538387408E-4	6.783005488068077E-4	9.949456759660922E-5	0.0	0.0	0.0	0.0	0.0	0.0	5.6707023164818965E-5	0.0	7.715156424796513E-5	3.6733644344855455E-5	0.0	0.0	0.0	0.0	2.4070864625457346E-5	0.0	1.1307420494699646E-4	3.0337044565118466E-5	6.178969436169038E-4	0.002511144969245528	0.00577299109221267	0.004656928437416242	0.006798245614035088	0.00862767084034137	0.006075768406004289	0.0039937874417572666	0.004385870152317165
	Total # checklists submitted - (King Eider)	59897	41927	37441	52418	36194	52179	74398	41102	41678	48624	53837	76087	56976	54668	55076	76371	79340	86336	77825	81085	50254	48580	46844	53571	38972	29594	25205	35269	26703	25923	27223	41839	32997	32680	32900	41544	33776	35375	32963	45315	35442	32219	29848	36480	32106	27980	31549	46285
	
Birds Per Party Hour
	King Eider	2.847930669532227	2.8256876074193222	4.923631804557349	6.363537482093924	2.549486332094169	1.592386150452682	3.1036846230867297	2.980375497760694	3.556602706486708	5.277408310998644	5.469546515403803	2.3679099242568853	4.887047236743785	1.4893282373221879	2.117366970771678	1.1102876204120433	1.5390675310838644	0.7052959964957507	1.4760335272276468	0.8819415337815986	0.6366764880721615	0.0	0.0	0.0	0.0	0.0	0.0	0.19444444444444445	0.0	0.15742498820854547	0.2222222222222222	0.0	0.0	0.0	0.0	0.13793103448275862	0.0	1.2034279592929833	0.2	0.7571115524396625	2.5587349134188964	2.5149853990088857	3.059402088432721	2.016780993705531	3.2355802658503525	2.92284817120647	2.726161987384555	2.5946633529180927
	# checklists reporting species - (King Eider)	248	154	187	90	97	84	108	94	131	89	107	120	58	55	38	52	20	26	24	54	6	0.0	0.0	0.0	0.0	0.0	0.0	2	0.0	2	1	0.0	0.0	0.0	0.0	1	0.0	2	1	16	88	179	151	245	231	158	110	221
	
High Count
	King Eider	8	8	9	12	12	2	16	9	16	21	15	18	11	6	6	5	5	5	1	5	1	0.0	0.0	0.0	0.0	0.0	0.0	1	0.0	1	1	0.0	0.0	0.0	0.0	1	0.0	3	1	7	5	25	26	3	6	4	6	3
	# checklists reporting species - (King Eider)	265	173	198	100	118	98	121	110	154	107	123	145	72	71	46	56	24	26	29	58	6	0.0	0.0	0.0	0.0	0.0	0.0	2	0.0	2	1	0.0	0.0	0.0	0.0	1	0.0	2	1	18	98	194	165	265	257	165	116	236
	
Totals
	King Eider	325	267	377	228	171	105	208	195	337	256	248	334	179	140	65	93	49	30	28	62	6	0.0	0.0	0.0	0.0	0.0	0.0	2	0.0	2	1	0.0	0.0	0.0	0.0	1	0.0	4	1	30	117	261	208	315	363	197	145	257
	# checklists reporting species - (King Eider)	264	171	198	99	116	97	118	108	153	105	122	143	72	71	46	56	24	26	28	57	6	0.0	0.0	0.0	0.0	0.0	0.0	2	0.0	2	1	0.0	0.0	0.0	0.0	1	0.0	2	1	18	98	194	163	265	257	163	116	235
	
Average Count
	King Eider	1.231060606060606	1.5614035087719298	1.904040404040404	2.303030303030303	1.4741379310344827	1.0824742268041236	1.7627118644067796	1.8055555555555556	2.2026143790849675	2.4380952380952383	2.0327868852459017	2.335664335664336	2.486111111111111	1.971830985915493	1.4130434782608696	1.6607142857142858	2.0416666666666665	1.1538461538461537	1.0	1.087719298245614	1.0	0.0	0.0	0.0	0.0	0.0	0.0	1.0	0.0	1.0	1.0	0.0	0.0	0.0	0.0	1.0	0.0	2.0	1.0	1.6666666666666667	1.1938775510204083	1.3453608247422681	1.2760736196319018	1.1886792452830188	1.4124513618677044	1.2085889570552146	1.25	1.0936170212765957
	# checklists reporting species - (King Eider)	264	171	198	99	116	97	118	108	153	105	122	143	72	71	46	56	24	26	28	57	6	0.0	0.0	0.0	0.0	0.0	0.0	2	0.0	2	1	0.0	0.0	0.0	0.0	1	0.0	2	1	18	98	194	163	265	257	163	116	235
	
