

	Week starting on...	1/1	1/8	1/15	1/22	2/1	2/8	2/15	2/22	3/1	3/8	3/15	3/22	4/1	4/8	4/15	4/22	5/1	5/8	5/15	5/22	6/1	6/8	6/15	6/22	7/1	7/8	7/15	7/22	8/1	8/8	8/15	8/22	9/1	9/8	9/15	9/22	10/1	10/8	10/15	10/22	11/1	11/8	11/15	11/22	12/1	12/8	12/15	12/22
Frequency (%)
	Eastern Wood-Pewee	0.0	0.0	0.0	0.0	0.0	0.0	0.0	0.0	0.0	0.0	0.0	0.0	0.0	0.0	0.0	0.02749734846996897	0.3138391731787245	2.8169014084507045	10.779312560231288	18.11925756921749	16.89815736060811	14.713874022231371	12.91307317906242	11.627559687144164	10.730781073591295	10.343312833682502	11.664352311049395	11.052198814823216	12.279519155151107	12.544844346719131	14.631010542555927	15.081622409713425	13.522441434069766	9.666462668298653	6.2431610942249245	3.004043905257077	0.9681430601610611	0.2544169611307421	0.027303340108606623	0.017654198389054396	0.005643022402798939	0.0	0.0	0.0	0.0	0.0	0.0	0.0
	Total # checklists submitted - (Eastern Wood-Pewee)	59897	41927	37441	52418	36194	52179	74398	41102	41678	48624	53837	76087	56976	54668	55076	76371	79340	86336	77825	81085	50254	48580	46844	53571	38972	29594	25205	35269	26703	25923	27223	41839	32997	32680	32900	41544	33776	35375	32963	45315	35442	32219	29848	36480	32106	27980	31549	46285
	
Abundance
	Eastern Wood-Pewee	0.0	0.0	0.0	0.0	0.0	0.0	0.0	0.0	0.0	0.0	0.0	0.0	0.0	0.0	0.0	2.8806746016157966E-4	0.0032014116460801615	0.03558191252779837	0.18667523289431417	0.33622741567490905	0.3057070083973415	0.2611980238781392	0.21883272137306806	0.18110544884359076	0.1643744226624243	0.16307359599918902	0.1861932156318191	0.1856871473531997	0.21727895742051456	0.2365081202021371	0.2835837343422841	0.3068667989196682	0.28526835772949055	0.18577111383108935	0.09702127659574468	0.042773926439437705	0.011694694457603032	0.0028833922261484097	3.0337044565118465E-4	1.9860973187686197E-4	5.643022402798939E-5	0.0	0.0	0.0	0.0	0.0	0.0	0.0
	Total # checklists submitted - (Eastern Wood-Pewee)	59897	41927	37441	52418	36194	52179	74398	41102	41678	48624	53837	76087	56976	54668	55076	76371	79340	86336	77825	81085	50254	48580	46844	53571	38972	29594	25205	35269	26703	25923	27223	41839	32997	32680	32900	41544	33776	35375	32963	45315	35442	32219	29848	36480	32106	27980	31549	46285
	
Birds Per Party Hour
	Eastern Wood-Pewee	0.0	0.0	0.0	0.0	0.0	0.0	0.0	0.0	0.0	0.0	0.0	0.0	0.0	0.0	0.0	0.6227275571744969	0.965354042913265	0.85310055243484	1.2123835073576843	2.2568360547555657	3.6156939217166597	4.495352901979679	4.222106394588151	4.70169132278546	3.3823027176120797	2.690465855307464	1.8682466623577016	1.9850636288245724	1.99987647325911	2.0102377543314054	1.9880460820570653	1.8121722052373406	1.6471007343300355	1.4702239985552044	1.1499175611842565	1.172008997776691	0.9639019748965975	0.7461164682631195	0.5459232518485654	1.113356189070986	0.1625	0.0	0.0	0.0	0.0	0.0	0.0	0.0
	# checklists reporting species - (Eastern Wood-Pewee)	0.0	0.0	0.0	0.0	0.0	0.0	0.0	0.0	0.0	0.0	0.0	0.0	0.0	0.0	0.0	25	231	2220	8264	14813	8587	7185	6094	6271	4246	3098	2950	3957	3351	3348	4040	6417	4539	3247	2097	1286	340	91	9	11	2	0.0	0.0	0.0	0.0	0.0	0.0	0.0
	
High Count
	Eastern Wood-Pewee	0.0	0.0	0.0	0.0	0.0	0.0	0.0	0.0	0.0	0.0	0.0	0.0	0.0	0.0	0.0	2	6	15	40	42	35	40	24	16	20	25	18	32	15	22	30	28	35	50	14	12	10	6	2	2	1	0.0	0.0	0.0	0.0	0.0	0.0	0.0
	# checklists reporting species - (Eastern Wood-Pewee)	0.0	0.0	0.0	0.0	0.0	0.0	0.0	0.0	0.0	0.0	0.0	0.0	0.0	0.0	0.0	26	287	2787	9237	16109	9300	7825	6843	7099	4834	3460	3190	4244	3542	3551	4282	6818	4770	3432	2227	1367	371	108	9	12	3	0.0	0.0	0.0	0.0	0.0	0.0	0.0
	
Totals
	Eastern Wood-Pewee	0.0	0.0	0.0	0.0	0.0	0.0	0.0	0.0	0.0	0.0	0.0	0.0	0.0	0.0	0.0	27	278	3369	15550	29124	16359	13509	11140	10658	7108	5252	4961	6957	6142	6550	8123	13604	9825	6470	3435	1939	449	120	10	13	2	0.0	0.0	0.0	0.0	0.0	0.0	0.0
	# checklists reporting species - (Eastern Wood-Pewee)	0.0	0.0	0.0	0.0	0.0	0.0	0.0	0.0	0.0	0.0	0.0	0.0	0.0	0.0	0.0	26	245	2344	8537	15359	8987	7553	6593	6859	4683	3351	3070	4092	3445	3436	4166	6614	4660	3341	2169	1340	360	107	9	12	2	0.0	0.0	0.0	0.0	0.0	0.0	0.0
	
Average Count
	Eastern Wood-Pewee	0.0	0.0	0.0	0.0	0.0	0.0	0.0	0.0	0.0	0.0	0.0	0.0	0.0	0.0	0.0	1.0384615384615385	1.1346938775510205	1.4372866894197953	1.821482956542111	1.8962172016407317	1.8202959830866807	1.7885608367536079	1.689670863036554	1.5538708266511154	1.5178304505658766	1.5672933452700686	1.6159609120521172	1.7001466275659824	1.7828737300435413	1.9062863795110594	1.9498319731156986	2.0568491079528273	2.1083690987124464	1.9365459443280455	1.5836791147994467	1.4470149253731344	1.2472222222222222	1.1214953271028036	1.1111111111111112	1.0833333333333333	1.0	0.0	0.0	0.0	0.0	0.0	0.0	0.0
	# checklists reporting species - (Eastern Wood-Pewee)	0.0	0.0	0.0	0.0	0.0	0.0	0.0	0.0	0.0	0.0	0.0	0.0	0.0	0.0	0.0	26	245	2344	8537	15359	8987	7553	6593	6859	4683	3351	3070	4092	3445	3436	4166	6614	4660	3341	2169	1340	360	107	9	12	2	0.0	0.0	0.0	0.0	0.0	0.0	0.0
	
