

	Week starting on...	1/1	1/8	1/15	1/22	2/1	2/8	2/15	2/22	3/1	3/8	3/15	3/22	4/1	4/8	4/15	4/22	5/1	5/8	5/15	5/22	6/1	6/8	6/15	6/22	7/1	7/8	7/15	7/22	8/1	8/8	8/15	8/22	9/1	9/8	9/15	9/22	10/1	10/8	10/15	10/22	11/1	11/8	11/15	11/22	12/1	12/8	12/15	12/22
Frequency (%)
	Red-shouldered Hawk	0.14024074661502245	0.12402509122999499	0.17093560535242114	0.18886641993208442	0.2707631099077195	0.21656221851702792	0.12903572676684857	0.20193664541871442	0.11756802149815251	0.31465942744323794	0.8209967122982337	1.0054279968982873	0.9811148553777028	0.7975415233774785	0.6463795482605853	0.6141074491626403	0.4713889589110159	0.4019180874722016	0.5820751686476068	0.727631497810939	0.6885024077685358	0.6175380815150268	0.5891896507556998	0.5749379328367961	0.44390844709021865	0.3615597756301953	0.5395754810553463	0.5160339107998526	0.5392652510953826	0.4050457123018169	0.37835653675201114	0.41587992064819906	0.539442979664818	0.38555691554467564	0.6778115501519757	0.544001540535336	0.538844149692089	0.8819787985865725	1.616964475320814	1.895619552024716	1.2612155070255628	0.8100810081008101	0.3316805146073439	0.22752192982456143	0.14950476546439917	0.10721944245889921	0.2345557703889188	0.17716322782758992
	Total # checklists submitted - (Red-shouldered Hawk)	59897	41927	37441	52418	36194	52179	74398	41102	41678	48624	53837	76087	56976	54668	55076	76371	79340	86336	77825	81085	50254	48580	46844	53571	38972	29594	25205	35269	26703	25923	27223	41839	32997	32680	32900	41544	33776	35375	32963	45315	35442	32219	29848	36480	32106	27980	31549	46285
	
Abundance
	Red-shouldered Hawk	0.0014024074661502246	0.0011925489541345672	0.0017360647418605273	0.001888664199320844	0.002735259987843289	0.0021847869832691312	0.0012903572676684857	0.0020193664541871444	0.001199673688756658	0.006313754524514643	0.02749038765161506	0.029111411936336037	0.016041842179163157	0.010938757591278261	0.008097901082141042	0.00853727200115227	0.005684396269221074	0.004876297257227576	0.006874397687118535	0.00873157797373127	0.008238150196999245	0.007698641416220667	0.0070233114166168556	0.006720053760430084	0.005080570666119265	0.004088666621612489	0.0060702241618726446	0.005642348804899487	0.00629142792944613	0.004783396983373838	0.004297836388348088	0.004612920958913932	0.0060914628602600236	0.004957160342717259	0.008662613981762919	0.006812054689004429	0.011605873993368073	0.020975265017667846	0.06580104966174195	0.13558424362793778	0.07132780317137859	0.03566218690834601	0.016114982578397212	0.003673245614035088	0.0018688095683049898	0.0011079342387419586	0.002662524961171511	0.0017932375499621908
	Total # checklists submitted - (Red-shouldered Hawk)	59897	41927	37441	52418	36194	52179	74398	41102	41678	48624	53837	76087	56976	54668	55076	76371	79340	86336	77825	81085	50254	48580	46844	53571	38972	29594	25205	35269	26703	25923	27223	41839	32997	32680	32900	41544	33776	35375	32963	45315	35442	32219	29848	36480	32106	27980	31549	46285
	
Birds Per Party Hour
	Red-shouldered Hawk	4.647402561687609	5.142395841154002	4.30650616385969	3.7314415923584474	4.432744449615812	5.251222679252845	3.1236615431107375	3.6140261497048107	4.870201217761125	2.5034547285272106	9.231840405142217	2.555284750870419	2.059450863542206	1.7310437061675366	2.554557313163231	1.862313604389205	1.6851397070890581	1.5564169546964521	1.3997249229926385	1.8309796709333719	2.314532647170156	2.7148360512517877	2.7285394430621386	3.621669448007969	2.1224066195069473	3.0791897040305383	2.9491453821858267	1.066505327402598	0.8651200555588892	1.1523908235541729	1.248808467918518	2.0780067125685	1.0366409481018375	1.1293705176270605	0.8814548764166757	1.3938850525062403	1.3510039951449035	1.1666471996957646	1.6228949270779685	2.705936007956461	2.530797096992279	1.6630657528916188	2.1138699203231877	1.613696940616959	3.426342463786305	3.0235076838789325	0.8674968633451835	2.8163159507870072
	# checklists reporting species - (Red-shouldered Hawk)	111	68	83	137	124	147	117	96	68	178	520	851	603	457	370	475	385	361	452	597	362	316	294	310	174	114	144	192	147	109	106	181	173	136	245	244	244	396	660	1049	579	355	163	136	61	43	94	104
	
High Count
	Red-shouldered Hawk	1	1	2	2	2	2	1	2	2	163	152	229	130	25	8	32	19	7	5	12	4	8	4	6	5	3	2	3	6	3	7	3	4	6	22	10	30	67	91	300	227	243	299	26	12	2	4	2
	# checklists reporting species - (Red-shouldered Hawk)	125	84	108	170	146	163	139	119	75	215	591	997	695	524	421	541	464	413	528	723	424	362	352	375	222	139	162	229	164	122	127	216	202	152	282	287	268	449	709	1164	638	383	170	146	71	55	111	126
	
Totals
	Red-shouldered Hawk	125	81	107	172	147	164	138	118	77	652	3005	4318	1608	703	517	731	563	506	619	843	496	438	414	429	250	155	182	251	195	145	142	240	228	191	392	374	647	1349	3220	9408	4052	1969	1111	526	95	56	125	129
	# checklists reporting species - (Red-shouldered Hawk)	125	81	106	170	146	163	138	117	75	211	582	970	677	506	410	527	445	399	500	676	407	345	343	354	209	136	160	223	160	120	122	207	196	152	279	281	264	442	706	1133	616	376	169	145	71	55	110	126
	
Average Count
	Red-shouldered Hawk	1.0	1.0	1.009433962264151	1.011764705882353	1.0068493150684932	1.0061349693251533	1.0	1.0085470085470085	1.0266666666666666	3.090047393364929	5.1632302405498285	4.4515463917525775	2.375184638109306	1.3893280632411067	1.2609756097560976	1.3870967741935485	1.2651685393258427	1.268170426065163	1.238	1.2470414201183433	1.2186732186732188	1.2695652173913043	1.206997084548105	1.2118644067796611	1.1961722488038278	1.1397058823529411	1.1375	1.1255605381165918	1.21875	1.2083333333333333	1.1639344262295082	1.1594202898550725	1.163265306122449	1.256578947368421	1.4050179211469533	1.3309608540925266	2.4507575757575757	3.0520361990950224	4.5609065155807365	8.303618711385703	6.577922077922078	5.236702127659575	6.57396449704142	3.627586206896552	1.3380281690140845	1.018181818181818	1.1363636363636365	1.0238095238095237
	# checklists reporting species - (Red-shouldered Hawk)	125	81	106	170	146	163	138	117	75	211	582	970	677	506	410	527	445	399	500	676	407	345	343	354	209	136	160	223	160	120	122	207	196	152	279	281	264	442	706	1133	616	376	169	145	71	55	110	126
	
