

	Week starting on...	1/1	1/8	1/15	1/22	2/1	2/8	2/15	2/22	3/1	3/8	3/15	3/22	4/1	4/8	4/15	4/22	5/1	5/8	5/15	5/22	6/1	6/8	6/15	6/22	7/1	7/8	7/15	7/22	8/1	8/8	8/15	8/22	9/1	9/8	9/15	9/22	10/1	10/8	10/15	10/22	11/1	11/8	11/15	11/22	12/1	12/8	12/15	12/22
Frequency (%)
	Fox Sparrow	0.3472628011419604	0.24566508455172087	0.31783339120215803	0.3662863901713152	0.36746422058904793	0.2759730926234692	0.20699481168848624	0.2432971631550776	0.18474974806852534	0.23033892727871008	0.35848951464606127	1.4312563249963857	3.3347374333052517	5.63949659764396	6.158762437359285	3.354676513336214	0.6314595412150239	0.0996108228317272	0.03083841953099904	0.0184991058765493	0.07362598002149083	0.13174145738987236	0.44189223806677486	0.3042691008194732	0.47469978446063843	0.3041156991282017	0.1586986708986312	0.12192009980436078	0.08987754184923043	0.09643945530995642	0.040407008779341	0.014340686918903415	0.030305785374427976	0.03059975520195838	0.05167173252279636	0.25996533795493937	1.0155139744197061	2.0268551236749115	4.150107696508206	6.5232263047556	6.054963038203262	4.193177938483504	2.7908067542213884	1.200657894736842	0.6634273967482713	0.368120085775554	0.5356746648071254	0.2808685319217889
	Total # checklists submitted - (Fox Sparrow)	59897	41927	37441	52418	36194	52179	74398	41102	41678	48624	53837	76087	56976	54668	55076	76371	79340	86336	77825	81085	50254	48580	46844	53571	38972	29594	25205	35269	26703	25923	27223	41839	32997	32680	32900	41544	33776	35375	32963	45315	35442	32219	29848	36480	32106	27980	31549	46285
	
Abundance
	Fox Sparrow	0.003956792493780991	0.0030767763016671832	0.004406933575492108	0.004273341218665344	0.004282477758744544	0.0032580156768048448	0.002500067206107691	0.002749257943652377	0.002303373482412784	0.002899802566633761	0.005182309564054461	0.02253998712000736	0.06343021623139568	0.10957049828052974	0.12081487399230155	0.06207853766482042	0.011141920846987648	0.0012045959970348407	4.625762929649855E-4	2.3432200776962446E-4	0.0011342380706013452	0.00269658295594895	0.006190760823157715	0.004013365440256856	0.00772349379041363	0.00300736635804555	0.0019043840507835747	0.001531089625450112	9.362243942628169E-4	0.001157273463719477	4.4080373213826546E-4	1.6730801405387318E-4	4.545867806164197E-4	3.97796817625459E-4	8.206686930091185E-4	0.006547275178124398	0.019362861203221223	0.030586572438162544	0.07924036040408944	0.1389164735738718	0.1346707296427967	0.08370837083708371	0.05561511659072635	0.024177631578947367	0.010340746277954277	0.005646890636168692	0.011188944182065992	0.0034352381981203415
	Total # checklists submitted - (Fox Sparrow)	59897	41927	37441	52418	36194	52179	74398	41102	41678	48624	53837	76087	56976	54668	55076	76371	79340	86336	77825	81085	50254	48580	46844	53571	38972	29594	25205	35269	26703	25923	27223	41839	32997	32680	32900	41544	33776	35375	32963	45315	35442	32219	29848	36480	32106	27980	31549	46285
	
Birds Per Party Hour
	Fox Sparrow	2.8372421936218566	2.618415286760726	2.9622890568440288	3.087940434264195	2.593433694025882	2.456816944622372	2.45112895155345	2.0263443519423228	2.4489534713498653	2.0651423058508542	1.8543935425072031	2.396406480704411	2.498311532475225	2.7027408114172786	2.9931700329921314	2.769641536012443	2.868899281163847	1.3499040273305947	1.0217367166951155	0.7895168497711857	5.979014947307729	9.482282033159175	14.931923256381573	13.789628312377145	13.863600236931592	11.235485113552198	3.032888659237881	0.21166643936701657	0.16315450404244525	0.5446199308693708	0.45670995670995673	1.0912432464702546	0.8959619594964423	1.2561789765077602	3.3486323592579645	1.6206038118579487	1.3414093770622424	1.4692710079149278	2.061550644527206	2.5185278858763516	2.7563773043078594	2.6192322011027738	2.897331405744017	2.228857798524396	2.032463287922034	2.7334895466184226	1.861939927325191	2.4929614927546275
	# checklists reporting species - (Fox Sparrow)	223	109	129	206	150	160	170	110	87	124	206	1147	1973	3171	3455	2639	518	92	23	16	35	65	205	165	174	74	41	42	23	26	11	5	10	10	15	103	328	718	1414	3095	2221	1414	900	492	232	119	186	130
	
High Count
	Fox Sparrow	5	5	9	4	3	4	4	4	5	7	8	18	35	40	40	35	15	5	5	2	6	25	5	5	25	3	2	4	2	2	2	2	5	3	6	37	25	10	19	50	157	36	35	46	10	10	17	5
	# checklists reporting species - (Fox Sparrow)	244	122	147	223	163	165	176	114	88	130	234	1245	2207	3542	3869	2850	567	100	26	18	38	72	214	169	188	91	42	43	24	26	11	8	10	11	18	126	387	855	1601	3438	2433	1536	955	522	258	143	196	158
	
Totals
	Fox Sparrow	281	153	196	257	189	191	209	128	108	168	326	1956	4198	6847	7550	5143	967	119	38	22	58	141	294	220	304	90	50	54	25	31	12	9	15	14	27	289	705	1246	3027	7236	5740	3008	1873	993	386	208	391	188
	# checklists reporting species - (Fox Sparrow)	243	121	146	223	163	164	175	113	87	130	228	1232	2177	3458	3740	2770	548	97	25	18	37	69	208	165	177	74	42	42	23	26	11	8	10	11	16	117	371	820	1563	3368	2383	1505	943	522	257	143	196	157
	
Average Count
	Fox Sparrow	1.1563786008230452	1.2644628099173554	1.3424657534246576	1.1524663677130045	1.1595092024539877	1.1646341463414633	1.1942857142857144	1.1327433628318584	1.2413793103448276	1.2923076923076924	1.4298245614035088	1.5876623376623376	1.9283417547083141	1.9800462695199537	2.018716577540107	1.8566787003610108	1.7645985401459854	1.2268041237113403	1.52	1.2222222222222223	1.5675675675675675	2.0434782608695654	1.4134615384615385	1.3333333333333333	1.7175141242937852	1.2162162162162162	1.1904761904761905	1.2857142857142858	1.0869565217391304	1.1923076923076923	1.0909090909090908	1.125	1.5	1.2727272727272727	1.6875	2.47008547008547	1.9002695417789757	1.5195121951219512	1.9366602687140115	2.148456057007126	2.4087284934955937	1.998671096345515	1.9862142099681865	1.9022988505747127	1.5019455252918288	1.4545454545454546	1.9948979591836735	1.197452229299363
	# checklists reporting species - (Fox Sparrow)	243	121	146	223	163	164	175	113	87	130	228	1232	2177	3458	3740	2770	548	97	25	18	37	69	208	165	177	74	42	42	23	26	11	8	10	11	16	117	371	820	1563	3368	2383	1505	943	522	257	143	196	157
	
