

	Week starting on...	1/1	1/8	1/15	1/22	2/1	2/8	2/15	2/22	3/1	3/8	3/15	3/22	4/1	4/8	4/15	4/22	5/1	5/8	5/15	5/22	6/1	6/8	6/15	6/22	7/1	7/8	7/15	7/22	8/1	8/8	8/15	8/22	9/1	9/8	9/15	9/22	10/1	10/8	10/15	10/22	11/1	11/8	11/15	11/22	12/1	12/8	12/15	12/22
Frequency (%)
	Spotted Sandpiper	0.0	0.0	0.0	0.0	0.0	0.0	0.0	0.0	0.0	0.0	0.0	0.0	0.005265374894692502	0.029267578839540502	0.5846466700559227	2.6868837647798247	7.043105621376355	9.715530022238696	11.953742370703502	11.501510760313252	7.316830501054643	5.570193495265541	4.534198616685168	4.657370592298072	5.9683875602997025	9.120091910522403	12.037294187661178	14.23346281436956	15.103171928247763	15.137136905450758	15.134261470080446	12.072468271230193	8.931114949843925	5.670134638922889	3.7203647416413377	2.2361833237049873	1.086570345807674	0.5681978798586572	0.26999969662955436	0.09047776674390377	0.05360871282658992	0.03414134516899966	0.010050924685071027	0.013706140350877192	0.0031146826138416495	0.0035739814152966403	0.006339345145646455	0.0
	Total # checklists submitted - (Spotted Sandpiper)	59897	41927	37441	52418	36194	52179	74398	41102	41678	48624	53837	76087	56976	54668	55076	76371	79340	86336	77825	81085	50254	48580	46844	53571	38972	29594	25205	35269	26703	25923	27223	41839	32997	32680	32900	41544	33776	35375	32963	45315	35442	32219	29848	36480	32106	27980	31549	46285
	
Abundance
	Spotted Sandpiper	0.0	0.0	0.0	0.0	0.0	0.0	0.0	0.0	0.0	0.0	0.0	0.0	5.265374894692502E-5	2.7438355162069216E-4	0.007153751180187377	0.040853203441096754	0.12988404335770104	0.19871200889547813	0.287979441053646	0.28505888882037367	0.17067298125522345	0.12338410868670234	0.10268123985996072	0.10557951130275708	0.1616545211947039	0.2801919307967831	0.39309660781590955	0.44398763786895007	0.43332209864060217	0.4045442271342051	0.36325900892627555	0.2443653050981142	0.15271085250174257	0.08601591187270502	0.05088145896656535	0.029077604467552476	0.013027001421127428	0.006445229681978798	0.002942693322816491	9.268454154253558E-4	5.360871282658992E-4	3.414134516899966E-4	1.0050924685071027E-4	1.3706140350877192E-4	3.1146826138416496E-5	3.57398141529664E-5	6.339345145646455E-5	0.0
	Total # checklists submitted - (Spotted Sandpiper)	59897	41927	37441	52418	36194	52179	74398	41102	41678	48624	53837	76087	56976	54668	55076	76371	79340	86336	77825	81085	50254	48580	46844	53571	38972	29594	25205	35269	26703	25923	27223	41839	32997	32680	32900	41544	33776	35375	32963	45315	35442	32219	29848	36480	32106	27980	31549	46285
	
Birds Per Party Hour
	Spotted Sandpiper	0.0	0.0	0.0	0.0	0.0	0.0	0.0	0.0	0.0	0.0	0.0	0.0	1.337263207436169	3.477188852739648	2.349104002812543	2.609366341502798	2.5526339159156928	2.723760043968879	3.1578725847081253	3.470708016479463	3.6162339606948195	3.6080874946535224	3.804471649836518	4.099167658245604	4.168652715600224	4.8107653131724515	4.447624471625503	3.9863687359072744	3.75261334601494	3.257745234252922	2.9033183679301553	2.480248315942162	2.020684797434074	1.8779543011009576	1.589880212797144	1.3492930568950308	1.4857592072638297	1.357392322904509	1.9289335978640918	1.111773290193008	0.9473255843880963	0.9361921233257718	0.8877860249117754	0.8612906091740423	0.36363636363636365	0.6666666666666666	0.7141633002815522	0.0
	# checklists reporting species - (Spotted Sandpiper)	0.0	0.0	0.0	0.0	0.0	0.0	0.0	0.0	0.0	0.0	0.0	0.0	5	16	344	2245	5891	8607	9658	9919	3936	2806	2189	2533	2378	2761	3132	5272	4173	4115	4401	5414	3114	1973	1280	987	386	224	91	46	21	13	4	5	1	1	2	0.0
	
High Count
	Spotted Sandpiper	0.0	0.0	0.0	0.0	0.0	0.0	0.0	0.0	0.0	0.0	0.0	0.0	3	1	5	10	20	65	122	43	38	30	30	37	60	50	50	40	47	40	26	30	20	14	10	7	6	5	3	4	1	1	1	1	1	1	1	0.0
	# checklists reporting species - (Spotted Sandpiper)	0.0	0.0	0.0	0.0	0.0	0.0	0.0	0.0	0.0	0.0	0.0	0.0	5	19	376	2398	6323	9419	10415	10695	4252	3072	2444	2839	2664	3026	3390	5639	4467	4370	4668	5732	3321	2110	1393	1049	424	242	100	54	24	14	6	7	2	1	2	0.0
	
Totals
	Spotted Sandpiper	0.0	0.0	0.0	0.0	0.0	0.0	0.0	0.0	0.0	0.0	0.0	0.0	7	18	462	3573	11530	19203	25460	26594	9930	6693	5318	6190	7000	9199	10879	17454	12811	11565	11376	11701	5702	3214	1896	1351	506	276	110	58	24	14	6	7	2	1	2	0.0
	# checklists reporting species - (Spotted Sandpiper)	0.0	0.0	0.0	0.0	0.0	0.0	0.0	0.0	0.0	0.0	0.0	0.0	5	18	373	2341	6064	8879	9915	10250	4082	2948	2337	2716	2549	2881	3238	5436	4307	4243	4534	5596	3235	2051	1341	1032	415	240	98	54	24	14	6	7	2	1	2	0.0
	
Average Count
	Spotted Sandpiper	0.0	0.0	0.0	0.0	0.0	0.0	0.0	0.0	0.0	0.0	0.0	0.0	1.4	1.0	1.2386058981233243	1.5262708244340026	1.9013852242744063	2.1627435522018246	2.567826525466465	2.5945365853658537	2.4326310632043118	2.270352781546811	2.275566966195978	2.2790868924889542	2.7461749705766967	3.192988545643874	3.3597899938233478	3.2108167770419427	2.9744601811005342	2.7256658024982325	2.5090427878253196	2.0909578270192997	1.762596599690881	1.5670404680643588	1.4138702460850112	1.309108527131783	1.219277108433735	1.15	1.1224489795918366	1.0740740740740742	1.0	1.0	1.0	1.0	1.0	1.0	1.0	0.0
	# checklists reporting species - (Spotted Sandpiper)	0.0	0.0	0.0	0.0	0.0	0.0	0.0	0.0	0.0	0.0	0.0	0.0	5	18	373	2341	6064	8879	9915	10250	4082	2948	2337	2716	2549	2881	3238	5436	4307	4243	4534	5596	3235	2051	1341	1032	415	240	98	54	24	14	6	7	2	1	2	0.0
	
