

	Week starting on...	1/1	1/8	1/15	1/22	2/1	2/8	2/15	2/22	3/1	3/8	3/15	3/22	4/1	4/8	4/15	4/22	5/1	5/8	5/15	5/22	6/1	6/8	6/15	6/22	7/1	7/8	7/15	7/22	8/1	8/8	8/15	8/22	9/1	9/8	9/15	9/22	10/1	10/8	10/15	10/22	11/1	11/8	11/15	11/22	12/1	12/8	12/15	12/22
Frequency (%)
	Brown Thrasher	0.0868157002854901	0.05485725189019009	0.11484735984615795	0.0801251478499752	0.055257777532187656	0.05366143467678568	0.03629129815317616	0.029195659578609316	0.028792168530159798	0.010282987824942415	0.01300221037576388	0.06965710305308397	0.2843302443133951	1.7706885197922	4.580942697363643	9.182804991423446	13.815225611293169	10.647933654558933	10.667523289431417	8.991798729728064	7.804353882278027	7.3219431864965	6.359405686960977	5.256575385936421	4.48013958739608	3.8588903156045142	3.2929974211465978	2.591510958632227	2.3255813953488373	1.9596497318983144	1.9909635234911653	1.8236573531872178	1.9729066278752614	2.178702570379437	2.4012158054711246	1.7668014635085691	0.9030080530554241	0.34770318021201413	0.12438188271698572	0.10592519033432639	0.07900231363918515	0.08690524224836277	0.08710801393728224	0.01644736842105263	0.06540833489067464	0.053609721229449604	0.06339345145646455	0.0237657988549206
	Total # checklists submitted - (Brown Thrasher)	59897	41927	37441	52418	36194	52179	74398	41102	41678	48624	53837	76087	56976	54668	55076	76371	79340	86336	77825	81085	50254	48580	46844	53571	38972	29594	25205	35269	26703	25923	27223	41839	32997	32680	32900	41544	33776	35375	32963	45315	35442	32219	29848	36480	32106	27980	31549	46285
	
Abundance
	Brown Thrasher	8.681570028549009E-4	5.247215398192095E-4	0.0011484735984615795	7.82174062344996E-4	5.525777753218765E-4	5.174495486690048E-4	3.897954246081884E-4	3.162863121016009E-4	2.87921685301598E-4	1.0282987824942415E-4	1.1144751750654754E-4	8.017138275920985E-4	0.0034926986801460265	0.02361527767615424	0.0695402716246641	0.15094734912466773	0.2337030501638518	0.1568407153446998	0.15827818824285256	0.14061787013627675	0.13133282922752418	0.13361465623713462	0.10050379984629836	0.07916596666106662	0.06858770399261008	0.05839021423261472	0.05066455068438802	0.03745498880036292	0.033217241508444746	0.027350229525903637	0.0276237005473313	0.023470924257271923	0.026305421705003485	0.029957160342717257	0.03173252279635258	0.022891392258809935	0.01086570345807674	0.003929328621908128	0.001304492916300094	0.0011475228952885358	7.900231363918515E-4	9.000900090009E-4	9.045832216563924E-4	1.644736842105263E-4	6.540833489067464E-4	5.36097212294496E-4	6.656312402928778E-4	2.37657988549206E-4
	Total # checklists submitted - (Brown Thrasher)	59897	41927	37441	52418	36194	52179	74398	41102	41678	48624	53837	76087	56976	54668	55076	76371	79340	86336	77825	81085	50254	48580	46844	53571	38972	29594	25205	35269	26703	25923	27223	41839	32997	32680	32900	41544	33776	35375	32963	45315	35442	32219	29848	36480	32106	27980	31549	46285
	
Birds Per Party Hour
	Brown Thrasher	1.7946913642414104	1.5053560567060402	3.456514476421538	1.5448065221067835	1.4597036473972773	0.5449185967610266	1.481864214196846	3.5436574413759168	4.697928876772256	4.591513401767893	1.1347454661584704	1.3790581094642993	2.011873211855808	1.63998663688152	2.003081434240572	2.205352420581687	1.9537303274780204	1.7314897285555189	1.8232511076855202	2.4519153265534857	3.477934138762231	3.9378065386591583	4.36004992175829	4.526793736551249	3.499534623039877	2.323979816566401	1.9731978694112215	1.844719059605991	1.7310840266176415	1.3786425991329125	1.397597547690736	1.3631509666615116	1.3617216416269107	1.234086565468246	1.245752605772257	1.1640486025616885	1.0374613392412193	0.9308920688751274	0.5951780346653514	0.8714446087869627	1.0602314071735954	1.5272982336951813	1.1489107943480015	0.8335306021120983	0.7678528072416989	0.888995323980129	1.1614198915540306	1.8033758450992656
	# checklists reporting species - (Brown Thrasher)	59	27	42	42	22	29	27	12	14	8	8	59	184	1041	2634	7378	11282	9108	8268	7400	4061	3588	3058	2901	1775	1153	856	956	635	529	559	782	663	718	836	758	322	128	54	46	30	33	30	7	26	21	23	15
	
High Count
	Brown Thrasher	1	1	1	2	1	1	2	2	1	1	1	3	5	17	21	26	30	22	16	35	25	50	26	20	20	20	16	21	9	9	9	8	6	17	7	11	10	4	2	3	1	2	2	1	1	1	2	1
	# checklists reporting species - (Brown Thrasher)	68	41	58	61	33	32	31	16	15	9	9	64	193	1143	2946	7910	12143	10163	9069	8061	4383	3915	3338	3153	1967	1284	921	1020	697	571	603	847	710	776	908	828	351	141	55	55	36	34	32	9	30	23	27	21
	
Totals
	Brown Thrasher	67	40	58	59	32	31	34	17	15	9	8	74	232	1516	4337	12744	20040	14558	13244	12361	7149	6991	5113	4633	2935	1885	1373	1458	967	777	813	1068	934	1052	1185	1067	424	158	57	59	36	35	33	9	30	22	28	19
	# checklists reporting species - (Brown Thrasher)	67	40	58	58	32	31	31	16	15	9	8	64	193	1109	2858	7702	11642	9428	8536	7666	4226	3769	3219	3042	1895	1233	892	990	670	554	583	819	689	762	884	807	345	139	55	55	36	34	32	9	30	22	27	19
	
Average Count
	Brown Thrasher	1.0	1.0	1.0	1.0172413793103448	1.0	1.0	1.096774193548387	1.0625	1.0	1.0	1.0	1.15625	1.2020725388601037	1.3669972948602345	1.5174947515745276	1.6546351596987796	1.721353719292218	1.544123886296139	1.5515463917525774	1.6124445603965563	1.691670610506389	1.8548686654284956	1.588381484933209	1.5230111768573307	1.5488126649076517	1.5287915652879156	1.539237668161435	1.4727272727272727	1.4432835820895522	1.4025270758122743	1.3945111492281304	1.304029304029304	1.355587808417997	1.3805774278215224	1.340497737556561	1.322180916976456	1.228985507246377	1.1366906474820144	1.0363636363636364	1.0727272727272728	1.0	1.0294117647058822	1.03125	1.0	1.0	1.0	1.037037037037037	1.0
	# checklists reporting species - (Brown Thrasher)	67	40	58	58	32	31	31	16	15	9	8	64	193	1109	2858	7702	11642	9428	8536	7666	4226	3769	3219	3042	1895	1233	892	990	670	554	583	819	689	762	884	807	345	139	55	55	36	34	32	9	30	22	27	19
	
