

	Week starting on...	1/1	1/8	1/15	1/22	2/1	2/8	2/15	2/22	3/1	3/8	3/15	3/22	4/1	4/8	4/15	4/22	5/1	5/8	5/15	5/22	6/1	6/8	6/15	6/22	7/1	7/8	7/15	7/22	8/1	8/8	8/15	8/22	9/1	9/8	9/15	9/22	10/1	10/8	10/15	10/22	11/1	11/8	11/15	11/22	12/1	12/8	12/15	12/22
Frequency (%)
	Common Redpoll	6.544568175367714	7.353256851193741	7.99391041905932	9.090388797741234	9.66734817925623	11.692443320109623	11.132019677948332	10.181986278039998	9.609386246940833	8.29837117472853	7.283095269052882	6.819824674385901	5.84281100814378	4.450501207287627	3.021279686251725	1.4966413952940252	0.555835644063524	0.1922720533728688	0.05910697076774816	0.024665474502065732	0.03382815298284714	0.1543845203787567	0.25616941337204335	0.1381344384088406	0.14369290772862567	0.25680881259714805	0.28962507439000196	0.382772406362528	0.5130509680560237	0.44747907263819775	0.23876868824156045	0.15296732713496974	0.04848925659908477	0.0397796817625459	0.0121580547112462	0.016849605237820142	0.1687588820464235	0.3053003533568905	0.6674149804326063	2.829085291845967	4.757067885559506	6.483751823458207	5.816135084427768	5.537280701754386	5.307419173986171	5.296640457469621	6.4059082696757415	6.868315869072053
	Total # checklists submitted - (Common Redpoll)	59897	41927	37441	52418	36194	52179	74398	41102	41678	48624	53837	76087	56976	54668	55076	76371	79340	86336	77825	81085	50254	48580	46844	53571	38972	29594	25205	35269	26703	25923	27223	41839	32997	32680	32900	41544	33776	35375	32963	45315	35442	32219	29848	36480	32106	27980	31549	46285
	
Abundance
	Common Redpoll	1.6045544851995925	1.6203401149617191	1.6899655457920462	2.080449463924606	2.444355418025087	2.4618141397880375	2.2393881555955804	2.343170648630237	2.3029655933586066	1.647848798947022	1.4090681130077827	1.380577496812859	1.0802092108958157	0.7564205751079242	0.4051855617691917	0.14649539746762513	0.027035543231661206	0.004563565604151223	0.0011435913909412143	2.219892705185916E-4	8.357543678115175E-4	0.005002058460271717	0.0064042353343010845	0.004069365888260439	0.0033100687673201274	0.004663107386632425	0.021225947232691927	0.038220533613087984	0.056959892146949784	0.03714847818539521	0.024501340778018587	0.010922823203231435	0.0020607934054611026	0.002723378212974296	4.8632218844984804E-4	0.002455228191796649	0.04917693036475604	0.06603533568904593	0.22910536055577466	0.5331126558534701	0.7962022459229163	1.1712654024023093	1.0369538997587777	0.9315241228070176	0.9745530430449137	1.030664760543245	1.464103458112777	1.6534082316085126
	Total # checklists submitted - (Common Redpoll)	59897	41927	37441	52418	36194	52179	74398	41102	41678	48624	53837	76087	56976	54668	55076	76371	79340	86336	77825	81085	50254	48580	46844	53571	38972	29594	25205	35269	26703	25923	27223	41839	32997	32680	32900	41544	33776	35375	32963	45315	35442	32219	29848	36480	32106	27980	31549	46285
	
Birds Per Party Hour
	Common Redpoll	74.73642647374199	56.509038777813586	62.35890163000629	58.37340323522639	57.33084244582508	48.02210071286102	35.48891696753359	56.005371695944845	52.633514163395965	37.286190392804194	41.24281823388364	42.65640092300941	36.786489391556884	34.51491901042783	27.81389712654331	18.821665506270694	11.024968482769058	5.644462788346108	1.940905761204659	1.6341391546420894	2.6730839023942474	6.3232065566631865	12.130081674009535	11.489092098737823	11.582672323492993	21.87009378995158	4.511884715816477	1.6456267977938595	1.6912977659772872	1.583752853771482	1.7607983296969645	2.6043795737870417	0.9882128328066543	1.1216266196465765	4.833333333333333	1.3429487179487178	48.49768627105068	21.34805764800643	15.602799889990862	27.63041549622745	30.075557047636686	26.23186140377962	31.871310449402863	43.957577841104836	63.38865032850609	53.00963150037573	58.68422553163288	65.32873671434692
	# checklists reporting species - (Common Redpoll)	3915	3064	2994	4770	3514	6156	8408	4204	4045	4064	3913	5220	3355	2363	1630	1121	447	173	50	22	13	81	125	81	51	51	75	137	133	114	66	64	16	13	4	7	58	116	234	1376	1773	2221	1804	2097	1746	1492	2016	3152
	
High Count
	Common Redpoll	1000	800	950	1730	1200	1220	1500	2000	1500	1000	600	1200	400	350	300	300	85	30	15	1	15	30	20	22	15	19	90	85	168	89	82	60	21	25	8	20	163	548	1500	1320	490	1470	1480	630	600	500	2660	1000
	# checklists reporting species - (Common Redpoll)	4404	3466	3351	5317	3875	6549	8839	4605	4401	4410	4317	5708	3701	2697	1833	1263	488	178	53	24	18	90	129	85	59	76	77	141	137	118	66	65	16	14	4	7	59	123	245	1442	1870	2345	1949	2278	1909	1670	2244	3619
	
Totals
	Common Redpoll	107287	77633	72294	123177	97802	137099	178122	104088	104119	86617	82831	115372	66726	44713	24283	11912	2384	409	96	22	43	310	350	270	136	138	539	1374	1521	966	668	460	68	90	16	102	1716	2398	7904	26163	30866	41107	35958	39319	35827	33455	51603	87133
	# checklists reporting species - (Common Redpoll)	4254	3328	3223	5153	3754	6413	8669	4456	4298	4294	4167	5547	3616	2599	1780	1221	475	174	51	22	13	85	126	81	52	53	76	141	136	115	66	65	16	14	4	7	59	119	236	1406	1822	2294	1890	2220	1863	1626	2191	3499
	
Average Count
	Common Redpoll	25.220263281617303	23.327223557692307	22.430654669562518	23.903939452745973	26.052743740010655	21.378294090129426	20.547006575152842	23.359066427289047	24.22498836668218	20.171634839310666	19.877849772018237	20.79899044528574	18.452986725663717	17.203924586379376	13.642134831460675	9.755937755937756	5.018947368421053	2.3505747126436782	1.8823529411764706	1.0	3.3076923076923075	3.6470588235294117	2.7777777777777777	3.3333333333333335	2.6153846153846154	2.6037735849056602	7.092105263157895	9.74468085106383	11.183823529411764	8.4	10.121212121212121	7.076923076923077	4.25	6.428571428571429	4.0	14.571428571428571	29.084745762711865	20.15126050420168	33.49152542372882	18.60810810810811	16.94072447859495	17.919354838709676	19.025396825396825	17.71126126126126	19.230810520665592	20.5750307503075	23.55225924235509	24.902257787939412
	# checklists reporting species - (Common Redpoll)	4254	3328	3223	5153	3754	6413	8669	4456	4298	4294	4167	5547	3616	2599	1780	1221	475	174	51	22	13	85	126	81	52	53	76	141	136	115	66	65	16	14	4	7	59	119	236	1406	1822	2294	1890	2220	1863	1626	2191	3499
	
