

	Week starting on...	1/1	1/8	1/15	1/22	2/1	2/8	2/15	2/22	3/1	3/8	3/15	3/22	4/1	4/8	4/15	4/22	5/1	5/8	5/15	5/22	6/1	6/8	6/15	6/22	7/1	7/8	7/15	7/22	8/1	8/8	8/15	8/22	9/1	9/8	9/15	9/22	10/1	10/8	10/15	10/22	11/1	11/8	11/15	11/22	12/1	12/8	12/15	12/22
Frequency (%)
	Eastern Screech-Owl	0.7946975641517939	0.6487466310492046	0.6543628642397371	0.8756534015033004	0.7597944410675803	0.6784338526993619	0.5242076399903224	0.53282078730962	0.6382264024185421	0.5244323790720632	0.5219458736556644	0.41531404839197233	0.36682111766357767	0.3274310382673593	0.35042486745587914	0.38365348103337654	0.5911267960675574	1.5729243884358786	1.054930934789592	0.2861195042239625	0.12536315517172764	0.09263071222725401	0.10673725557168473	0.11760094080752645	0.09493995689212768	0.16895316618233427	0.18647093830589168	0.21265133686807108	0.3033367037411527	0.36646993017783436	0.5032509275245197	0.47802289729678055	0.49701488014061884	0.5018359853121175	0.47720364741641336	0.41883304448295783	0.3760066319279962	0.5540636042402827	0.5187634620635257	0.48107690610173237	0.600981885898087	0.6021291784350848	0.5360493165371214	0.5016447368421053	0.5139226312838722	0.6218727662616154	1.8352404196646486	1.0953872744949769
	Total # checklists submitted - (Eastern Screech-Owl)	59897	41927	37441	52418	36194	52179	74398	41102	41678	48624	53837	76087	56976	54668	55076	76371	79340	86336	77825	81085	50254	48580	46844	53571	38972	29594	25205	35269	26703	25923	27223	41839	32997	32680	32900	41544	33776	35375	32963	45315	35442	32219	29848	36480	32106	27980	31549	46285
	
Abundance
	Eastern Screech-Owl	0.010801876554752324	0.007226846662055478	0.007478432734168425	0.009405166164294708	0.008178151074763773	0.008145039192012113	0.00610231457834888	0.005863461632037371	0.006862133499688085	0.005964132938466601	0.006296784739119936	0.004507997424001472	0.003984133670317327	0.003585278407843711	0.0035042486745587914	0.004059132393185895	0.006327199395008823	0.016806430689399555	0.012271121105043366	0.003810815810569156	0.002348071795279978	0.0017496912309592424	0.0016010588335752711	0.0018853484161206622	0.0018218207944165042	0.002534297492735014	0.0033723467565959135	0.002523462530834444	0.004119387334756394	0.004551942290629943	0.005620247584762884	0.005568966753507493	0.005636876079643604	0.00569155446756426	0.006231003039513678	0.004790102060466012	0.003996920890573188	0.0063886925795053	0.005885386645632982	0.005671411232483725	0.006940917555442695	0.006611005928179025	0.005762530152774056	0.005153508771929825	0.005917896966299134	0.010721944245889922	0.037180259279216456	0.018213244031543698
	Total # checklists submitted - (Eastern Screech-Owl)	59897	41927	37441	52418	36194	52179	74398	41102	41678	48624	53837	76087	56976	54668	55076	76371	79340	86336	77825	81085	50254	48580	46844	53571	38972	29594	25205	35269	26703	25923	27223	41839	32997	32680	32900	41544	33776	35375	32963	45315	35442	32219	29848	36480	32106	27980	31549	46285
	
Birds Per Party Hour
	Eastern Screech-Owl	6.609903575695069	4.352883686052601	4.001019549839451	5.36597735200113	3.991908697137478	4.648960742970711	3.7259547340817942	4.977897549279821	4.141153323683164	3.5230597253037836	4.488427901990145	4.58121508497072	4.6913618491083175	2.624710071683326	2.889271128227763	2.490507720911774	2.0770705502905056	1.1953578146958204	1.4441208864863722	3.3764940817566123	5.3161912139889	8.972911063303615	6.263005159933381	2.8280530706758205	8.644347121033928	9.272673411722634	3.4903745421053816	3.9733644400237407	4.0233167791441975	3.3675909282304324	3.045187557972228	3.4530261692442714	4.7255828413797385	3.5603810089909538	4.035448658477044	2.8765963032148787	2.262809799741588	2.779687575493893	3.4641730094615166	4.700567691788568	2.6228982290354357	3.426323480172854	3.6647588688626676	2.8653926094068085	3.0284770315534675	3.8879886434718807	5.5251993947432645	4.596759546797033
	# checklists reporting species - (Eastern Screech-Owl)	556	331	289	550	331	421	473	261	315	296	334	369	226	193	200	351	519	1389	820	266	95	63	68	80	57	63	78	124	129	134	207	274	219	227	231	287	206	264	224	297	276	263	213	217	194	208	658	569
	
High Count
	Eastern Screech-Owl	16	4	7	3	4	11	8	3	4	6	7	7	3	4	4	5	7	6	7	7	6	7	6	6	6	6	10	6	6	5	7	6	5	6	6	4	3	3	3	10	4	4	4	4	4	24	24	13
	# checklists reporting species - (Eastern Screech-Owl)	586	352	312	584	348	445	504	285	338	330	363	405	254	247	265	381	590	1668	965	305	110	82	87	109	77	75	80	135	155	159	237	314	257	260	269	328	244	299	248	323	302	284	228	240	220	232	695	605
	
Totals
	Eastern Screech-Owl	764	386	344	624	370	523	583	305	363	373	428	457	275	263	273	412	619	1757	1143	416	192	144	145	165	133	108	140	155	196	189	268	354	287	291	323	372	259	334	280	361	345	310	242	247	246	368	1352	970
	# checklists reporting species - (Eastern Screech-Owl)	583	352	307	582	346	445	501	281	335	325	362	396	249	237	252	371	550	1493	871	291	107	80	86	105	72	74	80	130	149	155	230	308	253	258	265	327	240	296	246	318	300	281	227	235	218	230	689	604
	
Average Count
	Eastern Screech-Owl	1.3104631217838765	1.0965909090909092	1.1205211726384365	1.0721649484536082	1.069364161849711	1.1752808988764045	1.1636726546906189	1.085409252669039	1.0835820895522388	1.1476923076923078	1.1823204419889504	1.154040404040404	1.104417670682731	1.109704641350211	1.0833333333333333	1.110512129380054	1.1254545454545455	1.1768251841929003	1.3122847301951779	1.429553264604811	1.794392523364486	1.8	1.686046511627907	1.5714285714285714	1.8472222222222223	1.4594594594594594	1.75	1.1923076923076923	1.3154362416107384	1.2193548387096773	1.1652173913043478	1.1493506493506493	1.134387351778656	1.127906976744186	1.2188679245283018	1.1376146788990826	1.0791666666666666	1.1283783783783783	1.1382113821138211	1.1352201257861636	1.15	1.103202846975089	1.066079295154185	1.0510638297872341	1.128440366972477	1.6	1.9622641509433962	1.6059602649006623
	# checklists reporting species - (Eastern Screech-Owl)	583	352	307	582	346	445	501	281	335	325	362	396	249	237	252	371	550	1493	871	291	107	80	86	105	72	74	80	130	149	155	230	308	253	258	265	327	240	296	246	318	300	281	227	235	218	230	689	604
	
