

	Week starting on...	1/1	1/8	1/15	1/22	2/1	2/8	2/15	2/22	3/1	3/8	3/15	3/22	4/1	4/8	4/15	4/22	5/1	5/8	5/15	5/22	6/1	6/8	6/15	6/22	7/1	7/8	7/15	7/22	8/1	8/8	8/15	8/22	9/1	9/8	9/15	9/22	10/1	10/8	10/15	10/22	11/1	11/8	11/15	11/22	12/1	12/8	12/15	12/22
Frequency (%)
	Pine Grosbeak	2.7998063342070556	2.64507358027047	2.689564915467001	2.8463504902895953	2.9701055423550864	3.4707449357021023	4.2420495174601465	2.9292978443871345	2.6392821152646477	1.643221454425798	0.8525735089250888	0.22737129864497221	0.054408873911822524	0.034755249871954344	0.04357614932093834	0.013093975461889984	0.008822788001008318	0.0023165307635285397	0.00770960488274976	0.004933094900413147	0.003979782703864369	0.004116920543433511	0.006404235334301085	0.03173358720203095	0.03592322693215642	0.04054875988376022	0.007934933544931562	0.005670702316481897	0.007489795154102535	0.02314546927438954	0.0036733644344855453	0.009560457945935609	0.006061157074885596	0.0030599755201958386	0.0	0.024070864625457346	0.07105637138796779	0.03674911660777386	0.16685374510815157	0.8805031446540881	1.633654985610293	2.4426580589093394	2.7874564459930316	2.705592105263158	2.7191179218837602	2.5804145818441744	2.966813528162541	3.234309171437831
	Total # checklists submitted - (Pine Grosbeak)	59897	41927	37441	52418	36194	52179	74398	41102	41678	48624	53837	76087	56976	54668	55076	76371	79340	86336	77825	81085	50254	48580	46844	53571	38972	29594	25205	35269	26703	25923	27223	41839	32997	32680	32900	41544	33776	35375	32963	45315	35442	32219	29848	36480	32106	27980	31549	46285
	
Abundance
	Pine Grosbeak	0.217222899310483	0.2089107257852935	0.21981250500787905	0.22635354267617994	0.22885008564955517	0.2707411027424826	0.3540955402026936	0.21290934747700843	0.17119343538557513	0.08277805199078644	0.027713282686628156	0.00575656813910392	0.0015971637180567256	8.597351284115022E-4	0.0011075604619071827	3.6663131293291956E-4	1.6385177716158307E-4	2.3165307635285396E-5	1.541920976549952E-4	3.329839057778874E-4	3.979782703864369E-5	4.1169205434335116E-5	6.404235334301085E-5	3.920031360250882E-4	4.105511649389305E-4	4.7306886531053594E-4	7.934933544931561E-5	3.402421389889138E-4	7.489795154102535E-5	3.086062569918605E-4	3.6733644344855455E-5	9.56045794593561E-5	9.091735612328394E-5	3.0599755201958386E-5	0.0	0.0015646062006547275	0.0018652297489341544	9.328621908127209E-4	0.00512696053150502	0.03190996358821582	0.06624908300885954	0.09696142027995903	0.13806620209059234	0.1531798245614035	0.1587865196536473	0.16626161543959972	0.24536435386224603	0.25571999567894566
	Total # checklists submitted - (Pine Grosbeak)	59897	41927	37441	52418	36194	52179	74398	41102	41678	48624	53837	76087	56976	54668	55076	76371	79340	86336	77825	81085	50254	48580	46844	53571	38972	29594	25205	35269	26703	25923	27223	41839	32997	32680	32900	41544	33776	35375	32963	45315	35442	32219	29848	36480	32106	27980	31549	46285
	
Birds Per Party Hour
	Pine Grosbeak	21.662559683598964	20.858836560467637	19.217767527780417	22.635843957368916	19.36346326684686	16.40527580453891	14.439768299712053	16.23501506636271	13.503268978790333	12.913461139559317	8.750956417433292	3.4387992303044603	3.650587092507149	2.5216183052114887	4.620740739757319	1.9887425199225033	4.042974374301677	1.4998125937031483	0.7276560678317858	1.1	6.254830118813973	8.75633682270064	7.185781161247842	14.883061658398299	13.769363166953529	10.949829485653776	0.08333333333333333	4.84530853761623	3.2023453093812377	0.43308080808080807	0.13333333333333333	0.2986111111111111	1.0233610341643582	0.5310674455655868	0.0	0.3824908424908425	0.7560558814113729	1.092466435756522	3.5462756589463056	4.79649145044295	6.418287736964689	7.242217600722419	10.671717680211641	13.26333523659198	12.186170379971928	14.31019727743804	16.434099612506337	17.066545692614884
	# checklists reporting species - (Pine Grosbeak)	1834	1173	1061	1589	1124	1847	3223	1208	1107	814	456	175	30	21	25	10	7	4	6	2	2	2	3	17	14	10	2	2	2	6	1	6	2	1	0	10	26	15	70	436	649	862	893	1071	938	748	975	1613
	
High Count
	Pine Grosbeak	92	84	100	100	186	90	88	100	65	50	20	20	32	7	8	6	4	2	3	24	1	1	1	3	2	3	1	10	2	3	1	8	2	1	1	10	6	6	72	88	115	65	75	56	100	142	280	150
	# checklists reporting species - (Pine Grosbeak)	2016	1314	1181	1781	1255	2017	3405	1369	1241	921	507	205	41	21	30	12	7	4	6	4	3	2	3	17	14	12	2	3	3	7	1	7	3	1	1	10	27	16	74	467	719	956	998	1180	1056	875	1091	1822
	
Totals
	Pine Grosbeak	15214	10128	9578	13943	9530	15391	27766	9650	7790	4520	1641	550	109	50	79	31	13	5	12	27	3	2	3	21	16	14	2	13	4	9	1	14	3	1	1	65	70	44	293	1608	2705	3661	4836	6498	6179	5452	8517	13969
	# checklists reporting species - (Pine Grosbeak)	1961	1278	1153	1744	1224	1964	3355	1322	1204	892	493	194	38	21	29	12	7	4	6	4	3	2	3	17	14	11	2	3	3	7	1	7	2	1	1	10	27	16	72	456	688	918	962	1140	1016	840	1062	1769
	
Average Count
	Pine Grosbeak	7.758286588475268	7.924882629107981	8.307025151777971	7.994839449541284	7.7859477124183005	7.836558044806518	8.276005961251863	7.299546142208775	6.470099667774086	5.067264573991031	3.3286004056795133	2.8350515463917527	2.8684210526315788	2.380952380952381	2.7241379310344827	2.5833333333333335	1.8571428571428572	1.25	2.0	6.75	1.0	1.0	1.0	1.2352941176470589	1.1428571428571428	1.2727272727272727	1.0	4.333333333333333	1.3333333333333333	1.2857142857142858	1.0	2.0	1.5	1.0	1.0	6.5	2.5925925925925926	2.75	4.069444444444445	3.526315789473684	3.931686046511628	3.9880174291938997	5.027027027027027	5.7	6.081692913385827	6.4904761904761905	8.019774011299434	7.896551724137931
	# checklists reporting species - (Pine Grosbeak)	1961	1278	1153	1744	1224	1964	3355	1322	1204	892	493	194	38	21	29	12	7	4	6	4	3	2	3	17	14	11	2	3	3	7	1	7	2	1	1	10	27	16	72	456	688	918	962	1140	1016	840	1062	1769
	
