

	Week starting on...	1/1	1/8	1/15	1/22	2/1	2/8	2/15	2/22	3/1	3/8	3/15	3/22	4/1	4/8	4/15	4/22	5/1	5/8	5/15	5/22	6/1	6/8	6/15	6/22	7/1	7/8	7/15	7/22	8/1	8/8	8/15	8/22	9/1	9/8	9/15	9/22	10/1	10/8	10/15	10/22	11/1	11/8	11/15	11/22	12/1	12/8	12/15	12/22
Frequency (%)
	Pileated Woodpecker	4.003539409319331	3.828082142771961	4.0009615127801075	4.229463161509405	4.467591313477372	4.222005021177102	4.778354256834861	4.481533745316529	4.515571764480061	4.516288252714709	5.277039953935026	5.246625573356815	5.80068800898624	6.577888344186728	6.634468734112862	6.436998337065117	6.320897403579531	5.7183561897702	6.729200128493415	6.274896713325523	5.973653838500418	5.963359407163442	5.751003330202374	4.957906329917306	4.836805911936775	4.027843481786849	3.8087681015671495	3.6377555360231364	4.2991424184548555	4.2626239247000735	5.18679058149359	5.557016181075074	6.346031457405219	5.700734394124847	6.720364741641337	6.4148854226843826	5.329227854097584	5.3144876325088335	4.174377332160301	4.481959616021185	4.314090626939789	4.401129768149229	3.899758777807558	3.9747807017543857	3.70024294524388	4.313795568263045	5.344067957779961	4.9281624716430805
	Total # checklists submitted - (Pileated Woodpecker)	59897	41927	37441	52418	36194	52179	74398	41102	41678	48624	53837	76087	56976	54668	55076	76371	79340	86336	77825	81085	50254	48580	46844	53571	38972	29594	25205	35269	26703	25923	27223	41839	32997	32680	32900	41544	33776	35375	32963	45315	35442	32219	29848	36480	32106	27980	31549	46285
	
Abundance
	Pileated Woodpecker	0.04721438469372423	0.04379039759582131	0.04674020458855266	0.04906711435003243	0.052522517544344366	0.049847639855114124	0.05795854727277615	0.053087441000437934	0.05415327031047555	0.053574366567949984	0.06306072032245481	0.06258624995071431	0.07018744734625106	0.08046754957196166	0.080742973345922	0.0783019732621021	0.07406100327703555	0.06481653076352854	0.07446193382589142	0.06969229820558673	0.06827317228479325	0.07089337175792507	0.06837588591922124	0.05758712736368558	0.05611721235759006	0.04848955869432993	0.04602261456060305	0.04508208341603107	0.055199790285735684	0.054160398102071516	0.065312419645153	0.06890700064533091	0.07612813286056308	0.06597307221542227	0.08015197568389058	0.07661756210283073	0.0606643770724775	0.06038162544169611	0.04647635227376149	0.050491007392695575	0.04771175441566503	0.0487290108321177	0.04432457786116323	0.04476425438596491	0.04217280259141593	0.05135811293781272	0.07014485403657802	0.05909041806200713
	Total # checklists submitted - (Pileated Woodpecker)	59897	41927	37441	52418	36194	52179	74398	41102	41678	48624	53837	76087	56976	54668	55076	76371	79340	86336	77825	81085	50254	48580	46844	53571	38972	29594	25205	35269	26703	25923	27223	41839	32997	32680	32900	41544	33776	35375	32963	45315	35442	32219	29848	36480	32106	27980	31549	46285
	
Birds Per Party Hour
	Pileated Woodpecker	2.532794115847526	2.2818982485577126	2.3593505836259476	2.1478650327260285	2.523071980041188	2.3482587578814376	2.174294047392777	2.4208281359954134	2.3762567094039313	2.2579217576145565	2.5150256861994076	2.2226210285108765	2.1849048793953894	2.058161322812367	2.0940087666103833	1.7526155941951942	1.5171571783351117	1.4190898226051785	1.2864866355808207	1.696640408881891	2.946952230912074	3.3041618351296766	3.9064155977596684	4.155519401077576	3.753041369590047	2.6268147735636127	1.962096497078746	1.5902118100310312	1.5744648384223505	1.790104262239313	1.5355831964337316	1.5089329538717213	1.4608363253034236	1.4862508659246962	1.4701844732450449	1.5156102392458046	1.4277364941766828	1.3846803870993334	1.7978152159247272	1.65768904109417	1.8753949246597583	1.9352707909586153	2.12411904739062	2.1863126863383053	2.122525187789527	2.2201606024400307	2.022278295002437	2.025158839790617
	# checklists reporting species - (Pileated Woodpecker)	2634	1767	1618	2429	1758	2387	3731	1970	2001	2343	3011	4191	3483	3677	3715	5110	5182	5092	5377	5234	3126	2974	2785	2677	1963	1236	1001	1333	1206	1169	1500	2420	2183	1931	2303	2772	1887	1964	1469	2158	1644	1502	1218	1535	1283	1285	1745	2413
	
High Count
	Pileated Woodpecker	7	4	5	4	6	8	6	5	8	5	5	5	5	10	15	8	5	6	5	8	6	9	8	7	6	6	4	6	6	6	5	7	20	8	8	6	45	5	5	5	13	4	6	5	5	17	32	14
	# checklists reporting species - (Pileated Woodpecker)	2871	1919	1776	2651	1905	2513	3903	2147	2169	2556	3254	4571	3756	4032	4084	5495	5576	5518	5832	5752	3427	3268	3088	3040	2197	1370	1111	1519	1338	1339	1658	2697	2358	2101	2481	2995	2053	2132	1565	2320	1776	1654	1331	1654	1396	1400	1884	2614
	
Totals
	Pileated Woodpecker	3336	2197	2054	3051	2228	2951	4703	2520	2572	3004	3854	5419	4513	4893	4909	6615	6475	6186	6392	6306	3857	3812	3612	3487	2520	1623	1322	1876	1696	1695	2075	3316	2850	2407	2940	3549	2360	2403	1735	2606	2023	1829	1497	1851	1574	1646	2422	3170
	# checklists reporting species - (Pileated Woodpecker)	2821	1901	1748	2615	1874	2489	3876	2117	2131	2513	3215	4488	3708	3935	3987	5368	5448	5313	5589	5487	3326	3148	2980	2900	2106	1319	1067	1446	1299	1285	1616	2623	2305	2025	2424	2920	2003	2090	1540	2292	1747	1624	1309	1626	1369	1380	1860	2558
	
Average Count
	Pileated Woodpecker	1.1825593761077633	1.1557075223566544	1.1750572082379862	1.1667304015296367	1.1889007470651014	1.185616713539574	1.2133642930856554	1.1903637222484649	1.2069450961989676	1.1953840031834462	1.198755832037325	1.2074420677361855	1.2170981661272924	1.243456162642948	1.2312515675946827	1.2323025335320417	1.188509544787078	1.1643139469226427	1.1436750760422258	1.1492618917441224	1.1596512327119664	1.2109275730622617	1.2120805369127516	1.2024137931034482	1.1965811965811965	1.2304776345716453	1.238987816307404	1.297372060857538	1.3056197074672826	1.3190661478599222	1.2840346534653466	1.2642012962256957	1.2364425162689805	1.188641975308642	1.2128712871287128	1.2154109589041096	1.1782326510234649	1.1497607655502393	1.1266233766233766	1.1369982547993018	1.1579851173440183	1.126231527093596	1.1436210847975554	1.1383763837638377	1.1497443389335282	1.1927536231884057	1.3021505376344087	1.2392494136043783
	# checklists reporting species - (Pileated Woodpecker)	2821	1901	1748	2615	1874	2489	3876	2117	2131	2513	3215	4488	3708	3935	3987	5368	5448	5313	5589	5487	3326	3148	2980	2900	2106	1319	1067	1446	1299	1285	1616	2623	2305	2025	2424	2920	2003	2090	1540	2292	1747	1624	1309	1626	1369	1380	1860	2558
	
