

	Week starting on...	1/1	1/8	1/15	1/22	2/1	2/8	2/15	2/22	3/1	3/8	3/15	3/22	4/1	4/8	4/15	4/22	5/1	5/8	5/15	5/22	6/1	6/8	6/15	6/22	7/1	7/8	7/15	7/22	8/1	8/8	8/15	8/22	9/1	9/8	9/15	9/22	10/1	10/8	10/15	10/22	11/1	11/8	11/15	11/22	12/1	12/8	12/15	12/22
Frequency (%)
	Surf Scoter	0.6193966308830158	0.4483984067545973	0.5421863732272109	0.38345606471059557	0.23208266563518815	0.23189405699610954	0.17070351353531008	0.29438956741764394	0.3047171169441912	0.37224415926291543	0.26933150064082323	0.2352570084245666	0.2404521201909576	0.3073095778151752	0.3595032318977413	0.6114886540702622	0.8608520292412403	0.6984340252038548	0.2775457757789913	0.05919713880495776	0.027858478927050585	0.004116920543433511	0.008538980445734779	0.0037333632002389348	0.005131889561736632	0.01351625329458674	0.0	0.01417675579120474	0.044938770924615214	0.030860625699186052	0.029386915475884363	0.011950572432419513	0.018183471224656786	0.02753977968176255	0.054711246200607896	0.28885037550548814	1.068806252960682	1.8091872791519434	2.5452780390134393	2.904115634999448	2.6155408836973084	1.5456718085601664	1.3367729831144466	1.1650219298245614	1.0340746277954278	0.6862044317369549	0.4627721956321912	0.34568434698066325
	Total # checklists submitted - (Surf Scoter)	59897	41927	37441	52418	36194	52179	74398	41102	41678	48624	53837	76087	56976	54668	55076	76371	79340	86336	77825	81085	50254	48580	46844	53571	38972	29594	25205	35269	26703	25923	27223	41839	32997	32680	32900	41544	33776	35375	32963	45315	35442	32219	29848	36480	32106	27980	31549	46285
	
Abundance
	Surf Scoter	0.09097283670300683	0.04727264054189424	0.08835234101653268	0.04830401770384219	0.03818312427474167	0.03139193928591962	0.015564934541251109	0.03591066128168945	0.03421469360333989	0.05258719973675551	0.06527109608633468	0.03435540893976632	0.04078910418421792	0.04073681129728543	0.06754303144745442	0.10486964947427689	0.07314091252835896	0.03860498517420311	0.014853838740764536	0.004427452673120799	4.775739244637243E-4	6.175380815150267E-5	0.0010673725557168473	5.600044800358403E-5	9.493995689212768E-4	0.001588159762113942	0.0	3.969491621537327E-4	0.0013107141519679436	0.002738880530802762	0.0011387429746905191	3.107148832429073E-4	2.4244628299542384E-4	0.00682374541003672	0.0014893617021276596	0.01143366069709224	0.05619374703931786	0.23112367491166078	0.32372660255437913	0.4296149177976388	0.4856949382089047	0.39296688289518605	0.32588448137228626	0.12856359649122806	0.17158786519653646	0.10657612580414581	0.055881327458873496	0.03942962082748191
	Total # checklists submitted - (Surf Scoter)	59897	41927	37441	52418	36194	52179	74398	41102	41678	48624	53837	76087	56976	54668	55076	76371	79340	86336	77825	81085	50254	48580	46844	53571	38972	29594	25205	35269	26703	25923	27223	41839	32997	32680	32900	41544	33776	35375	32963	45315	35442	32219	29848	36480	32106	27980	31549	46285
	
Birds Per Party Hour
	Surf Scoter	40.69785354784721	30.3586155011994	57.52288434222225	40.373903795449266	36.96378828760196	42.63960802353988	37.9187390660068	60.10584948475266	35.38693820849471	34.70121983788386	92.88539276741997	32.172179906493014	22.267941501905167	19.8536174372831	28.85291853872767	8.888477650283457	3.8646320643224623	5.574019190631162	4.26266890523428	3.9489200732352017	4.43752924601757	12.214859437751004	8.625	9.513801282555415	3.6	1.5785319652722969	0.0	0.2943457382953181	0.7455487413820747	0.46967417476908435	0.35010987666783483	0.433598104793757	0.1345856524427953	2.095848386467097	2.110908091772704	2.0073653765297914	15.554829047972461	35.2214072449574	18.35396669148886	24.297088761319337	35.673689426192105	51.335301352940874	55.17896627426613	28.06726702278193	43.77101562910784	39.301001772490906	26.567598228691974	14.367929286426188
	# checklists reporting species - (Surf Scoter)	375	194	208	211	88	129	134	124	126	189	146	190	138	182	213	483	665	572	211	56	16	2	4	3	1	1	0.0	5	12	6	8	4	7	8	23	134	365	674	858	1367	951	504	401	422	335	201	155	173
	
High Count
	Surf Scoter	380	228	200	200	250	200	300	200	250	340	250	430	600	580	400	757	160	102	85	140	4	2	35	4	36	30	0.0	6	10	25	11	8	5	200	15	40	79	500	1300	2000	2500	2000	1045	500	400	600	250	250
	# checklists reporting species - (Surf Scoter)	420	226	227	229	98	140	147	137	148	199	164	213	163	205	254	562	776	693	256	74	22	3	4	4	2	4	0.0	5	12	9	8	8	11	13	27	162	411	727	939	1485	1057	559	456	484	388	223	166	195
	
Totals
	Surf Scoter	6117	2968	3889	2705	1578	1950	1815	1608	1710	3564	3715	3795	3453	3948	5081	10109	6969	3917	1254	472	40	4	50	7	37	47	0.0	14	35	72	31	18	18	230	76	611	2170	9143	14638	26296	28719	13396	10422	6169	6883	3751	1898	2879
	# checklists reporting species - (Surf Scoter)	393	209	216	220	94	136	141	134	140	197	158	208	146	193	238	513	697	617	231	73	21	3	4	3	2	4	0.0	5	12	9	8	8	11	12	27	160	402	714	908	1428	1007	529	419	439	354	208	159	185
	
Average Count
	Surf Scoter	15.564885496183207	14.200956937799043	18.00462962962963	12.295454545454545	16.78723404255319	14.338235294117647	12.872340425531915	12.0	12.214285714285714	18.091370558375633	23.5126582278481	18.245192307692307	23.65068493150685	20.4559585492228	21.34873949579832	19.705653021442494	9.998565279770444	6.348460291734198	5.428571428571429	6.465753424657534	1.9047619047619047	1.3333333333333333	12.5	2.3333333333333335	18.5	11.75	0.0	2.8	2.9166666666666665	8.0	3.875	2.25	1.6363636363636365	19.166666666666668	2.814814814814815	3.81875	5.398009950248756	12.805322128851541	16.121145374449338	18.41456582633053	28.519364448857996	25.323251417769377	24.873508353221958	14.052391799544418	19.443502824858758	18.033653846153847	11.937106918238994	15.562162162162162
	# checklists reporting species - (Surf Scoter)	393	209	216	220	94	136	141	134	140	197	158	208	146	193	238	513	697	617	231	73	21	3	4	3	2	4	0.0	5	12	9	8	8	11	12	27	160	402	714	908	1428	1007	529	419	439	354	208	159	185
	
