

	Week starting on...	1/1	1/8	1/15	1/22	2/1	2/8	2/15	2/22	3/1	3/8	3/15	3/22	4/1	4/8	4/15	4/22	5/1	5/8	5/15	5/22	6/1	6/8	6/15	6/22	7/1	7/8	7/15	7/22	8/1	8/8	8/15	8/22	9/1	9/8	9/15	9/22	10/1	10/8	10/15	10/22	11/1	11/8	11/15	11/22	12/1	12/8	12/15	12/22
Frequency (%)
	Boreal Chickadee	0.37898392240012024	0.27905645526748873	0.3044790470340002	0.31668510816894957	0.3039177764270321	0.29705437053220646	0.38173069168526036	0.347914943311761	0.2495321272613849	0.22005593945376767	0.1801734866355852	0.10645708202452456	0.09828699803426004	0.09329040755103535	0.07988960708838695	0.06416047976326092	0.056717922863624905	0.052121942179392144	0.06553164150337294	0.09002898193253993	0.2905241373820989	0.2984767393989296	0.23909145248057379	0.23146851841481397	0.35923226932156416	0.26018787592079473	0.41658401110890697	0.493351101533925	0.5430101486724338	0.6133549357713227	0.4738640120486353	0.48758335524271607	0.40306694547989214	0.31517747858017137	0.23404255319148937	0.272000770267668	0.337517764092847	0.2459363957597173	0.18202226739071078	0.27584684982897495	0.22572089611195756	0.2296781402278159	0.21441972661484857	0.1343201754385965	0.24917460910733194	0.16082916368834882	0.21870740752480267	0.3672896186669547
	Total # checklists submitted - (Boreal Chickadee)	59897	41927	37441	52418	36194	52179	74398	41102	41678	48624	53837	76087	56976	54668	55076	76371	79340	86336	77825	81085	50254	48580	46844	53571	38972	29594	25205	35269	26703	25923	27223	41839	32997	32680	32900	41544	33776	35375	32963	45315	35442	32219	29848	36480	32106	27980	31549	46285
	
Abundance
	Boreal Chickadee	0.00557623921064494	0.003649199799651776	0.004273390133810529	0.0052462894425579	0.00483505553406642	0.0054428026600739764	0.007459877953708433	0.0063743856746630335	0.004414799174624502	0.0036196117143797303	0.002971933800174601	0.0017874275500414	0.0016849199663016006	0.0014816711787517377	0.00118018737744208	8.903903314085189E-4	7.310310057978321E-4	8.107857672349889E-4	0.0011435913909412143	0.001294937411358451	0.004278266406654197	0.0053314121037463975	0.0034155921782939116	0.0031546919042019003	0.005337165144206096	0.0032776914239372847	0.008609402896250744	0.011001162493974878	0.011758978391940981	0.014234463603749565	0.012342504499871433	0.012858815937283396	0.01660757038518653	0.014106487148102816	0.005106382978723404	0.010013479684190255	0.01533633349123638	0.0063886925795053	0.005157297576070139	0.009864283349884144	0.006799841995372722	0.00474875073714268	0.004656928437416242	0.001836622807017544	0.002958948483149567	0.003288062902072909	0.0039937874417572666	0.006006265528789025
	Total # checklists submitted - (Boreal Chickadee)	59897	41927	37441	52418	36194	52179	74398	41102	41678	48624	53837	76087	56976	54668	55076	76371	79340	86336	77825	81085	50254	48580	46844	53571	38972	29594	25205	35269	26703	25923	27223	41839	32997	32680	32900	41544	33776	35375	32963	45315	35442	32219	29848	36480	32106	27980	31549	46285
	
Birds Per Party Hour
	Boreal Chickadee	2.435388719424364	3.4798509959362405	3.4254737571434717	1.677557841177105	2.816571209682695	1.7254136307377346	2.089371490901843	2.535798362536737	1.8267438102404576	2.659466303667187	3.1215532735377804	1.4747838378403468	1.6068618615316757	1.1805431690413775	0.9724107494028595	1.0646876919472168	2.9427831679265606	2.7983418212804527	1.484727254319625	1.6163020267328065	7.5025587091508825	7.0525545289016645	9.33284838643458	9.884027566168658	11.956948795649268	6.323048791825473	1.502399353571853	1.1029732715166662	1.1461981349475445	0.6717693378827418	0.8772218565508552	1.8217641161668177	1.364622668513396	1.5881207867409897	2.381816003036488	1.6288918882983634	3.273556787000197	2.0866079437053577	1.1683698548526817	1.5492653833767933	1.7995219788299175	0.9317477531587086	1.669607590669348	1.2420041327558191	1.0676503174388403	1.5833134459378424	3.8343271816790536	2.382515152186215
	# checklists reporting species - (Boreal Chickadee)	236	129	113	176	113	169	306	156	115	119	102	87	57	54	45	48	45	36	51	72	146	151	122	129	132	61	112	182	142	151	134	210	131	108	72	116	119	97	64	125	82	77	71	46	86	46	62	178
	
High Count
	Boreal Chickadee	9	3	5	6	5	8	9	10	8	10	12	9	4	4	6	5	10	5	14	4	6	6	6	5	6	6	6	9	13	10	18	24	49	32	9	35	40	20	25	35	23	14	13	6	2	8	10	10
	# checklists reporting species - (Boreal Chickadee)	253	139	120	186	123	180	319	169	127	129	109	101	65	58	56	56	51	49	59	80	151	158	135	151	149	89	119	199	160	173	148	233	148	121	83	130	122	108	71	137	89	87	74	56	89	53	73	185
	
Totals
	Boreal Chickadee	368	174	164	302	190	325	612	293	209	216	173	164	109	89	82	78	72	74	96	113	217	272	197	209	217	121	242	436	335	395	376	630	574	500	179	448	543	271	185	459	253	172	156	74	104	99	129	303
	# checklists reporting species - (Boreal Chickadee)	247	135	114	185	121	175	316	164	121	124	107	95	62	55	49	52	48	44	53	76	146	153	132	137	141	75	115	193	149	167	141	225	139	119	80	129	122	106	70	131	87	82	73	51	88	50	72	184
	
Average Count
	Boreal Chickadee	1.4898785425101215	1.288888888888889	1.4385964912280702	1.6324324324324324	1.5702479338842976	1.8571428571428572	1.9367088607594938	1.7865853658536586	1.7272727272727273	1.7419354838709677	1.6168224299065421	1.7263157894736842	1.7580645161290323	1.6181818181818182	1.6734693877551021	1.5	1.5	1.6818181818181819	1.8113207547169812	1.486842105263158	1.4863013698630136	1.7777777777777777	1.4924242424242424	1.5255474452554745	1.5390070921985815	1.6133333333333333	2.1043478260869564	2.2590673575129534	2.248322147651007	2.3652694610778444	2.6666666666666665	2.8	4.129496402877698	4.201680672268908	2.2375	3.4728682170542635	4.450819672131147	2.556603773584906	2.642857142857143	3.50381679389313	2.9080459770114944	2.097560975609756	2.136986301369863	1.4509803921568627	1.1818181818181819	1.98	1.7916666666666667	1.6467391304347827
	# checklists reporting species - (Boreal Chickadee)	247	135	114	185	121	175	316	164	121	124	107	95	62	55	49	52	48	44	53	76	146	153	132	137	141	75	115	193	149	167	141	225	139	119	80	129	122	106	70	131	87	82	73	51	88	50	72	184
	
