

	Week starting on...	1/1	1/8	1/15	1/22	2/1	2/8	2/15	2/22	3/1	3/8	3/15	3/22	4/1	4/8	4/15	4/22	5/1	5/8	5/15	5/22	6/1	6/8	6/15	6/22	7/1	7/8	7/15	7/22	8/1	8/8	8/15	8/22	9/1	9/8	9/15	9/22	10/1	10/8	10/15	10/22	11/1	11/8	11/15	11/22	12/1	12/8	12/15	12/22
Frequency (%)
	Pine Siskin	2.1653839090438587	2.439955160159325	2.871183996153949	3.2603304208478003	3.89291042714262	4.697292014028632	5.645313046049625	6.564157461923995	6.54781899323384	6.106038170450806	5.724687482586326	5.627768212703878	5.325049143499017	5.251701178020048	5.276345413610284	4.7845386337746	4.84118981598185	4.466271312083024	3.9897205268230005	2.7267682062033667	1.8605484140565927	1.3153561136270069	0.9179403979164887	0.7690728192492207	0.821102329877861	0.6960870446712172	0.960126958936719	0.8562760497887665	1.0111223458038423	0.8872429888515989	0.8558939132351321	0.8293697268099143	0.839470254871655	0.9608323133414932	1.276595744680851	2.6983439245137686	4.0709379441023215	5.698939929328621	6.5558353305221	7.542756261723491	6.01264037018227	5.05291908501195	3.795899222728491	3.3552631578947367	2.796984987229801	2.494639027877055	2.928777457288662	2.746030031327644
	Total # checklists submitted - (Pine Siskin)	59897	41927	37441	52418	36194	52179	74398	41102	41678	48624	53837	76087	56976	54668	55076	76371	79340	86336	77825	81085	50254	48580	46844	53571	38972	29594	25205	35269	26703	25923	27223	41839	32997	32680	32900	41544	33776	35375	32963	45315	35442	32219	29848	36480	32106	27980	31549	46285
	
Abundance
	Pine Siskin	0.23640583000818072	0.21864192525103154	0.28284500948158436	0.29003395780075547	0.3542852406476212	0.5003928783610264	0.5799483857092933	0.6530339156245438	0.6310283602860022	0.47120763409016125	0.405260322826309	0.4569768817274962	0.43000561639988766	0.4657020560474135	0.28043067760912194	0.22301659006691021	0.22562389715149989	0.22424017790956263	0.2449469964664311	0.15974594561262873	0.09233095872965336	0.04985590778097983	0.028306720177610795	0.024864198913591307	0.02268295186287591	0.02287625870108806	0.02713747272366594	0.026056877144234315	0.045837546343107514	0.03880723681672646	0.04154575175403152	0.03800282033509405	0.050883413643664575	0.05186658506731946	0.09221884498480243	0.1950221451954554	0.5719149692089057	0.8020636042402827	0.9061371841155235	1.1225201368200375	0.7062242537102872	0.3894596356187343	0.2980769230769231	0.28388157894736843	0.22192113623621754	0.21347390993566834	0.3415005229959745	0.30329480393215946
	Total # checklists submitted - (Pine Siskin)	59897	41927	37441	52418	36194	52179	74398	41102	41678	48624	53837	76087	56976	54668	55076	76371	79340	86336	77825	81085	50254	48580	46844	53571	38972	29594	25205	35269	26703	25923	27223	41839	32997	32680	32900	41544	33776	35375	32963	45315	35442	32219	29848	36480	32106	27980	31549	46285
	
Birds Per Party Hour
	Pine Siskin	22.415607045937787	20.991852619562366	23.211622097716237	20.414640499128556	20.342795396322703	20.812395800411657	17.66019627445224	19.837198139194747	18.500482901149958	14.989769058483773	14.109019653681449	21.54913264327898	17.494987797772023	18.469251201524564	9.737941711780103	7.643412705042846	7.592170432362586	8.201760572617173	9.256466617727051	12.483605884570478	10.22339167222654	10.007719962450789	10.946340482244404	13.596010542844867	13.085451026919527	6.616859256042311	4.286517943135552	2.7324910192557663	4.9233907959460925	4.669784230409155	12.215989458333903	6.162627934799343	7.700729722251878	4.7777270445048705	4.476018449581871	6.624695585627463	12.900807400655138	13.565265055817624	13.472548105032448	13.374886060353658	11.767220434561573	11.285108285184709	10.447061306875993	11.842921643095414	11.375547250346832	11.347056009033919	14.493003330696874	17.271598306283877
	# checklists reporting species - (Pine Siskin)	1334	1042	1102	1753	1415	2498	4284	2750	2779	3023	3130	4347	3075	2851	2918	3681	3909	3906	3066	2182	909	602	417	407	297	184	225	297	256	223	225	351	287	324	429	1151	1424	2127	2259	3509	2163	1691	1168	1277	926	715	953	1316
	
High Count
	Pine Siskin	300	250	300	200	212	357	500	327	260	320	700	500	300	530	200	300	150	370	240	200	250	64	35	96	60	120	50	46	100	90	50	55	139	175	445	450	1500	1170	1591	1060	1505	270	200	400	160	200	250	300
	# checklists reporting species - (Pine Siskin)	1486	1185	1227	1957	1581	2676	4484	2980	3016	3270	3411	4773	3394	3206	3266	4143	4339	4361	3509	2501	1044	702	481	466	363	239	277	356	301	264	262	396	322	365	472	1247	1551	2273	2437	3899	2413	1833	1287	1398	1035	782	1040	1427
	
Totals
	Pine Siskin	16795	10973	12410	17586	14337	28327	45602	29266	28377	25243	23931	38988	26716	28287	17261	20121	20314	21959	21425	14384	5539	2572	1431	1425	1020	864	804	1110	1582	1251	1280	1812	1961	1935	3174	9540	23654	35066	37444	59234	30751	14295	10238	11505	8268	6742	11992	16115
	# checklists reporting species - (Pine Siskin)	1442	1132	1179	1890	1523	2616	4422	2904	2943	3196	3332	4669	3298	3099	3166	3993	4203	4160	3324	2350	990	666	465	445	329	221	260	332	282	255	249	376	303	346	454	1206	1517	2238	2379	3781	2337	1795	1252	1364	1001	769	1016	1404
	
Average Count
	Pine Siskin	11.647018030513177	9.693462897526501	10.525869380831212	9.304761904761905	9.41365725541694	10.828363914373089	10.312528267752148	10.077823691460056	9.642201834862385	7.898310387984981	7.182172869147659	8.3503962304562	8.100667070952092	9.127783155856728	5.45198989260897	5.039068369646882	4.833214370687604	5.2786057692307695	6.445547533092659	6.120851063829787	5.594949494949495	3.8618618618618616	3.07741935483871	3.202247191011236	3.1003039513677813	3.909502262443439	3.0923076923076924	3.3433734939759034	5.609929078014185	4.905882352941177	5.140562248995984	4.819148936170213	6.471947194719472	5.592485549132948	6.991189427312776	7.91044776119403	15.592617007251153	15.668453976764969	15.739386296763346	15.66622586617297	13.158322635857937	7.963788300835654	8.177316293929712	8.43475073313783	8.25974025974026	8.767230169050714	11.803149606299213	11.477920227920228
	# checklists reporting species - (Pine Siskin)	1442	1132	1179	1890	1523	2616	4422	2904	2943	3196	3332	4669	3298	3099	3166	3993	4203	4160	3324	2350	990	666	465	445	329	221	260	332	282	255	249	376	303	346	454	1206	1517	2238	2379	3781	2337	1795	1252	1364	1001	769	1016	1404
	
