

	Week starting on...	1/1	1/8	1/15	1/22	2/1	2/8	2/15	2/22	3/1	3/8	3/15	3/22	4/1	4/8	4/15	4/22	5/1	5/8	5/15	5/22	6/1	6/8	6/15	6/22	7/1	7/8	7/15	7/22	8/1	8/8	8/15	8/22	9/1	9/8	9/15	9/22	10/1	10/8	10/15	10/22	11/1	11/8	11/15	11/22	12/1	12/8	12/15	12/22
Frequency (%)
	Vesper Sparrow	0.005008598093393659	0.004770195816538269	0.01602521300178948	0.020985157770231598	0.005525777753218766	0.007665919239540812	0.0013441221538213392	0.002432971631550776	0.0023993473775133166	0.0	0.0037149172502182514	0.05519996845716088	0.4668632406627352	1.424965244750128	1.6758660759677537	1.5385421167720732	1.1935971767078397	0.9022887323943662	1.120462576292965	1.5206265030523525	1.7829426513312374	1.9061342116097157	1.936213816070361	2.0104160833286664	1.8577440213486607	1.4496181658444278	1.0831184288831581	0.8364285916810796	0.5916938171741003	0.3548971955406396	0.3967233589244389	0.32266545567532684	0.21214049762099582	0.2723378212974296	0.3495440729483283	0.43568264972077797	0.42041686404547607	0.35618374558303884	0.3913478748900282	0.25819265143992054	0.07053778003498674	0.04655637977590863	0.02680246582685607	0.01644736842105263	0.024917460910733196	0.01072194424588992	0.031696725728232275	0.008642108674516582
	Total # checklists submitted - (Vesper Sparrow)	59897	41927	37441	52418	36194	52179	74398	41102	41678	48624	53837	76087	56976	54668	55076	76371	79340	86336	77825	81085	50254	48580	46844	53571	38972	29594	25205	35269	26703	25923	27223	41839	32997	32680	32900	41544	33776	35375	32963	45315	35442	32219	29848	36480	32106	27980	31549	46285
	
Abundance
	Vesper Sparrow	5.008598093393659E-5	4.770195816538269E-5	1.6025213001789483E-4	2.09851577702316E-4	5.525777753218766E-5	7.665919239540812E-5	1.3441221538213393E-5	2.432971631550776E-5	2.3993473775133165E-5	0.0	3.7149172502182514E-5	6.834281808981823E-4	0.007020499859590003	0.025718884905246212	0.028796572009586754	0.024446452187348602	0.01823796319637005	0.014003428465530023	0.015611949887568262	0.021458962816797187	0.02748039957018347	0.031659118979003704	0.026641618990692513	0.028074891265796792	0.029457046084368263	0.023045211867270394	0.015949216425312437	0.014403583883864016	0.010036325506497397	0.0064807313968290705	0.011020093303456636	0.00638160567891202	0.0035760826741825015	0.004406364749082008	0.006291793313069909	0.007269401116888119	0.00574372335386073	0.004720848056537103	0.006461790492370233	0.0036632461657287872	7.053778003498674E-4	5.276389707936311E-4	3.350308228357009E-4	1.644736842105263E-4	2.4917460910733197E-4	1.0721944245889921E-4	4.4375416019525185E-4	8.642108674516582E-5
	Total # checklists submitted - (Vesper Sparrow)	59897	41927	37441	52418	36194	52179	74398	41102	41678	48624	53837	76087	56976	54668	55076	76371	79340	86336	77825	81085	50254	48580	46844	53571	38972	29594	25205	35269	26703	25923	27223	41839	32997	32680	32900	41544	33776	35375	32963	45315	35442	32219	29848	36480	32106	27980	31549	46285
	
Birds Per Party Hour
	Vesper Sparrow	0.4950548692791142	0.20833333333333334	3.0108374794449917	1.3927554315015773	0.8946329913180742	10.036144578313253	6.125784406693277	3.003003003003003	1.0	0.0	3.5	0.8609485788698553	2.929830045827757	4.351461012374973	5.055817717764089	3.793007012608573	3.4134298351335333	3.389329312700955	3.48997806219154	5.045780473321802	5.6006306001856485	6.811826992219062	7.578289498835813	8.39375539370189	8.344534643160717	4.996559251063388	2.9810879741703866	3.0649379403351755	2.2344987400859266	2.007044497721047	3.387290797326185	2.680960567730837	2.1523164157083103	3.126015170611712	2.8572355682778188	1.9386019019010274	1.9185352342432889	2.035202098606919	2.1641351800421336	1.1213412086384058	0.7587752067657977	1.808726421442648	1.0186559314294428	0.621963822879455	2.581930490963165	2.417915446477073	0.6189348697826552	0.543095742178311
	# checklists reporting species - (Vesper Sparrow)	3	4	6	13	2	4	2	1	1	0.0	3	45	303	823	973	1236	963	783	888	1286	910	947	951	1098	753	433	281	308	162	105	103	142	75	91	122	187	148	132	139	132	29	18	11	8	8	2	12	4
	
High Count
	Vesper Sparrow	1	1	1	1	1	1	1	1	1	0.0	1	13	8	35	15	13	16	19	9	10	15	46	11	15	14	20	9	20	10	15	15	15	11	8	15	15	6	12	15	12	2	3	2	1	1	1	5	1
	# checklists reporting species - (Vesper Sparrow)	4	5	6	16	2	4	2	1	1	0.0	4	52	333	909	1103	1375	1085	920	1015	1453	1025	1071	1050	1259	846	502	313	330	172	112	119	148	81	103	130	204	159	146	165	149	33	19	12	9	9	3	14	5
	
Totals
	Vesper Sparrow	4	5	6	16	2	4	2	1	1	0.0	4	75	489	1576	1853	2144	1629	1358	1385	1987	1526	1699	1407	1726	1289	787	464	557	295	218	321	303	147	161	256	330	220	202	280	222	34	24	14	9	9	3	18	5
	# checklists reporting species - (Vesper Sparrow)	4	5	6	16	2	4	2	1	1	0.0	4	52	331	889	1064	1320	1030	838	936	1370	976	1026	1014	1210	823	489	303	320	169	112	114	146	79	98	129	201	153	139	164	147	32	19	12	9	9	3	14	5
	
Average Count
	Vesper Sparrow	1.0	1.0	1.0	1.0	1.0	1.0	1.0	1.0	1.0	0.0	1.0	1.4423076923076923	1.4773413897280967	1.7727784026996625	1.7415413533834587	1.6242424242424243	1.5815533980582523	1.6205250596658711	1.4797008547008548	1.4503649635036497	1.5635245901639345	1.6559454191033138	1.3875739644970415	1.4264462809917355	1.566221142162819	1.6094069529652353	1.5313531353135315	1.740625	1.7455621301775148	1.9464285714285714	2.8157894736842106	2.0753424657534247	1.860759493670886	1.6428571428571428	1.9844961240310077	1.6417910447761195	1.4379084967320261	1.4532374100719425	1.7073170731707317	1.510204081632653	1.0625	1.263157894736842	1.1666666666666667	1.0	1.0	1.0	1.2857142857142858	1.0
	# checklists reporting species - (Vesper Sparrow)	4	5	6	16	2	4	2	1	1	0.0	4	52	331	889	1064	1320	1030	838	936	1370	976	1026	1014	1210	823	489	303	320	169	112	114	146	79	98	129	201	153	139	164	147	32	19	12	9	9	3	14	5
	
