

	Week starting on...	1/1	1/8	1/15	1/22	2/1	2/8	2/15	2/22	3/1	3/8	3/15	3/22	4/1	4/8	4/15	4/22	5/1	5/8	5/15	5/22	6/1	6/8	6/15	6/22	7/1	7/8	7/15	7/22	8/1	8/8	8/15	8/22	9/1	9/8	9/15	9/22	10/1	10/8	10/15	10/22	11/1	11/8	11/15	11/22	12/1	12/8	12/15	12/22
Frequency (%)
	Common Nighthawk	0.0	0.0	0.0	0.0	0.0	0.0	0.0	0.0	0.0	0.0	0.0	0.0	0.0	0.0	0.001815672888372431	0.0013093975461889984	0.13612301487269976	0.7563472942920683	1.1538708641182138	1.9831041499660849	1.249651769013412	0.9160148209139564	0.8240116130134062	0.6794721024434862	0.633788360874474	0.685949854700277	0.8450704225352111	0.8109104312569112	1.0261019361120474	1.4157312039501602	3.1186864048782277	3.6616553932933384	2.6123586992756915	2.059363525091799	1.060790273556231	0.3586558829193145	0.14211274277593558	0.03674911660777386	0.024269635652094772	0.0022067747986317995	0.01975057840979629	0.0	0.0	0.0	0.0	0.0	0.0	0.0
	Total # checklists submitted - (Common Nighthawk)	59897	41927	37441	52418	36194	52179	74398	41102	41678	48624	53837	76087	56976	54668	55076	76371	79340	86336	77825	81085	50254	48580	46844	53571	38972	29594	25205	35269	26703	25923	27223	41839	32997	32680	32900	41544	33776	35375	32963	45315	35442	32219	29848	36480	32106	27980	31549	46285
	
Abundance
	Common Nighthawk	0.0	0.0	0.0	0.0	0.0	0.0	0.0	0.0	0.0	0.0	0.0	0.0	0.0	0.0	1.0894037330234585E-4	1.3093975461889984E-5	0.0015376859087471641	0.00820051890289103	0.016691294571153228	0.040155392489363013	0.023898595136705537	0.01585014409221902	0.015583639313465972	0.013197438912844636	0.012213897156933183	0.012063256065418667	0.016861733782979567	0.021009952082565425	0.03860989401939857	0.0942406357288894	0.26804540278441025	0.24959965582351396	0.12079886050246992	0.09929620563035496	0.04082066869300912	0.009724629308684767	0.0028422548555187117	5.936395759717314E-4	2.4269635652094773E-4	2.2067747986317996E-5	1.9750578409796288E-4	0.0	0.0	0.0	0.0	0.0	0.0	0.0
	Total # checklists submitted - (Common Nighthawk)	59897	41927	37441	52418	36194	52179	74398	41102	41678	48624	53837	76087	56976	54668	55076	76371	79340	86336	77825	81085	50254	48580	46844	53571	38972	29594	25205	35269	26703	25923	27223	41839	32997	32680	32900	41544	33776	35375	32963	45315	35442	32219	29848	36480	32106	27980	31549	46285
	
Birds Per Party Hour
	Common Nighthawk	0.0	0.0	0.0	0.0	0.0	0.0	0.0	0.0	0.0	0.0	0.0	0.0	0.0	0.0	24.0	0.5	1.8860174463277952	2.0085071195511173	3.0876409904549855	4.443962724802723	5.003978370190017	5.499911399657821	5.8152281089390785	6.4962660631794105	7.4050646202367005	5.843352406530433	7.47392982465892	9.205192378525728	12.488967470937077	18.337094241500917	32.44584820291476	14.702807300840888	11.137078085081727	9.634396215140526	10.770496110109896	6.065470157494153	1.1104498929236362	0.5856285231308496	0.3617816091954023	0.0625	1.0959650608676645	0.0	0.0	0.0	0.0	0.0	0.0	0.0
	# checklists reporting species - (Common Nighthawk)	0.0	0.0	0.0	0.0	0.0	0.0	0.0	0.0	0.0	0.0	0.0	0.0	0.0	0.0	1	1	114	685	1017	1964	798	509	445	421	282	251	257	378	337	491	1115	1981	1038	847	447	188	56	17	11	2	8	0.0	0.0	0.0	0.0	0.0	0.0	0.0
	
High Count
	Common Nighthawk	0.0	0.0	0.0	0.0	0.0	0.0	0.0	0.0	0.0	0.0	0.0	0.0	0.0	0.0	6	1	7	5	15	221	25	10	22	45	22	16	15	65	55	300	250	1000	210	282	157	75	14	5	1	1	1	0.0	0.0	0.0	0.0	0.0	0.0	0.0
	# checklists reporting species - (Common Nighthawk)	0.0	0.0	0.0	0.0	0.0	0.0	0.0	0.0	0.0	0.0	0.0	0.0	0.0	0.0	1	1	136	849	1234	2380	924	627	569	534	359	325	324	449	421	623	1422	2424	1274	927	514	224	65	19	13	2	8	0.0	0.0	0.0	0.0	0.0	0.0	0.0
	
Totals
	Common Nighthawk	0.0	0.0	0.0	0.0	0.0	0.0	0.0	0.0	0.0	0.0	0.0	0.0	0.0	0.0	6	1	150	902	1744	4893	1632	1011	977	921	637	538	595	1243	1709	4524	12437	18683	6020	4309	2258	815	127	30	13	2	8	0.0	0.0	0.0	0.0	0.0	0.0	0.0
	# checklists reporting species - (Common Nighthawk)	0.0	0.0	0.0	0.0	0.0	0.0	0.0	0.0	0.0	0.0	0.0	0.0	0.0	0.0	1	1	127	754	1137	2272	891	595	553	505	340	305	310	440	405	603	1384	2379	1243	918	508	215	65	19	13	2	8	0.0	0.0	0.0	0.0	0.0	0.0	0.0
	
Average Count
	Common Nighthawk	0.0	0.0	0.0	0.0	0.0	0.0	0.0	0.0	0.0	0.0	0.0	0.0	0.0	0.0	6.0	1.0	1.1811023622047243	1.1962864721485411	1.5338610378188215	2.1536091549295775	1.8316498316498318	1.6991596638655462	1.7667269439421338	1.8237623762376238	1.8735294117647059	1.7639344262295082	1.9193548387096775	2.825	4.219753086419753	7.502487562189055	8.986271676300579	7.853299705758722	4.843121480289622	4.693899782135076	4.44488188976378	3.7906976744186047	1.9538461538461538	1.5789473684210527	1.0	1.0	1.0	0.0	0.0	0.0	0.0	0.0	0.0	0.0
	# checklists reporting species - (Common Nighthawk)	0.0	0.0	0.0	0.0	0.0	0.0	0.0	0.0	0.0	0.0	0.0	0.0	0.0	0.0	1	1	127	754	1137	2272	891	595	553	505	340	305	310	440	405	603	1384	2379	1243	918	508	215	65	19	13	2	8	0.0	0.0	0.0	0.0	0.0	0.0	0.0
	
