

	Week starting on...	1/1	1/8	1/15	1/22	2/1	2/8	2/15	2/22	3/1	3/8	3/15	3/22	4/1	4/8	4/15	4/22	5/1	5/8	5/15	5/22	6/1	6/8	6/15	6/22	7/1	7/8	7/15	7/22	8/1	8/8	8/15	8/22	9/1	9/8	9/15	9/22	10/1	10/8	10/15	10/22	11/1	11/8	11/15	11/22	12/1	12/8	12/15	12/22
Frequency (%)
	Black-necked Stilt	0.0016695326977978864	0.0	0.0	0.0	0.0	0.0	0.0	0.0	0.0	0.0	0.0	0.0	0.0017551249648975007	0.07499817077632252	0.04357614932093834	0.022259758285212972	0.1209982354423998	0.008107857672349889	0.06167683906199808	0.016032558426342727	0.0019898913519321845	0.0020584602717167557	0.0	0.0	0.0	0.0	0.0	0.0	0.0	0.0	0.0	0.0	0.0	0.07037943696450429	0.03343465045592705	0.0	0.0	0.0	0.0	0.0	0.0	0.009311275955181724	0.0	0.0	0.0	0.0	0.0	0.0
	Total # checklists submitted - (Black-necked Stilt)	59897	41927	37441	52418	36194	52179	74398	41102	41678	48624	53837	76087	56976	54668	55076	76371	79340	86336	77825	81085	50254	48580	46844	53571	38972	29594	25205	35269	26703	25923	27223	41839	32997	32680	32900	41544	33776	35375	32963	45315	35442	32219	29848	36480	32106	27980	31549	46285
	
Abundance
	Black-necked Stilt	1.6695326977978864E-5	0.0	0.0	0.0	0.0	0.0	0.0	0.0	0.0	0.0	0.0	0.0	1.7551249648975007E-5	7.865661813126509E-4	0.0017612027017212578	2.2259758285212973E-4	0.0013990420973027478	1.5057449962935509E-4	0.0014262769033087054	3.2065116852685456E-4	3.979782703864369E-5	4.1169205434335116E-5	0.0	0.0	0.0	0.0	0.0	0.0	0.0	0.0	0.0	0.0	0.0	0.0021725826193390455	0.0010030395136778115	0.0	0.0	0.0	0.0	0.0	0.0	9.311275955181725E-5	0.0	0.0	0.0	0.0	0.0	0.0
	Total # checklists submitted - (Black-necked Stilt)	59897	41927	37441	52418	36194	52179	74398	41102	41678	48624	53837	76087	56976	54668	55076	76371	79340	86336	77825	81085	50254	48580	46844	53571	38972	29594	25205	35269	26703	25923	27223	41839	32997	32680	32900	41544	33776	35375	32963	45315	35442	32219	29848	36480	32106	27980	31549	46285
	
Birds Per Party Hour
	Black-necked Stilt	2.997008985032937	0.0	0.0	0.0	0.0	0.0	0.0	0.0	0.0	0.0	0.0	0.0	1.4992503748125936	1.5096492905224532	5.446415248357319	2.735339575818514	2.3875237994306664	2.952809952809953	4.875563700079713	1.8640709998154126	2.6666666666666665	2.3980815347721824	0.0	0.0	0.0	0.0	0.0	0.0	0.0	0.0	0.0	0.0	0.0	13.827884197639785	17.368595438668205	0.0	0.0	0.0	0.0	0.0	0.0	1.1432861432861432	0.0	0.0	1.5015015015015014	0.0	0.0	0.0
	# checklists reporting species - (Black-necked Stilt)	3	0.0	0.0	0.0	0.0	0.0	0.0	0.0	0.0	0.0	0.0	0.0	1	52	27	20	133	7	65	20	1	1	0.0	0.0	0.0	0.0	0.0	0.0	0.0	0.0	0.0	0.0	0.0	26	12	0.0	0.0	0.0	0.0	0.0	0.0	7	0	0	2	0	0.0	0.0
	
High Count
	Black-necked Stilt	1	0.0	0.0	0.0	0.0	0.0	0.0	0.0	0.0	0.0	0.0	0.0	1	2	7	1	3	2	3	2	2	2	0.0	0.0	0.0	0.0	0.0	0.0	0.0	0.0	0.0	0.0	0.0	4	4	0.0	0.0	0.0	0.0	0.0	0.0	1	1	1	1	1	0.0	0.0
	# checklists reporting species - (Black-necked Stilt)	6	0.0	0.0	0.0	0.0	0.0	0.0	0.0	0.0	0.0	0.0	0.0	1	60	32	20	140	13	73	37	6	1	0.0	0.0	0.0	0.0	0.0	0.0	0.0	0.0	0.0	0.0	0.0	26	12	0.0	0.0	0.0	0.0	0.0	0.0	13	8	9	9	3	0.0	0.0
	
Totals
	Black-necked Stilt	6	0.0	0.0	0.0	0.0	0.0	0.0	0.0	0.0	0.0	0.0	0.0	1	67	105	20	167	20	162	64	12	2	0.0	0.0	0.0	0.0	0.0	0.0	0.0	0.0	0.0	0.0	0.0	81	35	0.0	0.0	0.0	0.0	0.0	0.0	13	8	9	9	3	0.0	0.0
	# checklists reporting species - (Black-necked Stilt)	6	0.0	0.0	0.0	0.0	0.0	0.0	0.0	0.0	0.0	0.0	0.0	1	58	30	20	138	12	73	37	6	1	0.0	0.0	0.0	0.0	0.0	0.0	0.0	0.0	0.0	0.0	0.0	26	12	0.0	0.0	0.0	0.0	0.0	0.0	13	8	9	9	3	0.0	0.0
	
Average Count
	Black-necked Stilt	1.0	0.0	0.0	0.0	0.0	0.0	0.0	0.0	0.0	0.0	0.0	0.0	1.0	1.1551724137931034	3.5	1.0	1.210144927536232	1.6666666666666667	2.219178082191781	1.7297297297297298	2.0	2.0	0.0	0.0	0.0	0.0	0.0	0.0	0.0	0.0	0.0	0.0	0.0	3.1153846153846154	2.9166666666666665	0.0	0.0	0.0	0.0	0.0	0.0	1.0	1.0	1.0	1.0	1.0	0.0	0.0
	# checklists reporting species - (Black-necked Stilt)	6	0.0	0.0	0.0	0.0	0.0	0.0	0.0	0.0	0.0	0.0	0.0	1	58	30	20	138	12	73	37	6	1	0.0	0.0	0.0	0.0	0.0	0.0	0.0	0.0	0.0	0.0	0.0	26	12	0.0	0.0	0.0	0.0	0.0	0.0	13	8	9	9	3	0.0	0.0
	
