

	Week starting on...	1/1	1/8	1/15	1/22	2/1	2/8	2/15	2/22	3/1	3/8	3/15	3/22	4/1	4/8	4/15	4/22	5/1	5/8	5/15	5/22	6/1	6/8	6/15	6/22	7/1	7/8	7/15	7/22	8/1	8/8	8/15	8/22	9/1	9/8	9/15	9/22	10/1	10/8	10/15	10/22	11/1	11/8	11/15	11/22	12/1	12/8	12/15	12/22
Frequency (%)
	Purple Sandpiper	0.0868157002854901	0.023850979082691345	0.06142998317352635	0.0400625739249876	0.0	0.001916479809885203	0.009408855076749375	0.007298914894652329	0.02159412639761985	0.06169792694965449	0.053866300128164644	0.03285712408164338	0.014040999719180006	0.0	0.0	0.01702216810045698	0.005041593143433325	0.005791326908821349	0.0	0.013566010976136153	0.0	0.0	0.0	0.0	0.0	0.0	0.0	0.0	0.0	0.0	0.0	0.0	0.003030578537442798	0.0	0.00303951367781155	0.0	0.0	0.005653710247349823	0.06977520249977248	0.33984331898929715	0.2482929857231533	0.28864955461063346	0.28477619941034577	0.2960526315789474	0.20868373512739052	0.20371694067190851	0.1838410092237472	0.18364480933347735
	Total # checklists submitted - (Purple Sandpiper)	59897	41927	37441	52418	36194	52179	74398	41102	41678	48624	53837	76087	56976	54668	55076	76371	79340	86336	77825	81085	50254	48580	46844	53571	38972	29594	25205	35269	26703	25923	27223	41839	32997	32680	32900	41544	33776	35375	32963	45315	35442	32219	29848	36480	32106	27980	31549	46285
	
Abundance
	Purple Sandpiper	0.0018030953136217174	3.3391370715767885E-4	0.0010683475334526322	4.38780571559388E-4	0.0	1.916479809885203E-5	9.408855076749374E-5	7.298914894652329E-5	2.1594126397619847E-4	6.169792694965449E-4	5.386630012816464E-4	3.285712408164338E-4	1.4040999719180006E-4	0.0	0.0	1.702216810045698E-4	5.041593143433325E-5	5.791326908821349E-5	0.0	1.3566010976136152E-4	0.0	0.0	0.0	0.0	0.0	0.0	0.0	0.0	0.0	0.0	0.0	0.0	3.030578537442798E-5	0.0	3.0395136778115502E-5	0.0	0.0	5.653710247349823E-5	7.280890695628432E-4	0.005163853028798411	0.003950115681959257	0.00397281107421087	0.005125971589386224	0.004495614035087719	0.002460599264934903	0.002358827734095783	0.003359852927192621	0.003132764394512261
	Total # checklists submitted - (Purple Sandpiper)	59897	41927	37441	52418	36194	52179	74398	41102	41678	48624	53837	76087	56976	54668	55076	76371	79340	86336	77825	81085	50254	48580	46844	53571	38972	29594	25205	35269	26703	25923	27223	41839	32997	32680	32900	41544	33776	35375	32963	45315	35442	32219	29848	36480	32106	27980	31549	46285
	
Birds Per Party Hour
	Purple Sandpiper	2.951561825561073	2.17829740781787	2.4521268158815133	1.5293858066950792	1.0	0.75	0.9147026815228496	0.6535127055306428	0.9511147649989062	0.788575687808821	0.6135715355829242	0.8969288433911337	0.8740070198921533	0.0	0.0	2.929675121800971	0.6526589118592961	1.5505040834294734	0.0	0.8918427482266459	0.0	0.0	0.0	0.0	0.0	0.0	0.0	0.0	0.0	0.0	0.0	0.0	0.16666666666666666	0.0	0.6666666666666666	0.0	0.0	0.24444444444444444	1.3943324123964354	1.1219389226195737	1.057624480613654	2.3462489801010737	3.226999345361569	2.278218719021549	1.2358271580446336	0.571105543521845	1.4660672013251308	1.8656110691478227
	# checklists reporting species - (Purple Sandpiper)	55	11	25	23	2	4	7	3	10	32	32	25	9	0.0	0.0	26	7	6	0.0	16	0.0	0.0	0.0	0.0	0.0	0.0	0.0	0.0	0.0	0.0	0.0	0.0	1	0.0	3	0.0	0.0	3	27	184	114	130	117	160	103	65	68	99
	
High Count
	Purple Sandpiper	5	3	4	2	3	1	1	1	1	1	1	1	1	0.0	0.0	2	1	1	0.0	1	0.0	0.0	0.0	0.0	0.0	0.0	0.0	0.0	0.0	0.0	0.0	0.0	1	0.0	1	0.0	0.0	1	2	5	9	6	15	10	6	8	13	7
	# checklists reporting species - (Purple Sandpiper)	64	13	26	24	3	5	7	4	10	32	32	25	9	0.0	0.0	27	7	6	0.0	23	0.0	0.0	0.0	0.0	0.0	0.0	0.0	0.0	0.0	0.0	0.0	0.0	1	0.0	3	0.0	0.0	4	29	192	129	155	132	191	129	81	77	109
	
Totals
	Purple Sandpiper	120	21	43	26	5	5	7	4	10	32	32	25	9	0.0	0.0	28	7	6	0.0	22	0.0	0.0	0.0	0.0	0.0	0.0	0.0	0.0	0.0	0.0	0.0	0.0	1	0.0	3	0.0	0.0	4	30	285	191	218	257	307	156	106	144	175
	# checklists reporting species - (Purple Sandpiper)	60	12	26	24	3	5	7	4	10	32	32	25	9	0.0	0.0	27	7	6	0.0	22	0.0	0.0	0.0	0.0	0.0	0.0	0.0	0.0	0.0	0.0	0.0	0.0	1	0.0	3	0.0	0.0	4	29	192	127	155	129	189	125	80	76	109
	
Average Count
	Purple Sandpiper	2.0	1.75	1.6538461538461537	1.0833333333333333	1.6666666666666667	1.0	1.0	1.0	1.0	1.0	1.0	1.0	1.0	0.0	0.0	1.037037037037037	1.0	1.0	0.0	1.0	0.0	0.0	0.0	0.0	0.0	0.0	0.0	0.0	0.0	0.0	0.0	0.0	1.0	0.0	1.0	0.0	0.0	1.0	1.0344827586206897	1.484375	1.5039370078740157	1.4064516129032258	1.9922480620155039	1.6243386243386244	1.248	1.325	1.894736842105263	1.6055045871559632
	# checklists reporting species - (Purple Sandpiper)	60	12	26	24	3	5	7	4	10	32	32	25	9	0.0	0.0	27	7	6	0.0	22	0.0	0.0	0.0	0.0	0.0	0.0	0.0	0.0	0.0	0.0	0.0	0.0	1	0.0	3	0.0	0.0	4	29	192	127	155	129	189	125	80	76	109
	
