

	Week starting on...	1/1	1/8	1/15	1/22	2/1	2/8	2/15	2/22	3/1	3/8	3/15	3/22	4/1	4/8	4/15	4/22	5/1	5/8	5/15	5/22	6/1	6/8	6/15	6/22	7/1	7/8	7/15	7/22	8/1	8/8	8/15	8/22	9/1	9/8	9/15	9/22	10/1	10/8	10/15	10/22	11/1	11/8	11/15	11/22	12/1	12/8	12/15	12/22
Frequency (%)
	Green Heron	0.0	0.0	0.0	0.0	0.0	0.0	0.0	0.0	0.0	0.0	0.0	0.0	0.0035102499297950014	0.027438355162069217	0.2124337279395744	1.0108549056579068	3.100579783211495	3.580198295033358	4.260841631866366	4.2399950669051	3.3290882317825448	3.2585426101276247	3.2127913927077105	3.451494278620896	3.9438571281946015	4.855713996080286	5.709184685578259	7.128072811817744	7.808111448151893	7.684295799097327	8.125482129082027	7.299409641721838	6.785465345334424	4.712362301101591	3.5896656534954405	2.2915463123435393	0.9237328280435813	0.3957597173144876	0.1031459515214028	0.039721946375372394	0.03385813441679363	0.006207517303454484	0.04690431519699812	0.0027412280701754384	0.0	0.0	0.0	0.0
	Total # checklists submitted - (Green Heron)	59897	41927	37441	52418	36194	52179	74398	41102	41678	48624	53837	76087	56976	54668	55076	76371	79340	86336	77825	81085	50254	48580	46844	53571	38972	29594	25205	35269	26703	25923	27223	41839	32997	32680	32900	41544	33776	35375	32963	45315	35442	32219	29848	36480	32106	27980	31549	46285
	
Abundance
	Green Heron	0.0	0.0	0.0	0.0	0.0	0.0	0.0	0.0	0.0	0.0	0.0	0.0	3.5102499297950014E-5	2.92675788395405E-4	0.0022151209238143654	0.012609498369800055	0.0416939752961936	0.04535767234988881	0.0576935432059107	0.05597829438243818	0.04469295976439686	0.044153972828324416	0.0440824865511058	0.050232401859214876	0.05678435800061583	0.07646820301412448	0.08986312239634993	0.12781763021350195	0.13927274089053665	0.14597075955715003	0.14120412886162437	0.12342551208202873	0.10779767857684032	0.06536107711138311	0.04653495440729483	0.027272289620643174	0.010184746565608716	0.004127208480565371	0.0010314595152140279	3.9721946375372393E-4	3.3858134416793635E-4	6.207517303454484E-5	4.6904315196998124E-4	2.7412280701754386E-5	0.0	0.0	0.0	0.0
	Total # checklists submitted - (Green Heron)	59897	41927	37441	52418	36194	52179	74398	41102	41678	48624	53837	76087	56976	54668	55076	76371	79340	86336	77825	81085	50254	48580	46844	53571	38972	29594	25205	35269	26703	25923	27223	41839	32997	32680	32900	41544	33776	35375	32963	45315	35442	32219	29848	36480	32106	27980	31549	46285
	
Birds Per Party Hour
	Green Heron	0.0	0.0	0.0	0.0	0.0	0.0	0.0	0.0	0.0	0.0	0.0	0.0	0.5256410256410257	1.3533574150855747	1.3803211861753688	1.4617784930461148	1.47154747446928	1.473831541292963	1.5870293968422078	1.9072727751597165	2.3000015269563003	2.4833591982694396	2.7816928374597514	3.1578288930751017	2.768464527186196	2.771637906427355	2.633380052277884	2.4644929655222043	2.6331025270813555	2.4614461707969695	2.1932021685112844	2.0828108688603457	2.095285291522647	1.7430788305542169	1.4499143349899595	1.2625893064273561	1.3576546554350395	1.4672467069462076	1.1549210901570628	0.9430965367048965	0.990966684729637	1.4330834582708645	2.5948252817367727	4.0	0.0	0.0	0.0	0.0
	# checklists reporting species - (Green Heron)	0.0	0.0	0.0	0.0	0	0.0	0.0	0.0	0.0	0.0	0	0	2	16	128	875	2667	3220	3503	3676	1801	1677	1632	1975	1641	1554	1565	2689	2246	2148	2389	3251	2331	1629	1277	1010	341	152	35	17	14	3	14	1	0.0	0.0	0.0	0.0
	
High Count
	Green Heron	0.0	0.0	0.0	0.0	1	0.0	0.0	0.0	0.0	0.0	1	1	1	2	2	7	10	11	13	12	21	10	20	14	20	15	20	35	32	36	23	21	22	20	7	5	4	2	1	1	1	1	1	1	0.0	0.0	0.0	0.0
	# checklists reporting species - (Green Heron)	0.0	0.0	0.0	0.0	1	0.0	0.0	0.0	0.0	0.0	1	2	3	18	143	941	2858	3580	3802	4001	1971	1849	1827	2234	1825	1714	1718	2911	2392	2268	2535	3435	2486	1753	1362	1082	365	167	38	19	16	4	14	1	0.0	0.0	0.0	0.0
	
Totals
	Green Heron	0.0	0.0	0.0	0.0	1	0.0	0.0	0.0	0.0	0.0	0	2	3	17	147	1164	3813	4492	5094	5180	2595	2476	2445	3157	2563	2630	2606	5091	4159	4244	4314	5737	3932	2383	1736	1288	397	172	38	19	16	4	14	1	0.0	0.0	0.0	0.0
	# checklists reporting species - (Green Heron)	0.0	0.0	0.0	0.0	1	0.0	0.0	0.0	0.0	0.0	0	2	3	16	141	929	2771	3386	3645	3876	1909	1809	1767	2151	1761	1656	1669	2827	2338	2225	2485	3361	2431	1713	1341	1068	360	166	38	19	16	4	14	1	0.0	0.0	0.0	0.0
	
Average Count
	Green Heron	0.0	0.0	0.0	0.0	1.0	0.0	0.0	0.0	0.0	0.0	0.0	1.0	1.0	1.0625	1.0425531914893618	1.2529601722282024	1.376037531577048	1.3266391021854695	1.3975308641975308	1.3364293085655314	1.3593504452592982	1.3687119955776672	1.3837011884550086	1.4676894467689447	1.4554230550823395	1.5881642512077294	1.56141402037148	1.8008489564909798	1.7788708297690334	1.9074157303370787	1.7360160965794769	1.7069324605772092	1.6174413821472644	1.39112667834209	1.2945563012677106	1.205992509363296	1.1027777777777779	1.036144578313253	1.0	1.0	1.0	1.0	1.0	1.0	0.0	0.0	0.0	0.0
	# checklists reporting species - (Green Heron)	0.0	0.0	0.0	0.0	1	0.0	0.0	0.0	0.0	0.0	0	2	3	16	141	929	2771	3386	3645	3876	1909	1809	1767	2151	1761	1656	1669	2827	2338	2225	2485	3361	2431	1713	1341	1068	360	166	38	19	16	4	14	1	0.0	0.0	0.0	0.0
	
