

	Week starting on...	1/1	1/8	1/15	1/22	2/1	2/8	2/15	2/22	3/1	3/8	3/15	3/22	4/1	4/8	4/15	4/22	5/1	5/8	5/15	5/22	6/1	6/8	6/15	6/22	7/1	7/8	7/15	7/22	8/1	8/8	8/15	8/22	9/1	9/8	9/15	9/22	10/1	10/8	10/15	10/22	11/1	11/8	11/15	11/22	12/1	12/8	12/15	12/22
Frequency (%)
	Great Crested Flycatcher	0.0	0.0	0.0	0.0	0.0	0.0	0.0	0.0	0.0	0.0	0.0	0.0	0.0	0.0	0.0054470186651172925	0.22652577549069675	4.778169901688933	10.672257227575981	20.67073562479923	24.009372880310785	21.592311059816133	18.511733223548784	15.782170608829304	13.533441600866139	12.075336138766293	10.366966276948029	10.57726641539377	9.886869488786186	9.137550088005094	7.583998765574972	8.474451750358153	8.351060015774756	6.400581871079189	3.90452876376989	1.0638297872340425	0.17812439822838438	0.05329227854097584	0.03392226148409894	0.006067408913023693	0.0	0.0	0.0	0.0	0.0	0.0	0.0	0.0	0.0
	Total # checklists submitted - (Great Crested Flycatcher)	59897	41927	37441	52418	36194	52179	74398	41102	41678	48624	53837	76087	56976	54668	55076	76371	79340	86336	77825	81085	50254	48580	46844	53571	38972	29594	25205	35269	26703	25923	27223	41839	32997	32680	32900	41544	33776	35375	32963	45315	35442	32219	29848	36480	32106	27980	31549	46285
	
Abundance
	Great Crested Flycatcher	0.0	0.0	0.0	0.0	0.0	0.0	0.0	0.0	0.0	0.0	0.0	0.0	0.0	0.0	5.447018665117292E-5	0.002553325215068547	0.06271741870431057	0.15656273165307635	0.3531898490202377	0.4419189739162607	0.36850797946432123	0.29487443392342527	0.2423149175988387	0.19736424558063131	0.17943651852612133	0.15354463742650537	0.1609998016266614	0.16008392639428393	0.13743774107778153	0.10990240327122633	0.11747419461484773	0.11350653696312053	0.08073461223747613	0.045716034271725825	0.011367781155015197	0.0021182360870402464	5.625296068214117E-4	4.80565371024735E-4	6.067408913023693E-5	0.0	0.0	0.0	0.0	0.0	0.0	0.0	0.0	0.0
	Total # checklists submitted - (Great Crested Flycatcher)	59897	41927	37441	52418	36194	52179	74398	41102	41678	48624	53837	76087	56976	54668	55076	76371	79340	86336	77825	81085	50254	48580	46844	53571	38972	29594	25205	35269	26703	25923	27223	41839	32997	32680	32900	41544	33776	35375	32963	45315	35442	32219	29848	36480	32106	27980	31549	46285
	
Birds Per Party Hour
	Great Crested Flycatcher	0.0	0.0	0.0	0.0	0.0	0.0	0.0	0.0	0.0	0.0	0.0	0.0	0.0	0.0	0.3585860400259193	0.8558702699671109	1.1204333592123472	1.2816245787998048	1.662396498012539	2.8169552654395638	4.057779068390806	4.389183409948351	4.305234296507254	4.5057923770296355	3.265134291019726	2.6589328653282083	1.8155690747484536	2.07510255848319	1.7041352558497647	1.4845299856541407	1.5888460406221365	1.185410335690706	0.9336548989204304	0.9770787711504216	0.9016550823645472	1.041770733385979	0.7860160614457886	1.5399404561524153	0.9162918540729635	0.0	0.0	0.0	0.0	0.0	0.0	0.0	0.0	0.0
	# checklists reporting species - (Great Crested Flycatcher)	0.0	0.0	0.0	0.0	0.0	0.0	0.0	0.0	0.0	0.0	0.0	0.0	0.0	0.0	4	174	3789	8867	16001	19468	10944	9027	7445	7257	4742	3063	2676	3512	2452	2023	2329	3559	2169	1333	363	80	19	13	2	0.0	0.0	0.0	0.0	0.0	0.0	0.0	0.0	0.0
	
High Count
	Great Crested Flycatcher	0.0	0.0	0.0	0.0	0.0	0.0	0.0	0.0	0.0	0.0	0.0	0.0	0.0	0.0	1	6	15	23	32	25	28	22	20	18	18	10	12	16	13	12	8	10	12	6	3	12	2	3	1	0.0	0.0	0.0	0.0	0.0	0.0	0.0	0.0	0.0
	# checklists reporting species - (Great Crested Flycatcher)	0.0	0.0	0.0	0.0	0.0	0.0	0.0	0.0	0.0	0.0	0.0	0.0	0.0	0.0	7	205	4246	10180	17352	20989	11736	9666	8079	7957	5192	3298	2871	3735	2617	2127	2471	3759	2271	1381	397	88	20	15	2	0.0	0.0	0.0	0.0	0.0	0.0	0.0	0.0	0.0
	
Totals
	Great Crested Flycatcher	0.0	0.0	0.0	0.0	0.0	0.0	0.0	0.0	0.0	0.0	0.0	0.0	0.0	0.0	7	231	5429	14518	29017	37786	19636	15078	12086	11317	7515	4799	4310	5945	3894	3022	3389	5050	2832	1611	425	101	21	20	2	0.0	0.0	0.0	0.0	0.0	0.0	0.0	0.0	0.0
	# checklists reporting species - (Great Crested Flycatcher)	0.0	0.0	0.0	0.0	0.0	0.0	0.0	0.0	0.0	0.0	0.0	0.0	0.0	0.0	7	199	3980	9256	16388	20106	11340	9371	7798	7641	4989	3175	2760	3608	2538	2065	2413	3677	2222	1364	385	85	20	15	2	0.0	0.0	0.0	0.0	0.0	0.0	0.0	0.0	0.0
	
Average Count
	Great Crested Flycatcher	0.0	0.0	0.0	0.0	0.0	0.0	0.0	0.0	0.0	0.0	0.0	0.0	0.0	0.0	1.0	1.1608040201005025	1.364070351758794	1.568496110630942	1.7706248474493531	1.8793395006465732	1.7315696649029981	1.6090065094440293	1.5498845857912285	1.4810888627143044	1.5063138905592304	1.511496062992126	1.5615942028985508	1.6477272727272727	1.5342789598108748	1.4634382566585957	1.4044757563199337	1.3734022300788686	1.2745274527452746	1.1810850439882699	1.103896103896104	1.188235294117647	1.05	1.3333333333333333	1.0	0.0	0.0	0.0	0.0	0.0	0.0	0.0	0.0	0.0
	# checklists reporting species - (Great Crested Flycatcher)	0.0	0.0	0.0	0.0	0.0	0.0	0.0	0.0	0.0	0.0	0.0	0.0	0.0	0.0	7	199	3980	9256	16388	20106	11340	9371	7798	7641	4989	3175	2760	3608	2538	2065	2413	3677	2222	1364	385	85	20	15	2	0.0	0.0	0.0	0.0	0.0	0.0	0.0	0.0	0.0
	
