

	Week starting on...	1/1	1/8	1/15	1/22	2/1	2/8	2/15	2/22	3/1	3/8	3/15	3/22	4/1	4/8	4/15	4/22	5/1	5/8	5/15	5/22	6/1	6/8	6/15	6/22	7/1	7/8	7/15	7/22	8/1	8/8	8/15	8/22	9/1	9/8	9/15	9/22	10/1	10/8	10/15	10/22	11/1	11/8	11/15	11/22	12/1	12/8	12/15	12/22
Frequency (%)
	Prairie Warbler	0.0	0.0	0.0	0.0	0.0	0.0	0.0	0.0	0.0	0.0	0.0	0.0	0.0	0.0	0.007262691553489724	0.0811826478637179	0.5218048903453492	0.5965066716085989	0.3315130099582396	0.26762039834741325	0.22286783141640468	0.24701523260601072	0.20493553069763473	0.1680013440107521	0.14369290772862567	0.07771845644387376	0.03570720095219203	0.022682809265927587	0.04868366850166648	0.0887242988851599	0.044080373213826546	0.05736274767561366	0.042428099524199174	0.03059975520195838	0.00911854103343465	0.007221259387637203	0.0029606821411653247	0.0	0.006067408913023693	0.0	0.0	0.0	0.0	0.0	0.0	0.0	0.0	0.0
	Total # checklists submitted - (Prairie Warbler)	59897	41927	37441	52418	36194	52179	74398	41102	41678	48624	53837	76087	56976	54668	55076	76371	79340	86336	77825	81085	50254	48580	46844	53571	38972	29594	25205	35269	26703	25923	27223	41839	32997	32680	32900	41544	33776	35375	32963	45315	35442	32219	29848	36480	32106	27980	31549	46285
	
Abundance
	Prairie Warbler	0.0	0.0	0.0	0.0	0.0	0.0	0.0	0.0	0.0	0.0	0.0	0.0	0.0	0.0	7.262691553489724E-5	8.11826478637179E-4	0.00567179228636249	0.006312546330615271	0.005949245101188564	0.004612443731886292	0.003641501174035898	0.003993412927130506	0.004803176500725813	0.003266692800209068	0.0023093503027814843	9.461377306210719E-4	5.951200158698671E-4	5.387167200657802E-4	6.740815638692282E-4	0.001157273463719477	7.34672886897109E-4	5.736274767561366E-4	5.151983513652757E-4	2.753977968176255E-4	9.11854103343465E-5	7.221259387637204E-5	2.9606821411653245E-5	0.0	6.067408913023693E-5	0.0	0.0	0.0	0.0	0.0	0.0	0.0	0.0	0.0
	Total # checklists submitted - (Prairie Warbler)	59897	41927	37441	52418	36194	52179	74398	41102	41678	48624	53837	76087	56976	54668	55076	76371	79340	86336	77825	81085	50254	48580	46844	53571	38972	29594	25205	35269	26703	25923	27223	41839	32997	32680	32900	41544	33776	35375	32963	45315	35442	32219	29848	36480	32106	27980	31549	46285
	
Birds Per Party Hour
	Prairie Warbler	0.0	0.0	0.0	0.0	0.0	0.0	0.0	0.0	0.0	0.0	0.0	0.0	0.0	0.0	0.1061813514225341	0.8753079231862979	0.9929530197813254	0.7699547514018893	1.3101911235967487	1.8292784619126572	3.019952172218453	3.436043369207785	2.7329239965234917	4.256156710695714	1.4887817214754293	1.2780027936938527	1.0816339232279981	0.5756944444444444	0.4942421964377196	0.5937583808413325	2.099680205781637	0.9575217633166276	0.3704343084658232	0.3898533850781372	0.24207944014376692	1.154916067146283	0.25	0.0	0.8095442206029433	0.0	0.0	0.0	0.0	0.0	0.0	0.0	0.0	0.0
	# checklists reporting species - (Prairie Warbler)	0.0	0.0	0.0	0.0	0.0	0.0	0.0	0.0	0.0	0.0	0.0	0.0	0.0	0.0	6	70	472	566	302	253	124	130	113	101	57	22	10	8	11	22	12	27	16	10	7	3	1	0.0	3	0.0	0.0	0.0	0.0	0.0	0.0	0.0	0.0	0.0
	
High Count
	Prairie Warbler	0.0	0.0	0.0	0.0	0.0	0.0	0.0	0.0	0.0	0.0	0.0	0.0	0.0	0.0	1	1	3	6	19	14	8	8	15	11	8	3	4	6	3	4	6	2	4	1	1	1	1	0.0	1	0.0	0.0	0.0	0.0	0.0	0.0	0.0	0.0	0.0
	# checklists reporting species - (Prairie Warbler)	0.0	0.0	0.0	0.0	0.0	0.0	0.0	0.0	0.0	0.0	0.0	0.0	0.0	0.0	6	74	498	633	331	281	137	150	122	110	64	26	11	12	18	25	16	31	17	12	8	4	1	0.0	3	0.0	0.0	0.0	0.0	0.0	0.0	0.0	0.0	0.0
	
Totals
	Prairie Warbler	0.0	0.0	0.0	0.0	0.0	0.0	0.0	0.0	0.0	0.0	0.0	0.0	0.0	0.0	6	74	536	657	541	458	227	240	253	196	100	32	16	27	27	32	24	32	20	11	8	4	1	0.0	3	0.0	0.0	0.0	0.0	0.0	0.0	0.0	0.0	0.0
	# checklists reporting species - (Prairie Warbler)	0.0	0.0	0.0	0.0	0.0	0.0	0.0	0.0	0.0	0.0	0.0	0.0	0.0	0.0	6	74	493	603	323	272	134	138	119	105	62	24	10	12	18	25	16	31	17	11	8	4	1	0.0	3	0.0	0.0	0.0	0.0	0.0	0.0	0.0	0.0	0.0
	
Average Count
	Prairie Warbler	0.0	0.0	0.0	0.0	0.0	0.0	0.0	0.0	0.0	0.0	0.0	0.0	0.0	0.0	1.0	1.0	1.0872210953346857	1.0895522388059702	1.674922600619195	1.6838235294117647	1.6940298507462686	1.7391304347826086	2.1260504201680672	1.8666666666666667	1.6129032258064515	1.3333333333333333	1.6	2.25	1.5	1.28	1.5	1.032258064516129	1.1764705882352942	1.0	1.0	1.0	1.0	0.0	1.0	0.0	0.0	0.0	0.0	0.0	0.0	0.0	0.0	0.0
	# checklists reporting species - (Prairie Warbler)	0.0	0.0	0.0	0.0	0.0	0.0	0.0	0.0	0.0	0.0	0.0	0.0	0.0	0.0	6	74	493	603	323	272	134	138	119	105	62	24	10	12	18	25	16	31	17	11	8	4	1	0.0	3	0.0	0.0	0.0	0.0	0.0	0.0	0.0	0.0	0.0
	
