

	Week starting on...	1/1	1/8	1/15	1/22	2/1	2/8	2/15	2/22	3/1	3/8	3/15	3/22	4/1	4/8	4/15	4/22	5/1	5/8	5/15	5/22	6/1	6/8	6/15	6/22	7/1	7/8	7/15	7/22	8/1	8/8	8/15	8/22	9/1	9/8	9/15	9/22	10/1	10/8	10/15	10/22	11/1	11/8	11/15	11/22	12/1	12/8	12/15	12/22
Frequency (%)
	Northern Harrier	2.255538674724945	2.1847496839745273	1.9497342485510536	1.9096493570910755	1.5113002155053323	1.1345560474520402	1.0242210812118604	1.357598170405333	1.3988195210902634	1.669957222770648	1.980050894366328	2.616741361862079	3.978868295422634	4.814516719104412	4.896869779940446	4.831676945437404	3.643811444416436	2.9860081541882875	2.266623835528429	2.0410680150459397	1.6436502566959843	1.3874022231370935	1.3128682435317223	1.269343488081238	1.3779123473262855	1.5205784956410082	1.8170997817893275	1.6785278856786414	2.460397708122683	2.789029047563939	3.173786871395511	3.697507110590597	4.088250447010335	4.914320685434516	5.583586626139818	6.361929520508376	5.660824253908101	6.176678445229682	6.510329763674423	5.0336533156791345	4.271767958918797	3.5662186908346007	2.629991959260252	2.1271929824561404	2.239456799352146	2.5589706933523946	2.8780626961234903	2.447877282056822
	Total # checklists submitted - (Northern Harrier)	59897	41927	37441	52418	36194	52179	74398	41102	41678	48624	53837	76087	56976	54668	55076	76371	79340	86336	77825	81085	50254	48580	46844	53571	38972	29594	25205	35269	26703	25923	27223	41839	32997	32680	32900	41544	33776	35375	32963	45315	35442	32219	29848	36480	32106	27980	31549	46285
	
Abundance
	Northern Harrier	0.046229360402023474	0.04698642879290195	0.03907481103603002	0.03205005913999008	0.0268552798806432	0.02117710189923149	0.018441355950428773	0.02260230645710671	0.025529056096741685	0.028751233958538992	0.028883481620446905	0.03426340899233772	0.05332069643358607	0.06250457305919367	0.06400246931512818	0.06083460999594087	0.04276531383917318	0.03262833580429948	0.02438805011243174	0.02309921687118456	0.01852588848648864	0.016138328530259365	0.015113995388950559	0.015306789120979634	0.015472647028635943	0.018010407515036832	0.023368379289823448	0.021662082848960845	0.033329588435756285	0.045017937738687654	0.06105131690114976	0.0673056239393867	0.07500681880170924	0.10162178702570379	0.10990881458966566	0.11857307914500288	0.1236084793936523	0.112113074204947	0.1404605163364985	0.10003310162197948	0.08591501608261384	0.07421086936279835	0.04750737067810239	0.0352796052631579	0.038715504890051704	0.05117941386704789	0.05911439348315319	0.05269525764286486
	Total # checklists submitted - (Northern Harrier)	59897	41927	37441	52418	36194	52179	74398	41102	41678	48624	53837	76087	56976	54668	55076	76371	79340	86336	77825	81085	50254	48580	46844	53571	38972	29594	25205	35269	26703	25923	27223	41839	32997	32680	32900	41544	33776	35375	32963	45315	35442	32219	29848	36480	32106	27980	31549	46285
	
Birds Per Party Hour
	Northern Harrier	4.025982317342169	3.974267380781163	3.909372009237555	3.652279812602335	2.9981119325464	3.3133214578779926	3.3779899689623405	3.135565686057113	2.9790739258311474	3.4566139715642596	3.2942910624879853	3.33752171930522	3.194437128955126	2.822682860754556	3.1176098693887875	2.3948330893887446	1.7693933787798801	1.4864790808931885	1.7481831005053623	2.054557268617962	2.6690408424193057	3.493186785756719	3.5777803854301293	3.4674127404507735	3.1805137243299093	3.3677003796761813	2.3348932332593404	2.4563124596608628	1.9567581187733123	1.5722918083319268	1.5901533487440436	1.6850543657372912	1.592386586985999	1.6572772491912937	1.7503378186312624	1.7079318625842121	2.146932287910796	1.8180215236016113	2.228173909728604	2.154735872658525	2.5919322612166686	2.940337948907673	2.6030713113126573	2.6466432865519693	3.464399319163052	3.311538251144038	2.6229818021591695	3.5454624730982944
	# checklists reporting species - (Northern Harrier)	1478	1007	800	1094	604	667	823	613	641	898	1214	2241	2474	2826	2849	3911	2983	2537	1723	1674	846	702	659	731	563	459	473	641	696	712	900	1603	1447	1727	2038	2910	2092	2403	2356	2609	1723	1309	923	915	809	789	979	1243
	
High Count
	Northern Harrier	39	55	36	20	15	30	28	22	33	33	22	26	20	18	22	27	15	10	5	15	9	10	5	9	9	5	9	11	12	11	20	23	38	72	108	47	227	48	72	70	58	75	32	42	27	25	40	34
	# checklists reporting species - (Northern Harrier)	1661	1131	902	1203	668	738	921	694	714	991	1350	2564	2816	3158	3216	4306	3400	2995	2047	1934	980	808	754	834	663	546	538	712	766	836	1013	1779	1603	1926	2267	3168	2260	2600	2554	2844	1867	1410	1002	1018	900	885	1075	1383
	
Totals
	Northern Harrier	3216	2367	1686	1964	1155	1311	1579	1099	1231	1655	1882	3319	3720	4056	4232	5448	3915	3225	2179	2166	1076	919	850	971	729	615	668	888	1008	1287	1817	3102	3069	4149	4766	6395	5451	5047	5793	6022	3841	3151	1886	1812	1511	1690	2168	2794
	# checklists reporting species - (Northern Harrier)	1620	1121	879	1190	657	731	900	681	702	983	1327	2506	2760	3072	3122	4192	3212	2741	1865	1815	926	765	722	799	628	512	520	694	743	824	972	1710	1551	1862	2196	3090	2214	2539	2514	2796	1836	1391	986	1011	891	872	1063	1364
	
Average Count
	Northern Harrier	1.9851851851851852	2.111507582515611	1.918088737201365	1.6504201680672268	1.7579908675799087	1.7934336525307797	1.7544444444444445	1.6138032305433188	1.7535612535612535	1.683621566632757	1.4182366239638282	1.3244213886671987	1.3478260869565217	1.3203125	1.3555413196668802	1.299618320610687	1.2188667496886676	1.1765778912805545	1.1683646112600536	1.193388429752066	1.161987041036717	1.2013071895424836	1.1772853185595569	1.2152690863579474	1.160828025477707	1.201171875	1.2846153846153847	1.2795389048991355	1.3566621803499328	1.5618932038834952	1.8693415637860082	1.8140350877192983	1.9787234042553192	2.228249194414608	2.1703096539162114	2.06957928802589	2.462059620596206	1.98779046868846	2.304295942720764	2.15379113018598	2.092047930283224	2.265276779295471	1.9127789046653143	1.7922848664688427	1.6958473625140291	1.938073394495413	2.039510818438382	2.0483870967741935
	# checklists reporting species - (Northern Harrier)	1620	1121	879	1190	657	731	900	681	702	983	1327	2506	2760	3072	3122	4192	3212	2741	1865	1815	926	765	722	799	628	512	520	694	743	824	972	1710	1551	1862	2196	3090	2214	2539	2514	2796	1836	1391	986	1011	891	872	1063	1364
	
