

	Week starting on...	1/1	1/8	1/15	1/22	2/1	2/8	2/15	2/22	3/1	3/8	3/15	3/22	4/1	4/8	4/15	4/22	5/1	5/8	5/15	5/22	6/1	6/8	6/15	6/22	7/1	7/8	7/15	7/22	8/1	8/8	8/15	8/22	9/1	9/8	9/15	9/22	10/1	10/8	10/15	10/22	11/1	11/8	11/15	11/22	12/1	12/8	12/15	12/22
Frequency (%)
	Rusty Blackbird	0.29550728751022587	0.21704390965249123	0.30982078470126334	0.48265862871532683	0.4144333314914074	0.28363901186301005	0.225812521841985	0.28465768089144083	0.379096885647104	0.5532247449819019	0.7708453294202872	1.1946850316085533	1.8323504633529906	3.1919953171873856	3.556903188321592	4.694190203087559	4.499621880514242	2.3709692364714603	0.7439768711853517	0.10606154035888267	0.08158554542921956	0.1214491560312886	0.18145333447186407	0.18293479681170782	0.21297341681207022	0.19598567277150772	0.09521920253917873	0.08222518358898749	0.15728569823615324	0.16201828492072676	0.121221026338023	0.11472549535122732	0.12728429857259752	0.5171358629130967	1.562310030395137	4.453109955709609	6.383230696352439	7.265017667844523	6.828868731608166	5.181507227187466	3.495852378533943	2.0112356063192527	0.9414366121683195	0.49067982456140347	0.25540397433501527	0.24660471765546818	0.5832197533994739	0.2635843145727557
	Total # checklists submitted - (Rusty Blackbird)	59897	41927	37441	52418	36194	52179	74398	41102	41678	48624	53837	76087	56976	54668	55076	76371	79340	86336	77825	81085	50254	48580	46844	53571	38972	29594	25205	35269	26703	25923	27223	41839	32997	32680	32900	41544	33776	35375	32963	45315	35442	32219	29848	36480	32106	27980	31549	46285
	
Abundance
	Rusty Blackbird	0.01909945406280782	0.013356548286307153	0.01514382628669106	0.013697584799114808	0.01668784881472067	0.01399030261216198	0.010564800129035727	0.012481144469855482	0.01684341859014348	0.027825765054294176	0.04331593513754481	0.07091881661781907	0.11204717775905644	0.2313053340162435	0.39543539835863173	0.7362873341975357	0.3250819258885808	0.12561388065233506	0.022537744940571796	0.002836529567737559	0.0013929239463525292	0.0017496912309592424	0.002860558449321151	0.0030800246401971217	0.0038232577234937905	0.0038183415557207544	0.003213648085697282	0.0062377725481300855	0.008014080814889713	0.008525247849400147	0.009587481174007274	0.0039914911924281175	0.0069097190653695795	0.018421052631578946	0.08240121580547112	0.35268630849220106	0.6020251065845571	0.8301060070671378	0.8103631344234444	0.9414542645922983	0.7632752102025845	0.43393649709798565	0.22406861431251676	0.05879934210526316	0.03980564380489628	0.015654038598999286	0.059463057466163746	0.029383169493356377
	Total # checklists submitted - (Rusty Blackbird)	59897	41927	37441	52418	36194	52179	74398	41102	41678	48624	53837	76087	56976	54668	55076	76371	79340	86336	77825	81085	50254	48580	46844	53571	38972	29594	25205	35269	26703	25923	27223	41839	32997	32680	32900	41544	33776	35375	32963	45315	35442	32219	29848	36480	32106	27980	31549	46285
	
Birds Per Party Hour
	Rusty Blackbird	28.87996240686891	38.22514648184036	21.305358812849324	5.454498386385248	11.532889270122313	11.332823661189154	8.706224742393859	6.023502505325932	9.18412134658409	10.167556362833645	8.728851991003111	14.006098534769526	11.355434036455277	12.836073587212214	18.477512613610234	25.953462014001012	11.985888548427415	8.595764173292974	5.604076408362241	2.8465536106668536	4.744073469638096	6.1186480606012505	10.7049120487717	9.703721880421456	12.292248338043404	12.21110434750165	5.924166531501487	1.3705592401238622	1.2582608690903228	1.0058264353269168	1.1572322537432789	1.1553177932580114	1.377862179770021	1.953781457356052	5.209584609817768	8.798575969931939	13.083533953610134	14.795141341825762	14.833789963914	17.91944869129767	18.404910135972486	15.449725730219587	119.9435878087386	15.210617075022538	20.421493820271586	8.238781430236818	7.22169602025488	22.924827798473288
	# checklists reporting species - (Rusty Blackbird)	181	95	112	259	146	152	167	114	152	276	429	934	1086	1752	1984	3642	3575	2004	580	75	44	61	90	100	76	47	25	31	39	38	35	51	45	167	540	1935	2255	2655	2323	2417	1271	672	293	187	83	73	187	125
	
High Count
	Rusty Blackbird	350	130	100	35	70	49	45	50	53	175	200	200	500	250	1775	5250	3000	305	150	50	5	10	5	8	8	14	17	56	90	30	72	26	51	77	164	360	410	1500	1200	5155	1250	687	1000	800	600	100	250	250
	# checklists reporting species - (Rusty Blackbird)	205	111	139	280	171	170	194	134	172	305	468	993	1174	1905	2188	3949	3925	2248	639	97	47	71	98	109	90	68	29	34	46	44	35	54	53	188	588	2080	2406	2853	2483	2600	1362	704	306	200	95	86	204	148
	
Totals
	Rusty Blackbird	1312	659	633	787	745	846	905	577	786	1480	2562	6000	6921	13842	25586	63741	31999	11644	1962	244	75	108	147	184	155	121	87	236	217	231	266	174	250	631	3008	16684	23239	33267	30009	48743	31735	14925	7661	3125	1328	512	2093	1621
	# checklists reporting species - (Rusty Blackbird)	200	111	136	279	169	169	191	131	170	300	452	976	1140	1839	2097	3785	3742	2094	605	84	45	65	92	104	82	56	28	33	41	40	35	54	48	179	574	2038	2347	2779	2419	2536	1321	688	300	196	93	85	200	145
	
Average Count
	Rusty Blackbird	6.56	5.936936936936937	4.654411764705882	2.8207885304659497	4.408284023668639	5.005917159763314	4.738219895287958	4.404580152671755	4.623529411764705	4.933333333333334	5.668141592920354	6.147540983606557	6.071052631578947	7.526916802610114	12.201239866475918	16.840422721268165	8.551309460181722	5.56064947468959	3.2429752066115705	2.9047619047619047	1.6666666666666667	1.6615384615384616	1.5978260869565217	1.7692307692307692	1.8902439024390243	2.1607142857142856	3.107142857142857	7.151515151515151	5.2926829268292686	5.775	7.6	3.2222222222222223	5.208333333333333	3.525139664804469	5.2404181184668985	8.186457311089303	9.90157648061355	11.970852824757106	12.405539479123604	19.220425867507885	24.02346707040121	21.69331395348837	25.536666666666665	15.943877551020408	14.279569892473118	6.023529411764706	10.465	11.179310344827586
	# checklists reporting species - (Rusty Blackbird)	200	111	136	279	169	169	191	131	170	300	452	976	1140	1839	2097	3785	3742	2094	605	84	45	65	92	104	82	56	28	33	41	40	35	54	48	179	574	2038	2347	2779	2419	2536	1321	688	300	196	93	85	200	145
	
