

	Week starting on...	1/1	1/8	1/15	1/22	2/1	2/8	2/15	2/22	3/1	3/8	3/15	3/22	4/1	4/8	4/15	4/22	5/1	5/8	5/15	5/22	6/1	6/8	6/15	6/22	7/1	7/8	7/15	7/22	8/1	8/8	8/15	8/22	9/1	9/8	9/15	9/22	10/1	10/8	10/15	10/22	11/1	11/8	11/15	11/22	12/1	12/8	12/15	12/22
Frequency (%)
	Long-tailed Duck	8.065512463061589	8.362153266391585	7.465078390000267	7.041474302720439	6.735923081173675	5.0480078192376245	4.118390279308583	6.55442557539779	7.03968520562407	7.327657124053966	6.528967067258577	5.801253827854955	5.36541701769166	5.194995244018438	5.107487834991648	4.637886108601433	4.236198638769851	3.4944866567828017	3.3228397044651463	1.281371400382315	0.14924185139491383	0.17496912309592424	0.125949961574588	0.06720053760430084	0.056450785179102944	0.08785564641481382	0.0793493354493156	0.13326150443732457	0.17975508369846085	0.14658797207113375	0.16530139955184953	0.1888190444322283	0.1394066127223687	0.14993880048959607	0.10638297872340426	0.17090313884074715	0.23093320701089531	0.6530035335689046	2.0295482814064254	5.439699878627386	7.824050561480729	8.14736646078401	8.070892522112034	8.179824561403509	8.845698623310284	8.406004288777698	6.694348473802656	7.4257318785783735
	Total # checklists submitted - (Long-tailed Duck)	59897	41927	37441	52418	36194	52179	74398	41102	41678	48624	53837	76087	56976	54668	55076	76371	79340	86336	77825	81085	50254	48580	46844	53571	38972	29594	25205	35269	26703	25923	27223	41839	32997	32680	32900	41544	33776	35375	32963	45315	35442	32219	29848	36480	32106	27980	31549	46285
	
Abundance
	Long-tailed Duck	10.308679900495852	10.660123548071649	6.964557570577709	6.225399671868442	4.497541028899818	4.42921481822189	3.405830801903277	3.9972507420563477	4.015355823216085	4.532370845672919	3.3847168304326023	3.3996609144794774	2.676214546475709	2.633368698324431	2.412793231171472	1.6794201987665476	1.3540080665490295	0.8607880837657524	0.8564471570831995	0.21262872294505766	0.003959883790345047	0.004796212433100041	0.0026897788404064557	0.0024453528961565028	0.002796879811146464	0.002737041292153815	0.0013092640349137076	0.0023249879497575774	0.003332958843575628	0.0024302742738109015	0.00323256070234728	0.009512655656205932	0.006152074431008879	0.003733170134638923	0.0060790273556231	0.005054881571346043	0.008822832780672666	0.1010035335689046	1.2148772866547342	5.632351318547943	26.15264375599571	14.499953443620225	16.015444920932726	12.229797149122806	14.737650283436118	11.571622587562544	7.728580937589147	7.257189154153614
	Total # checklists submitted - (Long-tailed Duck)	59897	41927	37441	52418	36194	52179	74398	41102	41678	48624	53837	76087	56976	54668	55076	76371	79340	86336	77825	81085	50254	48580	46844	53571	38972	29594	25205	35269	26703	25923	27223	41839	32997	32680	32900	41544	33776	35375	32963	45315	35442	32219	29848	36480	32106	27980	31549	46285
	
Birds Per Party Hour
	Long-tailed Duck	276.17165616709565	267.165985834351	258.34965788044	216.09005023220521	141.554444724801	195.0719565003221	169.6958745603141	156.58469851020283	144.96801494722305	100.65463652510111	90.95103828525986	102.93001311032961	87.94304195134349	79.0834596524532	56.39633153862602	33.99560624543667	25.274568742013983	18.0073547114767	18.79084097398163	12.805792055378392	4.812355649019782	11.856043658618779	6.291740853873821	2.8703611028954272	10.834843624209343	2.1877452384967913	1.1219770500124144	1.895183295569646	1.805589888760042	3.1093305225401506	1.4703858350282801	5.296456749294599	2.644147253754044	4.594299855536412	1.5655775478163307	4.184910668542073	1.759773435645816	6.130773852923362	27.201964086283454	74.22819971948088	212.84095011799994	248.77549898198095	431.45404982344616	308.71568020474353	414.23114662415486	270.91254724850194	167.720062472151	169.9869001119199
	# checklists reporting species - (Long-tailed Duck)	4574	3305	2622	3398	2204	2468	2862	2547	2718	3299	3195	4061	2850	2653	2599	3318	3126	2835	2423	1024	77	91	57	41	27	25	24	52	56	40	45	83	51	52	34	70	84	247	674	2464	2747	2564	2294	2836	2689	2221	2012	3343
	
High Count
	Long-tailed Duck	68920	40000	7000	10000	5600	10000	30000	5000	10000	6000	6500	5000	10000	5000	10000	2030	10000	2420	4181	2200	24	18	15	37	30	15	4	14	20	20	24	31	75	15	100	26	70	1500	10000	8000	200000	20000	20000	17000	20000	8000	8832	24300
	# checklists reporting species - (Long-tailed Duck)	5175	3698	2990	3914	2588	2760	3260	2882	3123	3776	3749	4702	3277	3059	2998	3781	3570	3252	2801	1196	99	103	71	48	28	32	26	61	64	47	52	107	68	64	43	82	93	264	752	2723	3022	2832	2584	3220	3068	2500	2252	3715
	
Totals
	Long-tailed Duck	757413	539353	281925	341026	174498	245898	272014	175503	183604	226576	194250	272560	166259	161471	150211	132259	110058	77596	72918	20940	237	252	164	157	144	94	40	129	129	94	133	623	356	179	213	231	340	6848	57570	289776	1276002	506559	503642	496234	530470	329379	266217	413830
	# checklists reporting species - (Long-tailed Duck)	4738	3415	2727	3555	2295	2578	2969	2653	2822	3417	3330	4238	2968	2774	2708	3444	3263	2954	2521	1114	93	97	64	45	28	31	26	61	64	46	51	105	68	61	41	78	90	261	733	2601	2867	2669	2408	2951	2798	2313	2089	3446
	
Average Count
	Long-tailed Duck	159.85922330097088	157.93645680819913	103.38283828382838	95.92855133614627	76.03398692810458	95.38324282389449	91.61805321657124	66.15265736901621	65.06165839829907	66.30845771144278	58.333333333333336	64.31335535630014	56.017183288409704	58.208723864455656	55.469350073855246	38.402729384436704	33.72908366533864	26.268111035883546	28.92423641412138	18.79712746858169	2.5483870967741935	2.597938144329897	2.5625	3.488888888888889	5.142857142857143	3.032258064516129	1.5384615384615385	2.1147540983606556	2.015625	2.0434782608695654	2.607843137254902	5.933333333333334	5.235294117647059	2.9344262295081966	5.195121951219512	2.9615384615384617	3.7777777777777777	26.237547892720308	78.54024556616643	111.40945790080738	445.06522497384026	189.79355563881603	209.15365448504983	168.15791257200948	189.5889921372409	142.40337224383916	127.43752991862135	120.0899593731863
	# checklists reporting species - (Long-tailed Duck)	4738	3415	2727	3555	2295	2578	2969	2653	2822	3417	3330	4238	2968	2774	2708	3444	3263	2954	2521	1114	93	97	64	45	28	31	26	61	64	46	51	105	68	61	41	78	90	261	733	2601	2867	2669	2408	2951	2798	2313	2089	3446
	
