

	Week starting on...	1/1	1/8	1/15	1/22	2/1	2/8	2/15	2/22	3/1	3/8	3/15	3/22	4/1	4/8	4/15	4/22	5/1	5/8	5/15	5/22	6/1	6/8	6/15	6/22	7/1	7/8	7/15	7/22	8/1	8/8	8/15	8/22	9/1	9/8	9/15	9/22	10/1	10/8	10/15	10/22	11/1	11/8	11/15	11/22	12/1	12/8	12/15	12/22
Frequency (%)
	Red Crossbill	0.4624605572900145	0.30052233644191095	0.41131380037926335	0.40444122248082714	0.5166602199259546	0.3334674869200253	0.4489367993763273	0.7444893192545374	0.5110609914103363	0.417489305692662	0.325055259394097	0.2825712671021331	0.2176354956472901	0.20121460452184092	0.1543321955116566	0.1636746932736248	0.09705066801109151	0.07876204595997036	0.07838098297462255	0.1467595732872911	0.1273530465236598	0.1811445039110745	0.18145333447186407	0.13253439360848218	0.22323719593554348	0.17233222950598096	0.22614560603054948	0.3459128413053957	0.3145713964723065	0.3433244609034448	0.3489696212761268	0.3537369439996176	0.2363851259205382	0.15299877600979192	0.11246200607902737	0.14683227421528983	0.1450734249171009	0.13851590106007067	0.1880896763037345	0.40383978814961935	0.6066249083008859	0.5928179024799032	0.36518359689091395	0.356359649122807	0.2273718308104404	0.25017869907076484	0.3106279121366763	0.5682186453494653
	Total # checklists submitted - (Red Crossbill)	59897	41927	37441	52418	36194	52179	74398	41102	41678	48624	53837	76087	56976	54668	55076	76371	79340	86336	77825	81085	50254	48580	46844	53571	38972	29594	25205	35269	26703	25923	27223	41839	32997	32680	32900	41544	33776	35375	32963	45315	35442	32219	29848	36480	32106	27980	31549	46285
	
Abundance
	Red Crossbill	0.021520276474614755	0.013428101223555228	0.022568841644186852	0.01488038460070968	0.024644968779355694	0.013626171448283793	0.020296244522702223	0.038732908374288354	0.02509717356878929	0.022067291872326422	0.013559447963296618	0.013011421136330779	0.008687868576242628	0.009402209702202385	0.0076984530466991065	0.007345720234120281	0.005066801109150492	0.005177446256486286	0.004227433344041118	0.008324597644447184	0.0037409957416325067	0.005804857966241251	0.005657074545299292	0.0026693546881708385	0.006620137534640255	0.004156247888085423	0.0067050188454671695	0.008988063171623806	0.0079766318391192	0.012614280754542299	0.01267310729897513	0.014651401802146323	0.009122041397702821	0.00569155446756426	0.005197568389057751	0.00498266897746967	0.006543107531975367	0.008537102473498233	0.007371901829323787	0.024495200264812975	0.03281417527227583	0.027126850616096092	0.01504288394532297	0.01567982456140351	0.012988226499719679	0.010078627591136527	0.01115724745633776	0.03076590688127903
	Total # checklists submitted - (Red Crossbill)	59897	41927	37441	52418	36194	52179	74398	41102	41678	48624	53837	76087	56976	54668	55076	76371	79340	86336	77825	81085	50254	48580	46844	53571	38972	29594	25205	35269	26703	25923	27223	41839	32997	32680	32900	41544	33776	35375	32963	45315	35442	32219	29848	36480	32106	27980	31549	46285
	
Birds Per Party Hour
	Red Crossbill	26.81665777230271	10.574290517441844	9.497580101787719	6.560234098946243	12.170460421526064	10.321243779089029	12.735815108201828	16.02902349317453	12.4398071074869	12.419145116963588	8.238526077154063	9.095762930369196	10.655020492804665	12.33352589961634	6.200361696033036	7.383515382309678	8.632688025036035	9.115003835178879	17.257496142588106	5.877354219254256	5.978338689040531	14.49948574371815	12.2956156651415	9.029716092714986	9.811423847329104	4.586466738825983	4.973140995338351	3.162836594176869	2.907675632309395	2.3578098540623444	3.1728026181866156	3.2861437680146652	4.985873320254901	2.90230429217745	5.600384581183766	4.998028363872266	2.42306240015791	7.240759344880876	3.1617648507869536	7.936527540963811	6.680424220321404	7.355750886456895	5.060613240440384	11.058720314109681	11.624940276579984	4.929494496781047	4.067773276181735	10.19772735566293
	# checklists reporting species - (Red Crossbill)	301	142	173	230	211	193	358	345	232	222	202	238	136	126	101	132	92	74	77	133	67	96	95	81	102	61	69	140	97	103	105	152	79	56	43	68	60	49	70	198	222	206	116	151	78	74	107	290
	
High Count
	Red Crossbill	60	35	80	30	40	30	45	50	30	100	33	200	30	35	62	60	35	40	36	37	13	16	32	14	25	12	20	30	25	26	24	32	35	30	23	20	25	30	36	41	57	51	28	40	29	22	50	53
	# checklists reporting species - (Red Crossbill)	320	156	187	247	223	202	396	368	247	249	211	254	158	130	109	143	95	80	79	141	72	106	101	94	108	71	73	149	105	108	114	168	92	60	47	72	64	55	74	213	241	217	129	160	84	84	119	311
	
Totals
	Red Crossbill	1562	770	1017	936	1029	884	1771	1818	1141	1287	818	1297	606	635	544	676	474	483	440	776	221	341	298	181	306	159	209	387	281	408	407	688	346	226	201	233	271	324	283	1393	1289	923	528	734	485	327	456	1686
	# checklists reporting species - (Red Crossbill)	319	153	180	240	215	201	383	360	241	244	208	248	150	129	106	141	94	76	77	138	72	102	98	84	107	67	72	145	103	105	107	162	87	59	47	69	62	53	72	210	233	210	128	157	83	82	117	307
	
Average Count
	Red Crossbill	4.896551724137931	5.032679738562091	5.65	3.9	4.786046511627907	4.398009950248756	4.624020887728459	5.05	4.734439834024896	5.274590163934426	3.9326923076923075	5.229838709677419	4.04	4.922480620155039	5.132075471698113	4.794326241134752	5.042553191489362	6.355263157894737	5.714285714285714	5.6231884057971016	3.0694444444444446	3.343137254901961	3.0408163265306123	2.1547619047619047	2.8598130841121496	2.373134328358209	2.9027777777777777	2.668965517241379	2.7281553398058254	3.8857142857142857	3.803738317757009	4.246913580246914	3.9770114942528734	3.830508474576271	4.276595744680851	3.3768115942028984	4.370967741935484	6.113207547169812	3.9305555555555554	6.633333333333334	5.532188841201717	4.395238095238096	4.125	4.67515923566879	5.843373493975903	3.9878048780487805	3.8974358974358974	5.49185667752443
	# checklists reporting species - (Red Crossbill)	319	153	180	240	215	201	383	360	241	244	208	248	150	129	106	141	94	76	77	138	72	102	98	84	107	67	72	145	103	105	107	162	87	59	47	69	62	53	72	210	233	210	128	157	83	82	117	307
	
