

	Week starting on...	1/1	1/8	1/15	1/22	2/1	2/8	2/15	2/22	3/1	3/8	3/15	3/22	4/1	4/8	4/15	4/22	5/1	5/8	5/15	5/22	6/1	6/8	6/15	6/22	7/1	7/8	7/15	7/22	8/1	8/8	8/15	8/22	9/1	9/8	9/15	9/22	10/1	10/8	10/15	10/22	11/1	11/8	11/15	11/22	12/1	12/8	12/15	12/22
Frequency (%)
	Orange-crowned Warbler	0.2921682221146301	0.15980155985403202	0.07211345850805267	0.05532450684879239	0.05249488865557827	0.02874719714827804	0.01747358799967741	0.007298914894652329	0.0071980421325399495	0.0	0.0018574586251091257	0.0013142849632657354	0.0035102499297950014	0.005487671032413844	0.010894037330234585	0.15450891045030182	1.0020166372573733	1.7397146034099333	1.629296498554449	0.3502497379293334	0.04576750109444024	0.06381226842321944	0.11527623601741953	0.08586735360549551	0.24119880940162167	0.19936473609515443	0.047609601269589366	0.05103632084833706	0.056173463655769015	0.08100914246036338	0.058773830951768725	0.0956045794593561	0.2515380186077522	0.44675642594859244	0.6808510638297872	2.151935297515887	3.863690194220749	3.0190812720848057	2.1387616418408517	0.8716760454595608	0.24264996332035438	0.2017443123622707	0.11056017153578131	0.17543859649122806	0.3270416744533732	0.32165832737669764	0.3011188944182066	0.23333693421194773
	Total # checklists submitted - (Orange-crowned Warbler)	59897	41927	37441	52418	36194	52179	74398	41102	41678	48624	53837	76087	56976	54668	55076	76371	79340	86336	77825	81085	50254	48580	46844	53571	38972	29594	25205	35269	26703	25923	27223	41839	32997	32680	32900	41544	33776	35375	32963	45315	35442	32219	29848	36480	32106	27980	31549	46285
	
Abundance
	Orange-crowned Warbler	0.0036896672621333287	0.0017649724521191595	7.745519617531583E-4	5.532450684879239E-4	5.249488865557827E-4	2.874719714827804E-4	1.747358799967741E-4	7.298914894652329E-5	7.19804213253995E-5	0.0	1.8574586251091257E-5	1.3142849632657353E-5	3.5102499297950014E-5	5.487671032413844E-5	1.0894037330234585E-4	0.001597465006350578	0.010864633224098814	0.01876389918458117	0.01791198201092194	0.0037861503360670902	4.5767501094440245E-4	7.410456978180322E-4	0.0014089317735462386	9.893412480633179E-4	0.002771220363337781	0.00246671622626208	4.7609601269589367E-4	5.387167200657802E-4	5.991836123282028E-4	0.0010415461173475292	6.612055982073981E-4	0.0010516503740529172	0.00284874382519623	0.005201958384332925	0.007993920972644376	0.028138840747159638	0.05548318332543818	0.043363957597173146	0.03206625610533022	0.011100077237117952	0.0026240054173015067	0.002141593469691797	0.0012731171267756634	0.0018914473684210527	0.0039867937457173114	0.0038598999285203717	0.003962090716029034	0.002722264232472723
	Total # checklists submitted - (Orange-crowned Warbler)	59897	41927	37441	52418	36194	52179	74398	41102	41678	48624	53837	76087	56976	54668	55076	76371	79340	86336	77825	81085	50254	48580	46844	53571	38972	29594	25205	35269	26703	25923	27223	41839	32997	32680	32900	41544	33776	35375	32963	45315	35442	32219	29848	36480	32106	27980	31549	46285
	
Birds Per Party Hour
	Orange-crowned Warbler	1.5923840375646487	1.7076691949131937	0.9942689770287371	1.6305980583801076	1.254920307368951	0.8523591074461531	1.1800733021813525	0.5619047619047619	0.7145276231458397	0.0	0.8	1.3333333333333333	0.9284490145672665	0.9077870113881195	0.27243391385278715	0.6541670503487599	0.7813750652335884	0.6223475480275049	0.8413988796287756	1.2420600471561407	3.1780009913222	7.711967830399959	11.692130461011434	11.537595019207236	11.789978985480781	13.959328729438226	6.255264645748039	0.32478983112309917	0.5045027719755305	0.6370746819164188	0.8511894168098874	0.5877320539115463	0.6966796720102064	1.6755360903589163	1.0750244187911908	1.1953302550875278	1.3238846810600917	1.2197413588886301	1.1825185756545986	1.2977750660419127	1.0583854800898564	0.7761998907755918	0.8545863981045886	1.0383455378159285	1.1537036096472078	1.1151184325493977	1.3982365139612216	1.298280738001588
	# checklists reporting species - (Orange-crowned Warbler)	186	76	29	32	19	16	14	3	4	0.0	1	1	2	3	8	125	794	1464	1318	298	25	33	49	50	91	53	12	19	13	20	14	40	82	150	240	934	1368	1124	731	441	95	68	36	71	114	95	97	115
	
High Count
	Orange-crowned Warbler	3	2	2	1	1	1	1	1	1	0.0	1	1	1	1	1	2	6	12	10	6	1	4	3	4	3	2	1	2	2	4	3	4	5	3	5	11	15	27	28	10	2	2	2	3	3	3	4	3
	# checklists reporting species - (Orange-crowned Warbler)	191	77	29	33	19	16	14	3	4	0.0	1	1	2	3	11	140	902	1781	1457	344	27	35	56	53	99	59	12	20	15	21	17	45	88	161	262	1011	1474	1216	775	473	106	70	37	74	115	100	105	119
	
Totals
	Orange-crowned Warbler	242	84	31	33	19	16	14	3	4	0.0	1	1	2	3	11	142	964	1882	1626	371	27	40	67	63	111	73	12	21	16	27	18	48	98	184	302	1305	2088	1778	1158	606	114	74	43	79	141	120	135	138
	# checklists reporting species - (Orange-crowned Warbler)	191	77	29	33	19	16	14	3	4	0.0	1	1	2	3	11	134	841	1585	1379	319	27	33	54	50	93	55	12	20	13	21	15	44	85	159	255	999	1453	1199	773	470	106	70	37	74	115	99	103	118
	
Average Count
	Orange-crowned Warbler	1.2670157068062826	1.0909090909090908	1.0689655172413792	1.0	1.0	1.0	1.0	1.0	1.0	0.0	1.0	1.0	1.0	1.0	1.0	1.0597014925373134	1.1462544589774077	1.1873817034700316	1.1791153009427122	1.1630094043887147	1.0	1.2121212121212122	1.2407407407407407	1.26	1.1935483870967742	1.3272727272727274	1.0	1.05	1.2307692307692308	1.2857142857142858	1.2	1.0909090909090908	1.1529411764705881	1.1572327044025157	1.184313725490196	1.3063063063063063	1.4370268410185822	1.4829024186822353	1.4980595084087969	1.2893617021276595	1.0754716981132075	1.0571428571428572	1.162162162162162	1.0675675675675675	1.2260869565217392	1.2121212121212122	1.3106796116504855	1.1694915254237288
	# checklists reporting species - (Orange-crowned Warbler)	191	77	29	33	19	16	14	3	4	0.0	1	1	2	3	11	134	841	1585	1379	319	27	33	54	50	93	55	12	20	13	21	15	44	85	159	255	999	1453	1199	773	470	106	70	37	74	115	99	103	118
	
