

	Week starting on...	1/1	1/8	1/15	1/22	2/1	2/8	2/15	2/22	3/1	3/8	3/15	3/22	4/1	4/8	4/15	4/22	5/1	5/8	5/15	5/22	6/1	6/8	6/15	6/22	7/1	7/8	7/15	7/22	8/1	8/8	8/15	8/22	9/1	9/8	9/15	9/22	10/1	10/8	10/15	10/22	11/1	11/8	11/15	11/22	12/1	12/8	12/15	12/22
Frequency (%)
	Northern Parula	0.03506018665375561	0.0	0.0	0.0	0.0	0.0	0.0	0.0	0.0	0.0	0.0	0.0	0.0	0.005487671032413844	0.029050766213958894	0.13617734480365584	3.68540458784976	10.958348776871757	14.152264696434308	3.581426897699944	1.577983842082222	1.8135034993824617	1.6971223635897874	1.5362789568983217	1.762804064456533	1.2874231263093872	0.8926800238048007	0.652130766395418	0.6328876905216643	0.8833854106392006	1.083642508173236	2.5120103252945816	6.45513228475316	8.408812729498164	6.987841945288754	4.855093394954746	2.4277593557555663	0.7462897526501767	0.3458423080423505	0.27143330023171136	0.07053778003498674	0.05276389707936311	0.06030554811042616	0.06578947368421052	0.19933968728586557	0.017869907076483203	0.019018035436939362	0.03672896186669547
	Total # checklists submitted - (Northern Parula)	59897	41927	37441	52418	36194	52179	74398	41102	41678	48624	53837	76087	56976	54668	55076	76371	79340	86336	77825	81085	50254	48580	46844	53571	38972	29594	25205	35269	26703	25923	27223	41839	32997	32680	32900	41544	33776	35375	32963	45315	35442	32219	29848	36480	32106	27980	31549	46285
	
Abundance
	Northern Parula	4.3407850142745046E-4	0.0	0.0	0.0	0.0	0.0	0.0	0.0	0.0	0.0	0.0	0.0	0.0	5.487671032413844E-5	3.0866439102331323E-4	0.0015319951290411282	0.061066296949836146	0.21862259080800592	0.2937744940571796	0.06237898501572424	0.02467465276395909	0.02943598188554961	0.026278712321748783	0.02363218905751246	0.027122036333778098	0.01953098601067784	0.01321166435231105	0.009016416683206215	0.007901733887578175	0.013038614357906106	0.014326121294493626	0.04070364970482086	0.1232536291177986	0.16511627906976745	0.1286322188449848	0.08049297130752936	0.037985551871151116	0.009045936395759718	0.003822467615204927	0.0030012137261392477	7.618080243778568E-4	5.276389707936311E-4	6.030554811042616E-4	6.853070175438596E-4	0.002211424655827571	2.1443888491779842E-4	3.803607087387873E-4	5.185265204709949E-4
	Total # checklists submitted - (Northern Parula)	59897	41927	37441	52418	36194	52179	74398	41102	41678	48624	53837	76087	56976	54668	55076	76371	79340	86336	77825	81085	50254	48580	46844	53571	38972	29594	25205	35269	26703	25923	27223	41839	32997	32680	32900	41544	33776	35375	32963	45315	35442	32219	29848	36480	32106	27980	31549	46285
	
Birds Per Party Hour
	Northern Parula	1.4279270783107028	0.0	0.0	0.0	0.0	0.0	0.0	0.0	0.0	0.0	0.0	0.0	0.0	0.5297252972529726	0.5616105234713727	0.7622443999206642	1.197186400786068	1.187214477728663	1.4355265038050096	2.004597418792783	3.580469728957456	5.427706104230292	6.5178782306798775	4.767395391868138	5.842047825508916	3.9154773011261974	1.9968567101332413	1.6907486360162007	1.2639821363669073	1.337887917807166	1.750170467642908	1.2035576161240047	1.2929373418199703	1.5555264695226954	1.4039336928597683	1.1882545055171474	1.1737262000313025	0.8821366480895788	0.6915102823935972	1.154580269619848	0.8397305813235046	2.0870445178124064	1.0534597345135683	1.0527543175222502	1.3811087904966297	0.9472044086438447	1.856382751292176	1.3598213406138515
	# checklists reporting species - (Northern Parula)	22	0.0	0.0	0.0	0.0	0.0	0.0	0.0	0.0	0.0	0.0	1	0.0	3	19	118	2955	9290	11158	2984	818	922	864	859	723	388	239	244	174	227	315	1116	2220	2828	2390	2078	870	273	121	138	30	23	18	26	70	5	6	18
	
High Count
	Northern Parula	2	0.0	0.0	0.0	0.0	0.0	0.0	0.0	0.0	0.0	0.0	1	0.0	1	2	3	45	55	60	20	21	15	15	11	15	15	8	6	6	21	14	18	60	50	18	30	62	7	3	3	2	1	1	2	2	2	2	2
	# checklists reporting species - (Northern Parula)	22	0.0	0.0	0.0	0.0	0.0	0.0	0.0	0.0	0.0	0.0	1	0.0	4	19	134	3267	10719	12141	3266	896	991	930	937	773	433	254	265	193	249	339	1166	2312	2970	2550	2211	924	298	133	144	31	25	19	27	72	5	6	18
	
Totals
	Northern Parula	27	0.0	0.0	0.0	0.0	0.0	0.0	0.0	0.0	0.0	0.0	1	0.0	4	20	150	5256	20866	24595	5514	1362	1553	1403	1383	1168	646	362	358	238	356	448	1847	4344	5750	4682	3637	1520	353	147	157	33	25	19	28	79	6	12	25
	# checklists reporting species - (Northern Parula)	22	0.0	0.0	0.0	0.0	0.0	0.0	0.0	0.0	0.0	0.0	1	0.0	4	19	132	3086	9715	11440	3087	845	949	888	892	747	409	246	250	178	236	330	1141	2276	2906	2485	2154	912	294	133	144	31	25	19	27	72	5	6	18
	
Average Count
	Northern Parula	1.2272727272727273	0.0	0.0	0.0	0.0	0.0	0.0	0.0	0.0	0.0	0.0	1.0	0.0	1.0	1.0526315789473684	1.1363636363636365	1.7031756318859366	2.1478126608337624	2.1499125874125875	1.7862001943634596	1.6118343195266271	1.636459430979979	1.579954954954955	1.5504484304932735	1.5635876840696117	1.5794621026894866	1.4715447154471544	1.432	1.3370786516853932	1.5084745762711864	1.3575757575757577	1.6187554776511832	1.9086115992970123	1.9786648313833448	1.8841046277665996	1.6884865366759516	1.6666666666666667	1.2006802721088434	1.105263157894737	1.0902777777777777	1.064516129032258	1.0	1.0	1.037037037037037	1.0972222222222223	1.2	2.0	1.3888888888888888
	# checklists reporting species - (Northern Parula)	22	0.0	0.0	0.0	0.0	0.0	0.0	0.0	0.0	0.0	0.0	1	0.0	4	19	132	3086	9715	11440	3087	845	949	888	892	747	409	246	250	178	236	330	1141	2276	2906	2485	2154	912	294	133	144	31	25	19	27	72	5	6	18
	
