

	Week starting on...	1/1	1/8	1/15	1/22	2/1	2/8	2/15	2/22	3/1	3/8	3/15	3/22	4/1	4/8	4/15	4/22	5/1	5/8	5/15	5/22	6/1	6/8	6/15	6/22	7/1	7/8	7/15	7/22	8/1	8/8	8/15	8/22	9/1	9/8	9/15	9/22	10/1	10/8	10/15	10/22	11/1	11/8	11/15	11/22	12/1	12/8	12/15	12/22
Frequency (%)
	Arctic Tern	0.0	0.0	0.0	0.0	0.0	0.0	0.0	0.0	0.0	0.0	0.0	0.0	0.0	0.0	0.0	0.0	0.0012603982858583312	0.0034747961452928095	0.00770960488274976	0.08016279213171364	0.1552115254507104	0.12350761630300536	0.07044658867731193	0.05413376640346457	0.12059940470081083	0.1385415962695141	0.0833168022217814	0.12192009980436078	0.1610305958132045	0.20830922346950584	0.080814017558682	0.05497263318912976	0.021214049762099587	0.0	0.0	0.004814172925091469	0.0	0.0	0.0	0.008827099194527198	0.0	0.003103758651727242	0.0	0.0	0.0	0.0	0.0	0.0
	Total # checklists submitted - (Arctic Tern)	59897	41927	37441	52418	36194	52179	74398	41102	41678	48624	53837	76087	56976	54668	55076	76371	79340	86336	77825	81085	50254	48580	46844	53571	38972	29594	25205	35269	26703	25923	27223	41839	32997	32680	32900	41544	33776	35375	32963	45315	35442	32219	29848	36480	32106	27980	31549	46285
	
Abundance
	Arctic Tern	0.0	0.0	0.0	0.0	0.0	0.0	0.0	0.0	0.0	0.0	0.0	0.0	0.0	0.0	0.0	0.0	2.5207965717166626E-5	1.8532246108228317E-4	8.994539029874719E-5	0.004822100265153851	0.003840490309229116	0.00421984355701935	0.0034369396294082486	0.003920031360250882	0.005003592322693215	0.003446644590119619	0.0021821067248561795	0.0028069976466585387	0.0037823465528217803	0.008216641592408286	0.0027182896815193037	0.001744783575133249	3.939752098675637E-4	0.0	0.0	4.814172925091469E-5	0.0	0.0	0.0	1.5447423590422596E-4	0.0	6.207517303454484E-5	0.0	0.0	0.0	0.0	0.0	0.0
	Total # checklists submitted - (Arctic Tern)	59897	41927	37441	52418	36194	52179	74398	41102	41678	48624	53837	76087	56976	54668	55076	76371	79340	86336	77825	81085	50254	48580	46844	53571	38972	29594	25205	35269	26703	25923	27223	41839	32997	32680	32900	41544	33776	35375	32963	45315	35442	32219	29848	36480	32106	27980	31549	46285
	
Birds Per Party Hour
	Arctic Tern	0.0	0.0	0.0	0.0	0.0	0.0	0.0	0.0	0.0	0.0	0.0	0.0	0.0	0.0	0.0	0.0	2.0	1.7597619612111146	0.3815345669591882	5.925622457222831	3.69915570828902	14.282008916821471	3.034495869007357	3.406567353435369	9.077557697592223	1.282856392894641	0.20697683003211773	0.2444675966759786	0.2492366699165813	0.42376533804515304	0.36273014308346413	0.692515531311516	0.21666235983333074	0.0	0.0	0.5412924692176083	0.25	0.0	0.0	1.6521157490051106	0.0	1.6	0.0	0.0	0.0	0.0	0.0	0.0
	# checklists reporting species - (Arctic Tern)	0.0	0.0	0.0	0.0	0.0	0.0	0.0	0.0	0.0	0.0	0.0	0.0	0.0	0.0	0.0	0.0	1	3	7	92	98	75	38	39	22	10	24	45	41	44	21	23	7	0.0	0.0	2	2	0.0	0.0	4	0.0	1	0.0	0.0	0.0	0.0	0.0	0.0
	
High Count
	Arctic Tern	0.0	0.0	0.0	0.0	0.0	0.0	0.0	0.0	0.0	0.0	0.0	0.0	0.0	0.0	0.0	0.0	2	14	4	46	20	16	15	140	20	20	11	10	6	13	18	20	4	0.0	0.0	1	1	0.0	0.0	4	0.0	2	0.0	0.0	0.0	0.0	0.0	0.0
	# checklists reporting species - (Arctic Tern)	0.0	0.0	0.0	0.0	0.0	0.0	0.0	0.0	0.0	0.0	0.0	0.0	0.0	0.0	0.0	0.0	1	3	10	105	104	79	42	45	61	57	25	49	44	54	22	26	7	0.0	0.0	2	4	0.0	0.0	4	0.0	1	0.0	0.0	0.0	0.0	0.0	0.0
	
Totals
	Arctic Tern	0.0	0.0	0.0	0.0	0.0	0.0	0.0	0.0	0.0	0.0	0.0	0.0	0.0	0.0	0.0	0.0	2	16	16	478	230	255	180	256	210	118	65	132	106	213	74	112	13	0.0	0.0	2	4	0.0	0.0	7	0.0	2	0.0	0.0	0.0	0.0	0.0	0.0
	# checklists reporting species - (Arctic Tern)	0.0	0.0	0.0	0.0	0.0	0.0	0.0	0.0	0.0	0.0	0.0	0.0	0.0	0.0	0.0	0.0	1	3	10	104	103	77	41	43	59	46	24	49	43	54	21	26	7	0.0	0.0	2	4	0.0	0.0	4	0.0	1	0.0	0.0	0.0	0.0	0.0	0.0
	
Average Count
	Arctic Tern	0.0	0.0	0.0	0.0	0.0	0.0	0.0	0.0	0.0	0.0	0.0	0.0	0.0	0.0	0.0	0.0	2.0	5.333333333333333	1.6	4.596153846153846	2.233009708737864	3.311688311688312	4.390243902439025	5.953488372093023	3.559322033898305	2.5652173913043477	2.7083333333333335	2.693877551020408	2.4651162790697674	3.9444444444444446	3.5238095238095237	4.3076923076923075	1.8571428571428572	0.0	0.0	1.0	1.0	0.0	0.0	1.75	0.0	2.0	0.0	0.0	0.0	0.0	0.0	0.0
	# checklists reporting species - (Arctic Tern)	0.0	0.0	0.0	0.0	0.0	0.0	0.0	0.0	0.0	0.0	0.0	0.0	0.0	0.0	0.0	0.0	1	3	10	104	103	77	41	43	59	46	24	49	43	54	21	26	7	0.0	0.0	2	4	0.0	0.0	4	0.0	1	0.0	0.0	0.0	0.0	0.0	0.0
	
