

	Week starting on...	1/1	1/8	1/15	1/22	2/1	2/8	2/15	2/22	3/1	3/8	3/15	3/22	4/1	4/8	4/15	4/22	5/1	5/8	5/15	5/22	6/1	6/8	6/15	6/22	7/1	7/8	7/15	7/22	8/1	8/8	8/15	8/22	9/1	9/8	9/15	9/22	10/1	10/8	10/15	10/22	11/1	11/8	11/15	11/22	12/1	12/8	12/15	12/22
Frequency (%)
	Caspian Tern	0.0	0.0	0.0	0.0	0.0	0.0	0.0	0.0	0.0	0.0	0.0	0.007885709779594413	0.18077787138444257	1.6975195726933492	4.163337933037984	6.833745793560383	8.351399042097302	7.983923276501112	7.462897526501767	6.507985447370043	3.932025311417996	3.044462741869082	2.950217744001366	2.8914897985850554	4.033665195524992	5.903223626410759	8.00238048006348	9.963423970058692	11.395723326967007	12.614280754542298	12.81269514748558	12.325820406797487	10.382762069279025	7.016523867809058	4.27355623100304	2.3396880415944543	1.1191378493604927	0.5851590106007067	0.2942693322816491	0.08827099194527199	0.025393600812595223	0.003103758651727242	0.0	0.0	0.0	0.0	0.0	0.0
	Total # checklists submitted - (Caspian Tern)	59897	41927	37441	52418	36194	52179	74398	41102	41678	48624	53837	76087	56976	54668	55076	76371	79340	86336	77825	81085	50254	48580	46844	53571	38972	29594	25205	35269	26703	25923	27223	41839	32997	32680	32900	41544	33776	35375	32963	45315	35442	32219	29848	36480	32106	27980	31549	46285
	
Abundance
	Caspian Tern	0.0	0.0	0.0	0.0	0.0	0.0	0.0	0.0	0.0	0.0	0.0	1.3142849632657354E-4	0.0033347374333052514	0.06907148606131558	0.1950395816689665	0.3213916277120897	0.4167254852533401	0.39223498888065234	0.4720462576292965	0.5283591293087501	0.35565328133083934	0.24755043227665707	0.2753821193749466	0.22248977991823934	0.25623524581751	0.458674055551801	0.6983535012894267	0.8802914740990672	0.8396434857506647	1.0720981367897233	1.0804466811152333	0.9294916226487249	0.6024790132436282	0.2824051407588739	0.14155015197568388	0.06848160985942615	0.028629796305068688	0.013399293286219081	0.007432575918454024	0.0011916583912611719	3.1036623215394165E-4	3.103758651727242E-5	0.0	0.0	0.0	0.0	0.0	0.0
	Total # checklists submitted - (Caspian Tern)	59897	41927	37441	52418	36194	52179	74398	41102	41678	48624	53837	76087	56976	54668	55076	76371	79340	86336	77825	81085	50254	48580	46844	53571	38972	29594	25205	35269	26703	25923	27223	41839	32997	32680	32900	41544	33776	35375	32963	45315	35442	32219	29848	36480	32106	27980	31549	46285
	
Birds Per Party Hour
	Caspian Tern	0.0	0.0	0.0	0.0	0.0	0.0	0.0	0.0	0.0	0.0	0.0	2.1573832317957646	2.911938118854546	9.082130127747437	9.343706222659822	9.209550007605019	8.80918960237286	8.181805831179796	10.570065158036197	14.642797365255708	16.454068242638066	14.78685383477812	18.24646559177473	13.580618474349215	11.034068964709205	20.187265239138256	13.258073765315357	16.111306877115915	9.39005210959317	12.734988598431555	10.201639490059904	9.229695458478666	6.949375876071227	4.977457171524878	4.60194087517486	4.222992077337175	3.1106291647021784	2.1111733103388244	3.536934620416808	1.433009436869174	1.6920287570923	3.1545741324921135	0.0	0.0	0.0	0.0	0.0	0.0
	# checklists reporting species - (Caspian Tern)	0.0	0.0	0.0	0.0	0.0	0.0	0.0	0.0	0.0	0.0	0	6	107	963	2310	5318	6616	6665	5588	5201	1964	1472	1401	1594	1629	1760	2039	3556	3090	3317	3489	5138	3400	2294	1392	1006	382	213	107	44	10	1	0.0	0.0	0.0	0.0	0.0	0.0
	
High Count
	Caspian Tern	0.0	0.0	0.0	0.0	0.0	0.0	0.0	0.0	0.0	0.0	1	4	14	112	245	225	400	250	500	500	387	350	385	385	380	450	415	427	243	320	300	320	200	91	55	56	47	30	25	3	2	1	0.0	0.0	0.0	0.0	0.0	0.0
	# checklists reporting species - (Caspian Tern)	0.0	0.0	0.0	0.0	0.0	0.0	0.0	0.0	0.0	0.0	1	17	145	1125	2617	5841	7291	7632	6366	5882	2193	1690	1605	1817	1843	2000	2307	3948	3434	3660	3873	5642	3743	2515	1577	1102	417	227	115	45	10	1	0.0	0.0	0.0	0.0	0.0	0.0
	
Totals
	Caspian Tern	0.0	0.0	0.0	0.0	0.0	0.0	0.0	0.0	0.0	0.0	0	26	272	4458	12172	26912	36002	36515	39521	46884	19386	13269	14384	13811	10970	15022	19384	33802	24774	30617	31680	41950	21495	10078	5394	3178	1100	530	325	61	12	1	0.0	0.0	0.0	0.0	0.0	0.0
	# checklists reporting species - (Caspian Tern)	0.0	0.0	0.0	0.0	0.0	0.0	0.0	0.0	0.0	0.0	0	17	139	1076	2513	5605	6848	6911	5786	5385	2039	1551	1471	1690	1731	1864	2167	3754	3257	3476	3661	5365	3547	2397	1495	1063	406	219	115	45	10	1	0.0	0.0	0.0	0.0	0.0	0.0
	
Average Count
	Caspian Tern	0.0	0.0	0.0	0.0	0.0	0.0	0.0	0.0	0.0	0.0	0.0	1.5294117647058822	1.9568345323741008	4.143122676579925	4.843613211301234	4.8014272970561995	5.257301401869159	5.283605845753147	6.830452817144832	8.706406685236768	9.507601765571358	8.555125725338492	9.778382053025153	8.172189349112426	6.337377238590411	8.05901287553648	8.94508537148131	9.004262120404901	7.6063862450107464	8.808112773302646	8.6533733952472	7.819198508853681	6.060050747110234	4.204422194409679	3.6080267558528427	2.9896519285042333	2.70935960591133	2.4200913242009134	2.8260869565217392	1.3555555555555556	1.2	1.0	0.0	0.0	0.0	0.0	0.0	0.0
	# checklists reporting species - (Caspian Tern)	0.0	0.0	0.0	0.0	0.0	0.0	0.0	0.0	0.0	0.0	0	17	139	1076	2513	5605	6848	6911	5786	5385	2039	1551	1471	1690	1731	1864	2167	3754	3257	3476	3661	5365	3547	2397	1495	1063	406	219	115	45	10	1	0.0	0.0	0.0	0.0	0.0	0.0
	
