

	Week starting on...	1/1	1/8	1/15	1/22	2/1	2/8	2/15	2/22	3/1	3/8	3/15	3/22	4/1	4/8	4/15	4/22	5/1	5/8	5/15	5/22	6/1	6/8	6/15	6/22	7/1	7/8	7/15	7/22	8/1	8/8	8/15	8/22	9/1	9/8	9/15	9/22	10/1	10/8	10/15	10/22	11/1	11/8	11/15	11/22	12/1	12/8	12/15	12/22
Frequency (%)
	Warbling Vireo	0.0	0.0	0.0	0.0	0.0	0.0	0.0	0.0	0.0	0.0	0.0	0.0	0.0	0.0	0.014525383106979447	0.45436094852758246	9.687421225107135	19.702094143810232	26.742049469964662	25.34624159832275	19.144744696939547	15.889254837381639	14.157629579028264	12.37983237199231	11.39536077183619	10.98871392849902	10.593136282483634	8.54858374209646	7.2388870164401	6.758477028121746	7.100613451860559	8.821912569612085	11.922295966299966	8.81578947368421	3.9270516717325226	0.5608511457731562	0.09474182851729039	0.03674911660777386	0.012134817826047386	0.004413549597263599	0.0	0.0	0.02345215759849906	0.0027412280701754384	0.0	0.0	0.0	0.0
	Total # checklists submitted - (Warbling Vireo)	59897	41927	37441	52418	36194	52179	74398	41102	41678	48624	53837	76087	56976	54668	55076	76371	79340	86336	77825	81085	50254	48580	46844	53571	38972	29594	25205	35269	26703	25923	27223	41839	32997	32680	32900	41544	33776	35375	32963	45315	35442	32219	29848	36480	32106	27980	31549	46285
	
Abundance
	Warbling Vireo	0.0	0.0	0.0	0.0	0.0	0.0	0.0	0.0	0.0	0.0	0.0	0.0	0.0	0.0	1.2709710218607016E-4	0.006494611829097432	0.19262667002772876	0.4737884544106746	0.7384902023771281	0.6446321761114879	0.4085644923787161	0.307739810621655	0.26312868243531723	0.21832707994997294	0.2014010058503541	0.19774278569980402	0.19456457052172188	0.157872352490856	0.13219488446990973	0.13347220614897967	0.1443999559196268	0.1835368914170989	0.2568415310482771	0.16123011015911873	0.055592705167173254	0.006041787020989794	0.0010362387494078635	3.6749116607773854E-4	1.2134817826047386E-4	4.413549597263599E-5	0.0	0.0	2.3452157598499062E-4	2.7412280701754386E-5	0.0	0.0	0.0	0.0
	Total # checklists submitted - (Warbling Vireo)	59897	41927	37441	52418	36194	52179	74398	41102	41678	48624	53837	76087	56976	54668	55076	76371	79340	86336	77825	81085	50254	48580	46844	53571	38972	29594	25205	35269	26703	25923	27223	41839	32997	32680	32900	41544	33776	35375	32963	45315	35442	32219	29848	36480	32106	27980	31549	46285
	
Birds Per Party Hour
	Warbling Vireo	0.0	0.0	0.0	0.0	0.0	0.0	0.0	0.0	0.0	0.0	0.0	0.0	0.0	0.0	0.881253755415977	0.9951183682397836	1.5802137717739198	1.8505604080617315	2.351487197810532	3.346323902171769	4.1724491687029115	4.323869869142405	4.9387562576513835	4.762130974978217	3.7561328141826342	3.0709263924266588	2.4464810415116807	2.3529202073717097	1.773029325174839	1.7453066372596946	1.4964879432235567	1.5782685101498029	1.6408785700471995	1.4370286103435959	1.2062406158529413	0.9641049504779683	1.889173419448948	0.5943066329462807	0.6201690821256038	0.75	0.0	0.0	0.9647342664468604	0.2	0.0	0.0	0.0	0.0
	# checklists reporting species - (Warbling Vireo)	0.0	0.0	0.0	0.0	0.0	0.0	0.0	0.0	0.0	0.0	0.0	0.0	0.0	0.0	5	356	7587	16312	20358	20369	9580	7628	6583	6583	4439	3227	2640	3017	1945	1775	1956	3731	4001	2936	1310	234	35	13	4	4	1	1	7	1	0.0	0.0	0.0	0.0
	
High Count
	Warbling Vireo	0.0	0.0	0.0	0.0	0.0	0.0	0.0	0.0	0.0	0.0	0.0	0.0	0.0	0.0	2	10	40	55	80	60	33	23	41	30	21	19	20	22	40	30	32	27	30	20	12	5	2	1	1	1	1	1	1	1	0.0	0.0	0.0	0.0
	# checklists reporting species - (Warbling Vireo)	0.0	0.0	0.0	0.0	0.0	0.0	0.0	0.0	0.0	0.0	0.0	0.0	0.0	0.0	10	412	8499	18533	22235	21906	10195	8167	7010	6991	4731	3426	2793	3176	2048	1860	2064	3934	4184	3056	1382	250	39	15	5	4	1	1	7	1	0.0	0.0	0.0	0.0
	
Totals
	Warbling Vireo	0.0	0.0	0.0	0.0	0.0	0.0	0.0	0.0	0.0	0.0	0.0	0.0	0.0	0.0	10	579	16323	43152	60127	54382	21238	15472	12760	12101	8185	6016	5054	5776	3721	3634	4196	8138	8842	5530	1932	268	40	15	5	4	1	1	7	1	0.0	0.0	0.0	0.0
	# checklists reporting species - (Warbling Vireo)	0.0	0.0	0.0	0.0	0.0	0.0	0.0	0.0	0.0	0.0	0.0	0.0	0.0	0.0	9	390	7933	16853	20758	20824	9774	7821	6721	6726	4540	3299	2700	3084	1981	1808	1993	3824	4094	2990	1350	243	37	15	5	4	1	1	7	1	0.0	0.0	0.0	0.0
	
Average Count
	Warbling Vireo	0.0	0.0	0.0	0.0	0.0	0.0	0.0	0.0	0.0	0.0	0.0	0.0	0.0	0.0	1.1111111111111112	1.4846153846153847	2.0576074624984244	2.560493680650329	2.896569997109548	2.6115059546676913	2.1729077143441784	1.9782636491497252	1.8985270049099836	1.7991376746952126	1.802863436123348	1.8235829039102758	1.8718518518518519	1.8728923476005188	1.878344270570419	2.0099557522123894	2.105368790767687	2.1281380753138075	2.159745969711773	1.8494983277591974	1.431111111111111	1.102880658436214	1.0810810810810811	1.0	1.0	1.0	1.0	1.0	1.0	1.0	0.0	0.0	0.0	0.0
	# checklists reporting species - (Warbling Vireo)	0.0	0.0	0.0	0.0	0.0	0.0	0.0	0.0	0.0	0.0	0.0	0.0	0.0	0.0	9	390	7933	16853	20758	20824	9774	7821	6721	6726	4540	3299	2700	3084	1981	1808	1993	3824	4094	2990	1350	243	37	15	5	4	1	1	7	1	0.0	0.0	0.0	0.0
	
