

	Week starting on...	1/1	1/8	1/15	1/22	2/1	2/8	2/15	2/22	3/1	3/8	3/15	3/22	4/1	4/8	4/15	4/22	5/1	5/8	5/15	5/22	6/1	6/8	6/15	6/22	7/1	7/8	7/15	7/22	8/1	8/8	8/15	8/22	9/1	9/8	9/15	9/22	10/1	10/8	10/15	10/22	11/1	11/8	11/15	11/22	12/1	12/8	12/15	12/22
Frequency (%)
	Golden-crowned Kinglet	3.425881095881263	2.5282037827652823	2.3450228359285274	2.171009958411233	1.7958777697960986	1.0425650165775504	0.9798650501357564	1.3624641136684346	1.1924756466241182	1.3655807831523528	1.9317569701134907	5.534453980312011	11.920808761583825	16.825199385380845	13.316144963323406	8.978538974217962	4.020670531888077	1.7095997034840622	1.2772245422422102	1.290004316458038	2.216738966052454	2.657472210786332	2.258560327896849	2.3725523137518434	2.7019398542543365	1.83483138474015	1.376710970045626	1.2957554793161135	1.3406733325843538	1.3617251089765845	1.2342504499871434	1.498601783025407	1.8183471224656786	1.9277845777233782	3.96048632218845	12.00895436164067	22.70843202273804	24.898939929328623	22.777053059490946	20.337636544190666	13.218779978556514	9.038145193829727	6.291878852854463	5.013706140350878	4.830872734068398	4.281629735525375	5.527908967003708	4.478772820568219
	Total # checklists submitted - (Golden-crowned Kinglet)	59897	41927	37441	52418	36194	52179	74398	41102	41678	48624	53837	76087	56976	54668	55076	76371	79340	86336	77825	81085	50254	48580	46844	53571	38972	29594	25205	35269	26703	25923	27223	41839	32997	32680	32900	41544	33776	35375	32963	45315	35442	32219	29848	36480	32106	27980	31549	46285
	
Abundance
	Golden-crowned Kinglet	0.08517955824164816	0.06253726715481671	0.055393819609518974	0.05036437864855584	0.039454053157981984	0.023131911305314397	0.0225812521841985	0.03043647511070021	0.025601036518067086	0.029471043106284962	0.05999591359102476	0.25137014207420455	0.6324417298511654	1.0205604741347771	0.6124083085191372	0.28089196160846397	0.08512730022687169	0.027879447739065973	0.020918727915194345	0.02409816858851822	0.040096310741433515	0.05220255249073693	0.034924430023055245	0.03516828134625077	0.047957507954428824	0.035547746164763125	0.037373536996627654	0.03450622359579234	0.03741152679474216	0.04166184469390117	0.03882746207251221	0.04811300461292096	0.0592478104070067	0.06223990208078335	0.11945288753799392	0.6508280377431157	1.5855045002368546	1.6422049469964664	1.5440645572308345	1.2174335209091913	0.5357485469217312	0.33200906297526306	0.18198874296435272	0.14120065789473685	0.1340247928736062	0.1283059328091494	0.19125804304415353	0.12580749702927516
	Total # checklists submitted - (Golden-crowned Kinglet)	59897	41927	37441	52418	36194	52179	74398	41102	41678	48624	53837	76087	56976	54668	55076	76371	79340	86336	77825	81085	50254	48580	46844	53571	38972	29594	25205	35269	26703	25923	27223	41839	32997	32680	32900	41544	33776	35375	32963	45315	35442	32219	29848	36480	32106	27980	31549	46285
	
Birds Per Party Hour
	Golden-crowned Kinglet	3.255583668008114	3.4929142730478295	3.648587631745225	2.8937166348265806	2.714362281348025	2.8138148336878794	3.0116089050144845	3.011613074015844	2.3705235590220153	2.4238451562225145	3.0895744393019924	5.343009746492839	5.0410185416969915	6.029600796359862	4.5737153055270445	3.0887560429567094	2.02583302410844	1.6034203639631974	1.9009867999595034	3.438876892806206	8.2470020977434	8.780052010404304	10.4684118534476	10.118748648046639	10.404395284942577	7.554946499844251	4.31641293255322	2.266091042145399	3.29518469486296	2.691969718662525	2.5062565521037805	3.0555868140211326	2.970853223448739	2.8851015547191183	2.654954124670749	4.440697305028304	5.952546408573268	5.9042693872308725	6.051351428228358	5.387214599770385	3.9498906421331412	3.4206686314335992	2.9222911596351455	3.0665123562041328	3.0054540210942844	2.998171795589102	2.531844098628807	2.6227341498764343
	# checklists reporting species - (Golden-crowned Kinglet)	2041	1083	890	1147	653	550	733	562	511	671	1033	4301	6897	9152	7174	6891	3254	1471	958	1013	1086	1295	1057	1280	1054	557	348	471	349	356	350	614	612	627	1293	4990	7757	8881	7593	9298	4737	2969	1882	1844	1544	1207	1736	2099
	
High Count
	Golden-crowned Kinglet	30	25	35	40	20	15	26	20	15	12	250	240	400	800	410	200	50	15	27	15	15	15	15	19	30	18	34	23	100	22	55	25	40	68	80	600	500	6000	1667	742	127	200	50	57	36	70	45	47
	# checklists reporting species - (Golden-crowned Kinglet)	2173	1131	943	1209	685	585	773	598	534	703	1133	4582	7367	9907	7863	7349	3459	1644	1078	1140	1182	1373	1127	1399	1137	599	381	509	395	395	385	694	650	682	1424	5481	8448	9645	8162	9928	5027	3128	1988	1949	1646	1287	1836	2194
	
Totals
	Golden-crowned Kinglet	5332	2745	2232	2753	1502	1289	1745	1322	1118	1477	3490	20274	38442	60306	35522	22892	7210	2665	1738	2070	2066	2626	1739	2030	1984	1150	1011	1303	1226	1167	1196	2169	2076	2133	4285	30071	60392	69722	56457	59586	20041	11321	5668	5431	4522	3776	6293	6169
	# checklists reporting species - (Golden-crowned Kinglet)	2121	1116	921	1183	671	571	759	586	523	689	1086	4457	7147	9485	7461	7045	3323	1527	994	1054	1114	1325	1084	1336	1100	583	362	483	368	371	368	646	624	647	1366	5229	8104	9258	7873	9590	4869	3049	1934	1904	1610	1259	1808	2160
	
Average Count
	Golden-crowned Kinglet	2.513908533710514	2.4596774193548385	2.423452768729642	2.327134404057481	2.238450074515648	2.2574430823117337	2.2990777338603428	2.255972696245734	2.1376673040152965	2.143686502177068	3.2136279926335174	4.548799641014135	5.3787603190149715	6.358039008961518	4.761023991422062	3.2493967352732436	2.169726151068312	1.745252128356254	1.7484909456740443	1.9639468690702087	1.8545780969479353	1.9818867924528303	1.6042435424354244	1.5194610778443114	1.8036363636363637	1.9725557461406518	2.792817679558011	2.6977225672877845	3.3315217391304346	3.1455525606469004	3.25	3.3575851393188856	3.326923076923077	3.2967542503863987	3.136896046852123	5.750812774909161	7.452122408687068	7.53100021602938	7.170964054363012	6.213347236704901	4.116040254672417	3.713020662512299	2.9307135470527403	2.8524159663865545	2.8086956521739133	2.999205718824464	3.480641592920354	2.8560185185185185
	# checklists reporting species - (Golden-crowned Kinglet)	2121	1116	921	1183	671	571	759	586	523	689	1086	4457	7147	9485	7461	7045	3323	1527	994	1054	1114	1325	1084	1336	1100	583	362	483	368	371	368	646	624	647	1366	5229	8104	9258	7873	9590	4869	3049	1934	1904	1610	1259	1808	2160
	
