

	Week starting on...	1/1	1/8	1/15	1/22	2/1	2/8	2/15	2/22	3/1	3/8	3/15	3/22	4/1	4/8	4/15	4/22	5/1	5/8	5/15	5/22	6/1	6/8	6/15	6/22	7/1	7/8	7/15	7/22	8/1	8/8	8/15	8/22	9/1	9/8	9/15	9/22	10/1	10/8	10/15	10/22	11/1	11/8	11/15	11/22	12/1	12/8	12/15	12/22
Frequency (%)
	Lincoln's Sparrow	0.008347663488989432	0.042931762348844424	0.0026708688336315803	0.0038154832309512	0.0	0.0	0.0	0.0	0.0	0.0	0.0	0.0	0.0017551249648975007	0.0	0.032682111990703755	0.22521637794450772	2.195613813965213	5.8573480355819125	5.1680051397365885	1.4046987728926434	0.8974409997214152	0.9715932482503088	0.9606353001451626	1.1162755968714415	1.8192548496356358	1.2367371764546866	0.6189248165046618	0.5131985596416117	0.5729693292888439	0.6056397793465262	0.5326378430004041	0.540165873945362	0.9667545534442524	1.872705018359853	2.6990881458966562	3.6996918929327944	4.429180483183325	2.6685512367491167	1.5350544549949945	0.5759682224428997	0.10721742565317983	0.027933827865545175	0.020101849370142054	0.021929824561403508	0.012458730455366598	0.007147962830593281	0.01267869029129291	0.010802635843145727
	Total # checklists submitted - (Lincoln's Sparrow)	59897	41927	37441	52418	36194	52179	74398	41102	41678	48624	53837	76087	56976	54668	55076	76371	79340	86336	77825	81085	50254	48580	46844	53571	38972	29594	25205	35269	26703	25923	27223	41839	32997	32680	32900	41544	33776	35375	32963	45315	35442	32219	29848	36480	32106	27980	31549	46285
	
Abundance
	Lincoln's Sparrow	8.347663488989432E-5	5.247215398192095E-4	2.6708688336315805E-5	3.8154832309512E-5	0.0	0.0	0.0	0.0	0.0	0.0	0.0	0.0	1.7551249648975007E-5	0.0	3.2682111990703757E-4	0.002566419190530437	0.03197630451222586	0.09752594514455153	0.08598779312560231	0.021693284824566814	0.013531261193138855	0.013338822560724578	0.013598326359832637	0.016706800321069235	0.027275993020630197	0.019057917145367306	0.010196389605237057	0.008080750800986702	0.012058570198105082	0.0150445550283532	0.0121221026338023	0.015368436148091493	0.01797133072703579	0.02974296205630355	0.04164133738601824	0.06448584633160023	0.07315845570819517	0.035731448763250885	0.02050784212602008	0.006863069623744897	0.0011286044805597878	2.7933827865545176E-4	2.0101849370142053E-4	2.192982456140351E-4	1.2458730455366598E-4	7.14796283059328E-5	1.267869029129291E-4	1.0802635843145727E-4
	Total # checklists submitted - (Lincoln's Sparrow)	59897	41927	37441	52418	36194	52179	74398	41102	41678	48624	53837	76087	56976	54668	55076	76371	79340	86336	77825	81085	50254	48580	46844	53571	38972	29594	25205	35269	26703	25923	27223	41839	32997	32680	32900	41544	33776	35375	32963	45315	35442	32219	29848	36480	32106	27980	31549	46285
	
Birds Per Party Hour
	Lincoln's Sparrow	0.766435147292451	3.0626143318502415	1.2004801920768307	0.8333333333333334	0.0	0.0	0.0	0.0	0.0	0.0	0.0	0.0	0.495785820525533	0.0	1.7153704009257462	1.5919476754000843	0.9459878092444102	0.9288104827230989	1.16186607668095	1.3673552432357226	9.720968277331075	10.827106318762384	11.109643465809125	11.209873350803157	14.382600697067279	13.073468110227985	2.119869325022318	1.2559928390425024	1.228344030520325	0.9950577388398921	0.9686973109410513	1.4687944957747967	1.1946800570955944	1.2586915353804355	1.5136922017697327	1.71573422845304	1.4922243995269973	1.10345884466226	1.156308553948906	1.0648071816226348	0.9027384099005663	0.6077771979876603	1.7730039920159681	1.5868961231373908	0.20714285714285716	0.8333333333333334	0.3863424496901876	1.5502253377815596
	# checklists reporting species - (Lincoln's Sparrow)	8	19	1	2	0.0	0.0	0.0	0.0	0.0	0.0	0.0	1	1	0	17	194	1752	4944	4021	1173	461	477	456	611	696	337	156	176	151	147	133	217	322	621	937	1594	1539	968	514	286	40	9	6	9	5	2	5	10
	
High Count
	Lincoln's Sparrow	1	2	1	1	0.0	0.0	0.0	0.0	0.0	0.0	0.0	1	1	1	1	6	29	42	45	90	7	8	15	32	15	10	8	8	10	18	14	30	25	42	12	25	24	35	10	5	2	1	1	1	1	1	1	1
	# checklists reporting species - (Lincoln's Sparrow)	9	20	1	2	0.0	0.0	0.0	0.0	0.0	0.0	0.0	1	1	1	21	225	1996	5751	4476	1332	495	500	484	641	739	375	179	191	163	164	152	242	355	675	1004	1676	1615	1042	543	307	51	9	6	9	5	2	5	12
	
Totals
	Lincoln's Sparrow	9	24	1	2	0.0	0.0	0.0	0.0	0.0	0.0	0.0	1	1	1	20	248	2825	9244	7410	2056	722	686	697	961	1104	575	276	296	329	399	338	679	633	1054	1540	2878	2648	1438	720	367	53	9	6	9	5	2	5	12
	# checklists reporting species - (Lincoln's Sparrow)	9	20	1	2	0.0	0.0	0.0	0.0	0.0	0.0	0.0	1	1	1	20	214	1853	5180	4186	1258	476	486	467	622	706	356	166	186	157	156	144	239	345	659	987	1652	1595	1017	537	304	51	9	6	9	5	2	5	12
	
Average Count
	Lincoln's Sparrow	1.0	1.2	1.0	1.0	0.0	0.0	0.0	0.0	0.0	0.0	0.0	1.0	1.0	1.0	1.0	1.158878504672897	1.5245547760388558	1.7845559845559846	1.7701863354037266	1.6343402225755166	1.5168067226890756	1.4115226337448559	1.4925053533190578	1.545016077170418	1.5637393767705383	1.6151685393258426	1.6626506024096386	1.5913978494623655	2.0955414012738856	2.5576923076923075	2.3472222222222223	2.8410041841004183	1.8347826086956522	1.5993930197268589	1.5602836879432624	1.742130750605327	1.6601880877742947	1.4139626352015733	1.3407821229050279	1.207236842105263	1.0392156862745099	1.0	1.0	1.0	1.0	1.0	1.0	1.0
	# checklists reporting species - (Lincoln's Sparrow)	9	20	1	2	0.0	0.0	0.0	0.0	0.0	0.0	0.0	1	1	1	20	214	1853	5180	4186	1258	476	486	467	622	706	356	166	186	157	156	144	239	345	659	987	1652	1595	1017	537	304	51	9	6	9	5	2	5	12
	
