

	Week starting on...	1/1	1/8	1/15	1/22	2/1	2/8	2/15	2/22	3/1	3/8	3/15	3/22	4/1	4/8	4/15	4/22	5/1	5/8	5/15	5/22	6/1	6/8	6/15	6/22	7/1	7/8	7/15	7/22	8/1	8/8	8/15	8/22	9/1	9/8	9/15	9/22	10/1	10/8	10/15	10/22	11/1	11/8	11/15	11/22	12/1	12/8	12/15	12/22
Frequency (%)
	White-rumped Sandpiper	0.0	0.0	0.0	0.0	0.0	0.0	0.0	0.0	0.0	0.0	0.0	0.0	0.0	0.0	0.0	0.0013093975461889984	0.015124779430299976	0.14478317272053373	0.46129135881786065	0.7189985817352161	0.4616547936482668	0.19967064635652532	0.04909913756297498	0.014933452800955739	0.005131889561736632	0.003379063323646685	0.5038682801031541	0.7570387592503331	1.2058570198105083	1.5237433938973113	1.0873158726077214	0.8986830469179474	1.109191744704064	0.7037943696450428	0.6231003039513677	0.5367802811476988	0.6720748460445286	0.8395759717314488	1.0193246973879804	0.9202250910294604	0.7307714011624626	0.2234706229243614	0.12731171267756633	0.021929824561403508	0.015573413069208246	0.0	0.0	0.0
	Total # checklists submitted - (White-rumped Sandpiper)	59897	41927	37441	52418	36194	52179	74398	41102	41678	48624	53837	76087	56976	54668	55076	76371	79340	86336	77825	81085	50254	48580	46844	53571	38972	29594	25205	35269	26703	25923	27223	41839	32997	32680	32900	41544	33776	35375	32963	45315	35442	32219	29848	36480	32106	27980	31549	46285
	
Abundance
	White-rumped Sandpiper	0.0	0.0	0.0	0.0	0.0	0.0	0.0	0.0	0.0	0.0	0.0	0.0	0.0	0.0	0.0	1.3093975461889984E-5	2.772876228888329E-4	0.0018648072646404745	0.006887247028589785	0.01613122032435099	0.013551160106658177	0.006895841910251132	5.763811800870976E-4	3.3600268802150415E-4	7.697834342604947E-5	3.379063323646685E-5	5.767070025788534	13.576511951005132	35.22274650788301	35.19484627550823	22.97781287881571	15.894261335117951	3.8409249325696275	0.20957772337821298	0.013373860182370821	0.010278259195070288	0.09201800094741829	0.11417667844522968	0.08582349907472014	0.039390930155577625	0.03899328480334067	0.013656538067599864	0.004790940766550522	2.192982456140351E-4	1.5573413069208246E-4	0.0	0.0	0.0
	Total # checklists submitted - (White-rumped Sandpiper)	59897	41927	37441	52418	36194	52179	74398	41102	41678	48624	53837	76087	56976	54668	55076	76371	79340	86336	77825	81085	50254	48580	46844	53571	38972	29594	25205	35269	26703	25923	27223	41839	32997	32680	32900	41544	33776	35375	32963	45315	35442	32219	29848	36480	32106	27980	31549	46285
	
Birds Per Party Hour
	White-rumped Sandpiper	0.0	0.0	0.0	0.0	0.0	0.0	0.0	0.0	0.0	0.0	0.0	0.0	0.0	0.0	0.0	2.3980815347721824	2.4035295051923664	1.4440915296033892	1.9187934766519619	2.9861151791035483	4.00933661614288	2.6895921574986033	1.5950532005867268	1.480740211390673	0.39521197577419725	0.35298270384751146	158.45707233783935	270.5530729503143	349.7484146317946	277.2176385430665	261.6327041911454	230.66379630807054	41.11077903948826	5.173326519695681	2.7680123796423906	3.300234454080451	13.246945866674691	15.060080188176608	8.595314870424197	4.031407961002586	4.455689635940369	2.1888650845496302	3.7764006642100467	1.6989519236751485	0.4635022690316304	0.0	0.0	0.0
	# checklists reporting species - (White-rumped Sandpiper)	0.0	0.0	0.0	0.0	0.0	0.0	0.0	0.0	0.0	0.0	0.0	0.0	0.0	0.0	0.0	1	15	138	398	652	276	105	29	10	3	1	128	286	338	426	319	400	389	226	214	251	246	313	347	446	284	84	39	11	6	0.0	0.0	0.0
	
High Count
	White-rumped Sandpiper	0.0	0.0	0.0	0.0	0.0	0.0	0.0	0.0	0.0	0.0	0.0	0.0	0.0	0.0	0.0	1	6	5	7	150	62	60	2	7	2	1	28570	25870	28605	31657	40787	37464	31008	997	50	20	310	220	240	100	150	120	15	2	1	0.0	0.0	0.0
	# checklists reporting species - (White-rumped Sandpiper)	0.0	0.0	0.0	0.0	0.0	0.0	0.0	0.0	0.0	0.0	0.0	0.0	0.0	0.0	0.0	1	23	161	451	774	312	135	33	11	3	1	129	289	353	453	330	445	458	287	251	279	289	350	408	486	319	98	54	12	6	0.0	0.0	0.0
	
Totals
	White-rumped Sandpiper	0.0	0.0	0.0	0.0	0.0	0.0	0.0	0.0	0.0	0.0	0.0	0.0	0.0	0.0	0.0	1	33	205	645	1676	957	434	43	23	4	1	145396	488892	940590	913001	625589	665182	126923	7178	678	524	3408	4741	3406	2007	1487	492	179	13	6	0.0	0.0	0.0
	# checklists reporting species - (White-rumped Sandpiper)	0.0	0.0	0.0	0.0	0.0	0.0	0.0	0.0	0.0	0.0	0.0	0.0	0.0	0.0	0.0	1	20	153	431	745	305	131	32	11	3	1	128	288	349	446	325	430	448	267	239	270	276	340	399	476	316	95	53	12	6	0.0	0.0	0.0
	
Average Count
	White-rumped Sandpiper	0.0	0.0	0.0	0.0	0.0	0.0	0.0	0.0	0.0	0.0	0.0	0.0	0.0	0.0	0.0	1.0	1.65	1.3398692810457515	1.4965197215777262	2.2496644295302013	3.137704918032787	3.312977099236641	1.34375	2.090909090909091	1.3333333333333333	1.0	1135.90625	1697.5416666666667	2695.1002865329515	2047.0874439461884	1924.8892307692308	1546.9348837209302	283.31026785714283	26.883895131086142	2.8368200836820083	1.9407407407407407	12.347826086956522	13.944117647058823	8.536340852130326	4.216386554621849	4.705696202531645	5.178947368421053	3.3773584905660377	1.0833333333333333	1.0	0.0	0.0	0.0
	# checklists reporting species - (White-rumped Sandpiper)	0.0	0.0	0.0	0.0	0.0	0.0	0.0	0.0	0.0	0.0	0.0	0.0	0.0	0.0	0.0	1	20	153	431	745	305	131	32	11	3	1	128	288	349	446	325	430	448	267	239	270	276	340	399	476	316	95	53	12	6	0.0	0.0	0.0
	
