

	Week starting on...	1/1	1/8	1/15	1/22	2/1	2/8	2/15	2/22	3/1	3/8	3/15	3/22	4/1	4/8	4/15	4/22	5/1	5/8	5/15	5/22	6/1	6/8	6/15	6/22	7/1	7/8	7/15	7/22	8/1	8/8	8/15	8/22	9/1	9/8	9/15	9/22	10/1	10/8	10/15	10/22	11/1	11/8	11/15	11/22	12/1	12/8	12/15	12/22
Frequency (%)
	Yellow-bellied Flycatcher	0.0	0.0	0.0	0.0	0.0	0.0	0.0	0.0	0.0	0.0	0.0	0.0	0.0	0.0	0.0	0.0	0.025207965717166627	0.42508339510748705	1.4905236106649533	2.2174261577357095	2.2625064671468937	2.2993001235076163	2.036546836307745	1.4037445632898395	1.1007903109925075	0.5879570183145232	0.2578853402102757	0.2069806345515892	0.516795865633075	0.9489642402499711	2.159938287477501	2.664977652429551	2.6335727490377914	1.8206854345165238	0.8632218844984804	0.35384170999422304	0.11250592136428234	0.008480565371024734	0.030337044565118466	0.04854904556989959	0.0	0.0	0.0	0.0	0.0	0.0	0.0031696725728232273	0.0
	Total # checklists submitted - (Yellow-bellied Flycatcher)	59897	41927	37441	52418	36194	52179	74398	41102	41678	48624	53837	76087	56976	54668	55076	76371	79340	86336	77825	81085	50254	48580	46844	53571	38972	29594	25205	35269	26703	25923	27223	41839	32997	32680	32900	41544	33776	35375	32963	45315	35442	32219	29848	36480	32106	27980	31549	46285
	
Abundance
	Yellow-bellied Flycatcher	0.0	0.0	0.0	0.0	0.0	0.0	0.0	0.0	0.0	0.0	0.0	0.0	0.0	0.0	0.0	0.0	2.772876228888329E-4	0.004204503335804299	0.018451654352714425	0.03110316334710489	0.029669280057308872	0.030300535199670648	0.02595850055503373	0.018293479681170784	0.012547469978446064	0.006487801581401636	0.003491370759769887	0.002296634438175168	0.006141632026364079	0.010916946341087065	0.028946111743746096	0.034704462343746266	0.033396975482619634	0.02288861689106487	0.009422492401215805	0.0039957635278259195	0.0011546660350544766	8.480565371024735E-5	3.3370749021630313E-4	4.8549045569899594E-4	0.0	0.0	0.0	0.0	0.0	0.0	3.169672572823227E-5	0.0
	Total # checklists submitted - (Yellow-bellied Flycatcher)	59897	41927	37441	52418	36194	52179	74398	41102	41678	48624	53837	76087	56976	54668	55076	76371	79340	86336	77825	81085	50254	48580	46844	53571	38972	29594	25205	35269	26703	25923	27223	41839	32997	32680	32900	41544	33776	35375	32963	45315	35442	32219	29848	36480	32106	27980	31549	46285
	
Birds Per Party Hour
	Yellow-bellied Flycatcher	0.0	0.0	0.0	0.0	0.0	0.0	0.0	0.0	0.0	0.0	0.0	0.0	0.0	0.0	0.0	0.0	0.44743501401911573	0.5817810127484208	0.7743752016307738	1.4180484867901162	8.758913024321808	12.595429208135	14.85038501232596	12.633842275927371	11.330082112143883	9.730505536831126	2.13854865606954	1.2380764109855884	0.8749803836572371	0.7309951902784312	0.884976311471222	0.912352578338651	0.9193273272389393	0.8947755136156968	0.8450385200867818	0.7066521512849371	0.5912572364816656	0.40888536620243937	0.4414101166956481	0.9744906370713344	0.0	0.0	0.0	0.0	0.0	0.0	0.3333333333333333	0.0
	# checklists reporting species - (Yellow-bellied Flycatcher)	0.0	0.0	0.0	0.0	0.0	0.0	0.0	0.0	0.0	0.0	0.0	0.0	0.0	0.0	0.0	0.0	21	357	1176	1927	1190	1128	969	753	422	167	67	82	140	261	622	1174	920	624	296	152	46	3	11	24	0.0	0.0	0.0	0	0.0	0.0	2	0.0
	
High Count
	Yellow-bellied Flycatcher	0.0	0.0	0.0	0.0	0.0	0.0	0.0	0.0	0.0	0.0	0.0	0.0	0.0	0.0	0.0	0.0	2	5	16	50	12	35	7	10	4	3	4	3	4	6	12	15	10	9	3	4	3	1	2	1	0.0	0.0	0.0	1	0.0	0.0	1	0.0
	# checklists reporting species - (Yellow-bellied Flycatcher)	0.0	0.0	0.0	0.0	0.0	0.0	0.0	0.0	0.0	0.0	0.0	0.0	0.0	0.0	0.0	0.0	28	448	1350	2139	1252	1169	986	777	441	181	76	86	159	283	657	1262	988	666	316	173	51	5	11	24	0.0	0.0	0.0	1	0.0	0.0	2	0.0
	
Totals
	Yellow-bellied Flycatcher	0.0	0.0	0.0	0.0	0.0	0.0	0.0	0.0	0.0	0.0	0.0	0.0	0.0	0.0	0.0	0.0	26	437	1633	3050	1641	1532	1260	1007	497	199	95	94	182	323	883	1662	1247	844	344	192	54	5	12	24	0.0	0.0	0.0	1	0.0	0.0	2	0.0
	# checklists reporting species - (Yellow-bellied Flycatcher)	0.0	0.0	0.0	0.0	0.0	0.0	0.0	0.0	0.0	0.0	0.0	0.0	0.0	0.0	0.0	0.0	24	392	1252	2055	1223	1144	980	757	429	175	71	84	150	277	650	1240	965	656	310	171	51	5	11	24	0.0	0.0	0.0	1	0.0	0.0	2	0.0
	
Average Count
	Yellow-bellied Flycatcher	0.0	0.0	0.0	0.0	0.0	0.0	0.0	0.0	0.0	0.0	0.0	0.0	0.0	0.0	0.0	0.0	1.0833333333333333	1.114795918367347	1.3043130990415335	1.4841849148418491	1.3417825020441536	1.3391608391608392	1.2857142857142858	1.3302509907529723	1.1585081585081585	1.1371428571428572	1.3380281690140845	1.119047619047619	1.2133333333333334	1.1660649819494584	1.3584615384615384	1.3403225806451613	1.2922279792746114	1.2865853658536586	1.1096774193548387	1.1228070175438596	1.0588235294117647	1.0	1.0909090909090908	1.0	0.0	0.0	0.0	1.0	0.0	0.0	1.0	0.0
	# checklists reporting species - (Yellow-bellied Flycatcher)	0.0	0.0	0.0	0.0	0.0	0.0	0.0	0.0	0.0	0.0	0.0	0.0	0.0	0.0	0.0	0.0	24	392	1252	2055	1223	1144	980	757	429	175	71	84	150	277	650	1240	965	656	310	171	51	5	11	24	0.0	0.0	0.0	1	0.0	0.0	2	0.0
	
