

	Week starting on...	1/1	1/8	1/15	1/22	2/1	2/8	2/15	2/22	3/1	3/8	3/15	3/22	4/1	4/8	4/15	4/22	5/1	5/8	5/15	5/22	6/1	6/8	6/15	6/22	7/1	7/8	7/15	7/22	8/1	8/8	8/15	8/22	9/1	9/8	9/15	9/22	10/1	10/8	10/15	10/22	11/1	11/8	11/15	11/22	12/1	12/8	12/15	12/22
Frequency (%)
	Wilson's Phalarope	0.0	0.0	0.0	0.0	0.0	0.0	0.0	0.0	0.0	0.0	0.0018574586251091257	0.0	0.0035102499297950014	0.0	0.003631345776744862	0.09034843068704089	0.2621628434585329	0.49805411415863604	0.7966591712174752	0.653635074304742	0.2706252238627771	0.13174145738987236	0.07471607890017933	0.044800358402867224	0.051318895617366314	0.06758126647293371	0.23408053957548106	0.2608523065581672	0.37448975770512677	0.6210700921961193	0.6795724203798259	0.5114845001075552	0.2909355395945086	0.14075887392900857	0.0790273556231003	0.055362988638551894	0.020724774988157273	0.01696113074204947	0.0030337044565118465	0.013240648791790799	0.016929067208396816	0.024830069213817935	0.0368533905119271	0.008223684210526315	0.012458730455366598	0.0	0.0	0.0
	Total # checklists submitted - (Wilson's Phalarope)	59897	41927	37441	52418	36194	52179	74398	41102	41678	48624	53837	76087	56976	54668	55076	76371	79340	86336	77825	81085	50254	48580	46844	53571	38972	29594	25205	35269	26703	25923	27223	41839	32997	32680	32900	41544	33776	35375	32963	45315	35442	32219	29848	36480	32106	27980	31549	46285
	
Abundance
	Wilson's Phalarope	0.0	0.0	0.0	0.0	0.0	0.0	0.0	0.0	0.0	0.0	1.8574586251091257E-5	0.0	3.5102499297950014E-5	0.0	3.631345776744862E-5	0.0012701156198033285	0.0059616838921099065	0.015057449962935508	0.034487632508833924	0.03211444780168959	0.00809885780236399	0.003581720872787155	0.001280847066860217	0.001680013440107521	0.0015139074207123062	0.0016557410285868758	0.0037690934338424917	0.0048200969690096115	0.009287345991087144	0.015507464413840991	0.014730191382287037	0.007122541169722029	0.0033942479619359337	0.0014075887392900857	7.902735562310031E-4	6.017716156364336E-4	3.256750355281857E-4	1.978798586572438E-4	3.0337044565118466E-5	4.8549045569899594E-4	1.6929067208396818E-4	2.4830069213817936E-4	3.6853390511927097E-4	8.223684210526316E-5	1.2458730455366598E-4	0.0	0.0	0.0
	Total # checklists submitted - (Wilson's Phalarope)	59897	41927	37441	52418	36194	52179	74398	41102	41678	48624	53837	76087	56976	54668	55076	76371	79340	86336	77825	81085	50254	48580	46844	53571	38972	29594	25205	35269	26703	25923	27223	41839	32997	32680	32900	41544	33776	35375	32963	45315	35442	32219	29848	36480	32106	27980	31549	46285
	
Birds Per Party Hour
	Wilson's Phalarope	0.0	0.0	0.0	0.0	0.0	0.0	0.0	0.0	0.0	0.0	2.0	0.0	1.1666666666666667	0.0	0.1	2.711776314123476	3.388547279534745	4.511599941389281	4.851279813951384	7.804467698153628	3.4501515403151184	2.854201448142857	2.2020415635287147	16.82612632087569	1.4008000679125647	1.7786836090149976	1.0448461195968444	1.2240157735788617	1.1215069274100067	1.4815025942142175	1.4889690143567682	2.044409550270978	1.479751704811926	1.9001937143266263	0.8271056810031373	1.399242078750536	1.291768304789339	1.7188053026727779	0.75	2.096281211333485	2.7396459518297154	2.0550037074611343	2.3991205689862625	2.444444444444444	1.2507507507507507	0.0	0.0	0.0
	# checklists reporting species - (Wilson's Phalarope)	0.0	0.0	0.0	0.0	0.0	0.0	0.0	0.0	0.0	0.0	1	1	2	0.0	5	82	241	475	697	616	160	69	40	28	19	23	72	97	112	181	215	253	114	53	27	26	9	7	4	7	8	11	12	3	4	0.0	0.0	0.0
	
High Count
	Wilson's Phalarope	0.0	0.0	0.0	0.0	0.0	0.0	0.0	0.0	0.0	0.0	1	1	1	0.0	1	4	53	150	263	400	50	22	6	13	10	8	10	7	16	15	35	6	4	1	1	2	5	2	1	9	1	1	1	1	1	0.0	0.0	0.0
	# checklists reporting species - (Wilson's Phalarope)	0.0	0.0	0.0	0.0	0.0	0.0	0.0	0.0	0.0	0.0	1	2	2	0.0	6	85	275	529	753	687	189	83	46	36	23	25	77	107	118	189	227	268	127	55	27	27	9	8	4	8	8	11	12	3	4	0.0	0.0	0.0
	
Totals
	Wilson's Phalarope	0.0	0.0	0.0	0.0	0.0	0.0	0.0	0.0	0.0	0.0	1	2	2	0.0	6	115	562	1481	2935	3035	510	221	74	103	62	54	115	190	273	459	455	361	150	54	27	29	13	9	4	24	8	11	12	3	4	0.0	0.0	0.0
	# checklists reporting species - (Wilson's Phalarope)	0.0	0.0	0.0	0.0	0.0	0.0	0.0	0.0	0.0	0.0	1	2	2	0.0	6	83	262	513	737	672	178	82	44	33	22	24	76	106	118	189	225	265	127	54	27	27	9	8	4	8	8	11	12	3	4	0.0	0.0	0.0
	
Average Count
	Wilson's Phalarope	0.0	0.0	0.0	0.0	0.0	0.0	0.0	0.0	0.0	0.0	1.0	1.0	1.0	0.0	1.0	1.3855421686746987	2.145038167938931	2.8869395711500974	3.98236092265943	4.5163690476190474	2.865168539325843	2.6951219512195124	1.6818181818181819	3.121212121212121	2.8181818181818183	2.25	1.513157894736842	1.7924528301886793	2.3135593220338984	2.4285714285714284	2.022222222222222	1.3622641509433961	1.1811023622047243	1.0	1.0	1.0740740740740742	1.4444444444444444	1.125	1.0	3.0	1.0	1.0	1.0	1.0	1.0	0.0	0.0	0.0
	# checklists reporting species - (Wilson's Phalarope)	0.0	0.0	0.0	0.0	0.0	0.0	0.0	0.0	0.0	0.0	1	2	2	0.0	6	83	262	513	737	672	178	82	44	33	22	24	76	106	118	189	225	265	127	54	27	27	9	8	4	8	8	11	12	3	4	0.0	0.0	0.0
	
