

	Week starting on...	1/1	1/8	1/15	1/22	2/1	2/8	2/15	2/22	3/1	3/8	3/15	3/22	4/1	4/8	4/15	4/22	5/1	5/8	5/15	5/22	6/1	6/8	6/15	6/22	7/1	7/8	7/15	7/22	8/1	8/8	8/15	8/22	9/1	9/8	9/15	9/22	10/1	10/8	10/15	10/22	11/1	11/8	11/15	11/22	12/1	12/8	12/15	12/22
Frequency (%)
	Semipalmated Plover	0.0	0.0	0.0	0.0	0.0	0.0	0.0	0.0	0.0	0.0	0.0	0.0	0.0	0.0	0.0054470186651172925	0.05630409448612693	0.5117217040584825	1.8949221645663457	4.059106970767748	4.0525374606894005	1.273530465236598	0.3334705640181145	0.17077960891469557	0.07280058240465924	0.0333572821512881	0.15205784956410084	1.0474112279309662	2.6312058748475997	4.482642399730367	5.300312463835204	5.4953531939903755	7.115370826262578	7.61584386459375	5.896572827417381	4.313069908814589	2.758521086077412	1.3767171956418758	0.8452296819787986	0.4823590085853836	0.20743683107138916	0.050787201625190445	0.03414134516899966	0.010050924685071027	0.0	0.0	0.0	0.0	0.0
	Total # checklists submitted - (Semipalmated Plover)	59897	41927	37441	52418	36194	52179	74398	41102	41678	48624	53837	76087	56976	54668	55076	76371	79340	86336	77825	81085	50254	48580	46844	53571	38972	29594	25205	35269	26703	25923	27223	41839	32997	32680	32900	41544	33776	35375	32963	45315	35442	32219	29848	36480	32106	27980	31549	46285
	
Abundance
	Semipalmated Plover	0.0	0.0	0.0	0.0	0.0	0.0	0.0	0.0	0.0	0.0	0.0	0.0	0.0	0.0	2.9050766213958894E-4	6.285108221707193E-4	0.012162843458532897	0.0777427724240178	0.28123353678123997	0.25668126040574707	0.03639511282683965	0.007307533964594483	0.004034668260609683	0.001381344384088406	8.21102329877861E-4	0.0031087382577549504	0.051934140051577066	0.24276276616858997	0.5901209601917388	0.5868147976700228	0.5092017779083863	0.6402638686393078	0.6789708155286844	0.43711750305997554	0.21477203647416412	0.1022048911996919	0.04479512079583136	0.022614840989399292	0.011922458514091558	0.004788701313031005	5.360871282658992E-4	3.414134516899966E-4	2.0101849370142053E-4	0.0	0.0	0.0	0.0	0.0
	Total # checklists submitted - (Semipalmated Plover)	59897	41927	37441	52418	36194	52179	74398	41102	41678	48624	53837	76087	56976	54668	55076	76371	79340	86336	77825	81085	50254	48580	46844	53571	38972	29594	25205	35269	26703	25923	27223	41839	32997	32680	32900	41544	33776	35375	32963	45315	35442	32219	29848	36480	32106	27980	31549	46285
	
Birds Per Party Hour
	Semipalmated Plover	0.0	0.0	0.0	0.0	0.0	0.0	0.0	0.0	0.0	0.0	0.0	0.0	5.0	1.0	6.925207756232687	1.6197893262552958	4.678015820352545	7.813645260332461	11.370805325728563	10.132084239045547	3.70655530082563	4.5362835985179	5.311451863789144	5.439105306802551	3.3600758803584427	2.2360820229234135	1.4186171384381394	3.3621268014443646	4.596070148512559	4.5377627760144685	4.821498239607912	6.070982771547958	6.550692433760962	6.862194962504333	4.68649132601254	3.9097928694292285	3.558497396177517	2.7704814175577726	2.399334726314257	1.5574698685983919	0.9301868274454216	0.41304975861163296	0.8444444444444444	0.0	0.0	0.0	0.0	0.0
	# checklists reporting species - (Semipalmated Plover)	0.0	0.0	0.0	0.0	0.0	0.0	0.0	0.0	0.0	0.0	0.0	0.0	1	1	2	61	408	1606	3277	3609	712	198	74	35	14	43	280	1004	1256	1457	1640	3250	2671	2033	1508	1212	503	306	168	110	20	14	3	0	0.0	0.0	0.0	0.0
	
High Count
	Semipalmated Plover	0.0	0.0	0.0	0.0	0.0	0.0	0.0	0.0	0.0	0.0	0.0	0.0	5	4	15	3	25	100	190	300	40	25	14	11	11	15	86	164	369	373	494	356	318	149	100	51	30	23	45	20	2	1	4	1	0.0	0.0	0.0	0.0
	# checklists reporting species - (Semipalmated Plover)	0.0	0.0	0.0	0.0	0.0	0.0	0.0	0.0	0.0	0.0	0.0	0.0	1	3	3	70	514	2006	3725	4013	795	226	89	40	16	54	297	1071	1346	1568	1795	3577	2949	2246	1704	1360	552	352	205	126	21	15	3	1	0.0	0.0	0.0	0.0
	
Totals
	Semipalmated Plover	0.0	0.0	0.0	0.0	0.0	0.0	0.0	0.0	0.0	0.0	0.0	0.0	5	9	16	85	1188	8149	25344	27051	2383	583	210	75	35	116	1357	8917	16238	16083	15318	30665	25729	16551	8310	5214	1820	975	496	294	22	15	6	1	0.0	0.0	0.0	0.0
	# checklists reporting species - (Semipalmated Plover)	0.0	0.0	0.0	0.0	0.0	0.0	0.0	0.0	0.0	0.0	0.0	0.0	1	3	2	68	447	1740	3457	3844	759	218	77	35	15	46	289	1051	1308	1523	1724	3437	2821	2150	1622	1307	536	340	201	124	21	15	3	1	0.0	0.0	0.0	0.0
	
Average Count
	Semipalmated Plover	0.0	0.0	0.0	0.0	0.0	0.0	0.0	0.0	0.0	0.0	0.0	0.0	5.0	3.0	8.0	1.25	2.6577181208053693	4.683333333333334	7.331212033555105	7.037200832466181	3.13965744400527	2.6743119266055047	2.727272727272727	2.142857142857143	2.3333333333333335	2.5217391304347827	4.695501730103806	8.48430066603235	12.414373088685016	10.560078791858174	8.885150812064966	8.922025021821355	9.120524636653668	7.698139534883721	5.123304562268804	3.98928844682479	3.3955223880597014	2.8676470588235294	2.4676616915422884	2.370967741935484	1.0476190476190477	1.0	2.0	1.0	0.0	0.0	0.0	0.0
	# checklists reporting species - (Semipalmated Plover)	0.0	0.0	0.0	0.0	0.0	0.0	0.0	0.0	0.0	0.0	0.0	0.0	1	3	2	68	447	1740	3457	3844	759	218	77	35	15	46	289	1051	1308	1523	1724	3437	2821	2150	1622	1307	536	340	201	124	21	15	3	1	0.0	0.0	0.0	0.0
	
