

	Week starting on...	1/1	1/8	1/15	1/22	2/1	2/8	2/15	2/22	3/1	3/8	3/15	3/22	4/1	4/8	4/15	4/22	5/1	5/8	5/15	5/22	6/1	6/8	6/15	6/22	7/1	7/8	7/15	7/22	8/1	8/8	8/15	8/22	9/1	9/8	9/15	9/22	10/1	10/8	10/15	10/22	11/1	11/8	11/15	11/22	12/1	12/8	12/15	12/22
Frequency (%)
	Gyrfalcon	0.04173831744494716	0.09778901423903451	0.12820170401431585	0.104925788851158	0.07459799966845333	0.05941087410644128	0.025538320922605447	0.11191669505133571	0.07917846345793944	0.06581112207963145	0.053866300128164644	0.015771419559188826	0.005265374894692502	0.0036584473549425628	0.003631345776744862	0.0	0.0	0.0011582653817642698	0.00128493414712496	0.0024665474502065733	0.0	0.0	0.0	0.0	0.0	0.0	0.0	0.0	0.0	0.0	0.0	0.0	0.0	0.0	0.0	0.0	0.0029606821411653247	0.0028268551236749115	0.006067408913023693	0.03530839677810879	0.022572089611195757	0.015518793258636207	0.020101849370142054	0.046600877192982455	0.021802778296891544	0.017869907076483203	0.015848362864116138	0.05401317921572864
	Total # checklists submitted - (Gyrfalcon)	59897	41927	37441	52418	36194	52179	74398	41102	41678	48624	53837	76087	56976	54668	55076	76371	79340	86336	77825	81085	50254	48580	46844	53571	38972	29594	25205	35269	26703	25923	27223	41839	32997	32680	32900	41544	33776	35375	32963	45315	35442	32219	29848	36480	32106	27980	31549	46285
	
Abundance
	Gyrfalcon	4.3407850142745046E-4	0.0010255921005557279	0.0013354344168157901	0.001068335304666336	7.459799966845333E-4	5.941087410644128E-4	2.553832092260545E-4	0.001119166950513357	7.917846345793944E-4	6.581112207963146E-4	5.386630012816464E-4	1.5771419559188824E-4	5.265374894692502E-5	3.6584473549425625E-5	3.631345776744862E-5	0.0	0.0	1.1582653817642698E-5	1.2849341471249599E-5	2.4665474502065734E-5	0.0	0.0	0.0	0.0	0.0	0.0	0.0	0.0	0.0	0.0	0.0	0.0	0.0	0.0	0.0	0.0	2.9606821411653245E-5	2.8268551236749116E-5	6.067408913023693E-5	3.9721946375372393E-4	2.2572089611195756E-4	1.5518793258636207E-4	2.0101849370142053E-4	4.6600877192982455E-4	2.1802778296891546E-4	1.7869907076483203E-4	2.8527053155409047E-4	5.185265204709949E-4
	Total # checklists submitted - (Gyrfalcon)	59897	41927	37441	52418	36194	52179	74398	41102	41678	48624	53837	76087	56976	54668	55076	76371	79340	86336	77825	81085	50254	48580	46844	53571	38972	29594	25205	35269	26703	25923	27223	41839	32997	32680	32900	41544	33776	35375	32963	45315	35442	32219	29848	36480	32106	27980	31549	46285
	
Birds Per Party Hour
	Gyrfalcon	1.9977711963414153	3.1686865640315593	2.32883188075978	4.089119844853262	4.321321066524837	2.0347037232833327	5.499422161693542	2.0729508151257026	2.560040700095556	2.7524272787462243	1.1953508303849296	3.6729538325283673	2.884896872920825	0.4145021645021645	1.4093847440870029	2.0	0.0	2.0	0.3333333333333333	2.1666666666666665	0.0	0.0	0.0	0.0	0.0	0.0	0.0	0.0	0.0	0.0	0.0	0.0	0.0	0.0	0.0	0.0	0.0	0.7692307692307693	0.45854158656926824	0.5942614433283443	0.1818356060741711	0.12076960373782342	4.747953567121535	6.086380532800761	6.6794326740100605	4.2800010330711915	1.0708194857442714	2.912782887245922
	# checklists reporting species - (Gyrfalcon)	27	45	55	65	33	43	22	51	36	39	38	15	3	4	3	1	0	1	1	2	0.0	0.0	0.0	0.0	0.0	0.0	0.0	0.0	0.0	0.0	0.0	0.0	0.0	0.0	0.0	0.0	0	1	3	15	11	7	7	22	8	4	6	32
	
High Count
	Gyrfalcon	2	2	2	3	2	2	2	2	1	1	1	2	1	1	1	1	1	1	1	1	0.0	0.0	0.0	0.0	0.0	0.0	0.0	0.0	0.0	0.0	0.0	0.0	0.0	0.0	0.0	0.0	1	1	1	2	1	1	1	1	2	2	5	1
	# checklists reporting species - (Gyrfalcon)	29	48	60	76	38	47	24	60	39	44	45	18	4	5	3	2	1	2	1	3	0.0	0.0	0.0	0.0	0.0	0.0	0.0	0.0	0.0	0.0	0.0	0.0	0.0	0.0	0.0	0.0	1	2	3	17	12	8	8	23	9	8	9	36
	
Totals
	Gyrfalcon	30	50	64	80	39	48	25	61	39	44	45	19	4	5	3	2	1	2	1	3	0.0	0.0	0.0	0.0	0.0	0.0	0.0	0.0	0.0	0.0	0.0	0.0	0.0	0.0	0.0	0.0	1	2	3	19	12	8	8	23	10	9	14	35
	# checklists reporting species - (Gyrfalcon)	29	47	60	76	38	47	24	60	39	44	45	18	4	5	3	2	1	2	1	3	0.0	0.0	0.0	0.0	0.0	0.0	0.0	0.0	0.0	0.0	0.0	0.0	0.0	0.0	0.0	0.0	1	2	3	17	12	8	8	23	9	8	9	35
	
Average Count
	Gyrfalcon	1.0344827586206897	1.0638297872340425	1.0666666666666667	1.0526315789473684	1.0263157894736843	1.0212765957446808	1.0416666666666667	1.0166666666666666	1.0	1.0	1.0	1.0555555555555556	1.0	1.0	1.0	1.0	1.0	1.0	1.0	1.0	0.0	0.0	0.0	0.0	0.0	0.0	0.0	0.0	0.0	0.0	0.0	0.0	0.0	0.0	0.0	0.0	1.0	1.0	1.0	1.1176470588235294	1.0	1.0	1.0	1.0	1.1111111111111112	1.125	1.5555555555555556	1.0
	# checklists reporting species - (Gyrfalcon)	29	47	60	76	38	47	24	60	39	44	45	18	4	5	3	2	1	2	1	3	0.0	0.0	0.0	0.0	0.0	0.0	0.0	0.0	0.0	0.0	0.0	0.0	0.0	0.0	0.0	0.0	1	2	3	17	12	8	8	23	9	8	9	35
	
