

	Week starting on...	1/1	1/8	1/15	1/22	2/1	2/8	2/15	2/22	3/1	3/8	3/15	3/22	4/1	4/8	4/15	4/22	5/1	5/8	5/15	5/22	6/1	6/8	6/15	6/22	7/1	7/8	7/15	7/22	8/1	8/8	8/15	8/22	9/1	9/8	9/15	9/22	10/1	10/8	10/15	10/22	11/1	11/8	11/15	11/22	12/1	12/8	12/15	12/22
Frequency (%)
	Blackpoll Warbler	0.0	0.0	0.0	0.0	0.0	0.0	0.0	0.0	0.0	0.0	0.0	0.0	0.0	0.0	0.0	0.010475180369511988	0.1411646080161331	1.8752316530763529	6.118856408609059	7.328112474563729	1.1700561149361246	0.18731988472622477	0.13875843224319015	0.06160049280394243	0.2155393615929385	0.15543691288774752	0.0198373338623289	0.019847458107686636	0.08987754184923043	0.20445164525710757	0.41141681666238106	1.8260474676737015	5.630814922568718	8.46389228886169	7.945288753799392	6.166955517042172	3.555779251539555	1.540636042402827	0.5248308709765495	0.165508109897385	0.04796569042379098	0.05276389707936311	0.010050924685071027	0.0356359649122807	0.028032143524574844	0.0	0.0	0.0
	Total # checklists submitted - (Blackpoll Warbler)	59897	41927	37441	52418	36194	52179	74398	41102	41678	48624	53837	76087	56976	54668	55076	76371	79340	86336	77825	81085	50254	48580	46844	53571	38972	29594	25205	35269	26703	25923	27223	41839	32997	32680	32900	41544	33776	35375	32963	45315	35442	32219	29848	36480	32106	27980	31549	46285
	
Abundance
	Blackpoll Warbler	0.0	0.0	0.0	0.0	0.0	0.0	0.0	0.0	0.0	0.0	0.0	0.0	0.0	0.0	0.0	1.4403373008078983E-4	0.0016259137887572473	0.023501204595997034	0.10351429489238677	0.1531355984460751	0.02007800374099574	0.002923013585837793	0.0020920502092050207	6.90672192044203E-4	0.002335009750590167	0.0012164627965128066	2.7772267407260464E-4	2.5518160424168533E-4	0.0017226528854435831	0.003780426648150291	0.005142710208279763	0.03382011998374722	0.20444282813589115	0.3292533659730722	0.3242857142857143	0.26372039283651066	0.11887138796778778	0.03717314487632509	0.010405606285835634	0.0025377910184265695	5.078720162519045E-4	5.276389707936311E-4	1.0050924685071027E-4	3.5635964912280704E-4	2.8032143524574845E-4	0.0	0.0	0.0
	Total # checklists submitted - (Blackpoll Warbler)	59897	41927	37441	52418	36194	52179	74398	41102	41678	48624	53837	76087	56976	54668	55076	76371	79340	86336	77825	81085	50254	48580	46844	53571	38972	29594	25205	35269	26703	25923	27223	41839	32997	32680	32900	41544	33776	35375	32963	45315	35442	32219	29848	36480	32106	27980	31549	46285
	
Birds Per Party Hour
	Blackpoll Warbler	0.0	0.0	0.0	0.0	0.0	0.0	0.0	0.0	0.0	0.0	0.0	0.0	0.0	0.0	0.0	0.9507542800955975	1.1028881419399728	0.7275762532282016	1.242306685297714	1.9846469163537024	2.0449990250564505	5.626602551111789	11.85578460147764	9.783186750255021	11.405339447736074	9.92417513190015	2.739832532231195	0.4032155344655345	0.3971069635131163	0.30016137094500045	0.7225381283699281	1.1369465267126817	1.9342967721916347	2.384902063926986	2.5489801697720447	2.4223780688034298	2.798072944600893	1.4472365270896912	1.170857321705488	1.1055343158016513	0.44082629170778664	0.8697640395734642	0.39675124729395184	0.6756246857486282	1.070811666115742	0.0	0.0	0.0
	# checklists reporting species - (Blackpoll Warbler)	0.0	0.0	0.0	0.0	0.0	0.0	0.0	0.0	0.0	0.0	0.0	0.0	0.0	0.0	0.0	9	115	1477	4675	6285	668	88	67	35	75	30	5	8	24	54	113	784	1919	2860	2715	2672	1274	583	180	82	18	20	3	13	9	0.0	0.0	0.0
	
High Count
	Blackpoll Warbler	0.0	0.0	0.0	0.0	0.0	0.0	0.0	0.0	0.0	0.0	0.0	0.0	0.0	0.0	0.0	5	3	15	40	50	21	10	10	3	3	2	3	2	5	7	4	77	150	331	1750	400	305	107	25	10	2	1	1	1	1	0.0	0.0	0.0
	# checklists reporting species - (Blackpoll Warbler)	0.0	0.0	0.0	0.0	0.0	0.0	0.0	0.0	0.0	0.0	0.0	0.0	0.0	0.0	0.0	11	126	1912	5459	7044	740	109	73	38	87	47	5	8	25	56	123	861	2062	3056	2904	2803	1327	619	198	91	22	24	3	13	9	0.0	0.0	0.0
	
Totals
	Blackpoll Warbler	0.0	0.0	0.0	0.0	0.0	0.0	0.0	0.0	0.0	0.0	0.0	0.0	0.0	0.0	0.0	18	142	2302	9090	14329	1269	158	102	43	93	36	7	11	46	104	151	1586	7413	12508	13918	12129	4447	1446	374	137	24	24	3	13	9	0.0	0.0	0.0
	# checklists reporting species - (Blackpoll Warbler)	0.0	0.0	0.0	0.0	0.0	0.0	0.0	0.0	0.0	0.0	0.0	0.0	0.0	0.0	0.0	11	121	1610	4938	6702	713	104	69	37	78	32	5	8	24	56	120	834	2012	2975	2834	2745	1312	610	197	89	22	24	3	13	9	0.0	0.0	0.0
	
Average Count
	Blackpoll Warbler	0.0	0.0	0.0	0.0	0.0	0.0	0.0	0.0	0.0	0.0	0.0	0.0	0.0	0.0	0.0	1.6363636363636365	1.1735537190082646	1.4298136645962733	1.8408262454434994	2.1380185019397193	1.779803646563815	1.5192307692307692	1.4782608695652173	1.162162162162162	1.1923076923076923	1.125	1.4	1.375	1.9166666666666667	1.8571428571428572	1.2583333333333333	1.9016786570743405	3.6843936381709743	4.204369747899159	4.911079745942131	4.418579234972678	3.3894817073170733	2.3704918032786884	1.898477157360406	1.5393258426966292	1.0909090909090908	1.0	1.0	1.0	1.0	0.0	0.0	0.0
	# checklists reporting species - (Blackpoll Warbler)	0.0	0.0	0.0	0.0	0.0	0.0	0.0	0.0	0.0	0.0	0.0	0.0	0.0	0.0	0.0	11	121	1610	4938	6702	713	104	69	37	78	32	5	8	24	56	120	834	2012	2975	2834	2745	1312	610	197	89	22	24	3	13	9	0.0	0.0	0.0
	
