

	Week starting on...	1/1	1/8	1/15	1/22	2/1	2/8	2/15	2/22	3/1	3/8	3/15	3/22	4/1	4/8	4/15	4/22	5/1	5/8	5/15	5/22	6/1	6/8	6/15	6/22	7/1	7/8	7/15	7/22	8/1	8/8	8/15	8/22	9/1	9/8	9/15	9/22	10/1	10/8	10/15	10/22	11/1	11/8	11/15	11/22	12/1	12/8	12/15	12/22
Frequency (%)
	Blue-winged Teal	0.0033390653955957727	0.014310587449614805	0.0	0.0	0.0	0.0	0.0	0.002432971631550776	0.0071980421325399495	0.13984863441921686	0.2619016661403867	1.7900561199679315	2.927548441449031	3.52674325016463	4.337642530321737	4.924644171216823	4.534913032518276	3.581356560415122	3.1159653067780275	2.603440833693038	1.8108011302582878	1.23095924248662	0.7791819656732986	0.6738720576431277	0.7082007595196551	0.8413867675880247	1.0196389605237057	1.4545351441776064	2.6064487136276826	3.9347297766462215	5.436579363038607	6.386385907884988	7.6734248568051635	7.074663402692778	6.051671732522796	5.273926439437704	3.9169824727617244	3.1180212014134274	1.604829657494767	0.593622420831954	0.1664691608825687	0.1117353114621807	0.02680246582685607	0.010964912280701754	0.006229365227683299	0.0035739814152966403	0.0	0.008642108674516582
	Total # checklists submitted - (Blue-winged Teal)	59897	41927	37441	52418	36194	52179	74398	41102	41678	48624	53837	76087	56976	54668	55076	76371	79340	86336	77825	81085	50254	48580	46844	53571	38972	29594	25205	35269	26703	25923	27223	41839	32997	32680	32900	41544	33776	35375	32963	45315	35442	32219	29848	36480	32106	27980	31549	46285
	
Abundance
	Blue-winged Teal	6.678130791191546E-5	1.4310587449614806E-4	0.0	0.0	0.0	0.0	0.0	2.432971631550776E-5	1.9194779020106532E-4	0.0026941428101349128	0.006408232256626484	0.07214110163365621	0.14932603201347935	0.17441647764688667	0.22606943133125137	0.24222545206950283	0.19649609276531385	0.10535581912527799	0.07168647606810151	0.057643213911327616	0.041131054244438255	0.02873610539316591	0.017995901289386048	0.015773459521009503	0.021348660576824385	0.026863553422991147	0.03308867288236461	0.06107346394851002	0.12560386473429952	0.26848744358291865	0.44102413400433454	0.6590023662133416	0.9567233384853169	0.8143818849449205	0.612370820668693	0.525418833044483	0.29645310279488396	0.21763957597173145	0.09795831690076753	0.021162970318878958	0.003301168105637379	0.0016139544988981657	4.6904315196998124E-4	5.482456140350877E-4	1.2458730455366598E-4	3.57398141529664E-5	0.0	8.642108674516582E-5
	Total # checklists submitted - (Blue-winged Teal)	59897	41927	37441	52418	36194	52179	74398	41102	41678	48624	53837	76087	56976	54668	55076	76371	79340	86336	77825	81085	50254	48580	46844	53571	38972	29594	25205	35269	26703	25923	27223	41839	32997	32680	32900	41544	33776	35375	32963	45315	35442	32219	29848	36480	32106	27980	31549	46285
	
Birds Per Party Hour
	Blue-winged Teal	0.37037037037037035	2.278293863976767	0.0	0.0	0.0	0.0	0.0	1.0	1.9109511431047124	3.4117404633790587	4.274732844106046	9.059365132265588	10.53671541694605	8.79707075555326	10.458008430089272	9.096102378614061	8.611692438542134	4.417397861294653	3.27520846649106	3.5029561043912105	4.436633299633074	4.405436714928556	3.850892096007643	3.9200725201752884	4.850073630931785	6.04528835658249	4.546940469775124	5.228760707248641	5.523018037287244	8.607922365905232	9.400879974664443	12.35255198010862	13.8160888560461	15.305077298079528	13.710982115144917	12.850104511420101	8.724429185860433	9.118414700151193	8.890379841836005	4.8002265916760685	2.4185335500483247	2.9184001995451743	2.634357832964518	3.7274323030982806	1.4166666666666667	0.4	0.0	0.7618843595707349
	# checklists reporting species - (Blue-winged Teal)	2	7	0.0	0.0	0.0	0.0	0.0	1	3	74	158	1422	1724	1939	2437	3848	3580	3008	2382	2167	953	606	368	381	265	250	244	515	696	1022	1453	2631	2477	2226	1942	2137	1289	1097	541	293	61	35	9	5	2	1	1	6
	
High Count
	Blue-winged Teal	2	1	0.0	0.0	0.0	0.0	0.0	1	4	8	15	100	192	180	200	110	200	42	25	20	15	20	25	32	49	40	20	60	72	67	110	263	300	363	200	400	120	150	150	50	10	6	6	12	3	1	1	2
	# checklists reporting species - (Blue-winged Teal)	3	8	0.0	0.0	0.0	0.0	0.0	1	3	82	169	1482	1822	2132	2686	4205	4001	3505	2695	2399	1030	677	418	422	308	272	275	558	752	1097	1604	2894	2749	2492	2171	2376	1429	1187	582	311	69	37	9	5	2	1	2	7
	
Totals
	Blue-winged Teal	5	8	0.0	0.0	0.0	0.0	0.0	1	8	161	412	5904	9347	10455	13549	19865	16675	9917	6163	5232	2320	1548	934	1018	910	873	877	2351	3695	7355	13163	29259	33361	28087	21422	23044	10606	8091	3675	1200	131	54	16	32	4	1	2	8
	# checklists reporting species - (Blue-winged Teal)	3	8	0.0	0.0	0.0	0.0	0.0	1	3	80	166	1459	1777	2037	2569	3980	3693	3116	2471	2254	989	649	383	400	282	262	253	540	717	1049	1494	2697	2537	2311	2007	2202	1333	1129	568	305	69	37	9	5	2	1	2	7
	
Average Count
	Blue-winged Teal	1.6666666666666667	1.0	0.0	0.0	0.0	0.0	0.0	1.0	2.6666666666666665	2.0125	2.4819277108433737	4.046607265250171	5.259988745075971	5.132547864506628	5.2740365901128845	4.991206030150754	4.515299214730572	3.1826059050064184	2.4941319303925535	2.321206743566992	2.345803842264914	2.3852080123266566	2.4386422976501305	2.545	3.226950354609929	3.33206106870229	3.466403162055336	4.353703703703704	5.153417015341701	7.0114394661582455	8.810575635876841	10.848720800889877	13.149783208513993	12.153613154478581	10.673642252117588	10.46503178928247	7.95648912228057	7.16651904340124	6.470070422535211	3.9344262295081966	1.8985507246376812	1.4594594594594594	1.7777777777777777	6.4	2.0	1.0	1.0	1.1428571428571428
	# checklists reporting species - (Blue-winged Teal)	3	8	0.0	0.0	0.0	0.0	0.0	1	3	80	166	1459	1777	2037	2569	3980	3693	3116	2471	2254	989	649	383	400	282	262	253	540	717	1049	1494	2697	2537	2311	2007	2202	1333	1129	568	305	69	37	9	5	2	1	2	7
	
