

	Week starting on...	1/1	1/8	1/15	1/22	2/1	2/8	2/15	2/22	3/1	3/8	3/15	3/22	4/1	4/8	4/15	4/22	5/1	5/8	5/15	5/22	6/1	6/8	6/15	6/22	7/1	7/8	7/15	7/22	8/1	8/8	8/15	8/22	9/1	9/8	9/15	9/22	10/1	10/8	10/15	10/22	11/1	11/8	11/15	11/22	12/1	12/8	12/15	12/22
Frequency (%)
	Scarlet Tanager	0.0	0.0	0.0	0.0	0.0	0.0	0.0	0.0	0.0	0.0	0.0	0.0	0.0	0.0	0.010894037330234585	0.0864202380484739	1.6851525081925889	7.664242031134173	13.000963700610344	7.8744527347844855	5.320969475066661	5.053519967064635	4.965417129194774	4.623770323495921	4.1953197167196965	3.4060958302358584	3.193810751834954	2.078312398990615	1.539152904168071	1.7783435559155962	2.2774859493810378	3.164511580104687	3.8094372215655965	4.072827417380661	3.276595744680851	1.8341998844598497	0.784580767408811	0.07915194346289753	0.01820222673907108	0.0022067747986317995	0.008464533604198408	0.012415034606908968	0.016751541141785044	0.0	0.0	0.0	0.0	0.0
	Total # checklists submitted - (Scarlet Tanager)	59897	41927	37441	52418	36194	52179	74398	41102	41678	48624	53837	76087	56976	54668	55076	76371	79340	86336	77825	81085	50254	48580	46844	53571	38972	29594	25205	35269	26703	25923	27223	41839	32997	32680	32900	41544	33776	35375	32963	45315	35442	32219	29848	36480	32106	27980	31549	46285
	
Abundance
	Scarlet Tanager	0.0	0.0	0.0	0.0	0.0	0.0	0.0	0.0	0.0	0.0	0.0	0.0	0.0	0.0	1.0894037330234585E-4	0.0011129879142606487	0.02591378875724729	0.1835387323943662	0.26990041760359784	0.12761916507368812	0.08061049866677279	0.07585426101276245	0.07922039108530442	0.06742453939631517	0.06199322590577851	0.050179090356153276	0.04538781987700853	0.028551986163486347	0.02142081414073325	0.025614319330324424	0.03419902288506043	0.04725256339778675	0.056308149225687186	0.05829253365973072	0.04732522796352583	0.02330059695744271	0.009651823780198958	7.915194346289752E-4	1.820222673907108E-4	2.2067747986317996E-5	8.464533604198409E-5	1.2415034606908968E-4	1.6751541141785044E-4	0.0	0.0	0.0	0.0	0.0
	Total # checklists submitted - (Scarlet Tanager)	59897	41927	37441	52418	36194	52179	74398	41102	41678	48624	53837	76087	56976	54668	55076	76371	79340	86336	77825	81085	50254	48580	46844	53571	38972	29594	25205	35269	26703	25923	27223	41839	32997	32680	32900	41544	33776	35375	32963	45315	35442	32219	29848	36480	32106	27980	31549	46285
	
Birds Per Party Hour
	Scarlet Tanager	0.0	0.0	0.0	0.0	0.0	0.0	0.0	0.0	0.0	0.0	0.0	0.0	0.0	0.0	0.5983461261776657	0.632427757510132	0.9001608309544971	1.291278061632631	1.6213927217505466	2.1717333695507817	3.5573211595133474	4.028499336628761	4.372313804158351	4.556786956432964	3.6108941066421436	3.019666450386336	1.590955975395291	1.6851434700778918	1.4273501145858238	1.2601981930123791	1.596430551740273	1.3175659080604383	1.243945600346351	1.3272651443586196	1.300631959342489	1.1721778566632648	0.8362469284201095	0.8073054704436782	0.7209714471943324	0.5452562704471101	8.365461847389557	2.8015732053270184	3.7171405732556813	0.0	0.0	0.0	0.0	0.0
	# checklists reporting species - (Scarlet Tanager)	0.0	0.0	0.0	0.0	0.0	0.0	0.0	0.0	0.0	0.0	0.0	0.0	0	0.0	6	83	1302	6322	10309	6554	2728	2492	2357	2518	1702	1037	839	744	439	479	642	1380	1305	1372	1126	793	275	29	6	2	3	4	6	0.0	0.0	1	0.0	0.0
	
High Count
	Scarlet Tanager	0.0	0.0	0.0	0.0	0.0	0.0	0.0	0.0	0.0	0.0	0.0	0.0	1	0.0	1	6	18	250	80	34	23	40	28	15	10	12	12	9	6	20	12	11	10	12	15	10	10	2	1	1	1	1	1	0.0	0.0	1	0.0	0.0
	# checklists reporting species - (Scarlet Tanager)	0.0	0.0	0.0	0.0	0.0	0.0	0.0	0.0	0.0	0.0	0.0	0.0	1	0.0	7	91	1573	7721	11486	7244	2976	2712	2674	2929	1938	1164	906	812	459	517	673	1460	1380	1454	1202	850	304	40	8	5	3	4	6	0.0	0.0	1	0.0	0.0
	
Totals
	Scarlet Tanager	0.0	0.0	0.0	0.0	0.0	0.0	0.0	0.0	0.0	0.0	0.0	0.0	1	0.0	7	116	2318	17679	23135	11437	4410	3997	4082	4189	2746	1653	1263	1099	630	753	1009	2164	2006	2057	1726	1083	373	40	8	5	3	4	6	0.0	0.0	1	0.0	0.0
	# checklists reporting species - (Scarlet Tanager)	0.0	0.0	0.0	0.0	0.0	0.0	0.0	0.0	0.0	0.0	0.0	0.0	1	0.0	7	89	1413	6770	10720	6885	2889	2630	2580	2821	1895	1136	882	779	453	503	668	1435	1355	1421	1182	834	301	39	8	5	3	4	6	0.0	0.0	1	0.0	0.0
	
Average Count
	Scarlet Tanager	0.0	0.0	0.0	0.0	0.0	0.0	0.0	0.0	0.0	0.0	0.0	0.0	1.0	0.0	1.0	1.303370786516854	1.640481245576787	2.611373707533235	2.158115671641791	1.6611474219317357	1.5264797507788161	1.5197718631178707	1.582170542635659	1.4849344204182915	1.4490765171503959	1.455105633802817	1.4319727891156462	1.410783055198973	1.390728476821192	1.497017892644135	1.5104790419161678	1.5080139372822299	1.4804428044280442	1.4475721323011963	1.4602368866328257	1.2985611510791366	1.239202657807309	1.0256410256410255	1.0	1.0	1.0	1.0	1.0	0.0	0.0	1.0	0.0	0.0
	# checklists reporting species - (Scarlet Tanager)	0.0	0.0	0.0	0.0	0.0	0.0	0.0	0.0	0.0	0.0	0.0	0.0	1	0.0	7	89	1413	6770	10720	6885	2889	2630	2580	2821	1895	1136	882	779	453	503	668	1435	1355	1421	1182	834	301	39	8	5	3	4	6	0.0	0.0	1	0.0	0.0
	
