

	Week starting on...	1/1	1/8	1/15	1/22	2/1	2/8	2/15	2/22	3/1	3/8	3/15	3/22	4/1	4/8	4/15	4/22	5/1	5/8	5/15	5/22	6/1	6/8	6/15	6/22	7/1	7/8	7/15	7/22	8/1	8/8	8/15	8/22	9/1	9/8	9/15	9/22	10/1	10/8	10/15	10/22	11/1	11/8	11/15	11/22	12/1	12/8	12/15	12/22
Frequency (%)
	American Tree Sparrow	17.10770155433494	17.542395115319483	18.215325445367377	19.308252890228548	18.782118583190584	17.121830621514402	16.4775934836958	15.293659675928179	14.544843802485724	13.135488647581441	12.177498746215427	13.01404970625731	13.693484976130302	13.499670739738054	12.971167114532644	8.977229576671773	3.2997227123771107	0.8073109710896962	0.14648249277224543	0.028365295677375595	0.019898913519321843	0.08233841086867023	0.21347451114336946	0.08213399040525658	0.04362106127476137	0.0912347097384605	0.007934933544931562	0.0	0.0	0.0038575782123982565	0.0	0.0	0.003030578537442798	0.02753977968176255	0.0121580547112462	0.09387637203928366	0.5181193747039318	1.9646643109540636	5.55167915541668	12.779432858876753	14.928615766604594	15.379124119308482	14.332618600911285	13.645833333333332	13.847878901139973	15.396711937097926	19.11312561412406	17.755212271794317
	Total # checklists submitted - (American Tree Sparrow)	59897	41927	37441	52418	36194	52179	74398	41102	41678	48624	53837	76087	56976	54668	55076	76371	79340	86336	77825	81085	50254	48580	46844	53571	38972	29594	25205	35269	26703	25923	27223	41839	32997	32680	32900	41544	33776	35375	32963	45315	35442	32219	29848	36480	32106	27980	31549	46285
	
Abundance
	American Tree Sparrow	1.0248259512162545	1.0046747919002075	1.077802409123688	1.1911366324545003	1.1037464773166823	0.9958029092163514	0.9216242372106777	0.8397888180623814	0.7530831613801046	0.5837857847976308	0.46551628062484907	0.5162905621196788	0.5193239258635215	0.5288102729201727	0.551438012927591	0.414306477589661	0.13657675825560878	0.030497127501853225	0.0023899775136524254	4.563112782882161E-4	2.58685875751184E-4	0.0013791683820502264	0.0032234651182648792	0.001213343040077654	4.105511649389305E-4	0.001385415962695141	1.5869867089863122E-4	0.0	0.0	7.715156424796513E-5	0.0	0.0	1.2122314149771192E-4	9.179926560587516E-4	2.127659574468085E-4	0.016657038320816484	0.04956181904310753	0.08308127208480566	0.2662985771926099	0.556769281694803	0.6999887139551944	0.6526273316986871	0.6143125167515412	0.6138980263157895	0.6394443406216906	0.8464617583988563	1.7297537164410917	1.189543048503835
	Total # checklists submitted - (American Tree Sparrow)	59897	41927	37441	52418	36194	52179	74398	41102	41678	48624	53837	76087	56976	54668	55076	76371	79340	86336	77825	81085	50254	48580	46844	53571	38972	29594	25205	35269	26703	25923	27223	41839	32997	32680	32900	41544	33776	35375	32963	45315	35442	32219	29848	36480	32106	27980	31549	46285
	
Birds Per Party Hour
	American Tree Sparrow	13.045237823465822	14.262868423132778	13.786762614937928	14.74706674920511	12.447102865868557	12.913310156660247	10.85167599477987	11.043015710640393	10.044946106339959	8.02551674729102	6.457871855336957	6.761897415981945	6.115626283725296	5.978750950978116	7.366799829959516	8.594307497461333	7.074429913835047	7.524937751601439	3.7113612738421753	1.5046402566280435	12.281466285090893	6.5340113041986045	12.114463999548828	7.396720523108783	8.073398355326066	10.571445977599314	0.0	0.0	0.0	0.0	0.0	0.0	0.0	0.25880050505050506	1.5023711575819907	2.9582128735589577	3.1870756548093104	5.28503943442864	6.061796092014019	7.253354787848324	6.335703040527654	6.445481515611308	6.99406249102186	7.725600657555858	7.84160677518092	8.308908124636044	9.658036165650804	10.263660803855345
	# checklists reporting species - (American Tree Sparrow)	10144	7252	6720	10047	6717	8878	12258	6186	6020	6342	6456	9846	7732	7290	7068	6918	2657	752	123	25	7	43	100	45	15	27	2	0.0	0.0	0	0.0	0.0	1	10	4	42	171	708	1894	5869	5320	5029	4283	4944	4446	4255	6006	8170
	
High Count
	American Tree Sparrow	340	250	250	415	300	130	300	100	120	180	100	100	150	200	400	359	123	83	10	5	5	4	5	3	2	3	2	0.0	0.0	2	0.0	0.0	4	10	4	220	200	300	300	200	245	230	210	200	225	172	550	280
	# checklists reporting species - (American Tree Sparrow)	10990	7818	7294	10764	7233	9372	12795	6628	6414	6734	6920	10529	8342	7941	7686	7399	2836	785	131	27	10	44	100	46	18	27	2	0.0	0.0	1	0.0	0.0	3	11	4	47	191	780	2060	6308	5621	5287	4542	5280	4750	4599	6409	8768
	
Totals
	American Tree Sparrow	65217	44493	43103	66288	42765	54693	71931	36203	33114	29894	26312	41537	31400	30913	33003	33438	11545	2950	217	43	13	74	151	66	16	41	4	0.0	0.0	2	0.0	0.0	6	32	7	698	1718	3279	9775	27457	25990	22723	19386	23689	21922	25293	57761	58500
	# checklists reporting species - (American Tree Sparrow)	10620	7573	7040	10443	6988	9163	12579	6445	6275	6582	6707	10232	8084	7643	7419	7167	2755	770	128	25	7	43	100	45	15	27	2	0.0	0.0	1	0.0	0.0	2	11	4	44	185	759	1992	6142	5483	5156	4432	5140	4627	4459	6270	8538
	
Average Count
	American Tree Sparrow	6.140960451977401	5.875214578106431	6.122585227272728	6.347601264004596	6.119776760160275	5.968896649568919	5.718340090627236	5.61722265321955	5.2771314741035855	4.541780613795199	3.92306545400328	4.059519155590305	3.88421573478476	4.044615988486196	4.448443186413264	4.665550439514441	4.190562613430127	3.831168831168831	1.6953125	1.72	1.8571428571428572	1.7209302325581395	1.51	1.4666666666666666	1.0666666666666667	1.5185185185185186	2.0	0.0	0.0	2.0	0.0	0.0	3.0	2.909090909090909	1.75	15.863636363636363	9.286486486486487	4.320158102766799	4.907128514056225	4.470367958319765	4.740105781506474	4.407098525989139	4.374097472924188	4.608754863813229	4.73784309487789	5.672348060103162	9.212280701754386	6.85172171468728
	# checklists reporting species - (American Tree Sparrow)	10620	7573	7040	10443	6988	9163	12579	6445	6275	6582	6707	10232	8084	7643	7419	7167	2755	770	128	25	7	43	100	45	15	27	2	0.0	0.0	1	0.0	0.0	2	11	4	44	185	759	1992	6142	5483	5156	4432	5140	4627	4459	6270	8538
	
