

	Week starting on...	1/1	1/8	1/15	1/22	2/1	2/8	2/15	2/22	3/1	3/8	3/15	3/22	4/1	4/8	4/15	4/22	5/1	5/8	5/15	5/22	6/1	6/8	6/15	6/22	7/1	7/8	7/15	7/22	8/1	8/8	8/15	8/22	9/1	9/8	9/15	9/22	10/1	10/8	10/15	10/22	11/1	11/8	11/15	11/22	12/1	12/8	12/15	12/22
Frequency (%)
	Sanderling	0.005008598093393659	0.0071552937248074025	0.0	0.0	0.0	0.0	0.0	0.0	0.0	0.0	0.0	0.0	0.0	0.0	0.0	0.007856385277133992	0.10209226115452483	0.44129911045218684	0.5049791198201092	0.9878522538077327	0.43180642336928404	0.03499382461918485	0.014943215780035862	0.0037333632002389348	0.002565944780868316	0.05406501317834696	0.7855584209482246	1.1710000283535116	1.160918248885893	1.6047525363576745	2.024023803401535	3.212313869834365	4.309482680243659	4.293145654834761	3.1945288753799392	2.0484305796264204	1.4536949313121743	1.0261484098939928	1.025392106301004	0.7988524771047115	0.6743411771344733	0.41279990067972316	0.13401232913428035	0.030153508771929825	0.021802778296891544	0.02144388849177984	0.009509017718469681	0.0021605271686291456
	Total # checklists submitted - (Sanderling)	59897	41927	37441	52418	36194	52179	74398	41102	41678	48624	53837	76087	56976	54668	55076	76371	79340	86336	77825	81085	50254	48580	46844	53571	38972	29594	25205	35269	26703	25923	27223	41839	32997	32680	32900	41544	33776	35375	32963	45315	35442	32219	29848	36480	32106	27980	31549	46285
	
Abundance
	Sanderling	5.008598093393659E-5	7.155293724807403E-5	0.0	0.0	0.0	0.0	0.0	0.0	0.0	0.0	0.0	0.0	0.0	0.0	0.0	1.0475180369511987E-4	0.0018905974287874968	0.010181152705707932	0.021047221329906843	0.09374113584510083	0.034445019301946114	0.001255660765747221	3.629066689437281E-4	3.733363200238935E-5	1.282972390434158E-4	0.00300736635804555	0.1262844673675858	0.18563044033003487	0.12811294611092386	0.17930023531227096	0.18745178709179738	0.34073472119314513	0.6858502288086796	0.6207160342717258	0.4139209726443769	0.22373868669362604	0.1277830412126954	0.10306713780918728	0.10132572884749567	0.15522453933576078	0.07747869759042944	0.03923150935783234	0.010050924685071027	0.0010142543859649122	2.8032143524574845E-4	2.1443888491779842E-4	9.509017718469682E-5	2.1605271686291456E-5
	Total # checklists submitted - (Sanderling)	59897	41927	37441	52418	36194	52179	74398	41102	41678	48624	53837	76087	56976	54668	55076	76371	79340	86336	77825	81085	50254	48580	46844	53571	38972	29594	25205	35269	26703	25923	27223	41839	32997	32680	32900	41544	33776	35375	32963	45315	35442	32219	29848	36480	32106	27980	31549	46285
	
Birds Per Party Hour
	Sanderling	0.5476496642377483	0.4512115150413023	0.0	0.0	0.0	0.0	0.0	0.0	0.0	0.0	0.0	0.0	30.0	0.0	0.8	0.4328581158630001	1.4400709853362668	2.2917096205468677	9.241645166902648	10.091087930754323	6.30971418519588	2.475353880750508	1.1509138238932992	0.24157303370786518	5.0	1.9566171033573538	6.92109872127026	6.0759364595513565	3.8845000899831192	3.7137586930386806	4.098529250126046	6.708598457354607	10.858006746956045	10.62841736936745	9.194568826521374	8.111241600762169	7.790747944338857	8.024133310113335	8.055569542928787	7.807107005179388	6.024495545814831	5.21749155023825	4.57314512150909	6.099677036452032	0.434992712773349	0.5556355875683606	0.4047823158410385	35.170473917490625
	# checklists reporting species - (Sanderling)	2	3	0.0	0.0	0.0	0.0	0.0	0.0	0.0	0.0	0.0	0.0	1	0.0	1	10	99	402	413	945	286	22	6	3	1	19	219	462	332	455	636	1594	1579	1522	1170	997	593	435	397	480	307	158	47	11	7	6	3	2
	
High Count
	Sanderling	1	1	0.0	0.0	0.0	0.0	0.0	0.0	0.0	0.0	0.0	0.0	30	0.0	1	3	11	20	59	187	250	15	10	3	5	37	200	381	414	340	153	323	388	359	400	500	250	196	600	400	250	87	85	25	3	1	1	70
	# checklists reporting species - (Sanderling)	3	3	0.0	0.0	0.0	0.0	0.0	0.0	0.0	0.0	0.0	0.0	1	0.0	2	11	112	484	518	1076	314	31	11	5	1	22	236	501	362	494	694	1754	1780	1722	1338	1108	648	480	453	529	341	186	57	12	8	7	3	2
	
Totals
	Sanderling	3	3	0.0	0.0	0.0	0.0	0.0	0.0	0.0	0.0	0.0	0.0	30	0.0	2	13	229	1077	2187	10115	2634	128	31	7	5	98	3324	7100	3677	4937	6045	17717	27226	25225	17414	12892	6862	5530	5021	8839	3691	1895	372	38	10	7	3	71
	# checklists reporting species - (Sanderling)	3	3	0.0	0.0	0.0	0.0	0.0	0.0	0.0	0.0	0.0	0.0	1	0.0	2	11	106	428	455	1032	311	30	10	5	1	22	232	496	354	485	674	1698	1718	1637	1277	1067	631	476	439	519	333	183	56	11	8	7	3	2
	
Average Count
	Sanderling	1.0	1.0	0.0	0.0	0.0	0.0	0.0	0.0	0.0	0.0	0.0	0.0	30.0	0.0	1.0	1.1818181818181819	2.160377358490566	2.5163551401869158	4.806593406593406	9.801356589147288	8.469453376205788	4.266666666666667	3.1	1.4	5.0	4.454545454545454	14.327586206896552	14.314516129032258	10.387005649717514	10.179381443298968	8.968842729970326	10.434040047114252	15.847497089639115	15.409285277947465	13.636648394675019	12.082474226804123	10.874801901743265	11.617647058823529	11.437357630979498	17.03082851637765	11.084084084084084	10.3551912568306	6.642857142857143	3.4545454545454546	1.25	1.0	1.0	35.5
	# checklists reporting species - (Sanderling)	3	3	0.0	0.0	0.0	0.0	0.0	0.0	0.0	0.0	0.0	0.0	1	0.0	2	11	106	428	455	1032	311	30	10	5	1	22	232	496	354	485	674	1698	1718	1637	1277	1067	631	476	439	519	333	183	56	11	8	7	3	2
	
