

	Week starting on...	1/1	1/8	1/15	1/22	2/1	2/8	2/15	2/22	3/1	3/8	3/15	3/22	4/1	4/8	4/15	4/22	5/1	5/8	5/15	5/22	6/1	6/8	6/15	6/22	7/1	7/8	7/15	7/22	8/1	8/8	8/15	8/22	9/1	9/8	9/15	9/22	10/1	10/8	10/15	10/22	11/1	11/8	11/15	11/22	12/1	12/8	12/15	12/22
Frequency (%)
	Great Black-backed Gull	6.537890044576524	6.201254561499749	5.285649421756897	4.59574955168072	4.075261092998839	2.3496042469192586	1.893868114734267	2.8757724684930173	2.4785258409712556	2.375370187561698	1.8091647008562886	1.3392563775677844	1.261934849761303	1.1926538377112752	1.2201321809862735	1.1889329719396107	1.3876985127300228	2.0397053372868794	1.2669450690652104	0.8620583338471974	0.3999681617383691	0.21202140798682587	0.20066604047476733	0.15866793601015475	0.2335009750590167	0.32439007907008177	0.41658401110890697	0.5925883920723581	1.089765194921919	1.4620221424989392	2.141571465305073	2.712779942159229	3.5154711034336454	3.7851897184822523	3.7598784194528876	3.836895821297901	3.8015158692562765	4.32791519434629	4.723477838788946	5.340395012688956	6.128322329439648	5.602284366367671	6.265076387027607	7.738486842105264	8.920451006042484	7.348105789849893	6.659482075501601	6.5204709949227615
	Total # checklists submitted - (Great Black-backed Gull)	59897	41927	37441	52418	36194	52179	74398	41102	41678	48624	53837	76087	56976	54668	55076	76371	79340	86336	77825	81085	50254	48580	46844	53571	38972	29594	25205	35269	26703	25923	27223	41839	32997	32680	32900	41544	33776	35375	32963	45315	35442	32219	29848	36480	32106	27980	31549	46285
	
Abundance
	Great Black-backed Gull	0.4858507103861629	0.43146421160588644	0.37651237947704386	0.3257278034263039	0.2019119191026137	0.10258916422315491	0.081695744509261	0.1319400515789986	0.10168434185901434	0.0874465284633103	0.05225031112431971	0.04354226083299381	0.032276748104465035	0.035560108290041706	0.035133270390006535	0.03676788309698708	0.04185782707335518	0.056755003706449224	0.042325730806296175	0.030116544367022262	0.01154136984120667	0.007039934129271305	0.006041328665357356	0.003360026880215042	0.004541722262136919	0.005643035750489964	0.008887125570323349	0.016133148090390993	0.024566528105456314	0.04104463217991745	0.07658964845902362	0.12177633308635484	0.189350547019426	0.18362913096695227	0.21033434650455926	0.23006932409012132	0.20766224538133585	0.20822614840989398	0.22500985953948366	0.23424914487476553	0.2758591501608261	0.25425990874949567	0.25800723666577324	0.32467105263157897	0.4605681181087647	0.4418155825589707	0.41582934482867917	0.4531921788916496
	Total # checklists submitted - (Great Black-backed Gull)	59897	41927	37441	52418	36194	52179	74398	41102	41678	48624	53837	76087	56976	54668	55076	76371	79340	86336	77825	81085	50254	48580	46844	53571	38972	29594	25205	35269	26703	25923	27223	41839	32997	32680	32900	41544	33776	35375	32963	45315	35442	32219	29848	36480	32106	27980	31549	46285
	
Birds Per Party Hour
	Great Black-backed Gull	17.90322709034867	19.02203091012467	18.717700037944756	18.384385458593925	11.52777572080927	10.699067883987759	10.05068476190381	11.008311249591623	9.34288889702539	8.492584095626682	6.634899002316462	6.82905110933165	6.24875494190444	4.8808118148972435	4.442967611248545	4.814863722017828	3.7044168253039897	4.317140010463275	4.745471347645609	4.512180572922806	4.498967743681358	3.805616436399691	6.052021775981988	3.918736972535121	3.216697818228972	2.9743856319881328	3.171484599036532	3.6342758971984477	3.2267367192585126	6.579929445060562	5.674344000915099	5.454373127304474	7.084837389812651	7.059105443648166	9.249029389230055	10.373215497857197	7.7999951342785465	7.556248544226127	7.859596145454096	7.922518783786762	7.1213671630180935	10.059530274466058	7.4723996273822895	10.366067875193439	12.13030389184692	14.162643576606314	10.996856485359732	14.551526184333788
	# checklists reporting species - (Great Black-backed Gull)	3869	2582	1943	2361	1458	1199	1346	1157	1003	1136	950	996	697	632	669	912	1039	1592	845	702	215	111	102	87	105	91	111	212	289	383	562	1106	1114	1162	1178	1540	1247	1491	1515	2402	2168	1773	1840	2778	2822	2012	2082	3016
	
High Count
	Great Black-backed Gull	700	400	470	600	352	175	275	250	200	200	75	100	140	80	55	64	155	150	150	200	85	37	30	100	25	10	50	40	50	42	50	75	100	150	218	280	219	207	175	200	200	250	100	1500	475	240	210	390
	# checklists reporting species - (Great Black-backed Gull)	4219	2832	2144	2609	1600	1339	1498	1276	1112	1252	1049	1126	785	722	745	1020	1241	2011	1126	835	241	135	116	105	116	106	124	242	334	436	653	1271	1269	1346	1359	1751	1405	1657	1693	2665	2369	1960	2041	3078	3145	2234	2286	3294
	
Totals
	Great Black-backed Gull	31691	20065	15634	18651	8364	6257	6375	6003	4666	4607	3196	3870	2222	2055	2222	3247	3631	5449	3914	2858	773	401	346	316	229	193	258	619	769	1227	2273	5547	6747	6550	7555	10412	7761	8030	8337	12179	10755	8793	8558	14922	17244	13265	14232	23436
	# checklists reporting species - (Great Black-backed Gull)	4031	2710	2055	2496	1537	1279	1417	1238	1061	1204	1006	1077	753	682	721	966	1107	1700	933	750	234	130	110	98	111	102	122	235	315	421	600	1196	1188	1232	1245	1621	1324	1569	1614	2521	2265	1872	1935	2918	2962	2127	2203	3169
	
Average Count
	Great Black-backed Gull	7.861820888117093	7.404059040590406	7.607785888077859	7.472355769230769	5.441769681197138	4.892103205629398	4.49894142554693	4.848949919224555	4.397737983034872	3.8264119601328903	3.176938369781312	3.5933147632311977	2.950863213811421	3.0131964809384164	3.0818307905686546	3.3612836438923397	3.2800361336946704	3.2052941176470586	4.195069667738478	3.8106666666666666	3.3034188034188032	3.0846153846153848	3.1454545454545455	3.2244897959183674	2.063063063063063	1.892156862745098	2.1147540983606556	2.6340425531914895	2.4412698412698415	2.9144893111638956	3.7883333333333336	4.6379598662207355	5.679292929292929	5.316558441558442	6.068273092369478	6.423195558297348	5.861782477341389	5.117909496494582	5.16542750929368	4.831019436731456	4.748344370860927	4.697115384615385	4.422739018087856	5.113776559287183	5.821742066171506	6.236483309826046	6.460281434407626	7.395392868412748
	# checklists reporting species - (Great Black-backed Gull)	4031	2710	2055	2496	1537	1279	1417	1238	1061	1204	1006	1077	753	682	721	966	1107	1700	933	750	234	130	110	98	111	102	122	235	315	421	600	1196	1188	1232	1245	1621	1324	1569	1614	2521	2265	1872	1935	2918	2962	2127	2203	3169
	
