

	Week starting on...	1/1	1/8	1/15	1/22	2/1	2/8	2/15	2/22	3/1	3/8	3/15	3/22	4/1	4/8	4/15	4/22	5/1	5/8	5/15	5/22	6/1	6/8	6/15	6/22	7/1	7/8	7/15	7/22	8/1	8/8	8/15	8/22	9/1	9/8	9/15	9/22	10/1	10/8	10/15	10/22	11/1	11/8	11/15	11/22	12/1	12/8	12/15	12/22
Frequency (%)
	Red Knot	0.0	0.0	0.0	0.0	0.0	0.0	0.0	0.0	0.0	0.0	0.0	0.0	0.0	0.0	0.0	0.0	0.0	0.009266123054114159	0.10022486347574687	0.3601159277301597	0.1790902216738966	0.014409221902017292	0.0021347451114336947	0.0	0.0	0.00675812664729337	0.4959333465582225	0.6918256826107914	0.6703366662921769	0.7483701732052617	0.8705873709730743	0.9440952221611416	0.884928932933297	0.6028151774785802	0.3100303951367781	0.08184093972655497	0.07993841781146376	0.025441696113074203	0.015168522282559233	0.006620324395895399	0.031036623215394164	0.04655637977590863	0.0	0.0	0.0	0.0	0.0	0.0
	Total # checklists submitted - (Red Knot)	59897	41927	37441	52418	36194	52179	74398	41102	41678	48624	53837	76087	56976	54668	55076	76371	79340	86336	77825	81085	50254	48580	46844	53571	38972	29594	25205	35269	26703	25923	27223	41839	32997	32680	32900	41544	33776	35375	32963	45315	35442	32219	29848	36480	32106	27980	31549	46285
	
Abundance
	Red Knot	0.0	0.0	0.0	0.0	0.0	0.0	0.0	0.0	0.0	0.0	0.0	0.0	0.0	0.0	0.0	0.0	0.0	9.266123054114158E-5	0.005589463539993575	0.020324350989702165	0.012018943765670394	2.470152326060107E-4	2.1347451114336947E-5	0.0	0.0	0.0010813002635669392	1.5691331085102163	3.118120729252318	5.525858517769539	3.5187285422211936	1.7216324431546854	0.8196897631396544	0.3480316392399309	0.06223990208078335	0.003617021276595745	0.0011554015020219526	0.001332306963524396	0.003872791519434629	2.1235931195582927E-4	4.413549597263599E-5	3.1036623215394165E-4	4.655637977590863E-4	0.0	0.0	0.0	0.0	0.0	0.0
	Total # checklists submitted - (Red Knot)	59897	41927	37441	52418	36194	52179	74398	41102	41678	48624	53837	76087	56976	54668	55076	76371	79340	86336	77825	81085	50254	48580	46844	53571	38972	29594	25205	35269	26703	25923	27223	41839	32997	32680	32900	41544	33776	35375	32963	45315	35442	32219	29848	36480	32106	27980	31549	46285
	
Birds Per Party Hour
	Red Knot	0.0	0.0	0.0	0.0	0.0	0.0	0.0	0.0	0.0	0.0	0.0	0.0	0.0	0.0	0.0	0.0	0.0	0.789131822602969	5.10524048353345	5.777744487119985	7.687915983917572	1.344497504087322	0.5144327790687591	0.0	0.0	1.4841628959276019	37.25469515900263	49.95296672427667	114.59965349229819	57.822537473661825	23.097405030112473	12.097621782882866	5.837485912493139	2.8152706617080474	1.976938119523173	1.2461958703580116	1.088782352719982	1.310531110548241	0.3344155844155844	0.3333333333333333	5.274680927036148	5.410311109960014	0.0	0.0	0.0	0.0	0.0	0.0
	# checklists reporting species - (Red Knot)	0.0	0.0	0.0	0.0	0.0	0.0	0.0	0.0	0.0	0.0	0.0	0.0	0.0	0.0	0.0	0.0	0.0	10	99	372	126	9	5	0	0.0	2	124	262	179	207	259	455	331	216	106	41	30	8	6	2	19	20	0.0	0.0	0.0	0.0	0.0	0.0
	
High Count
	Red Knot	0.0	0.0	0.0	0.0	0.0	0.0	0.0	0.0	0.0	0.0	0.0	0.0	0.0	0.0	0.0	0.0	0.0	2	68	60	100	5	15	1	0.0	19	3000	2981	6200	5694	3226	2956	1078	400	3	5	19	65	3	1	1	1	0.0	0.0	0.0	0.0	0.0	0.0
	# checklists reporting species - (Red Knot)	0.0	0.0	0.0	0.0	0.0	0.0	0.0	0.0	0.0	0.0	0.0	0.0	0.0	0.0	0.0	0.0	0.0	12	105	437	146	12	6	1	0.0	2	125	267	182	213	275	500	382	249	125	51	33	11	10	9	22	21	0.0	0.0	0.0	0.0	0.0	0.0
	
Totals
	Red Knot	0.0	0.0	0.0	0.0	0.0	0.0	0.0	0.0	0.0	0.0	0.0	0.0	0.0	0.0	0.0	0.0	0.0	12	557	2147	1088	21	20	1	0.0	32	39550	110057	147564	91374	46906	34471	11634	2104	147	74	58	139	12	8	21	21	0.0	0.0	0.0	0.0	0.0	0.0
	# checklists reporting species - (Red Knot)	0.0	0.0	0.0	0.0	0.0	0.0	0.0	0.0	0.0	0.0	0.0	0.0	0.0	0.0	0.0	0.0	0.0	11	105	430	145	12	6	1	0.0	2	124	267	182	212	270	490	377	244	122	51	33	11	10	8	21	21	0.0	0.0	0.0	0.0	0.0	0.0
	
Average Count
	Red Knot	0.0	0.0	0.0	0.0	0.0	0.0	0.0	0.0	0.0	0.0	0.0	0.0	0.0	0.0	0.0	0.0	0.0	1.0909090909090908	5.304761904761905	4.993023255813953	7.503448275862069	1.75	3.3333333333333335	1.0	0.0	16.0	318.9516129032258	412.19850187265916	810.7912087912088	431.00943396226415	173.72592592592594	70.34897959183674	30.859416445623342	8.62295081967213	1.2049180327868851	1.4509803921568627	1.7575757575757576	12.636363636363637	1.2	1.0	1.0	1.0	0.0	0.0	0.0	0.0	0.0	0.0
	# checklists reporting species - (Red Knot)	0.0	0.0	0.0	0.0	0.0	0.0	0.0	0.0	0.0	0.0	0.0	0.0	0.0	0.0	0.0	0.0	0.0	11	105	430	145	12	6	1	0.0	2	124	267	182	212	270	490	377	244	122	51	33	11	10	8	21	21	0.0	0.0	0.0	0.0	0.0	0.0
	
