

	Week starting on...	1/1	1/8	1/15	1/22	2/1	2/8	2/15	2/22	3/1	3/8	3/15	3/22	4/1	4/8	4/15	4/22	5/1	5/8	5/15	5/22	6/1	6/8	6/15	6/22	7/1	7/8	7/15	7/22	8/1	8/8	8/15	8/22	9/1	9/8	9/15	9/22	10/1	10/8	10/15	10/22	11/1	11/8	11/15	11/22	12/1	12/8	12/15	12/22
Frequency (%)
	Tennessee Warbler	0.028382055862564072	0.0	0.0	0.0	0.0	0.0	0.0	0.0	0.0	0.0	0.0	0.0	0.0	0.0	0.0	0.02749734846996897	0.8747164103856819	5.325704225352112	12.156761965949245	6.010976136153419	1.273530465236598	0.9263071222725402	1.0887200068311844	1.0920087360698887	1.331725341270656	0.8211123876461444	0.6228922832771275	0.7031670872437551	1.2358162004269182	1.6703313659684451	2.6117621129192226	4.9857788188054215	7.152165348365003	7.812117503059976	6.191489361702128	4.676968996726362	3.549857887257224	1.314487632508834	0.5612353244546916	0.16109456030012137	0.04796569042379098	0.01862255191036345	0.016751541141785044	0.03837719298245614	0.09966984364293278	0.039313795568263046	0.06656312402928778	0.030247380360808034
	Total # checklists submitted - (Tennessee Warbler)	59897	41927	37441	52418	36194	52179	74398	41102	41678	48624	53837	76087	56976	54668	55076	76371	79340	86336	77825	81085	50254	48580	46844	53571	38972	29594	25205	35269	26703	25923	27223	41839	32997	32680	32900	41544	33776	35375	32963	45315	35442	32219	29848	36480	32106	27980	31549	46285
	
Abundance
	Tennessee Warbler	3.005158856036195E-4	0.0	0.0	0.0	0.0	0.0	0.0	0.0	0.0	0.0	0.0	0.0	0.0	0.0	0.0	3.1425541108535965E-4	0.01370052936728006	0.13600352112676056	0.3283777706392547	0.13728803107849788	0.020416285270824213	0.01475916014820914	0.018444197762787124	0.01584812678501428	0.020861131068459406	0.012265999864837467	0.013529061694108313	0.01755082366951147	0.029884282664869116	0.036608417235659454	0.04852514417955405	0.0986639260020555	0.1384065218050126	0.1563341493268054	0.1219452887537994	0.07565472751781244	0.058828754144954996	0.019590106007067138	0.0070078572945423655	0.0018978263268233477	5.643022402798939E-4	1.862255191036345E-4	1.6751541141785044E-4	3.837719298245614E-4	9.966984364293279E-4	3.5739814152966406E-4	6.9732796602111E-4	3.0247380360808035E-4
	Total # checklists submitted - (Tennessee Warbler)	59897	41927	37441	52418	36194	52179	74398	41102	41678	48624	53837	76087	56976	54668	55076	76371	79340	86336	77825	81085	50254	48580	46844	53571	38972	29594	25205	35269	26703	25923	27223	41839	32997	32680	32900	41544	33776	35375	32963	45315	35442	32219	29848	36480	32106	27980	31549	46285
	
Birds Per Party Hour
	Tennessee Warbler	1.6602559298810238	0.0	0.0	0.0	0.0	0.0	0.0	0.0	0.0	0.0	0.0	0.0	0.0	0.0	0.0	0.3704896652191662	0.9854419984253147	1.3658823033777416	1.8375491467097356	2.2519617341791727	7.345596642546489	10.42380334591315	12.18904809799287	13.242172809035806	12.033392597728252	10.450376147712438	1.5552609328117217	0.6742356228225878	0.8463207748278827	1.0830535561709793	1.2749529473966281	1.4125375308352695	1.3248215838126565	1.6094686989860794	1.6309857988192942	1.2500876996284829	1.2364394562954764	1.0187850503259726	0.772122229066591	0.655527608652413	1.1683942896016057	7.733828590071848	1.0328461234063302	1.0182355597781636	1.1384426035693767	1.6015436365189943	1.700596647906427	1.1027991881944246
	# checklists reporting species - (Tennessee Warbler)	19	0.0	0.0	0.0	0.0	0.0	0.0	0.0	0.0	0.0	0.0	0.0	0.0	0.0	0.0	23	701	4409	9564	5121	669	464	518	581	504	225	159	247	345	452	736	2153	2439	2643	2117	2032	1274	504	197	87	21	8	7	15	38	10	21	16
	
High Count
	Tennessee Warbler	2	0.0	0.0	0.0	0.0	0.0	0.0	0.0	0.0	0.0	0.0	0.0	0.0	0.0	0.0	3	55	1800	150	54	14	30	27	28	14	9	15	20	20	17	21	40	26	62	32	25	67	8	6	3	2	1	1	1	1	1	2	1
	# checklists reporting species - (Tennessee Warbler)	20	0.0	0.0	0.0	0.0	0.0	0.0	0.0	0.0	0.0	0.0	0.0	0.0	0.0	0.0	27	792	5270	10527	5509	712	490	545	618	533	248	167	262	362	477	776	2273	2551	2762	2211	2118	1319	523	203	91	21	8	7	16	39	11	23	16
	
Totals
	Tennessee Warbler	21	0.0	0.0	0.0	0.0	0.0	0.0	0.0	0.0	0.0	0.0	0.0	0.0	0.0	0.0	31	1197	12779	27599	12326	1132	774	918	948	826	369	350	642	874	1051	1513	4578	4875	5576	4357	3384	2284	758	252	106	24	8	7	16	39	10	24	16
	# checklists reporting species - (Tennessee Warbler)	20	0.0	0.0	0.0	0.0	0.0	0.0	0.0	0.0	0.0	0.0	0.0	0.0	0.0	0.0	27	732	4684	9876	5292	679	473	530	588	512	231	162	256	353	472	760	2225	2499	2718	2179	2082	1309	521	203	91	21	8	7	16	39	10	23	16
	
Average Count
	Tennessee Warbler	1.05	0.0	0.0	0.0	0.0	0.0	0.0	0.0	0.0	0.0	0.0	0.0	0.0	0.0	0.0	1.1481481481481481	1.6352459016393444	2.7282237403928264	2.794552450384771	2.3291761148904007	1.667157584683358	1.6363636363636365	1.7320754716981133	1.6122448979591837	1.61328125	1.5974025974025974	2.1604938271604937	2.5078125	2.4759206798866855	2.2266949152542375	1.9907894736842104	2.0575280898876405	1.95078031212485	2.0515084621044886	1.9995410738871042	1.6253602305475505	1.7448433919022155	1.45489443378119	1.2413793103448276	1.164835164835165	1.1428571428571428	1.0	1.0	1.0	1.0	1.0	1.0434782608695652	1.0
	# checklists reporting species - (Tennessee Warbler)	20	0.0	0.0	0.0	0.0	0.0	0.0	0.0	0.0	0.0	0.0	0.0	0.0	0.0	0.0	27	732	4684	9876	5292	679	473	530	588	512	231	162	256	353	472	760	2225	2499	2718	2179	2082	1309	521	203	91	21	8	7	16	39	10	23	16
	
