

	Week starting on...	1/1	1/8	1/15	1/22	2/1	2/8	2/15	2/22	3/1	3/8	3/15	3/22	4/1	4/8	4/15	4/22	5/1	5/8	5/15	5/22	6/1	6/8	6/15	6/22	7/1	7/8	7/15	7/22	8/1	8/8	8/15	8/22	9/1	9/8	9/15	9/22	10/1	10/8	10/15	10/22	11/1	11/8	11/15	11/22	12/1	12/8	12/15	12/22
Frequency (%)
	Yellow-breasted Chat	0.0	0.0	0.0	0.0019077416154756	0.0	0.0	0.0	0.0	0.0	0.0	0.0	0.0	0.0	0.0	0.0054470186651172925	0.04321011902423695	0.5495336526342324	0.558283914010378	0.2749759074847414	0.1109946352592958	0.14924185139491383	0.051461506792918894	0.10246776534881737	0.026133542401672545	0.028225392589551472	0.01351625329458674	0.0	0.0	0.0037448975770512675	0.027003047486787796	0.040407008779341	0.009560457945935609	0.009091735612328393	0.0030599755201958386	0.00911854103343465	0.016849605237820142	0.0059213642823306495	0.0028268551236749115	0.0	0.0	0.0	0.0	0.0	0.008223684210526315	0.0	0.0	0.0	0.0021605271686291456
	Total # checklists submitted - (Yellow-breasted Chat)	59897	41927	37441	52418	36194	52179	74398	41102	41678	48624	53837	76087	56976	54668	55076	76371	79340	86336	77825	81085	50254	48580	46844	53571	38972	29594	25205	35269	26703	25923	27223	41839	32997	32680	32900	41544	33776	35375	32963	45315	35442	32219	29848	36480	32106	27980	31549	46285
	
Abundance
	Yellow-breasted Chat	0.0	0.0	0.0	1.9077416154756E-5	0.0	0.0	0.0	0.0	0.0	0.0	0.0	0.0	0.0	0.0	5.447018665117292E-5	4.321011902423695E-4	0.005520544492059491	0.005293272794662713	0.0024156761965949246	0.001109946352592958	0.0014924185139491384	5.146150679291889E-4	0.0010033302023738366	2.986690560191148E-4	2.822539258955147E-4	1.351625329458674E-4	0.0	0.0	7.489795154102535E-5	3.471820391158431E-4	4.4080373213826546E-4	9.56045794593561E-5	9.091735612328394E-5	3.0599755201958386E-5	9.11854103343465E-5	1.4442518775274407E-4	5.921364282330649E-5	2.8268551236749116E-5	0.0	0.0	0.0	0.0	0.0	8.223684210526316E-5	0.0	0.0	0.0	2.1605271686291456E-5
	Total # checklists submitted - (Yellow-breasted Chat)	59897	41927	37441	52418	36194	52179	74398	41102	41678	48624	53837	76087	56976	54668	55076	76371	79340	86336	77825	81085	50254	48580	46844	53571	38972	29594	25205	35269	26703	25923	27223	41839	32997	32680	32900	41544	33776	35375	32963	45315	35442	32219	29848	36480	32106	27980	31549	46285
	
Birds Per Party Hour
	Yellow-breasted Chat	0.0	0.0	0.0	0.7501875468867217	0.0	0.0	0.0	0.0	0.0	0.0	0.0	0.0	0.0	0.0	0.6894711637134843	0.9620321042472224	0.662920293123052	0.49103980187364754	0.541358481255003	0.667746434232425	1.4555885320238773	0.9607819346758807	1.3272187582394444	3.4818570293590083	1.9146242682040298	0.3180889798194381	0.0	0.0	0.3333333333333333	0.8829929340408106	0.677766169755732	0.8439656119534168	1.0999020999020999	0.07692307692307693	0.4620824812542604	0.4678579266409508	0.23330333933213357	1.1333333333333333	0.0	0.0	0.0	0.0	0.0	0.39166666666666666	0.0	0.0	0.0	0.2
	# checklists reporting species - (Yellow-breasted Chat)	2	0.0	0.0	1	0.0	0.0	0.0	0.0	0.0	0.0	0.0	0.0	0.0	0.0	3	43	474	471	205	103	93	34	54	19	18	5	0.0	0.0	1	6	11	4	3	2	4	9	4	2	2	0	0	0	0	4	0.0	0.0	0.0	2
	
High Count
	Yellow-breasted Chat	1	0.0	0.0	1	0.0	0.0	0.0	0.0	0.0	0.0	0.0	0.0	0.0	0.0	1	2	2	4	2	2	2	1	3	8	3	6	0.0	0.0	2	3	2	1	1	1	1	1	1	2	1	1	1	1	1	1	0.0	0.0	0.0	1
	# checklists reporting species - (Yellow-breasted Chat)	5	0.0	0.0	1	0.0	0.0	0.0	0.0	0.0	0.0	0.0	0.0	0.0	0.0	3	50	511	624	276	118	97	35	58	20	18	5	0.0	0.0	1	8	11	4	4	3	4	10	5	2	3	1	1	10	8	6	0.0	0.0	0.0	3
	
Totals
	Yellow-breasted Chat	5	0.0	0.0	1	0.0	0.0	0.0	0.0	0.0	0.0	0.0	0.0	0.0	0.0	3	52	504	566	246	119	98	35	60	29	21	10	0.0	0.0	2	10	12	4	4	3	4	9	5	3	3	1	1	9	8	6	0.0	0.0	0.0	3
	# checklists reporting species - (Yellow-breasted Chat)	5	0.0	0.0	1	0.0	0.0	0.0	0.0	0.0	0.0	0.0	0.0	0.0	0.0	3	49	485	535	236	116	97	35	57	20	18	5	0.0	0.0	1	8	11	4	4	3	4	9	5	2	3	1	1	9	8	6	0.0	0.0	0.0	3
	
Average Count
	Yellow-breasted Chat	1.0	0.0	0.0	1.0	0.0	0.0	0.0	0.0	0.0	0.0	0.0	0.0	0.0	0.0	1.0	1.0612244897959184	1.0391752577319588	1.0579439252336449	1.0423728813559323	1.0258620689655173	1.0103092783505154	1.0	1.0526315789473684	1.45	1.1666666666666667	2.0	0.0	0.0	2.0	1.25	1.0909090909090908	1.0	1.0	1.0	1.0	1.0	1.0	1.5	1.0	1.0	1.0	1.0	1.0	1.0	0.0	0.0	0.0	1.0
	# checklists reporting species - (Yellow-breasted Chat)	5	0.0	0.0	1	0.0	0.0	0.0	0.0	0.0	0.0	0.0	0.0	0.0	0.0	3	49	485	535	236	116	97	35	57	20	18	5	0.0	0.0	1	8	11	4	4	3	4	9	5	2	3	1	1	9	8	6	0.0	0.0	0.0	3
	
