

	Week starting on...	1/1	1/8	1/15	1/22	2/1	2/8	2/15	2/22	3/1	3/8	3/15	3/22	4/1	4/8	4/15	4/22	5/1	5/8	5/15	5/22	6/1	6/8	6/15	6/22	7/1	7/8	7/15	7/22	8/1	8/8	8/15	8/22	9/1	9/8	9/15	9/22	10/1	10/8	10/15	10/22	11/1	11/8	11/15	11/22	12/1	12/8	12/15	12/22
Frequency (%)
	Double-crested Cormorant	1.2755229811175852	1.1305364085195697	0.7611976175850004	0.6467244076462284	0.5802066640879704	0.3411334061595661	0.368289470147047	0.40387329083742884	0.44387926483996354	0.5429417571569595	0.9677359436818544	3.0951410884908066	7.991083965178321	13.808809541230701	17.98787130510567	21.82241950478585	23.638769851273004	23.383061527057077	21.013813042081594	16.379108343096753	10.518565686313528	8.24207492795389	7.34352318333191	7.498459987679902	8.372677819973315	10.738663242549165	13.517159293790915	15.914826051206443	18.23016140508557	20.44516452571076	23.175256217169306	25.11771313845933	26.77819195684456	26.092411260709913	24.70212765957447	23.972174080492973	21.894244433917574	22.10600706713781	20.604920668628463	16.433851925411012	11.954742960329552	7.902169527297557	5.417448405253284	4.043311403508771	3.2797607923752565	2.0157255182273053	1.3883165868965737	1.18828994274603
	Total # checklists submitted - (Double-crested Cormorant)	59897	41927	37441	52418	36194	52179	74398	41102	41678	48624	53837	76087	56976	54668	55076	76371	79340	86336	77825	81085	50254	48580	46844	53571	38972	29594	25205	35269	26703	25923	27223	41839	32997	32680	32900	41544	33776	35375	32963	45315	35442	32219	29848	36480	32106	27980	31549	46285
	
Abundance
	Double-crested Cormorant	0.05905137152111124	0.06318124359004937	0.048262599823722656	0.03359532984852531	0.031441675415814774	0.014680235343720654	0.034060055377832736	0.03211522553647025	0.02396948030135803	0.028257650542941756	0.04647361480023032	0.2957141167347904	1.3915859309182814	3.686818614180142	6.335227685380202	9.66501682575847	10.709541215023947	8.965541604892513	10.661753935110825	12.689424677807239	6.787459704700123	4.470317002881845	4.338570574673384	3.638143771816841	4.025941701734578	5.406636480367642	9.879984130132911	12.745215344920469	12.940942965209901	17.71330478725456	19.54064577746758	20.992757953105954	17.884777404006424	14.097552019583844	11.253252279635259	9.456311380704795	9.397974893415443	8.256508833922261	6.384400691684616	3.263797859428445	1.0994300547373173	0.4197523200595922	0.24611364245510586	0.16896929824561405	0.10119603812371519	0.062759113652609	0.05816349171130622	0.05451010046451334
	Total # checklists submitted - (Double-crested Cormorant)	59897	41927	37441	52418	36194	52179	74398	41102	41678	48624	53837	76087	56976	54668	55076	76371	79340	86336	77825	81085	50254	48580	46844	53571	38972	29594	25205	35269	26703	25923	27223	41839	32997	32680	32900	41544	33776	35375	32963	45315	35442	32219	29848	36480	32106	27980	31549	46285
	
Birds Per Party Hour
	Double-crested Cormorant	14.380128329112042	13.076774108914567	15.101755340421919	13.598167793413891	17.698642884449487	12.995404274781611	17.28143289026674	21.739309814409225	13.413421057445932	14.845202058201188	10.961510851153596	18.52568317894145	32.631861361612096	33.61033340620926	35.36022474854547	40.50907471593248	33.452039925145826	31.368559491640326	40.678147728909096	61.35971360460271	78.89198690333724	147.45283456014695	102.60552635531468	84.33345436884206	113.15093831773434	80.76792809160828	88.60553279564733	132.02292284360627	76.76459893943998	129.44272084555473	76.97332848484926	78.17582619017725	68.23476944264459	66.11710266520566	45.990438708677196	45.97207993516882	55.534060882109806	43.39195816807258	39.99780963084508	24.583584712687333	20.65571345148854	8.820144620878295	11.158443105503745	16.064944939850363	8.257248145217584	7.06215047714637	6.3212181402901235	7.1558034968300115
	# checklists reporting species - (Double-crested Cormorant)	797	480	289	352	208	191	271	173	195	283	541	2389	4531	7375	9582	16081	17579	18381	14771	12261	5058	3829	3380	3973	3237	3111	3371	5570	4810	5195	6093	10053	8495	8197	7844	9632	7196	7714	6672	7370	4235	2576	1597	1479	1091	580	450	581
	
High Count
	Double-crested Cormorant	68	85	72	69	76	34	120	79	60	75	200	1200	2400	3900	5270	8000	10000	7080	8000	10000	6000	6000	8344	9090	10940	10000	5000	20000	13610	15000	15000	20000	7900	10000	13000	10000	10000	8000	5000	8000	6700	500	200	150	113	50	133	134
	# checklists reporting species - (Double-crested Cormorant)	882	533	314	379	233	204	298	195	210	301	594	2607	4992	8180	10728	17884	20129	21710	17455	14389	5740	4394	3819	4443	3671	3516	3804	6279	5403	5851	6982	11486	9605	9223	8818	10717	7905	8390	7268	8000	4518	2732	1717	1611	1198	626	486	629
	
Totals
	Double-crested Cormorant	4068	3039	1931	1856	1357	917	2652	1490	1199	1493	3137	26647	89170	212626	367566	757399	879288	812337	867842	1063233	358212	235410	223814	236504	170708	175743	264796	478901	378013	505761	562705	961365	624052	492700	404731	417143	352737	323236	227888	160317	48547	14452	7706	6599	3766	1971	2018	3091
	# checklists reporting species - (Double-crested Cormorant)	841	508	302	366	221	198	282	186	205	295	571	2506	4713	7663	9957	16495	17971	18841	15138	12589	5189	3984	3501	4118	3358	3240	3513	5811	5013	5382	6339	10430	8774	8450	8102	9908	7423	7936	6890	7599	4349	2637	1656	1551	1160	609	475	615
	
Average Count
	Double-crested Cormorant	4.837098692033294	5.982283464566929	6.394039735099338	5.0710382513661205	6.14027149321267	4.6313131313131315	9.404255319148936	8.010752688172044	5.848780487804878	5.061016949152543	5.493870402802101	10.633280127693535	18.920008487163166	27.747096437426595	36.91533594456161	45.9168839042134	48.928162038840355	43.11538665675919	57.328709208614086	84.45730399555167	69.03295432645982	59.088855421686745	63.928591830905454	57.43176299174357	50.83621203097081	54.24166666666667	75.37603188158269	82.41283772156255	75.4065429882306	93.9726867335563	88.76873323868118	92.17305848513902	71.12514246637794	58.30769230769231	49.9544556899531	42.10163504238999	47.51946652296915	40.73034274193548	33.075181422351235	21.09711804184761	11.162796045067832	5.480470231323474	4.653381642512077	4.254674403610574	3.246551724137931	3.2364532019704435	4.248421052631579	5.026016260162602
	# checklists reporting species - (Double-crested Cormorant)	841	508	302	366	221	198	282	186	205	295	571	2506	4713	7663	9957	16495	17971	18841	15138	12589	5189	3984	3501	4118	3358	3240	3513	5811	5013	5382	6339	10430	8774	8450	8102	9908	7423	7936	6890	7599	4349	2637	1656	1551	1160	609	475	615
	
