

	Week starting on...	1/1	1/8	1/15	1/22	2/1	2/8	2/15	2/22	3/1	3/8	3/15	3/22	4/1	4/8	4/15	4/22	5/1	5/8	5/15	5/22	6/1	6/8	6/15	6/22	7/1	7/8	7/15	7/22	8/1	8/8	8/15	8/22	9/1	9/8	9/15	9/22	10/1	10/8	10/15	10/22	11/1	11/8	11/15	11/22	12/1	12/8	12/15	12/22
Frequency (%)
	Canada Jay	1.1369517672003606	0.7775419180957378	0.998904943778211	0.9691327406616048	0.9863513289495496	1.1633032446003182	1.619667195354714	1.1143010072502555	0.8469696242622007	0.7136393550510036	0.7021193602912496	0.43108546795116115	0.33698399326032014	0.28535889368551987	0.2832449705860992	0.17807806628170378	0.12225863372825813	0.14825796886582654	0.24028268551236748	0.3416168218536104	0.64671468937796	0.7431041580897488	0.8987276919135855	1.0005413376640346	1.0828286975264292	0.8717983375008448	0.7617536203134299	0.8307578893645978	1.0261019361120474	1.068549164834317	0.848547184366161	0.8508807571882693	0.6818801709246295	0.6150550795593636	0.5227963525835867	0.8039668784902754	1.2286830885836095	1.0120141342756184	1.1406728756484543	1.1762109676707493	1.1624626149765815	1.219777150128806	1.085499865987671	1.0581140350877194	0.9811250233601196	0.993566833452466	1.141082126216362	1.410824241114832
	Total # checklists submitted - (Canada Jay)	59897	41927	37441	52418	36194	52179	74398	41102	41678	48624	53837	76087	56976	54668	55076	76371	79340	86336	77825	81085	50254	48580	46844	53571	38972	29594	25205	35269	26703	25923	27223	41839	32997	32680	32900	41544	33776	35375	32963	45315	35442	32219	29848	36480	32106	27980	31549	46285
	
Abundance
	Canada Jay	0.02586106148888926	0.016099410880816657	0.021874415747442644	0.022873821969552444	0.021412388793722717	0.026332432587822686	0.03949030887927095	0.025789499294438228	0.01926675944143193	0.015054294175715697	0.01240782361572896	0.006781710410451194	0.005160067396798652	0.004627935904002341	0.004230517829907764	0.0030901782090060363	0.0018779934459289135	0.002721923647146034	0.0049469964664310955	0.00812727384843066	0.012098539419747681	0.012536023054755043	0.014580309111092135	0.015512124096992775	0.016037154880426972	0.014259647225789011	0.01773457647292204	0.018429782528566162	0.024004793468898625	0.02769741156501948	0.020938177276567608	0.019694543368627356	0.01709246295117738	0.015636474908200734	0.011762917933130699	0.01798093587521664	0.026231643770724775	0.02371731448763251	0.024178624518399416	0.024274522784949796	0.02384176965182552	0.02631987336664701	0.023351648351648352	0.022039473684210525	0.019871675076309724	0.021050750536097212	0.026023011822878698	0.03456843469806633
	Total # checklists submitted - (Canada Jay)	59897	41927	37441	52418	36194	52179	74398	41102	41678	48624	53837	76087	56976	54668	55076	76371	79340	86336	77825	81085	50254	48580	46844	53571	38972	29594	25205	35269	26703	25923	27223	41839	32997	32680	32900	41544	33776	35375	32963	45315	35442	32219	29848	36480	32106	27980	31549	46285
	
Birds Per Party Hour
	Canada Jay	3.7799600987653377	2.905948493852953	3.7540943726184	2.977880176232007	3.8077983401939246	3.3428004799910567	2.9401953723608316	4.513930922850289	3.3301317350869395	3.4287064794252413	3.3750226132826966	2.20160042662266	3.3944620998170354	2.940991983409501	2.781180589348579	3.2061932757767484	1.7530297024585917	3.4928383016647038	4.470455436007111	5.707707788192273	8.826210894323868	11.6119542398934	12.938562282531024	13.206842674246607	12.941786307459576	9.711903132761302	1.8288380198894478	0.6917380326228258	0.7419824880458378	0.9453152810662752	1.5651284839817936	1.4749256093036633	1.7082570646232753	1.528762516179	4.038386914238919	2.534230276000684	3.6077650273891955	3.4027107951393822	3.009296137754141	2.537334828551951	2.980581291013461	2.6738392790101035	2.759702118158037	2.4806144038757894	3.0102240780377327	2.686485834301647	3.3070956291336264	3.214004757773945
	# checklists reporting species - (Canada Jay)	677	322	390	546	358	615	1234	502	352	369	389	341	201	152	155	138	95	136	191	279	333	351	430	554	413	249	210	304	288	286	242	380	238	220	182	360	450	394	403	552	425	401	335	384	335	276	354	665
	
High Count
	Canada Jay	10	25	12	19	8	10	10	11	8	10	23	10	9	31	7	6	6	6	10	13	20	10	12	6	10	10	12	8	8	12	12	10	15	12	10	10	11	19	15	11	10	15	10	8	9	12	14	12
	# checklists reporting species - (Canada Jay)	754	373	423	586	405	660	1314	549	394	411	437	382	229	175	184	162	114	148	224	331	357	391	459	588	454	280	222	332	307	312	279	419	264	245	202	409	492	447	457	657	479	435	369	423	363	316	401	758
	
Totals
	Canada Jay	1696	743	940	1338	854	1477	3160	1239	872	830	752	587	353	315	270	278	171	263	453	756	673	647	733	911	680	462	494	732	698	781	678	946	643	608	435	870	1038	1018	960	1333	952	929	774	869	718	661	911	1832
	# checklists reporting species - (Canada Jay)	732	360	407	577	393	647	1292	535	380	395	415	357	215	160	166	156	106	142	204	305	340	363	446	573	434	259	214	317	297	299	271	403	252	238	193	392	477	429	436	620	460	422	359	410	352	303	388	729
	
Average Count
	Canada Jay	2.3169398907103824	2.063888888888889	2.3095823095823094	2.318890814558059	2.173027989821883	2.2828438948995364	2.4458204334365323	2.3158878504672895	2.294736842105263	2.1012658227848102	1.8120481927710843	1.6442577030812324	1.6418604651162791	1.96875	1.6265060240963856	1.7820512820512822	1.6132075471698113	1.852112676056338	2.2205882352941178	2.4786885245901638	1.9794117647058824	1.7823691460055096	1.6434977578475336	1.5898778359511343	1.566820276497696	1.7837837837837838	2.308411214953271	2.309148264984227	2.3501683501683504	2.612040133779264	2.5018450184501844	2.347394540942928	2.5515873015873014	2.5546218487394956	2.2538860103626943	2.2193877551020407	2.1761006289308176	2.3729603729603728	2.2018348623853212	2.15	2.0695652173913044	2.2014218009478674	2.1559888579387185	2.1195121951219513	2.039772727272727	2.1815181518151814	2.347938144329897	2.513031550068587
	# checklists reporting species - (Canada Jay)	732	360	407	577	393	647	1292	535	380	395	415	357	215	160	166	156	106	142	204	305	340	363	446	573	434	259	214	317	297	299	271	403	252	238	193	392	477	429	436	620	460	422	359	410	352	303	388	729
	
