

	Week starting on...	1/1	1/8	1/15	1/22	2/1	2/8	2/15	2/22	3/1	3/8	3/15	3/22	4/1	4/8	4/15	4/22	5/1	5/8	5/15	5/22	6/1	6/8	6/15	6/22	7/1	7/8	7/15	7/22	8/1	8/8	8/15	8/22	9/1	9/8	9/15	9/22	10/1	10/8	10/15	10/22	11/1	11/8	11/15	11/22	12/1	12/8	12/15	12/22
Frequency (%)
	American Black Duck	9.149039183932416	9.378204975314237	8.386528137603163	8.271967644702201	7.987511742277725	5.626784721822956	4.6063066211457295	7.77577733443628	7.874658092998704	9.012010529779532	8.618608020506343	8.395652345341517	7.532996349340074	6.1022901880441935	4.664463650228775	3.0823218237289023	1.6271741870431056	1.1779558932542624	1.1898490202377128	1.4466300795461553	1.2695506825327336	1.1671469740634006	0.832550593459141	0.8082731328517294	1.1649389305142155	1.578022572143002	2.404284864114263	3.01964898352661	3.7823465528217803	4.324345176098445	5.036182639679683	5.504433662372428	6.124799224171895	6.25764993880049	6.127659574468085	7.281436549200847	8.127072477498816	8.658657243816254	10.581561144313321	10.919121703630145	11.7008069522036	10.850740246438436	10.272045028142589	9.794407894736842	10.191241512489878	9.220872051465333	8.944816000507148	8.199200604947606
	Total # checklists submitted - (American Black Duck)	59897	41927	37441	52418	36194	52179	74398	41102	41678	48624	53837	76087	56976	54668	55076	76371	79340	86336	77825	81085	50254	48580	46844	53571	38972	29594	25205	35269	26703	25923	27223	41839	32997	32680	32900	41544	33776	35375	32963	45315	35442	32219	29848	36480	32106	27980	31549	46285
	
Abundance
	American Black Duck	0.7869676277609897	0.6950652324277912	0.559707272775834	0.5959784806745775	0.5871967729457921	0.37986546311734604	0.3126428129788435	0.5167875042577004	0.4947214357694707	0.5227871010200724	0.4833293088396456	0.5030557125395928	0.39506107834877846	0.2954196239116119	0.1823298714503595	0.10900734572023411	0.03487522056970003	0.021427909562638993	0.022589142306456794	0.02610840476043658	0.024177179925976042	0.02328118567311651	0.01867901972504483	0.02363218905751246	0.033998768346505184	0.053794688112455226	0.1852410236064273	0.20318126399954634	0.28611017488671686	0.34498321953477606	0.3668221724277266	0.5657400989507397	0.32781768039518744	0.2465422276621787	0.20699088145896657	0.2694492586173695	0.3743782567503553	0.44375971731448766	0.6625307162576222	0.7346794659604987	0.872552339032786	0.719606443402961	0.701688555347092	0.7647203947368421	0.7387715691771009	0.7448177269478199	0.7956195125043583	0.6039105541752188
	Total # checklists submitted - (American Black Duck)	59897	41927	37441	52418	36194	52179	74398	41102	41678	48624	53837	76087	56976	54668	55076	76371	79340	86336	77825	81085	50254	48580	46844	53571	38972	29594	25205	35269	26703	25923	27223	41839	32997	32680	32900	41544	33776	35375	32963	45315	35442	32219	29848	36480	32106	27980	31549	46285
	
Birds Per Party Hour
	American Black Duck	18.071927609189906	18.12414966281583	18.507115295137726	18.494415190405935	20.41709082027145	18.521686741858627	19.69591622618202	15.911622414818844	14.917903387830084	13.355687683788803	13.229575285833647	15.546625688679619	12.614722218229664	13.091768810768581	9.722243566071722	7.9592065305897615	3.9611294768321637	2.278581525590053	2.897289197529003	2.7309368753344363	2.82148906305711	3.8747252194797435	4.918222654533255	4.84372524352525	5.18511638051731	4.8373880276039465	5.070751268388334	4.507910089132592	4.385203853359149	4.618265031678109	5.114591221679374	23.79897857508863	4.010406148617664	4.840471108042175	3.9983363042633435	4.5343402047750425	6.162987114343266	6.405450801188142	8.782506745978152	9.273429177284367	11.428192120360906	10.101718771248102	11.312888301310812	14.301610215192946	15.325844433445093	17.158314320571897	12.972225381525272	14.615309292014313
	# checklists reporting species - (American Black Duck)	5296	3844	3029	4186	2830	2878	3357	3123	3224	4301	4550	6258	4238	3305	2477	2326	1268	1019	919	1185	626	552	392	432	440	461	607	1079	1003	1114	1364	2258	2002	1976	1939	2908	2676	2979	3412	4845	4083	3439	3001	3458	3177	2514	2753	3708
	
High Count
	American Black Duck	3000	461	300	300	1000	400	400	200	316	200	300	540	400	160	138	300	34	30	70	25	12	25	30	25	25	50	200	245	222	333	450	11233	418	200	120	175	180	200	250	600	1500	2400	1200	400	2300	1000	600	2500
	# checklists reporting species - (American Black Duck)	5822	4166	3320	4571	3055	3091	3631	3376	3475	4629	4904	6766	4564	3603	2732	2541	1383	1125	1008	1307	696	613	443	485	512	518	665	1167	1094	1217	1501	2487	2159	2174	2161	3210	2914	3247	3716	5271	4394	3706	3253	3754	3489	2720	2975	4020
	
Totals
	American Black Duck	50087	30277	22098	32169	22133	20648	24309	21978	21904	26306	27704	40414	23770	17083	10717	8792	2930	2003	1883	2364	1317	1224	964	1371	1516	1737	4847	7583	7935	9222	10400	24643	11309	8364	7301	12339	13006	16419	22836	35004	32909	26885	24518	29747	29092	21617	26346	32018
	# checklists reporting species - (American Black Duck)	5470	3953	3137	4319	2902	2960	3464	3196	3325	4407	4683	6473	4381	3436	2576	2409	1310	1047	949	1248	652	578	418	450	477	478	627	1120	1036	1166	1418	2332	2057	2049	2033	3041	2783	3108	3554	5045	4217	3541	3116	3595	3289	2593	2842	3817
	
Average Count
	American Black Duck	9.156672760511883	7.659246142170503	7.044309850175327	7.44825191016439	7.6268090971743625	6.975675675675675	7.017609699769053	6.876720901126408	6.587669172932331	5.969140004538235	5.915865897928678	6.243472887378341	5.425701894544624	4.971769499417928	4.1603260869565215	3.6496471564964716	2.236641221374046	1.9130850047755492	1.9841938883034773	1.8942307692307692	2.0199386503067487	2.1176470588235294	2.3062200956937797	3.046666666666667	3.1781970649895177	3.6338912133891212	7.7304625199362045	6.770535714285714	7.659266409266409	7.909090909090909	7.3342736248236955	10.567324185248713	5.497812348079727	4.08199121522694	3.5912444663059517	4.0575468595856625	4.673374056773266	5.282818532818533	6.425436128306134	6.938354806739346	7.8038890206307805	7.592487997740752	7.868421052631579	8.274547983310153	8.845241714806932	8.336675665252603	9.270232230823364	8.388263033796175
	# checklists reporting species - (American Black Duck)	5470	3953	3137	4319	2902	2960	3464	3196	3325	4407	4683	6473	4381	3436	2576	2409	1310	1047	949	1248	652	578	418	450	477	478	627	1120	1036	1166	1418	2332	2057	2049	2033	3041	2783	3108	3554	5045	4217	3541	3116	3595	3289	2593	2842	3817
	
