

	Week starting on...	1/1	1/8	1/15	1/22	2/1	2/8	2/15	2/22	3/1	3/8	3/15	3/22	4/1	4/8	4/15	4/22	5/1	5/8	5/15	5/22	6/1	6/8	6/15	6/22	7/1	7/8	7/15	7/22	8/1	8/8	8/15	8/22	9/1	9/8	9/15	9/22	10/1	10/8	10/15	10/22	11/1	11/8	11/15	11/22	12/1	12/8	12/15	12/22
Frequency (%)
	Sedge Wren	0.0	0.0	0.0	0.0	0.0	0.0	0.0	0.0	0.0	0.0	0.0	0.0	0.0	0.0	0.001815672888372431	0.052375901847559934	0.2835896143181245	0.28493328391401035	0.4137487953742371	0.7744958993648641	0.9631074143351773	0.7657472210786332	0.608402356758603	0.546937708835004	0.5722056861336344	0.5406501317834697	0.48403094624082527	0.326065383197709	0.3033367037411527	0.10415461173475292	0.0330602799103699	0.023901144864839026	0.015152892687213988	0.01835985312117503	0.0243161094224924	0.033699210475640284	0.04441023211747987	0.008480565371024734	0.006067408913023693	0.0022067747986317995	0.0028215112013994697	0.0	0.0	0.0	0.0	0.0	0.0	0.0
	Total # checklists submitted - (Sedge Wren)	59897	41927	37441	52418	36194	52179	74398	41102	41678	48624	53837	76087	56976	54668	55076	76371	79340	86336	77825	81085	50254	48580	46844	53571	38972	29594	25205	35269	26703	25923	27223	41839	32997	32680	32900	41544	33776	35375	32963	45315	35442	32219	29848	36480	32106	27980	31549	46285
	
Abundance
	Sedge Wren	0.0	0.0	0.0	0.0	0.0	0.0	0.0	0.0	0.0	0.0	0.0	0.0	0.0	0.0	1.815672888372431E-5	5.761349203231593E-4	0.003024955886059995	0.00321997776130467	0.006334725345326052	0.013590676450638219	0.018804473275759143	0.01508851379168382	0.015135342840064896	0.01185342816075862	0.011957302678846352	0.012806649996620937	0.008807776234874033	0.005302106665910573	0.006104183050593567	0.0018516375419511631	3.3060279910369905E-4	3.3461602810774636E-4	1.515289268721399E-4	1.835985312117503E-4	3.0395136778115504E-4	4.332755632582322E-4	5.033159639981051E-4	8.480565371024735E-5	6.067408913023693E-5	2.2067747986317996E-5	2.8215112013994695E-5	0.0	0.0	0.0	0.0	0.0	0.0	0.0
	Total # checklists submitted - (Sedge Wren)	59897	41927	37441	52418	36194	52179	74398	41102	41678	48624	53837	76087	56976	54668	55076	76371	79340	86336	77825	81085	50254	48580	46844	53571	38972	29594	25205	35269	26703	25923	27223	41839	32997	32680	32900	41544	33776	35375	32963	45315	35442	32219	29848	36480	32106	27980	31549	46285
	
Birds Per Party Hour
	Sedge Wren	0.0	0.0	0.0	0.0	0.0	0.0	0.0	0.0	0.0	0.0	0.0	0.0	0.0	0.0	1.0	1.0365067897019655	0.8478104308381271	1.7162659684295176	2.061843947236016	3.2783760268681763	3.126381622320833	2.913146959558595	4.151296289429524	4.91598554015123	7.404784038214755	6.427407255900902	5.903061996026436	3.14687241956498	2.6790745741169744	2.790461024991734	8.029705067743365	2.0399896877661425	0.5776699280116775	1.2357283741899125	2.753363601917034	1.1092707999241866	0.5575909781885382	0.5045057347482135	1.6666666666666667	0.3333333333333333	1.3333333333333333	0.0	0.0	0.0	0.0	0.0	0.0	0.0
	# checklists reporting species - (Sedge Wren)	0.0	0.0	0.0	0.0	0.0	0.0	0.0	0.0	0.0	0.0	0.0	0.0	0.0	0.0	1	42	237	286	327	658	496	385	301	304	236	151	121	134	86	30	8	11	5	5	8	14	15	4	2	2	1	0.0	0.0	0.0	0.0	0.0	0.0	0.0
	
High Count
	Sedge Wren	0.0	0.0	0.0	0.0	0.0	0.0	0.0	0.0	0.0	0.0	0.0	0.0	0.0	0.0	1	2	2	8	10	26	30	31	40	38	21	50	9	10	10	6	2	3	2	1	3	3	2	1	1	1	1	0.0	0.0	0.0	0.0	0.0	0.0	0.0
	# checklists reporting species - (Sedge Wren)	0.0	0.0	0.0	0.0	0.0	0.0	0.0	0.0	0.0	0.0	0.0	0.0	0.0	0.0	1	43	263	314	387	766	562	426	342	346	270	178	142	144	97	36	12	12	8	8	13	15	16	5	2	2	1	0.0	0.0	0.0	0.0	0.0	0.0	0.0
	
Totals
	Sedge Wren	0.0	0.0	0.0	0.0	0.0	0.0	0.0	0.0	0.0	0.0	0.0	0.0	0.0	0.0	1	47	280	358	598	1309	1042	819	791	705	537	410	255	229	184	61	13	17	9	8	17	19	18	5	2	2	1	0.0	0.0	0.0	0.0	0.0	0.0	0.0
	# checklists reporting species - (Sedge Wren)	0.0	0.0	0.0	0.0	0.0	0.0	0.0	0.0	0.0	0.0	0.0	0.0	0.0	0.0	1	43	254	297	355	713	519	408	320	320	256	168	134	141	92	35	12	12	8	8	12	15	16	5	2	2	1	0.0	0.0	0.0	0.0	0.0	0.0	0.0
	
Average Count
	Sedge Wren	0.0	0.0	0.0	0.0	0.0	0.0	0.0	0.0	0.0	0.0	0.0	0.0	0.0	0.0	1.0	1.0930232558139534	1.1023622047244095	1.2053872053872055	1.684507042253521	1.8359046283309959	2.0077071290944124	2.0073529411764706	2.471875	2.203125	2.09765625	2.4404761904761907	1.9029850746268657	1.624113475177305	2.0	1.7428571428571429	1.0833333333333333	1.4166666666666667	1.125	1.0	1.4166666666666667	1.2666666666666666	1.125	1.0	1.0	1.0	1.0	0.0	0.0	0.0	0.0	0.0	0.0	0.0
	# checklists reporting species - (Sedge Wren)	0.0	0.0	0.0	0.0	0.0	0.0	0.0	0.0	0.0	0.0	0.0	0.0	0.0	0.0	1	43	254	297	355	713	519	408	320	320	256	168	134	141	92	35	12	12	8	8	12	15	16	5	2	2	1	0.0	0.0	0.0	0.0	0.0	0.0	0.0
	
