

	Week starting on...	1/1	1/8	1/15	1/22	2/1	2/8	2/15	2/22	3/1	3/8	3/15	3/22	4/1	4/8	4/15	4/22	5/1	5/8	5/15	5/22	6/1	6/8	6/15	6/22	7/1	7/8	7/15	7/22	8/1	8/8	8/15	8/22	9/1	9/8	9/15	9/22	10/1	10/8	10/15	10/22	11/1	11/8	11/15	11/22	12/1	12/8	12/15	12/22
Frequency (%)
	Greater White-fronted Goose	0.21703925071372526	0.1931929305697999	0.20031516252236853	0.2785302758594376	0.2072166657457037	0.2625577339542728	0.1948977123040942	0.4184711206267335	0.4750707807476366	0.5820171108917407	0.5535226702825194	0.4455426025470843	0.27730974445380513	0.14999634155264505	0.07262691553489724	0.11129879142606487	0.05167632972019158	0.008107857672349889	0.008994539029874718	0.004933094900413147	0.0	0.0	0.0	0.0	0.0	0.0	0.0	0.017012106949445688	0.0	0.0	0.0	0.0	0.003030578537442798	0.02753977968176255	0.027355623100303948	0.12276140958983246	0.0977025106584557	0.12720848056537104	0.2791008099990899	0.25157232704402516	0.2511144969245528	0.2762345200037245	0.22112034307156261	0.14528508771929824	0.11835793932598268	0.14295925661186562	0.16799264635963104	0.2052500810197688
	Total # checklists submitted - (Greater White-fronted Goose)	59897	41927	37441	52418	36194	52179	74398	41102	41678	48624	53837	76087	56976	54668	55076	76371	79340	86336	77825	81085	50254	48580	46844	53571	38972	29594	25205	35269	26703	25923	27223	41839	32997	32680	32900	41544	33776	35375	32963	45315	35442	32219	29848	36480	32106	27980	31549	46285
	
Abundance
	Greater White-fronted Goose	0.005843364442292602	0.004603238962959429	0.004994524718891055	0.011389217444389333	0.013703928827982539	0.024837578336112227	0.021344659802682867	0.047029341637876504	0.03102356159124718	0.040185916419874956	0.02910637665546	0.018255418139761063	0.014497332210053357	0.006255944976951782	0.0011075604619071827	0.0020557541475167275	0.001008318628686665	9.266123054114158E-5	8.994539029874719E-5	4.933094900413147E-5	0.0	0.0	0.0	0.0	0.0	0.0	0.0	1.701210694944569E-4	0.0	0.0	0.0	0.0	3.030578537442798E-5	2.753977968176255E-4	2.735562310030395E-4	0.0019015983054111304	0.0027238275698720986	0.005992932862190813	0.06249431180414404	0.010702857773364228	0.01292252130240957	0.011235606319252614	0.01524390243902439	0.003618421052631579	0.0037999127888868126	0.0034310221586847747	0.003106279121366763	0.00667602895106406
	Total # checklists submitted - (Greater White-fronted Goose)	59897	41927	37441	52418	36194	52179	74398	41102	41678	48624	53837	76087	56976	54668	55076	76371	79340	86336	77825	81085	50254	48580	46844	53571	38972	29594	25205	35269	26703	25923	27223	41839	32997	32680	32900	41544	33776	35375	32963	45315	35442	32219	29848	36480	32106	27980	31549	46285
	
Birds Per Party Hour
	Greater White-fronted Goose	7.873604771534214	5.23229618889343	11.479776234626941	15.494603338713107	24.207009647914937	36.217978010813674	36.744374080045624	34.81231700378973	15.902383676811505	19.85638940624147	13.238905000732759	10.14150704052949	12.73149519859101	9.70115309990966	3.4502244583283677	4.51169008494949	3.1318911230546007	3.4278527977420032	1.8872275839210118	4.160241787130179	0.0	0.0	0.0	0.0	0.0	0.0	0.0	5.385410059854505	1.9976047904191616	2.6002400960384153	0.5998800239952009	0.0	0.46904315196998125	1.2384357938408481	1.379427306678312	4.716001453443629	2.2539061733823202	13.710779819112169	51.1931005041134	7.390069439570077	20.142435518078198	7.973440829319964	15.162106004214952	6.256886806300945	10.88218758371926	9.793856184367854	3.0366286243842553	17.099598952776756
	# checklists reporting species - (Greater White-fronted Goose)	140	84	87	164	84	158	161	198	223	328	339	384	167	90	45	92	43	9	9	8	0.0	0.0	0.0	0.0	0.0	0.0	0.0	13	5	2	1	0.0	4	8	6	57	40	50	101	129	96	100	68	65	45	47	74	103
	
High Count
	Greater White-fronted Goose	15	11	14	34	35	58	51	143	130	106	175	76	72	47	7	6	6	2	1	1	0.0	0.0	0.0	0.0	0.0	0.0	0.0	1	1	1	1	0.0	1	1	1	15	30	34	140	70	50	70	68	24	28	12	37	11
	# checklists reporting species - (Greater White-fronted Goose)	146	93	93	172	95	165	165	201	225	338	350	403	180	98	54	97	45	9	9	8	0.0	0.0	0.0	0.0	0.0	0.0	0.0	13	5	2	1	0.0	4	10	11	64	42	50	107	143	103	109	74	69	57	55	79	113
	
Totals
	Greater White-fronted Goose	386	225	224	709	568	1414	1769	2150	1461	2335	1949	1662	991	430	85	185	86	10	9	8	0.0	0.0	0.0	0.0	0.0	0.0	0.0	13	5	2	1	0.0	4	9	11	114	106	233	2303	535	591	464	482	203	198	131	132	356
	# checklists reporting species - (Greater White-fronted Goose)	146	93	93	172	92	164	164	200	225	337	349	399	176	96	54	97	45	9	9	8	0.0	0.0	0.0	0.0	0.0	0.0	0.0	13	5	2	1	0.0	4	9	11	64	42	50	106	141	103	107	74	69	54	55	78	112
	
Average Count
	Greater White-fronted Goose	2.643835616438356	2.4193548387096775	2.4086021505376345	4.122093023255814	6.173913043478261	8.621951219512194	10.786585365853659	10.75	6.493333333333333	6.928783382789318	5.584527220630372	4.165413533834586	5.630681818181818	4.479166666666667	1.5740740740740742	1.907216494845361	1.9111111111111112	1.1111111111111112	1.0	1.0	0.0	0.0	0.0	0.0	0.0	0.0	0.0	1.0	1.0	1.0	1.0	0.0	1.0	1.0	1.0	1.78125	2.5238095238095237	4.66	21.72641509433962	3.7943262411347516	5.737864077669903	4.336448598130841	6.513513513513513	2.9420289855072466	3.6666666666666665	2.381818181818182	1.6923076923076923	3.1785714285714284
	# checklists reporting species - (Greater White-fronted Goose)	146	93	93	172	92	164	164	200	225	337	349	399	176	96	54	97	45	9	9	8	0.0	0.0	0.0	0.0	0.0	0.0	0.0	13	5	2	1	0.0	4	9	11	64	42	50	106	141	103	107	74	69	54	55	78	112
	
