

	Week starting on...	1/1	1/8	1/15	1/22	2/1	2/8	2/15	2/22	3/1	3/8	3/15	3/22	4/1	4/8	4/15	4/22	5/1	5/8	5/15	5/22	6/1	6/8	6/15	6/22	7/1	7/8	7/15	7/22	8/1	8/8	8/15	8/22	9/1	9/8	9/15	9/22	10/1	10/8	10/15	10/22	11/1	11/8	11/15	11/22	12/1	12/8	12/15	12/22
Frequency (%)
	Cooper's Hawk	3.3941599746231033	3.370143344384287	3.488154696722844	3.3213781525430197	3.296126429794994	3.177523524789666	2.9758864485604453	2.7711546883363343	2.5984932098469216	2.661237249095097	2.9403570035477458	2.9913125763928137	3.3101656837966864	3.5139386844223313	3.520589730554143	4.063060585824462	4.357196874212251	3.823434025203855	2.796016704143913	1.6266880434112352	1.12030883113782	1.130094689172499	1.112202203056955	1.013608108864871	1.0058503541003798	1.1522605933635197	1.4957349732195993	1.5395956789248348	1.9960304085683258	2.1139528603942446	2.505234544319142	2.8633571548077152	3.9215686274509802	4.6695226438188495	5.133738601823708	5.266705180050067	5.012434864992894	5.209893992932862	5.35448836574341	4.662915149508993	4.136335421251623	3.6624352090381453	3.367059769498794	3.2785087719298245	3.1676322182769576	3.552537526804861	4.903483470157532	3.9105541752187536
	Total # checklists submitted - (Cooper's Hawk)	59897	41927	37441	52418	36194	52179	74398	41102	41678	48624	53837	76087	56976	54668	55076	76371	79340	86336	77825	81085	50254	48580	46844	53571	38972	29594	25205	35269	26703	25923	27223	41839	32997	32680	32900	41544	33776	35375	32963	45315	35442	32219	29848	36480	32106	27980	31549	46285
	
Abundance
	Cooper's Hawk	0.03511027263468955	0.034154602046414004	0.03552255548730002	0.03380518142622763	0.03398353318229541	0.03261848636424615	0.030686308771741177	0.028757724684930173	0.027928403474255004	0.030190852254030932	0.035366012222077754	0.03652397912915478	0.04066624543667509	0.04218189800248774	0.04150628222819377	0.047766822484974665	0.04926896899420217	0.041558561897702004	0.029617732091230326	0.017278164888697045	0.011919449198073785	0.0123095924248662	0.01287251302194518	0.011573425920740699	0.01211125936569845	0.013718997094005541	0.01971830985915493	0.020527942385664466	0.02520316069355503	0.024881379469968753	0.02707269588215847	0.03166901694591171	0.0454889838470164	0.06107711138310894	0.07480243161094224	0.07755632582322357	0.0743427285646613	0.0829964664310954	0.09034371871492279	0.07366214277832947	0.05741775294847921	0.04609081597814954	0.0395336370946127	0.034841008771929825	0.0334205444465209	0.03770550393137956	0.05404291736663603	0.04137409527924814
	Total # checklists submitted - (Cooper's Hawk)	59897	41927	37441	52418	36194	52179	74398	41102	41678	48624	53837	76087	56976	54668	55076	76371	79340	86336	77825	81085	50254	48580	46844	53571	38972	29594	25205	35269	26703	25923	27223	41839	32997	32680	32900	41544	33776	35375	32963	45315	35442	32219	29848	36480	32106	27980	31549	46285
	
Birds Per Party Hour
	Cooper's Hawk	2.9342635157621353	2.980325285078867	3.0918544740613547	2.7606402837294515	2.9511439939595756	2.806630161576399	2.3962232600843008	2.8770082934845083	2.7798062393129546	2.680311089686524	2.287609539953557	2.1621014649749877	1.9185180410361649	1.8302407346918812	1.6404525821396085	1.4309964386335048	1.2605355634314477	1.0788058392697435	1.098192825355543	1.2391649924282586	1.8609449347870648	1.9727852227412055	2.676342091542835	2.0855302713992736	2.6551996613505233	2.7439552117211754	2.371168583731803	2.2830004750489388	1.6237771825193614	1.592904253598238	1.2430331553533758	1.2228395424997944	1.2121239834353477	1.1464459109755452	1.1944867986199392	1.2369522294411446	1.4475300756745382	1.2727909383997829	1.3585802873435124	1.4026863483675531	1.5115101454231386	1.7275354299834993	2.095380224616298	1.8801173136943123	2.3481859630139525	2.1505119768306735	2.0287596120818985	2.4788955295311803
	# checklists reporting species - (Cooper's Hawk)	2339	1645	1496	1959	1342	1843	2397	1266	1217	1439	1700	2501	2041	2046	2047	3277	3590	3316	2246	1400	604	586	560	600	442	383	431	616	604	612	736	1285	1419	1719	1901	2418	1908	2074	1957	2391	1654	1341	1156	1365	1135	1101	1675	2029
	
High Count
	Cooper's Hawk	9	4	3	3	4	3	4	3	4	11	15	48	24	17	23	10	13	9	4	4	4	7	7	5	5	7	6	6	5	5	4	5	20	19	57	50	50	49	36	42	43	17	18	13	6	5	6	23
	# checklists reporting species - (Cooper's Hawk)	2626	1862	1702	2224	1522	2017	2604	1416	1367	1568	1868	2754	2214	2220	2239	3529	3899	3724	2453	1537	680	655	654	725	520	448	472	698	659	662	808	1382	1542	1867	2058	2620	2070	2224	2111	2536	1773	1448	1251	1502	1289	1227	1811	2268
	
Totals
	Cooper's Hawk	2681	1879	1723	2255	1556	2064	2675	1468	1455	1761	2267	3564	2734	2670	2653	4121	4387	3967	2588	1618	719	706	736	810	610	540	614	931	827	779	869	1516	1805	2530	3088	4105	3309	3843	3746	4326	2553	1896	1517	1695	1337	1279	1975	2405
	# checklists reporting species - (Cooper's Hawk)	2578	1836	1671	2192	1506	1995	2582	1407	1356	1555	1841	2722	2182	2183	2195	3459	3748	3471	2337	1487	662	635	633	696	504	434	462	683	646	654	788	1358	1513	1823	2009	2572	2029	2185	2076	2506	1744	1439	1240	1487	1269	1204	1794	2230
	
Average Count
	Cooper's Hawk	1.0399534522885958	1.0234204793028323	1.031119090365051	1.0287408759124088	1.0332005312084993	1.0345864661654136	1.036018590240124	1.0433546552949537	1.073008849557522	1.132475884244373	1.2313959804454102	1.3093313739897134	1.2529789184234648	1.223087494273935	1.2086560364464694	1.1913847932928592	1.1704909284951974	1.142898300201671	1.107402652973898	1.0880968392737054	1.0861027190332326	1.1118110236220473	1.1627172195892574	1.1637931034482758	1.2103174603174602	1.2442396313364055	1.329004329004329	1.363103953147877	1.2801857585139318	1.191131498470948	1.1027918781725887	1.1163475699558174	1.1929940515532056	1.387822270981898	1.5370831259333002	1.5960342146189737	1.6308526367668803	1.7588100686498855	1.8044315992292872	1.7262569832402235	1.463876146788991	1.3175816539263376	1.2233870967741935	1.1398789509078682	1.053585500394011	1.0622923588039868	1.100891861761427	1.0784753363228698
	# checklists reporting species - (Cooper's Hawk)	2578	1836	1671	2192	1506	1995	2582	1407	1356	1555	1841	2722	2182	2183	2195	3459	3748	3471	2337	1487	662	635	633	696	504	434	462	683	646	654	788	1358	1513	1823	2009	2572	2029	2185	2076	2506	1744	1439	1240	1487	1269	1204	1794	2230
	
