

	Week starting on...	1/1	1/8	1/15	1/22	2/1	2/8	2/15	2/22	3/1	3/8	3/15	3/22	4/1	4/8	4/15	4/22	5/1	5/8	5/15	5/22	6/1	6/8	6/15	6/22	7/1	7/8	7/15	7/22	8/1	8/8	8/15	8/22	9/1	9/8	9/15	9/22	10/1	10/8	10/15	10/22	11/1	11/8	11/15	11/22	12/1	12/8	12/15	12/22
Frequency (%)
	Baird's Sandpiper	0.0	0.0	0.0	0.0	0.0	0.0	0.0	0.0	0.0	0.0	0.0	0.0	0.0	0.0	0.0	0.0013093975461889984	0.015124779430299976	0.0023165307635285397	0.00385480244137488	0.04563112782882161	0.009949456759660922	0.0	0.0	0.0	0.0	0.00675812664729337	0.09125173576671296	0.326065383197709	0.32955098678051153	0.7830883771168461	2.1048378209602174	3.616243218050145	3.118465315028639	1.7166462668298652	1.148936170212766	0.4669747737338725	0.17764092846991947	0.07915194346289753	0.08191002032581986	0.04854904556989959	0.014107556006997347	0.0	0.003350308228357009	0.0	0.0	0.0035739814152966403	0.0	0.0
	Total # checklists submitted - (Baird's Sandpiper)	59897	41927	37441	52418	36194	52179	74398	41102	41678	48624	53837	76087	56976	54668	55076	76371	79340	86336	77825	81085	50254	48580	46844	53571	38972	29594	25205	35269	26703	25923	27223	41839	32997	32680	32900	41544	33776	35375	32963	45315	35442	32219	29848	36480	32106	27980	31549	46285
	
Abundance
	Baird's Sandpiper	0.0	0.0	0.0	0.0	0.0	0.0	0.0	0.0	0.0	0.0	0.0	0.0	0.0	0.0	0.0	1.3093975461889984E-5	1.890597428787497E-4	2.3165307635285396E-5	3.85480244137488E-5	4.686440155392489E-4	3.3828152982847136E-4	0.0	0.0	0.0	0.0	1.0137189970940056E-4	0.001428288038087681	0.004253026737361422	0.004269183237838445	0.011997068240558578	0.04602725636410388	0.09818590310475872	0.08012849652998758	0.037423500611995106	0.01890577507598784	0.00661948777200077	0.0024869729985788724	0.001696113074204947	0.0014258410945605679	5.737614476442679E-4	1.4107556006997347E-4	0.0	3.350308228357009E-5	0.0	0.0	3.57398141529664E-5	0.0	0.0
	Total # checklists submitted - (Baird's Sandpiper)	59897	41927	37441	52418	36194	52179	74398	41102	41678	48624	53837	76087	56976	54668	55076	76371	79340	86336	77825	81085	50254	48580	46844	53571	38972	29594	25205	35269	26703	25923	27223	41839	32997	32680	32900	41544	33776	35375	32963	45315	35442	32219	29848	36480	32106	27980	31549	46285
	
Birds Per Party Hour
	Baird's Sandpiper	0.0	0.0	0.0	0.0	0.0	0.0	0.0	0.0	0.0	0.0	0.0	0.0	0.0	0.0	0.0	0.8872845411063983	1.437067961716509	1.0854412483929698	0.17142857142857143	1.8937541074065614	2.4444444444444446	1.0	0.0	0.0	0.0	1.9737210231814548	1.2031225876711102	1.4007670587127883	1.996184464761912	2.275933205440315	1.9773033675670282	3.0530611097047906	2.6102973530667857	2.406876892916489	2.0861971573147895	1.5882633034878322	1.6648019667347491	2.0763710644386326	1.5160871537675427	1.242818037342421	0.4914593211025352	0.0	1.4992503748125936	0.0	0.0	0.0	0.0	1.0
	# checklists reporting species - (Baird's Sandpiper)	0.0	0.0	0.0	0.0	0.0	0.0	0.0	0.0	0.0	0.0	0.0	0.0	0.0	0.0	0.0	2	11	3	2	46	6	1	0.0	0.0	0.0	3	26	134	102	234	644	1686	1120	578	390	206	69	33	31	24	7	0.0	1	0.0	0.0	1	0.0	1
	
High Count
	Baird's Sandpiper	0.0	0.0	0.0	0.0	0.0	0.0	0.0	0.0	0.0	0.0	0.0	0.0	0.0	0.0	0.0	2	8	3	1	8	14	1	0.0	0.0	0.0	2	6	7	5	20	25	83	35	35	13	9	9	13	10	2	1	0.0	1	0.0	0.0	1	0.0	1
	# checklists reporting species - (Baird's Sandpiper)	0.0	0.0	0.0	0.0	0.0	0.0	0.0	0.0	0.0	0.0	0.0	0.0	0.0	0.0	0.0	2	13	7	5	50	8	1	0.0	0.0	0.0	3	31	149	119	256	728	1857	1285	687	459	237	86	43	36	27	9	0.0	2	0.0	0.0	1	0.0	1
	
Totals
	Baird's Sandpiper	0.0	0.0	0.0	0.0	0.0	0.0	0.0	0.0	0.0	0.0	0.0	0.0	0.0	0.0	0.0	3	23	8	5	58	20	1	0.0	0.0	0.0	4	50	198	150	390	1627	5210	3443	1510	816	360	117	78	56	31	9	0.0	2	0.0	0.0	1	0.0	1
	# checklists reporting species - (Baird's Sandpiper)	0.0	0.0	0.0	0.0	0.0	0.0	0.0	0.0	0.0	0.0	0.0	0.0	0.0	0.0	0.0	2	13	5	5	48	7	1	0.0	0.0	0.0	3	31	147	113	253	708	1799	1245	657	436	229	85	43	36	27	9	0.0	2	0.0	0.0	1	0.0	1
	
Average Count
	Baird's Sandpiper	0.0	0.0	0.0	0.0	0.0	0.0	0.0	0.0	0.0	0.0	0.0	0.0	0.0	0.0	0.0	1.5	1.7692307692307692	1.6	1.0	1.2083333333333333	2.857142857142857	1.0	0.0	0.0	0.0	1.3333333333333333	1.6129032258064515	1.346938775510204	1.3274336283185841	1.541501976284585	2.2980225988700567	2.896053362979433	2.7654618473895582	2.2983257229832574	1.871559633027523	1.5720524017467248	1.3764705882352941	1.813953488372093	1.5555555555555556	1.1481481481481481	1.0	0.0	1.0	0.0	0.0	1.0	0.0	1.0
	# checklists reporting species - (Baird's Sandpiper)	0.0	0.0	0.0	0.0	0.0	0.0	0.0	0.0	0.0	0.0	0.0	0.0	0.0	0.0	0.0	2	13	5	5	48	7	1	0.0	0.0	0.0	3	31	147	113	253	708	1799	1245	657	436	229	85	43	36	27	9	0.0	2	0.0	0.0	1	0.0	1
	
