

	Week starting on...	1/1	1/8	1/15	1/22	2/1	2/8	2/15	2/22	3/1	3/8	3/15	3/22	4/1	4/8	4/15	4/22	5/1	5/8	5/15	5/22	6/1	6/8	6/15	6/22	7/1	7/8	7/15	7/22	8/1	8/8	8/15	8/22	9/1	9/8	9/15	9/22	10/1	10/8	10/15	10/22	11/1	11/8	11/15	11/22	12/1	12/8	12/15	12/22
Frequency (%)
	American Bittern	0.0	0.0023850979082691345	0.0	0.0	0.0	0.0	0.0013441221538213392	0.0	0.0	0.0	0.0018574586251091257	0.03417140904490912	0.19657399606852008	0.6329113924050633	1.0676156583629894	2.084560893532885	2.7451474665994455	2.5516586360266866	3.3215547703180213	3.3668372695319726	2.8654435467823456	2.38575545491972	1.8422850311672785	1.3402773888857777	1.095658421430771	1.0813002635669393	1.2735568339615155	1.2106949445688848	1.3743774107778153	1.3925857346757706	1.1938434412078023	1.1114032362150148	0.9819074461314664	0.7252141982864138	0.8115501519756839	0.7149046793760833	0.5654902889625769	0.35618374558303884	0.21235931195582924	0.13902681231380337	0.045144179222391514	0.0372451038207269	0.013401232913428035	0.0027412280701754384	0.0	0.014295925661186561	0.0031696725728232273	0.0
	Total # checklists submitted - (American Bittern)	59897	41927	37441	52418	36194	52179	74398	41102	41678	48624	53837	76087	56976	54668	55076	76371	79340	86336	77825	81085	50254	48580	46844	53571	38972	29594	25205	35269	26703	25923	27223	41839	32997	32680	32900	41544	33776	35375	32963	45315	35442	32219	29848	36480	32106	27980	31549	46285
	
Abundance
	American Bittern	0.0	2.3850979082691346E-5	0.0	0.0	0.0	0.0	1.3441221538213393E-5	0.0	0.0	0.0	1.8574586251091257E-5	3.548569400817485E-4	0.002299213704015726	0.007938830760225361	0.013290725542886194	0.026750991868641237	0.0370052936728006	0.03455105633802817	0.04381625441696113	0.04436085589196522	0.036633899789071514	0.03137093454096336	0.023332764067970285	0.016277463553041757	0.013060658934619726	0.013347300128404406	0.014957349732195993	0.01533924976608353	0.01681459012096019	0.0174748293021641	0.014730191382287037	0.013910466311336312	0.012152619935145619	0.008261933904528763	0.009544072948328267	0.007991527055651839	0.005832543818095689	0.0034770318021201414	0.0020932560749931744	0.0012357938872338077	4.232266802099204E-4	3.72451038207269E-4	1.3401232913428035E-4	2.7412280701754386E-5	0.0	1.429592566118656E-4	3.169672572823227E-5	0.0
	Total # checklists submitted - (American Bittern)	59897	41927	37441	52418	36194	52179	74398	41102	41678	48624	53837	76087	56976	54668	55076	76371	79340	86336	77825	81085	50254	48580	46844	53571	38972	29594	25205	35269	26703	25923	27223	41839	32997	32680	32900	41544	33776	35375	32963	45315	35442	32219	29848	36480	32106	27980	31549	46285
	
Birds Per Party Hour
	American Bittern	0.0	2.1413276231263385	0.0	0.0	0.0	0.0	1.0341261633919339	0.0	0.0	0.0	4.0	1.2128558743645597	1.2650971861032112	1.8503282647852337	1.7247615810837722	1.8729499678416461	1.9214675421402057	2.122985915716983	2.239956823740783	2.418201328339469	3.343506984948307	3.5838794749138034	3.5521158815501037	3.024152634646018	2.2994262319814105	1.9655394552701364	2.1578437659297074	1.9889120656114787	1.1110561704102095	1.5090973135133883	1.4818472357462222	1.3621189203924269	1.38316932417205	1.3883833496154026	1.355227806743595	1.0595753411858069	1.2238504919266002	1.9790687067151513	1.294044354226438	1.557890249536372	1.4112145125723952	0.9600996247118735	0.44606060606060605	1.078939059046416	0.0	0.541033701833413	0.3333333333333333	0.0
	# checklists reporting species - (American Bittern)	0.0	1	1	0.0	1	0.0	1	0.0	0.0	0.0	1	25	128	387	646	1708	2307	2286	2655	2829	1478	1203	894	749	458	335	351	470	391	396	353	500	353	255	282	315	190	128	75	55	21	16	5	2	0.0	5	1	0.0
	
High Count
	American Bittern	0.0	1	1	0.0	1	0.0	1	0.0	0.0	0.0	1	2	5	5	8	12	15	15	10	23	12	11	8	11	8	5	6	6	6	6	9	8	12	5	12	5	3	3	2	2	1	1	1	1	0.0	1	1	0.0
	# checklists reporting species - (American Bittern)	0.0	1	1	0.0	1	0.0	1	0.0	0.0	0.0	3	32	138	426	716	1874	2529	2543	2954	3119	1617	1299	997	841	523	385	397	516	430	430	391	569	388	293	325	350	221	154	86	71	22	17	5	2	0.0	6	1	0.0
	
Totals
	American Bittern	0.0	1	1	0.0	1	0.0	1	0.0	0.0	0.0	3	33	163	525	890	2362	3334	3388	3884	4055	2041	1696	1224	1004	609	462	467	635	519	525	474	709	488	336	390	391	229	152	85	64	21	17	5	2	0.0	6	1	0.0
	# checklists reporting species - (American Bittern)	0.0	1	1	0.0	1	0.0	1	0.0	0.0	0.0	3	32	137	416	702	1828	2460	2436	2795	2980	1552	1261	951	804	503	368	389	506	419	417	382	550	381	281	306	341	211	142	83	61	21	17	5	2	0.0	6	1	0.0
	
Average Count
	American Bittern	0.0	1.0	1.0	0.0	1.0	0.0	1.0	0.0	0.0	0.0	1.0	1.03125	1.1897810218978102	1.2620192307692308	1.2678062678062678	1.2921225382932167	1.3552845528455284	1.3908045977011494	1.389624329159213	1.360738255033557	1.3150773195876289	1.344964314036479	1.2870662460567823	1.2487562189054726	1.2107355864811133	1.2554347826086956	1.2005141388174807	1.2549407114624507	1.2386634844868736	1.2589928057553956	1.2408376963350785	1.289090909090909	1.2808398950131235	1.195729537366548	1.2745098039215685	1.1466275659824048	1.085308056872038	1.0704225352112675	1.0240963855421688	1.0491803278688525	1.0	1.0	1.0	1.0	0.0	1.0	1.0	0.0
	# checklists reporting species - (American Bittern)	0.0	1	1	0.0	1	0.0	1	0.0	0.0	0.0	3	32	137	416	702	1828	2460	2436	2795	2980	1552	1261	951	804	503	368	389	506	419	417	382	550	381	281	306	341	211	142	83	61	21	17	5	2	0.0	6	1	0.0
	
