

	Week starting on...	1/1	1/8	1/15	1/22	2/1	2/8	2/15	2/22	3/1	3/8	3/15	3/22	4/1	4/8	4/15	4/22	5/1	5/8	5/15	5/22	6/1	6/8	6/15	6/22	7/1	7/8	7/15	7/22	8/1	8/8	8/15	8/22	9/1	9/8	9/15	9/22	10/1	10/8	10/15	10/22	11/1	11/8	11/15	11/22	12/1	12/8	12/15	12/22
Frequency (%)
	Horned Grebe	0.48082541696579123	0.31006272807498747	0.299137309366737	0.24800641001182802	0.16024755484334421	0.16673374346001266	0.16129465845856072	0.2578949929443823	0.4894668650127165	0.9563178677196447	1.2927912030759514	2.1725130442782605	3.5506178039876444	4.104777932245555	4.7516159488706515	4.470283222689241	3.6589362238467356	2.168272794662713	0.5088339222614842	0.12332737251032867	0.0258685875751184	0.022643062988884313	0.014943215780035862	0.011200089600716806	0.012829723904341579	0.023653443265526798	0.015869867089863123	0.02835351158240948	0.056173463655769015	0.08100914246036338	0.1726481284208206	0.11950572432419514	0.25456859714519503	0.3427172582619339	0.5167173252279635	0.9507991527055651	1.7941733775461866	2.4	3.2672996996632584	4.261282136158005	3.9275435923480617	3.1782488593686957	2.887965692843742	2.5027412280701755	2.0027409207001807	1.1472480343102216	0.8716599575263875	0.6762450037809226
	Total # checklists submitted - (Horned Grebe)	59897	41927	37441	52418	36194	52179	74398	41102	41678	48624	53837	76087	56976	54668	55076	76371	79340	86336	77825	81085	50254	48580	46844	53571	38972	29594	25205	35269	26703	25923	27223	41839	32997	32680	32900	41544	33776	35375	32963	45315	35442	32219	29848	36480	32106	27980	31549	46285
	
Abundance
	Horned Grebe	0.009265906472778269	0.005199513440026713	0.003685798990411581	0.00372009615017742	0.0021550533237553187	0.0022806109737633913	0.0025135084276459046	0.003454819716802102	0.007318009501415615	0.018283152352747613	0.03324850938945335	0.06884224637585921	0.11978727885425443	0.1774712811882637	0.2502360374754884	0.200665173953464	0.11770859591630956	0.04578623054114159	0.00863475746867973	0.0015045939446260098	2.984837027898277E-4	2.470152326060107E-4	1.9212706002903252E-4	1.3066771200836272E-4	1.282972390434158E-4	2.3653443265526797E-4	1.9837333862328903E-4	3.969491621537327E-4	8.987754184923043E-4	0.0013501523743393896	0.0031958270580024245	0.0021750041827003513	0.00630360335788102	0.013035495716034271	0.026656534954407295	0.06231946851530907	0.14024751302700142	0.15830388692579506	0.20246943542760065	0.2967891426679907	0.24061847525534677	0.18960861603401719	0.14242160278745644	0.09043311403508772	0.06687223571918022	0.02891350964974982	0.01841579764810295	0.01961758669115264
	Total # checklists submitted - (Horned Grebe)	59897	41927	37441	52418	36194	52179	74398	41102	41678	48624	53837	76087	56976	54668	55076	76371	79340	86336	77825	81085	50254	48580	46844	53571	38972	29594	25205	35269	26703	25923	27223	41839	32997	32680	32900	41544	33776	35375	32963	45315	35442	32219	29848	36480	32106	27980	31549	46285
	
Birds Per Party Hour
	Horned Grebe	3.8424902074302407	3.8980968695434344	2.686427861263133	2.6291264234561442	2.0203989801418243	1.86551375205966	2.4352761001804804	2.684665383876316	1.7868796054400278	2.66701507644232	3.4605495395271464	15.162222209880671	5.318810381993021	6.97055848471573	7.267634580123472	6.481348730754553	3.9958236524771995	1.9123305021424264	1.5410688598773261	1.6987404672936701	1.2023568906968145	1.9917476944602186	2.159519342446172	2.7993116971604706	1.2692122276639268	0.8318867151215315	2.212648240165022	0.7710875192291354	0.6359682819033615	1.6712750065555417	3.3293727225621352	1.5150944882750053	0.9976095459114139	2.559468901853084	7.3909965663833574	4.319194120306785	5.8122729972378355	7.447549993967599	6.470396856093282	8.299900340532885	7.596430310301865	9.066030898430057	9.236892529178451	6.662539208907683	6.515679878029013	3.7205793553531286	2.3853308493050407	4.544000520273921
	# checklists reporting species - (Horned Grebe)	300	137	123	133	56	93	119	103	222	486	745	1743	2115	2318	2744	3535	2921	1898	387	104	14	12	8	8	10	7	5	10	16	24	51	50	85	123	178	406	617	862	1129	1993	1427	1050	871	948	670	343	280	330
	
High Count
	Horned Grebe	46	9	6	6	6	4	15	7	17	23	150	580	450	2270	565	306	141	75	14	8	2	2	7	4	1	2	2	4	4	8	41	9	50	100	100	300	275	308	250	300	990	220	314	120	80	34	51	101
	# checklists reporting species - (Horned Grebe)	327	146	129	148	67	107	136	119	242	531	807	1874	2254	2501	2930	3743	3176	2089	457	125	22	14	11	10	11	8	8	11	18	25	57	58	101	141	199	452	687	924	1209	2139	1536	1116	935	1013	726	361	297	352
	
Totals
	Horned Grebe	612	245	151	217	90	142	222	165	368	976	2027	7105	8277	12914	16302	16831	10065	4307	754	157	28	15	18	16	11	8	8	15	27	44	145	105	236	583	965	2862	5563	6280	7980	14829	9231	6949	4737	3748	2386	930	625	978
	# checklists reporting species - (Horned Grebe)	322	145	124	145	65	104	130	116	235	521	794	1839	2205	2423	2848	3627	2983	1947	418	117	22	14	10	10	11	7	7	11	18	24	56	58	98	136	192	438	663	908	1184	2081	1497	1086	917	988	706	358	292	344
	
Average Count
	Horned Grebe	1.9006211180124224	1.6896551724137931	1.217741935483871	1.4965517241379311	1.3846153846153846	1.3653846153846154	1.7076923076923076	1.4224137931034482	1.5659574468085107	1.873320537428023	2.552896725440806	3.8635127786840675	3.7537414965986393	5.329756500206356	5.724016853932584	4.640474221119383	3.3741200134093194	2.212121212121212	1.8038277511961722	1.3418803418803418	1.2727272727272727	1.0714285714285714	1.8	1.6	1.0	1.1428571428571428	1.1428571428571428	1.3636363636363635	1.5	1.8333333333333333	2.5892857142857144	1.8103448275862069	2.4081632653061225	4.286764705882353	5.026041666666667	6.534246575342466	8.390648567119156	6.916299559471366	6.739864864864865	7.125901009130226	6.166332665330661	6.398710865561695	5.165757906215921	3.7935222672064777	3.3796033994334276	2.5977653631284916	2.1404109589041096	2.8430232558139537
	# checklists reporting species - (Horned Grebe)	322	145	124	145	65	104	130	116	235	521	794	1839	2205	2423	2848	3627	2983	1947	418	117	22	14	10	10	11	7	7	11	18	24	56	58	98	136	192	438	663	908	1184	2081	1497	1086	917	988	706	358	292	344
	
