

	Week starting on...	1/1	1/8	1/15	1/22	2/1	2/8	2/15	2/22	3/1	3/8	3/15	3/22	4/1	4/8	4/15	4/22	5/1	5/8	5/15	5/22	6/1	6/8	6/15	6/22	7/1	7/8	7/15	7/22	8/1	8/8	8/15	8/22	9/1	9/8	9/15	9/22	10/1	10/8	10/15	10/22	11/1	11/8	11/15	11/22	12/1	12/8	12/15	12/22
Frequency (%)
	Black-throated Green Warbler	0.0	0.0	0.0	0.0	0.0	0.0	0.0	0.0	0.0	0.0	0.0	0.0	0.0	0.014633789419770251	0.11620306485583558	1.5398515143182623	11.584320645323922	17.170126019273535	18.353999357532928	9.946352592958007	7.480001591913081	7.336352408398518	7.057467338399795	6.874988333239999	6.6637585959150165	4.967223085760627	4.114263043047014	2.6113584167399133	1.7451222709058907	2.032943717933881	3.0488924806230027	6.603886326155023	10.38882322635391	12.062423500611995	10.866261398176292	9.363566339302908	5.346991946944576	1.3003533568904593	0.46112307738980063	0.12799293832064437	0.05360871282658992	0.006207517303454484	0.08710801393728224	0.0027412280701754384	0.0	0.0035739814152966403	0.006339345145646455	0.0021605271686291456
	Total # checklists submitted - (Black-throated Green Warbler)	59897	41927	37441	52418	36194	52179	74398	41102	41678	48624	53837	76087	56976	54668	55076	76371	79340	86336	77825	81085	50254	48580	46844	53571	38972	29594	25205	35269	26703	25923	27223	41839	32997	32680	32900	41544	33776	35375	32963	45315	35442	32219	29848	36480	32106	27980	31549	46285
	
Abundance
	Black-throated Green Warbler	0.0	0.0	0.0	0.0	0.0	0.0	0.0	0.0	0.0	0.0	0.0	0.0	0.0	1.463378941977025E-4	0.001997240177209674	0.030378023071584763	0.2575371817494328	0.4261142512972572	0.4122968197879859	0.19700314484799902	0.13716321088868547	0.1370522848909016	0.1256084023567586	0.118515614791585	0.12927229806014576	0.10782591065756572	0.08470541559214441	0.051801865661062124	0.033142343556903715	0.0469081510627628	0.0667082981302575	0.12966371089175172	0.21383762160196382	0.25128518971848224	0.2219452887537994	0.19032832659349125	0.09693273330175273	0.01792226148409894	0.00494493826411431	0.0013019971311927618	5.078720162519045E-4	6.207517303454484E-5	8.710801393728223E-4	2.7412280701754386E-5	0.0	3.57398141529664E-5	6.339345145646455E-5	2.1605271686291456E-5
	Total # checklists submitted - (Black-throated Green Warbler)	59897	41927	37441	52418	36194	52179	74398	41102	41678	48624	53837	76087	56976	54668	55076	76371	79340	86336	77825	81085	50254	48580	46844	53571	38972	29594	25205	35269	26703	25923	27223	41839	32997	32680	32900	41544	33776	35375	32963	45315	35442	32219	29848	36480	32106	27980	31549	46285
	
Birds Per Party Hour
	Black-throated Green Warbler	0.0	0.0	0.0	0.0	0.0	0.0	0.0	0.0	0.0	0.0	0.0	0.0	0.0	0.3648248988097654	1.0977698532209657	1.1661140475093192	1.6380126570344402	1.6445617400659165	1.8129392689709194	3.619906801730821	6.400159189584145	7.662758602596471	8.187852378775434	8.257533145865557	7.329435671023601	5.124638493295184	2.2814758953126506	1.936296954242896	1.6425559184717404	2.368486383129774	2.024388415776685	1.7476546153168613	1.776567122235385	1.860283781500493	1.7086502267746546	1.720729782701205	1.4249009284795744	1.0666338092435952	0.832663550871704	0.6964035137085376	0.7660085073999021	0.21400552774796508	1.137960895610846	0.5	0.0	0.2222222222222222	0.19047619047619047	0.0
	# checklists reporting species - (Black-throated Green Warbler)	0	0.0	0.0	0.0	0.0	0.0	0.0	0.0	0.0	0.0	0.0	0.0	0.0	11	77	1220	9272	14437	14221	8026	3743	3526	3303	3651	2605	1464	1022	925	464	532	854	2838	3511	4003	3649	3961	1874	486	157	66	22	5	31	2	0.0	3	3	0
	
High Count
	Black-throated Green Warbler	1	0.0	0.0	0.0	0.0	0.0	0.0	0.0	0.0	0.0	0.0	0.0	0.0	2	7	80	75	359	85	70	38	25	46	37	60	40	23	18	40	40	40	25	40	50	40	35	46	20	2	2	2	1	1	1	0.0	1	1	1
	# checklists reporting species - (Black-throated Green Warbler)	1	0.0	0.0	0.0	0.0	0.0	0.0	0.0	0.0	0.0	0.0	0.0	0.0	13	99	1381	10304	16628	15749	8961	4142	3877	3672	4191	2976	1653	1178	1032	519	595	929	3071	3725	4263	3899	4203	1995	524	173	74	26	5	31	2	0.0	5	5	1
	
Totals
	Black-throated Green Warbler	1	0.0	0.0	0.0	0.0	0.0	0.0	0.0	0.0	0.0	0.0	0.0	0.0	14	165	2609	22157	39806	34509	17464	7449	7042	6326	6934	5465	3443	2303	1950	971	1313	1960	6017	7517	8780	7977	8499	3634	719	184	75	27	5	31	2	0.0	5	5	1
	# checklists reporting species - (Black-throated Green Warbler)	1	0.0	0.0	0.0	0.0	0.0	0.0	0.0	0.0	0.0	0.0	0.0	0.0	13	97	1316	9663	15028	14673	8398	3952	3735	3512	3989	2860	1572	1086	976	492	567	893	2968	3621	4138	3787	4094	1957	515	171	74	25	5	31	2	0.0	5	5	1
	
Average Count
	Black-throated Green Warbler	1.0	0.0	0.0	0.0	0.0	0.0	0.0	0.0	0.0	0.0	0.0	0.0	0.0	1.0769230769230769	1.7010309278350515	1.9825227963525835	2.292973196729794	2.64878892733564	2.3518707830709467	2.0795427482733984	1.8848684210526316	1.8854082998661312	1.80125284738041	1.7382802707445475	1.9108391608391608	2.190203562340967	2.120626151012891	1.9979508196721312	1.9735772357723578	2.315696649029982	2.19484882418813	2.027291105121294	2.075945871306269	2.1217979700338327	2.106416688671772	2.0759648265754764	1.8569238630556975	1.396116504854369	1.0760233918128654	1.0135135135135136	1.08	1.0	1.0	1.0	0.0	1.0	1.0	1.0
	# checklists reporting species - (Black-throated Green Warbler)	1	0.0	0.0	0.0	0.0	0.0	0.0	0.0	0.0	0.0	0.0	0.0	0.0	13	97	1316	9663	15028	14673	8398	3952	3735	3512	3989	2860	1572	1086	976	492	567	893	2968	3621	4138	3787	4094	1957	515	171	74	25	5	31	2	0.0	5	5	1
	
