

	Week starting on...	1/1	1/8	1/15	1/22	2/1	2/8	2/15	2/22	3/1	3/8	3/15	3/22	4/1	4/8	4/15	4/22	5/1	5/8	5/15	5/22	6/1	6/8	6/15	6/22	7/1	7/8	7/15	7/22	8/1	8/8	8/15	8/22	9/1	9/8	9/15	9/22	10/1	10/8	10/15	10/22	11/1	11/8	11/15	11/22	12/1	12/8	12/15	12/22
Frequency (%)
	Red-breasted Nuthatch	13.047398033290483	13.676151406015217	14.006036163564007	14.088671830287305	13.78957838315743	17.217654612008662	17.819027393209495	12.731740547905213	12.802917606411057	11.362701546561368	10.624663335624199	10.179137040493119	10.441238416175231	9.79366356918124	10.062459147360011	11.102381794136518	14.300478951348627	15.060924759080802	13.495663347253453	8.385028056977246	7.607354638436742	7.787155207904488	7.776876440952949	7.899796531705587	9.324643333675459	8.538893018855173	9.184685578258282	10.031472397856476	12.14095794480021	13.135053813216063	15.993828747750063	17.094098807332873	18.583507591599236	18.840269277845778	18.914893617021278	18.864336606970923	18.54571293225959	17.90530035335689	16.985711252009832	17.431314134392586	16.97421138761921	16.828579409665103	16.024524256231572	15.361842105263158	14.324425341057745	15.528949249463903	17.23350977843989	16.726801339526844
	Total # checklists submitted - (Red-breasted Nuthatch)	59897	41927	37441	52418	36194	52179	74398	41102	41678	48624	53837	76087	56976	54668	55076	76371	79340	86336	77825	81085	50254	48580	46844	53571	38972	29594	25205	35269	26703	25923	27223	41839	32997	32680	32900	41544	33776	35375	32963	45315	35442	32219	29848	36480	32106	27980	31549	46285
	
Abundance
	Red-breasted Nuthatch	0.24233267108536322	0.22904095213108497	0.24299564648380118	0.23533900568507002	0.23086699452948004	0.29952662948695835	0.31338208016344526	0.22373607123740938	0.22076395220500025	0.1931762092793682	0.18195664691568994	0.17256561567679105	0.17165122156697557	0.15566693495280604	0.15903478829254122	0.17823519398724647	0.2871691454499622	0.34747961452928094	0.24646321876003854	0.12375901831411482	0.11012058741592709	0.12188143268834911	0.1127785842370421	0.11636893095144761	0.14851688391665813	0.1414813813610867	0.156754612180123	0.17981797045564094	0.2300865071340299	0.2568375573814759	0.3256437571171436	0.3835894739358015	0.42976634239476313	0.4408200734394125	0.44848024316109425	0.48281340265742345	0.43732235907153005	0.3857243816254417	0.37220519976943844	0.3485600794438927	0.32427628237684103	0.30885502343337784	0.2837376038595551	0.2731907894736842	0.24325671214103284	0.27151536812008575	0.3623886652508796	0.32876741925029707
	Total # checklists submitted - (Red-breasted Nuthatch)	59897	41927	37441	52418	36194	52179	74398	41102	41678	48624	53837	76087	56976	54668	55076	76371	79340	86336	77825	81085	50254	48580	46844	53571	38972	29594	25205	35269	26703	25923	27223	41839	32997	32680	32900	41544	33776	35375	32963	45315	35442	32219	29848	36480	32106	27980	31549	46285
	
Birds Per Party Hour
	Red-breasted Nuthatch	3.6436489743632094	3.6173294647744756	3.3865798872833546	3.3758387590584116	3.249456420486277	3.7518801497921506	3.22869640075799	3.4941666734043793	3.443679912156714	3.0448082981135234	3.3349989359416736	3.0099207115128337	2.788449783632024	2.5443397823959226	2.473680870031834	2.2189893039465645	2.1316892452135927	2.1454877105587986	1.9105025841979375	2.370359291983303	3.8469981371915836	4.9533933920110895	5.906846517186333	5.699917144675161	5.096477443035866	3.821264555410198	2.480975879527186	2.4077063307326907	2.515298602466349	2.3955098652822806	2.440617725259982	2.6787001993558555	2.626870966720854	2.602997319234109	2.6077908283220395	2.832715013606052	2.879836912506205	3.015630078294958	3.305371235066563	3.1763938909747305	3.3374324128897004	3.117062762789988	3.316822597585834	3.173866916597415	3.1796305290364635	2.9689925479265495	2.9455414462322267	3.1211622295367034
	# checklists reporting species - (Red-breasted Nuthatch)	7956	5852	5365	7538	5080	9144	13483	5330	5456	5618	5809	7900	6057	5426	5674	8708	11520	13029	10550	6843	3833	3808	3688	4280	3682	2548	2374	3573	3314	3470	4495	7267	6289	6343	6374	8000	6376	6521	5771	8141	6166	5489	4825	5628	4661	4392	5465	7847
	
High Count
	Red-breasted Nuthatch	128	25	113	37	25	49	48	33	30	50	21	25	22	22	25	35	105	164	69	20	31	35	19	17	22	42	20	27	55	24	30	68	50	310	100	175	53	48	200	60	102	31	40	32	38	45	102	201
	# checklists reporting species - (Red-breasted Nuthatch)	8506	6229	5703	7972	5399	9483	13914	5646	5779	5965	6202	8430	6482	5858	6112	9248	12284	14171	11339	7453	4161	4083	4037	4718	4022	2791	2571	3939	3628	3793	4871	7908	6768	6786	6863	8571	6840	6968	6201	8722	6606	5906	5172	6024	5021	4718	5840	8367
	
Totals
	Red-breasted Nuthatch	15633	10325	9781	13230	9017	16404	24430	9800	9860	10069	10501	14137	10560	9234	9586	14764	24286	31847	20494	10807	5887	6284	5706	6774	6260	4525	4269	6877	6717	7196	9661	17385	15235	15554	15915	21429	15871	14743	13440	17223	12693	10728	9086	10605	8431	8191	12298	16559
	# checklists reporting species - (Red-breasted Nuthatch)	8319	6095	5573	7838	5298	9343	13765	5531	5666	5822	6041	8248	6335	5686	5912	8982	11811	13338	10796	7070	3967	3934	3848	4489	3858	2673	2472	3752	3484	3637	4710	7627	6529	6562	6639	8315	6656	6797	6027	8493	6463	5757	5043	5875	4893	4601	5731	8174
	
Average Count
	Red-breasted Nuthatch	1.8791922106022358	1.6940114848236258	1.7550690830791316	1.6879305945394234	1.7019630049075123	1.7557529701380712	1.7747911369415184	1.771831495208823	1.7402047299682315	1.7294744074201305	1.7382883628538321	1.7139912706110572	1.6669297553275453	1.623988744284207	1.621447902571042	1.6437319082609663	2.056218779104225	2.3876893087419404	1.8982956650611338	1.5285714285714285	1.4839929417695992	1.5973563802745296	1.4828482328482329	1.5090220539095567	1.6226023846552617	1.6928544706322484	1.7269417475728155	1.8328891257995736	1.9279563719862227	1.9785537530932087	2.051167728237792	2.2794021240330404	2.333435441874713	2.3703139286802806	2.397198373248983	2.5771497294046903	2.384465144230769	2.169045166985435	2.229965156794425	2.0279053338043096	1.963948630666873	1.863470557582074	1.801705334126512	1.8051063829787235	1.7230737788677704	1.780265159747881	2.145873320537428	2.025813555174945
	# checklists reporting species - (Red-breasted Nuthatch)	8319	6095	5573	7838	5298	9343	13765	5531	5666	5822	6041	8248	6335	5686	5912	8982	11811	13338	10796	7070	3967	3934	3848	4489	3858	2673	2472	3752	3484	3637	4710	7627	6529	6562	6639	8315	6656	6797	6027	8493	6463	5757	5043	5875	4893	4601	5731	8174
	
