

	Week starting on...	1/1	1/8	1/15	1/22	2/1	2/8	2/15	2/22	3/1	3/8	3/15	3/22	4/1	4/8	4/15	4/22	5/1	5/8	5/15	5/22	6/1	6/8	6/15	6/22	7/1	7/8	7/15	7/22	8/1	8/8	8/15	8/22	9/1	9/8	9/15	9/22	10/1	10/8	10/15	10/22	11/1	11/8	11/15	11/22	12/1	12/8	12/15	12/22
Frequency (%)
	Short-billed Dowitcher	0.0	0.0	0.0	0.0	0.0	0.0	0.0	0.0	0.0	0.0	0.0	0.0	0.0	0.0	0.014525383106979447	0.018331565646645977	0.197882530879758	1.893763899184581	2.1265660134918085	0.7744958993648641	0.10546424165240578	0.03087690407575134	0.027751686448638034	0.042933676802747754	0.1308631838242841	0.8380077042643779	1.555246974806586	1.4488644418611245	1.2770100737744823	2.0252285615090844	2.5493149175329686	2.359042998159612	1.5061975331090705	0.642594859241126	0.46200607902735563	0.20460234931638743	0.12730933207010894	0.09045936395759717	0.03640445347814216	0.022067747986317998	0.0028215112013994697	0.0	0.0	0.0	0.0	0.0	0.0	0.0
	Total # checklists submitted - (Short-billed Dowitcher)	59897	41927	37441	52418	36194	52179	74398	41102	41678	48624	53837	76087	56976	54668	55076	76371	79340	86336	77825	81085	50254	48580	46844	53571	38972	29594	25205	35269	26703	25923	27223	41839	32997	32680	32900	41544	33776	35375	32963	45315	35442	32219	29848	36480	32106	27980	31549	46285
	
Abundance
	Short-billed Dowitcher	0.0	0.0	0.0	0.0	0.0	0.0	0.0	0.0	0.0	0.0	0.0	0.0	0.0	0.0	1.4525383106979447E-4	3.273493865472496E-4	0.005520544492059491	0.2580036137879911	0.19890780597494379	0.028217302830363198	0.0019102956978548971	4.116920543433512E-4	4.05601571172402E-4	0.0010266748800657071	0.005619419070101612	0.03091842941136717	0.052132513390200357	0.04513879043919589	0.03134479271991911	0.05396751919145161	0.07251221393674466	0.05846220033939626	0.03176046307240052	0.010893512851897184	0.00696048632218845	0.0033217793183131137	0.0012730933207010895	0.0011024734982332156	0.0018808967630373449	2.64812975835816E-4	0.0	0.0	0.0	0.0	0.0	0.0	0.0	0.0
	Total # checklists submitted - (Short-billed Dowitcher)	59897	41927	37441	52418	36194	52179	74398	41102	41678	48624	53837	76087	56976	54668	55076	76371	79340	86336	77825	81085	50254	48580	46844	53571	38972	29594	25205	35269	26703	25923	27223	41839	32997	32680	32900	41544	33776	35375	32963	45315	35442	32219	29848	36480	32106	27980	31549	46285
	
Birds Per Party Hour
	Short-billed Dowitcher	0.0	0.0	0.0	0.0	0.0	0.0	0.0	0.0	0.0	0.0	0.0	0.0	0.0	0.0	1.8395929431288538	1.5057330810927283	5.453151608065545	27.242448555358884	14.78877215408257	4.472598261006387	4.148765789865054	0.6408570280285628	0.11373471994161649	17.039082063812874	32.08452733512561	4.943622308374019	3.7394257851619406	2.1765196393781587	1.7534181161128755	2.6065243651586965	3.6073693052294757	2.9820320557902464	2.4204377947918703	2.210216953129845	1.2441479032200748	1.9661135568999595	1.1172428853739216	1.0761738868222106	2.324477396653468	2.623692348837377	0.9761904761904762	0.0	0.0	0.0	0.0	0.0	0.0	0.0
	# checklists reporting species - (Short-billed Dowitcher)	0.0	0.0	0.0	0.0	0.0	0.0	0.0	0.0	0.0	0.0	0.0	0.0	0.0	0.0	8	18	159	1629	1749	710	60	17	15	30	56	285	426	569	371	578	765	1112	551	221	171	99	52	34	17	12	2	0.0	0.0	0.0	0.0	0.0	0.0	0.0
	
High Count
	Short-billed Dowitcher	0.0	0.0	0.0	0.0	0.0	0.0	0.0	0.0	0.0	0.0	0.0	0.0	0.0	0.0	1	5	27	390	1500	200	9	2	5	13	85	370	75	58	30	36	40	48	25	11	21	8	2	4	50	3	1	0.0	0.0	0.0	0.0	0.0	0.0	0.0
	# checklists reporting species - (Short-billed Dowitcher)	0.0	0.0	0.0	0.0	0.0	0.0	0.0	0.0	0.0	0.0	0.0	0.0	0.0	0.0	9	23	199	2018	2026	805	71	18	17	31	69	309	464	618	400	605	818	1191	617	249	193	109	57	36	17	12	3	0.0	0.0	0.0	0.0	0.0	0.0	0.0
	
Totals
	Short-billed Dowitcher	0.0	0.0	0.0	0.0	0.0	0.0	0.0	0.0	0.0	0.0	0.0	0.0	0.0	0.0	9	34	527	26818	19185	2994	125	23	28	71	351	1808	1610	1957	965	1591	2383	3000	1340	428	310	187	61	43	68	14	2	0.0	0.0	0.0	0.0	0.0	0.0	0.0
	# checklists reporting species - (Short-billed Dowitcher)	0.0	0.0	0.0	0.0	0.0	0.0	0.0	0.0	0.0	0.0	0.0	0.0	0.0	0.0	9	22	170	1748	1855	772	69	18	17	30	68	304	454	609	393	599	796	1166	599	239	191	105	55	36	17	12	2	0.0	0.0	0.0	0.0	0.0	0.0	0.0
	
Average Count
	Short-billed Dowitcher	0.0	0.0	0.0	0.0	0.0	0.0	0.0	0.0	0.0	0.0	0.0	0.0	0.0	0.0	1.0	1.5454545454545454	3.1	15.342105263157896	10.342318059299192	3.878238341968912	1.8115942028985508	1.2777777777777777	1.6470588235294117	2.3666666666666667	5.161764705882353	5.947368421052632	3.5462555066079293	3.213464696223317	2.455470737913486	2.656093489148581	2.9937185929648242	2.5728987993138936	2.2370617696160267	1.790794979079498	1.6230366492146597	1.7809523809523808	1.1090909090909091	1.1944444444444444	4.0	1.1666666666666667	1.0	0.0	0.0	0.0	0.0	0.0	0.0	0.0
	# checklists reporting species - (Short-billed Dowitcher)	0.0	0.0	0.0	0.0	0.0	0.0	0.0	0.0	0.0	0.0	0.0	0.0	0.0	0.0	9	22	170	1748	1855	772	69	18	17	30	68	304	454	609	393	599	796	1166	599	239	191	105	55	36	17	12	2	0.0	0.0	0.0	0.0	0.0	0.0	0.0
	
