

	Week starting on...	1/1	1/8	1/15	1/22	2/1	2/8	2/15	2/22	3/1	3/8	3/15	3/22	4/1	4/8	4/15	4/22	5/1	5/8	5/15	5/22	6/1	6/8	6/15	6/22	7/1	7/8	7/15	7/22	8/1	8/8	8/15	8/22	9/1	9/8	9/15	9/22	10/1	10/8	10/15	10/22	11/1	11/8	11/15	11/22	12/1	12/8	12/15	12/22
Frequency (%)
	Bank Swallow	0.0	0.0	0.0	0.0	0.0	0.0	0.0	0.0	0.0	0.0	0.0	0.0	0.008775624824487504	0.10060730226092046	0.6009877260512746	2.1657435413966035	4.610536929669776	6.6136953298739805	6.371988435592677	5.756921748782142	4.045449118478131	3.2791272128447924	2.7687644095295023	2.9997573313919843	3.056040234014164	4.031222545110495	5.078357468756199	4.933511015339249	5.673519829232671	5.33117308953439	5.098629835065937	3.336599823131528	1.8365305936903356	0.6731946144430845	0.20972644376899696	0.04573464278836896	0.023685457129322598	0.028268551236749116	0.0030337044565118465	0.006620324395895399	0.005643022402798939	0.006207517303454484	0.0	0.0	0.0	0.0	0.0	0.0
	Total # checklists submitted - (Bank Swallow)	59897	41927	37441	52418	36194	52179	74398	41102	41678	48624	53837	76087	56976	54668	55076	76371	79340	86336	77825	81085	50254	48580	46844	53571	38972	29594	25205	35269	26703	25923	27223	41839	32997	32680	32900	41544	33776	35375	32963	45315	35442	32219	29848	36480	32106	27980	31549	46285
	
Abundance
	Bank Swallow	0.0	0.0	0.0	0.0	0.0	0.0	0.0	0.0	0.0	0.0	0.0	0.0	8.775624824487503E-5	0.0017011780200482916	0.020644200740794538	0.13691060742952169	0.6320897403579531	1.1294245737583395	1.222601991647928	0.8665104519948202	0.5521550523341425	0.8618361465623714	0.3947570660063188	2.6780720912433966	3.1404084984091143	3.5004054875988375	3.314659789724261	3.7200941336584537	16.59547616372692	47.45419125872777	30.579546706828783	8.119362317455007	0.19665424129466316	0.04834761321909425	0.015896656534954406	0.0017090313884074715	3.256750355281857E-4	0.002600706713780919	3.0337044565118466E-5	3.3101621979476995E-4	5.643022402798939E-5	6.207517303454484E-5	0.0	0.0	0.0	0.0	0.0	0.0
	Total # checklists submitted - (Bank Swallow)	59897	41927	37441	52418	36194	52179	74398	41102	41678	48624	53837	76087	56976	54668	55076	76371	79340	86336	77825	81085	50254	48580	46844	53571	38972	29594	25205	35269	26703	25923	27223	41839	32997	32680	32900	41544	33776	35375	32963	45315	35442	32219	29848	36480	32106	27980	31549	46285
	
Birds Per Party Hour
	Bank Swallow	0.0	0.0	0.0	0.0	0.0	0.0	0.0	0.0	0.0	0.0	0.0	0.0	0.8033161898099063	5.036000459766825	3.9335610276793997	7.711943933664569	14.4570896586077	20.809413786005805	22.288733839607666	28.44496224607557	34.12233509679514	34.93992399764572	30.304521009081085	100.7168745394716	74.06320697039268	97.96670834514953	130.2895521503523	86.36823362603077	321.50630887231785	2294.524453123724	677.7123384938983	247.83219075768451	10.52038873588347	8.050548379805457	8.909585444345648	3.7226230522393196	1.0418538288551604	8.92164267832564	0.7916666666666666	1.3333333333333333	0.625	0.7114119922630561	0.0	0.0	0.0	0.0	0.0	0.0
	# checklists reporting species - (Bank Swallow)	0.0	0.0	0.0	0.0	0.0	0.0	0.0	0.0	0.0	0.0	0.0	1	5	63	342	1639	3463	5215	4491	4384	1944	1560	1267	1527	1156	1150	1226	1668	1435	1319	1301	1327	578	211	75	22	7	10	3	4	2	3	0.0	0.0	0.0	0.0	0.0	0.0
	
High Count
	Bank Swallow	0.0	0.0	0.0	0.0	0.0	0.0	0.0	0.0	0.0	0.0	0.0	1	1	20	75	350	7000	4000	13500	1000	7500	21049	2700	58527	92532	47663	20000	90000	90000	200000	100000	25000	1000	602	100	15	4	34	3	10	1	1	0.0	0.0	0.0	0.0	0.0	0.0
	# checklists reporting species - (Bank Swallow)	0.0	0.0	0.0	0.0	0.0	0.0	0.0	0.0	0.0	0.0	0.0	1	8	70	390	1825	3968	6275	5416	5135	2213	1769	1448	1783	1323	1299	1390	1888	1662	1497	1485	1517	659	236	77	24	9	12	3	4	2	3	0.0	0.0	0.0	0.0	0.0	0.0
	
Totals
	Bank Swallow	0.0	0.0	0.0	0.0	0.0	0.0	0.0	0.0	0.0	0.0	0.0	1	7	135	1274	11104	53456	109125	101785	75670	38356	46489	19801	146444	154761	201244	92153	235096	455155	1375455	847129	348205	8334	2251	561	97	12	97	6	16	2	3	0.0	0.0	0.0	0.0	0.0	0.0
	# checklists reporting species - (Bank Swallow)	0.0	0.0	0.0	0.0	0.0	0.0	0.0	0.0	0.0	0.0	0.0	1	7	69	374	1702	3595	5405	4664	4560	2009	1638	1334	1613	1213	1192	1271	1727	1495	1381	1349	1387	605	223	76	24	8	12	3	4	2	3	0.0	0.0	0.0	0.0	0.0	0.0
	
Average Count
	Bank Swallow	0.0	0.0	0.0	0.0	0.0	0.0	0.0	0.0	0.0	0.0	0.0	1.0	1.0	1.9565217391304348	3.406417112299465	6.524089306698002	14.869541029207232	20.18963922294172	21.823542024013722	16.594298245614034	19.092085614733698	28.381562881562882	14.843328335832084	90.78983261004339	127.58532563891178	168.8288590604027	72.50432730133753	136.12970469021425	304.4515050167224	995.984793627806	627.9681245366938	251.04902667627974	13.775206611570248	10.094170403587444	7.381578947368421	4.041666666666667	1.5	8.083333333333334	2.0	4.0	1.0	1.0	0.0	0.0	0.0	0.0	0.0	0.0
	# checklists reporting species - (Bank Swallow)	0.0	0.0	0.0	0.0	0.0	0.0	0.0	0.0	0.0	0.0	0.0	1	7	69	374	1702	3595	5405	4664	4560	2009	1638	1334	1613	1213	1192	1271	1727	1495	1381	1349	1387	605	223	76	24	8	12	3	4	2	3	0.0	0.0	0.0	0.0	0.0	0.0
	
