

	Week starting on...	1/1	1/8	1/15	1/22	2/1	2/8	2/15	2/22	3/1	3/8	3/15	3/22	4/1	4/8	4/15	4/22	5/1	5/8	5/15	5/22	6/1	6/8	6/15	6/22	7/1	7/8	7/15	7/22	8/1	8/8	8/15	8/22	9/1	9/8	9/15	9/22	10/1	10/8	10/15	10/22	11/1	11/8	11/15	11/22	12/1	12/8	12/15	12/22
Frequency (%)
	Eastern Whip-poor-will	0.0	0.0	0.0	0.0	0.0	0.0	0.0	0.0	0.0	0.0	0.0	0.0013142849632657354	0.0	0.0018292236774712814	0.05447018665117292	0.18855324665121578	0.8091756995210487	0.9428280207561156	1.056215868936717	1.1765431337485355	1.0546424165240578	1.0148209139563606	1.0887200068311844	0.9053405760579417	0.9288720106743303	0.7839426910860309	0.8649077563975401	0.6209419036547676	0.46811219713140845	0.3934729776646222	0.35998971457958345	0.38719854681039223	0.4060975240173349	0.2631578947368421	0.23404255319148937	0.19256691700365877	0.06513500710563713	0.019787985865724382	0.0030337044565118465	0.0022067747986317995	0.0028215112013994697	0.0	0.0	0.0027412280701754384	0.0	0.0	0.0	0.0
	Total # checklists submitted - (Eastern Whip-poor-will)	59897	41927	37441	52418	36194	52179	74398	41102	41678	48624	53837	76087	56976	54668	55076	76371	79340	86336	77825	81085	50254	48580	46844	53571	38972	29594	25205	35269	26703	25923	27223	41839	32997	32680	32900	41544	33776	35375	32963	45315	35442	32219	29848	36480	32106	27980	31549	46285
	
Abundance
	Eastern Whip-poor-will	0.0	0.0	0.0	0.0	0.0	0.0	0.0	0.0	0.0	0.0	0.0	1.3142849632657353E-5	0.0	1.8292236774712813E-5	5.810153242791779E-4	0.002330727632216417	0.01134358457272498	0.01391076723498888	0.021638291037584325	0.025787753591909723	0.02425677558005333	0.026677645121449156	0.02538211937494663	0.017938810177148084	0.019783434260494715	0.013921740893424343	0.015671493751239832	0.008506053474722844	0.0071153053963974085	0.005554912625853489	0.004775373764831209	0.006166495375128468	0.005970239718762311	0.0027539779681762548	0.0031914893617021275	0.0025274407856730216	6.809568924680246E-4	1.978798586572438E-4	3.0337044565118466E-5	2.2067747986317996E-5	2.8215112013994695E-5	0.0	0.0	2.7412280701754386E-5	0.0	0.0	0.0	0.0
	Total # checklists submitted - (Eastern Whip-poor-will)	59897	41927	37441	52418	36194	52179	74398	41102	41678	48624	53837	76087	56976	54668	55076	76371	79340	86336	77825	81085	50254	48580	46844	53571	38972	29594	25205	35269	26703	25923	27223	41839	32997	32680	32900	41544	33776	35375	32963	45315	35442	32219	29848	36480	32106	27980	31549	46285
	
Birds Per Party Hour
	Eastern Whip-poor-will	0.0	0.0	0.0	0.0	0.0	0.0	0.0	0.0	0.0	0.0	0.0	0.0	0.0	4.845010833034785	2.050466976485227	4.357426159405511	2.7150241889245184	3.2319852868102004	6.126449720626787	7.481290895777062	8.810446562024385	8.16422365238812	10.293317121944646	10.221703146200744	9.098172430251676	6.069521298920477	5.302160753453201	5.64168122485829	5.599034322495798	6.60983001388442	6.920514579589232	6.2622672243896025	3.9583954429207067	3.4526434458762894	3.9029046760992228	2.6945379766813757	2.6011260158000913	0.28328228258397997	0.0	0.3333333333333333	1.1272780717225162	0.0	0.0	2.7247956403269753	0.0	0.0	0.0	0.0
	# checklists reporting species - (Eastern Whip-poor-will)	0.0	0.0	0.0	0.0	0.0	0.0	0.0	0.0	0.0	0.0	0.0	0	0	3	36	193	750	876	959	1120	677	623	682	598	442	265	264	245	126	104	112	193	152	93	98	85	26	12	1	1	3	0.0	0.0	1	0.0	0.0	0.0	0.0
	
High Count
	Eastern Whip-poor-will	0.0	0.0	0.0	0.0	0.0	0.0	0.0	0.0	0.0	0.0	0.0	1	1	1	2	5	12	17	33	20	23	26	61	17	34	9	13	6	9	6	6	12	7	7	5	6	2	1	1	1	1	0.0	0.0	1	0.0	0.0	0.0	0.0
	# checklists reporting species - (Eastern Whip-poor-will)	0.0	0.0	0.0	0.0	0.0	0.0	0.0	0.0	0.0	0.0	0.0	1	1	4	45	217	870	1101	1159	1358	812	733	820	705	514	341	328	313	167	144	156	251	192	127	132	112	33	12	4	1	3	0.0	0.0	1	0.0	0.0	0.0	0.0
	
Totals
	Eastern Whip-poor-will	0.0	0.0	0.0	0.0	0.0	0.0	0.0	0.0	0.0	0.0	0.0	1	1	4	47	254	1172	1542	2150	2759	1648	1617	1646	1249	1019	578	525	429	245	187	201	355	250	138	161	138	34	12	4	1	3	0.0	0.0	1	0.0	0.0	0.0	0.0
	# checklists reporting species - (Eastern Whip-poor-will)	0.0	0.0	0.0	0.0	0.0	0.0	0.0	0.0	0.0	0.0	0.0	1	1	4	45	214	834	1009	1102	1281	763	694	773	663	483	318	303	286	152	127	143	231	167	107	117	106	33	12	4	1	3	0.0	0.0	1	0.0	0.0	0.0	0.0
	
Average Count
	Eastern Whip-poor-will	0.0	0.0	0.0	0.0	0.0	0.0	0.0	0.0	0.0	0.0	0.0	1.0	1.0	1.0	1.0444444444444445	1.1869158878504673	1.4052757793764987	1.5282457879088207	1.9509981851179674	2.1537861046057767	2.1598951507208386	2.329971181556196	2.129366106080207	1.8838612368024132	2.109730848861284	1.8176100628930818	1.7326732673267327	1.5	1.611842105263158	1.4724409448818898	1.4055944055944056	1.5367965367965368	1.4970059880239521	1.2897196261682242	1.376068376068376	1.3018867924528301	1.0303030303030303	1.0	1.0	1.0	1.0	0.0	0.0	1.0	0.0	0.0	0.0	0.0
	# checklists reporting species - (Eastern Whip-poor-will)	0.0	0.0	0.0	0.0	0.0	0.0	0.0	0.0	0.0	0.0	0.0	1	1	4	45	214	834	1009	1102	1281	763	694	773	663	483	318	303	286	152	127	143	231	167	107	117	106	33	12	4	1	3	0.0	0.0	1	0.0	0.0	0.0	0.0
	
