

	Week starting on...	1/1	1/8	1/15	1/22	2/1	2/8	2/15	2/22	3/1	3/8	3/15	3/22	4/1	4/8	4/15	4/22	5/1	5/8	5/15	5/22	6/1	6/8	6/15	6/22	7/1	7/8	7/15	7/22	8/1	8/8	8/15	8/22	9/1	9/8	9/15	9/22	10/1	10/8	10/15	10/22	11/1	11/8	11/15	11/22	12/1	12/8	12/15	12/22
Frequency (%)
	King Rail	0.0	0.0	0.0	0.0	0.0	0.0	0.0	0.0	0.0	0.0	0.0	0.0	0.0	0.0	0.001815672888372431	0.006546987730944992	0.008822788001008318	0.023165307635285397	0.016704143912624477	0.009866189800826293	0.0059696740557965535	0.004116920543433511	0.004269490222867389	0.0018666816001194674	0.015395668685209895	0.003379063323646685	0.003967466772465781	0.034024213898891376	0.011234692731153803	0.042433360336380815	0.014693457737942181	0.033461602810774635	0.06364214928629876	0.04589963280293758	0.03343465045592705	0.04573464278836896	0.0029606821411653247	0.0	0.0	0.0	0.0	0.003103758651727242	0.0	0.0	0.0	0.0	0.0	0.0
	Total # checklists submitted - (King Rail)	59897	41927	37441	52418	36194	52179	74398	41102	41678	48624	53837	76087	56976	54668	55076	76371	79340	86336	77825	81085	50254	48580	46844	53571	38972	29594	25205	35269	26703	25923	27223	41839	32997	32680	32900	41544	33776	35375	32963	45315	35442	32219	29848	36480	32106	27980	31549	46285
	
Abundance
	King Rail	0.0	0.0	0.0	0.0	0.0	0.0	0.0	0.0	0.0	0.0	0.0	0.0	0.0	0.0	1.815672888372431E-5	6.546987730944992E-5	8.822788001008319E-5	2.4323573017049667E-4	1.413427561837456E-4	7.39964235061972E-5	7.959565407728738E-5	6.175380815150267E-5	4.2694902228673894E-5	1.8666816001194675E-5	1.796161346607821E-4	3.379063323646685E-5	0.0	3.402421389889138E-4	1.1234692731153803E-4	4.629093854877908E-4	1.8366822172427726E-4	3.3461602810774636E-4	0.0010607024881049791	7.037943696450429E-4	3.343465045592705E-4	9.628345850182939E-4	2.9606821411653245E-5	0.0	0.0	0.0	0.0	3.103758651727242E-5	0.0	0.0	0.0	0.0	0.0	0.0
	Total # checklists submitted - (King Rail)	59897	41927	37441	52418	36194	52179	74398	41102	41678	48624	53837	76087	56976	54668	55076	76371	79340	86336	77825	81085	50254	48580	46844	53571	38972	29594	25205	35269	26703	25923	27223	41839	32997	32680	32900	41544	33776	35375	32963	45315	35442	32219	29848	36480	32106	27980	31549	46285
	
Birds Per Party Hour
	King Rail	0.0	0.0	0.0	0.0	0.0	0.0	0.0	0.0	0.0	0.0	0.0	0.0	0.0	0.0	0.4	0.8901547866092556	1.3058871267766268	0.7313787250514282	0.9678795104286874	1.1428263890149293	1.4876383873068497	2.8980815347721824	0.5767012687427913	12.048192771084338	0.5695193558103	0.0	0.0	1.685679521954998	2.2737857618097137	3.8898985359536997	2.7034400774898	0.9591037404301739	1.0400251544090073	0.965916999627122	0.6493998139222288	2.05290564840235	1.7123287671232876	0.0	0.0	0.0	0.0	0.26666666666666666	0.0	0.0	0.0	0.0	0.0	0.0
	# checklists reporting species - (King Rail)	0.0	0.0	0.0	0.0	0.0	0.0	0.0	0.0	0.0	0.0	0.0	0.0	0.0	0.0	1	5	8	24	23	7	6	2	1	1	7	0	0	11	3	14	4	18	24	18	14	28	1	0.0	0.0	0.0	0.0	1	0.0	0.0	0.0	0.0	0.0	0.0
	
High Count
	King Rail	0.0	0.0	0.0	0.0	0.0	0.0	0.0	0.0	0.0	0.0	0.0	0.0	0.0	0.0	1	1	1	2	2	1	2	2	1	1	2	1	1	2	1	2	2	1	3	4	2	5	1	0.0	0.0	0.0	0.0	1	0.0	0.0	0.0	0.0	0.0	0.0
	# checklists reporting species - (King Rail)	0.0	0.0	0.0	0.0	0.0	0.0	0.0	0.0	0.0	0.0	0.0	0.0	0.0	0.0	1	5	8	32	32	13	8	3	2	1	7	1	1	12	3	16	4	18	24	18	14	29	1	0.0	0.0	0.0	0.0	1	0.0	0.0	0.0	0.0	0.0	0.0
	
Totals
	King Rail	0.0	0.0	0.0	0.0	0.0	0.0	0.0	0.0	0.0	0.0	0.0	0.0	0.0	0.0	1	5	8	32	34	9	10	3	2	1	8	1	0	12	3	17	5	18	39	26	15	50	1	0.0	0.0	0.0	0.0	1	0.0	0.0	0.0	0.0	0.0	0.0
	# checklists reporting species - (King Rail)	0.0	0.0	0.0	0.0	0.0	0.0	0.0	0.0	0.0	0.0	0.0	0.0	0.0	0.0	1	5	8	31	28	9	8	2	2	1	7	1	0	11	3	16	4	18	24	18	14	29	1	0.0	0.0	0.0	0.0	1	0.0	0.0	0.0	0.0	0.0	0.0
	
Average Count
	King Rail	0.0	0.0	0.0	0.0	0.0	0.0	0.0	0.0	0.0	0.0	0.0	0.0	0.0	0.0	1.0	1.0	1.0	1.032258064516129	1.2142857142857142	1.0	1.25	1.5	1.0	1.0	1.1428571428571428	1.0	0.0	1.0909090909090908	1.0	1.0625	1.25	1.0	1.625	1.4444444444444444	1.0714285714285714	1.7241379310344827	1.0	0.0	0.0	0.0	0.0	1.0	0.0	0.0	0.0	0.0	0.0	0.0
	# checklists reporting species - (King Rail)	0.0	0.0	0.0	0.0	0.0	0.0	0.0	0.0	0.0	0.0	0.0	0.0	0.0	0.0	1	5	8	31	28	9	8	2	2	1	7	1	0	11	3	16	4	18	24	18	14	29	1	0.0	0.0	0.0	0.0	1	0.0	0.0	0.0	0.0	0.0	0.0
	
