

	Week starting on...	1/1	1/8	1/15	1/22	2/1	2/8	2/15	2/22	3/1	3/8	3/15	3/22	4/1	4/8	4/15	4/22	5/1	5/8	5/15	5/22	6/1	6/8	6/15	6/22	7/1	7/8	7/15	7/22	8/1	8/8	8/15	8/22	9/1	9/8	9/15	9/22	10/1	10/8	10/15	10/22	11/1	11/8	11/15	11/22	12/1	12/8	12/15	12/22
Frequency (%)
	Osprey	0.0	0.0	0.0	0.0	0.0	0.0	0.0	0.0	0.0023993473775133166	0.006169792694965448	0.007429834500436503	0.4994282860409794	2.6344425723111486	5.71083632106534	6.530975379475635	6.544368935852614	5.956642298966473	5.279373610081542	5.663989720526823	5.547265215514583	4.632467067298125	4.29600658707287	4.220391085304414	4.429635437083497	5.1344555065175	6.15665337568426	7.629438603451696	8.656327086109615	9.695539826985732	10.234154997492574	10.322154060904383	10.36831664236717	9.288723217262175	7.108323133414933	5.091185410334346	3.5937800885807816	1.9747749881572716	1.5151943462897526	0.7887631586930801	0.5693478980470043	0.22289938491055808	0.14587665663118038	0.04355400696864112	0.0027412280701754384	0.0	0.0035739814152966403	0.0031696725728232273	0.0
	Total # checklists submitted - (Osprey)	59897	41927	37441	52418	36194	52179	74398	41102	41678	48624	53837	76087	56976	54668	55076	76371	79340	86336	77825	81085	50254	48580	46844	53571	38972	29594	25205	35269	26703	25923	27223	41839	32997	32680	32900	41544	33776	35375	32963	45315	35442	32219	29848	36480	32106	27980	31549	46285
	
Abundance
	Osprey	0.0	0.0	0.0	0.0	0.0	0.0	0.0	0.0	2.3993473775133165E-5	6.169792694965449E-5	7.429834500436503E-5	0.005743425289471263	0.033961668070766636	0.08434550376820077	0.09751979083448326	0.09448612693299813	0.07908999243761028	0.06839557079318014	0.07363957597173144	0.07445273478448541	0.06498985155410515	0.06325648414985591	0.06355136196738109	0.06886188422840717	0.08057066611926511	0.10427789416773671	0.12981551279508033	0.15282542742918712	0.16346477923828784	0.16174825444585889	0.15450170811446204	0.14376538636200675	0.1294360093341819	0.10229498164014687	0.06811550151975684	0.046216060080878106	0.02433680720037897	0.017385159010600705	0.009586506082577436	0.006289308176100629	0.002313639185147565	0.0015518793258636207	4.3554006968641115E-4	2.7412280701754386E-5	0.0	3.57398141529664E-5	3.169672572823227E-5	0.0
	Total # checklists submitted - (Osprey)	59897	41927	37441	52418	36194	52179	74398	41102	41678	48624	53837	76087	56976	54668	55076	76371	79340	86336	77825	81085	50254	48580	46844	53571	38972	29594	25205	35269	26703	25923	27223	41839	32997	32680	32900	41544	33776	35375	32963	45315	35442	32219	29848	36480	32106	27980	31549	46285
	
Birds Per Party Hour
	Osprey	0.0	0.0	0.0	0.0	0.0	0.0	0.0	0.0	1.7152658662092624	2.551313664525023	0.3739498787676845	5.478051952764633	5.184835227174166	4.954885780736135	3.8114246615902214	3.3346061111215612	2.4014000598784486	2.2105631429773838	2.0080758557002114	2.5549127413983292	2.8064750458046452	2.98077932472414	3.530813650649845	4.1090981693826905	2.875514527252682	3.9839238164590633	3.6186256217000414	3.3355371440827426	2.856726977688106	2.7557738652504975	2.5485508526372853	2.1349024733302384	1.6017446799631345	1.4357182627000928	1.3321431033496083	1.4206270390242401	1.2028332114412428	1.0675774967991285	1.079735866628488	1.316430588704953	1.9695275810088386	0.6052556117497468	0.9093676225657553	1.6924484364604124	7.462686567164179	3.003003003003003	4.0	0.0
	# checklists reporting species - (Osprey)	1	0.0	0.0	0.0	0.0	0.0	0.0	0.0	1	3	8	487	1730	3423	3860	5415	4993	4808	4621	4725	2512	2213	2134	2561	2154	1924	2097	3352	2796	2833	2960	4606	3276	2493	1858	1683	757	605	297	310	93	50	19	6	2	1	1	0.0
	
High Count
	Osprey	1	0.0	0.0	0.0	0.0	0.0	0.0	0.0	1	1	1	2	40	12	17	54	10	10	8	12	10	23	20	13	20	15	12	17	19	9	13	26	20	53	15	14	16	5	10	3	3	2	1	1	1	1	1	0.0
	# checklists reporting species - (Osprey)	1	0.0	0.0	0.0	0.0	0.0	0.0	0.0	1	3	9	587	2039	3985	4375	5854	5372	5265	5034	5191	2761	2447	2403	2872	2497	2179	2353	3728	3070	3116	3248	5019	3534	2708	2042	1834	840	663	327	343	116	61	25	12	5	4	3	0.0
	
Totals
	Osprey	1	0.0	0.0	0.0	0.0	0.0	0.0	0.0	1	3	9	682	2697	5809	6434	8422	7061	6726	6473	6893	3814	3546	3556	4371	3819	3592	3967	6448	5077	4832	4795	6868	4958	3883	2777	2366	1042	764	392	373	123	64	25	12	5	4	3	0.0
	# checklists reporting species - (Osprey)	1	0.0	0.0	0.0	0.0	0.0	0.0	0.0	1	3	9	583	2016	3924	4268	5746	5234	5051	4837	5002	2668	2365	2303	2764	2394	2103	2270	3610	2992	3032	3169	4886	3462	2643	1997	1789	827	649	326	342	115	61	25	12	5	4	3	0.0
	
Average Count
	Osprey	1.0	0.0	0.0	0.0	0.0	0.0	0.0	0.0	1.0	1.0	1.0	1.169811320754717	1.337797619047619	1.4803771661569827	1.507497656982193	1.4657152801949183	1.3490638135269393	1.3316175014848546	1.3382261732478808	1.3780487804878048	1.4295352323838082	1.4993657505285412	1.5440729483282676	1.5814037626628075	1.5952380952380953	1.7080361388492629	1.7475770925110132	1.7861495844875346	1.6968582887700534	1.5936675461741425	1.5130956137582834	1.4056487924682768	1.4321201617562103	1.469163828982217	1.3905858788182273	1.3225265511458915	1.2599758162031438	1.177195685670262	1.2024539877300613	1.090643274853801	1.0695652173913044	1.0491803278688525	1.0	1.0	1.0	1.0	1.0	0.0
	# checklists reporting species - (Osprey)	1	0.0	0.0	0.0	0.0	0.0	0.0	0.0	1	3	9	583	2016	3924	4268	5746	5234	5051	4837	5002	2668	2365	2303	2764	2394	2103	2270	3610	2992	3032	3169	4886	3462	2643	1997	1789	827	649	326	342	115	61	25	12	5	4	3	0.0
	
