

	Week starting on...	1/1	1/8	1/15	1/22	2/1	2/8	2/15	2/22	3/1	3/8	3/15	3/22	4/1	4/8	4/15	4/22	5/1	5/8	5/15	5/22	6/1	6/8	6/15	6/22	7/1	7/8	7/15	7/22	8/1	8/8	8/15	8/22	9/1	9/8	9/15	9/22	10/1	10/8	10/15	10/22	11/1	11/8	11/15	11/22	12/1	12/8	12/15	12/22
Frequency (%)
	Tundra Swan	2.041838489406815	1.6814940253297397	1.578483480676264	1.4536991109924073	1.2902691053765818	0.841334636539604	0.9099706981370467	3.2869446742250985	4.170065742118144	7.208374465284634	6.471385849880194	3.7496550001971425	2.265866329682673	1.0298529304163313	0.5592272496187087	0.48447709208992945	0.2583816486009579	0.11698480355819124	0.11307420494699646	0.07152987605599062	0.03382815298284714	0.06175380815150268	0.0405601571172402	0.0690672192044203	0.03592322693215642	0.11826721632763398	0.011902400317397342	0.02835351158240948	0.026214283039358872	0.13887281564633724	0.022040186606913273	0.021511030378355122	0.033336363911870774	0.0550795593635251	0.13069908814589667	0.05054881571346043	0.2546186641402179	0.5681978798586572	1.1710099202135729	1.9309279488028248	2.9174425822470518	3.6034637946553274	3.021978021978022	2.7604166666666665	3.015012770198717	2.4017155110793427	2.5927921645694	1.9595981419466348
	Total # checklists submitted - (Tundra Swan)	59897	41927	37441	52418	36194	52179	74398	41102	41678	48624	53837	76087	56976	54668	55076	76371	79340	86336	77825	81085	50254	48580	46844	53571	38972	29594	25205	35269	26703	25923	27223	41839	32997	32680	32900	41544	33776	35375	32963	45315	35442	32219	29848	36480	32106	27980	31549	46285
	
Abundance
	Tundra Swan	1.7981701921632136	1.3585756195291816	0.9083090729414278	1.543706360410546	1.2199535834668729	0.7381896931715825	0.6629210462646845	3.740645224076687	7.512116704256442	16.159633102994405	13.173876701896464	5.625008214281021	0.959965599550688	0.18370893392844076	0.06084319848936016	0.0670673423158005	0.02804386186034787	0.0022817828020756117	0.0014648249277224542	9.126225565764322E-4	0.001552115254507104	9.263071222725401E-4	7.685082401161301E-4	0.0010266748800657071	6.158267474083958E-4	0.0021963911603703453	1.1902400317397342E-4	4.536561853185517E-4	2.6214283039358873E-4	0.002893183659298692	2.2040186606913273E-4	2.3901144864839027E-4	0.02488104979240537	0.0034577723378212974	0.009027355623100305	0.011866936260350472	0.04032449076267172	0.060862190812720846	0.10499651123987501	0.33492221118834825	0.8926697138987641	1.5250628511126976	1.92548914500134	2.1035087719298247	3.7004609730268485	1.769120800571837	2.7547307363149387	1.5174462568866804
	Total # checklists submitted - (Tundra Swan)	59897	41927	37441	52418	36194	52179	74398	41102	41678	48624	53837	76087	56976	54668	55076	76371	79340	86336	77825	81085	50254	48580	46844	53571	38972	29594	25205	35269	26703	25923	27223	41839	32997	32680	32900	41544	33776	35375	32963	45315	35442	32219	29848	36480	32106	27980	31549	46285
	
Birds Per Party Hour
	Tundra Swan	336.1932840203485	253.79385709024547	191.28233655661776	294.1629170964911	302.7969444913867	249.92562228905817	216.09838748521946	309.02226048582355	466.15414314741844	475.47098627770015	537.1491709610607	338.1994162744716	107.78645574245064	57.04320247313467	25.711102369845822	31.574972751226905	22.785400687460935	11.34397324163578	1.9155201863984042	4.223806175869688	2.20860424741706	11.913184399145651	1.8941336659607189	10.752843619672802	6.2581370139109085	2.8162802600472467	0.5	0.7002164502164502	1.7835332838733482	6.024096385542169	1.0303220888126547	1.6790040920463174	9.347275689582032	2.9155106506000563	2.5513721716758906	24.39992466741529	29.195753261306923	17.842581721391795	24.637486866658957	150.77783558030927	110.06089925573437	111.67676956965443	182.17823703902968	363.7014539262285	358.45878080551347	230.41339105538552	156.56524414660802	244.73092387072134
	# checklists reporting species - (Tundra Swan)	1279	731	578	780	482	464	682	1447	1979	3752	3645	2833	1335	591	320	386	215	118	105	65	15	31	21	41	14	8	2	11	7	2	6	11	10	14	17	21	91	213	438	958	1108	1237	907	1027	982	672	829	963
	
High Count
	Tundra Swan	5800	4500	1600	3600	3000	2400	2500	6500	12500	33000	41000	8500	3100	500	146	212	250	50	8	8	45	4	6	4	4	5	16	6	4	5	1	2	750	30	65	379	309	500	467	2000	8500	5000	12000	7000	10000	8000	9115	4500
	# checklists reporting species - (Tundra Swan)	1413	819	666	861	537	503	766	1636	2156	4234	4075	3337	1485	683	368	437	240	137	118	78	21	34	25	53	15	45	5	19	9	36	6	11	11	20	43	41	102	230	471	1039	1229	1363	1062	1179	1132	770	911	1048
	
Totals
	Tundra Swan	122779	66806	37429	88592	46485	41950	57059	172871	359201	898063	781241	477363	63391	11849	3983	5790	2562	310	148	106	82	48	45	76	25	81	21	39	12	75	6	12	821	119	297	633	1571	2578	5089	17413	46488	69954	78625	103208	155043	74896	95674	94320
	# checklists reporting species - (Tundra Swan)	1375	789	616	826	510	490	723	1575	2097	4065	3872	3128	1420	662	352	411	231	129	109	76	19	32	23	51	15	41	5	19	9	36	6	11	11	20	43	39	97	228	462	1016	1193	1317	1003	1138	1070	738	879	1015
	
Average Count
	Tundra Swan	89.29381818181818	84.67173637515843	60.76136363636363	107.2542372881356	91.1470588235294	85.61224489795919	78.91977869986168	109.75936507936508	171.29279923700526	220.92570725707256	201.76678719008265	152.6096547314578	44.641549295774645	17.8987915407855	11.315340909090908	14.087591240875913	11.090909090909092	2.4031007751937983	1.3577981651376148	1.394736842105263	4.315789473684211	1.5	1.9565217391304348	1.4901960784313726	1.6666666666666667	1.975609756097561	4.2	2.0526315789473686	1.3333333333333333	2.0833333333333335	1.0	1.0909090909090908	74.63636363636364	5.95	6.906976744186046	16.23076923076923	16.195876288659793	11.307017543859649	11.015151515151516	17.138779527559056	38.967309304274934	53.11617312072893	78.38983050847457	90.69244288224957	144.9	101.48509485094851	108.84414106939704	92.92610837438424
	# checklists reporting species - (Tundra Swan)	1375	789	616	826	510	490	723	1575	2097	4065	3872	3128	1420	662	352	411	231	129	109	76	19	32	23	51	15	41	5	19	9	36	6	11	11	20	43	39	97	228	462	1016	1193	1317	1003	1138	1070	738	879	1015
	
