

	Week starting on...	1/1	1/8	1/15	1/22	2/1	2/8	2/15	2/22	3/1	3/8	3/15	3/22	4/1	4/8	4/15	4/22	5/1	5/8	5/15	5/22	6/1	6/8	6/15	6/22	7/1	7/8	7/15	7/22	8/1	8/8	8/15	8/22	9/1	9/8	9/15	9/22	10/1	10/8	10/15	10/22	11/1	11/8	11/15	11/22	12/1	12/8	12/15	12/22
Frequency (%)
	American Robin	8.037130407199026	8.307296014501395	8.586843300125532	9.363195848754245	10.043101066475106	8.007052645700377	8.697814457377886	13.510291470001459	17.301693939248526	30.524021059559065	43.9047495217044	53.23379815211534	59.45836843583263	63.81612643594059	64.20219333284916	66.76749027772321	68.9929417695992	68.51139733135656	68.25827176357213	65.24511315286428	61.68464201854579	60.34170440510498	58.65852617197507	58.93487147897183	58.43682643949503	61.40433871730756	61.78536004760961	58.065156369616375	52.99030071527544	46.17135362419474	41.26657605701062	35.23984798871866	32.639330848258936	30.44675642594859	32.6322188449848	35.85595994608126	39.10172903837044	41.44169611307421	41.02781906986621	38.22575306190003	30.607753512781443	23.03299295446786	17.830340391316003	13.2922149122807	10.42172802591416	9.93566833452466	12.52337633522457	9.450145835583882
	Total # checklists submitted - (American Robin)	59897	41927	37441	52418	36194	52179	74398	41102	41678	48624	53837	76087	56976	54668	55076	76371	79340	86336	77825	81085	50254	48580	46844	53571	38972	29594	25205	35269	26703	25923	27223	41839	32997	32680	32900	41544	33776	35375	32963	45315	35442	32219	29848	36480	32106	27980	31549	46285
	
Abundance
	American Robin	0.6907357630599196	0.6873375152049992	0.6787211880024572	0.8553359532984852	0.9137978670497873	0.6971770252400391	0.6150434151455685	0.7624689796116977	0.882336004606747	1.546232313260941	2.6153946170849043	4.01775598985372	4.676074136478517	4.398898807346162	4.113715592998766	4.161658221052494	4.114255104613058	3.937025111193477	3.508615483456473	2.897934266510452	2.5192024515461457	2.380197612186085	2.220732644522244	2.1399637863769576	2.211382531047932	2.477900925863351	2.563221583019242	2.431115143610536	2.153278657828708	1.8278748601627899	1.602762370054733	1.4312722579411554	1.3879443585780527	1.2981946144430845	1.5515197568389059	2.0342287694974	2.934243249644718	3.611081272084806	5.156721172223402	5.954253558424363	4.047542463743581	1.9495949594959496	1.2716094880729027	0.9849232456140351	0.8184451504391702	0.7838098641887062	1.7474404893974453	0.9224802851895862
	Total # checklists submitted - (American Robin)	59897	41927	37441	52418	36194	52179	74398	41102	41678	48624	53837	76087	56976	54668	55076	76371	79340	86336	77825	81085	50254	48580	46844	53571	38972	29594	25205	35269	26703	25923	27223	41839	32997	32680	32900	41544	33776	35375	32963	45315	35442	32219	29848	36480	32106	27980	31549	46285
	
Birds Per Party Hour
	American Robin	16.494795021328045	18.0755858331921	18.256699239348038	18.728025308880632	21.713707021842975	24.807888483133734	14.446438287387469	14.002933329510899	11.314535662644248	10.177992497518403	11.466965050595986	13.21468882550065	13.127127203324857	11.970573985513722	11.01576847299748	9.834378173676429	8.23314658657953	7.368308625296159	6.707044648937133	7.690039569468021	9.701918331917419	10.657289324471595	11.0610905385139	11.245376122121694	9.86969356262931	8.703587349599294	6.74656297033737	6.564352458890536	5.835410624453574	5.610547168974372	5.023869559419357	5.23353916519711	4.7882828162807805	5.059278037952085	5.998978645284645	7.12631426112793	10.066146906899204	10.82708379615113	15.453434455029301	19.2427688462445	15.582627340822905	11.42229181985054	10.773653046829406	12.444163744279017	14.086593458688384	13.039583564532354	14.146589431609716	15.215831513651434
	# checklists reporting species - (American Robin)	4892	3584	3319	5105	3776	4356	6649	5766	7458	15065	23601	40346	33145	33700	34072	49619	52216	55949	50416	51241	30554	28802	27203	31290	22563	17840	15280	20212	13931	11839	11154	14575	10590	9843	10660	14821	13118	14586	13546	17349	10915	7555	5372	4917	3391	2843	4016	4443
	
High Count
	American Robin	340	350	736	600	450	796	380	400	300	1000	2720	5850	18050	1750	420	600	220	250	500	200	157	121	106	100	94	95	125	125	125	300	140	490	550	404	300	400	650	950	1126	10000	4500	2000	450	500	1375	500	5359	1194
	# checklists reporting species - (American Robin)	5314	3864	3576	5453	4054	4617	7098	6167	7901	16121	25506	43635	36529	37430	38045	54542	58424	63400	56816	56668	33266	31242	29455	33953	24691	19606	16919	22213	15357	12919	12094	15689	11425	10560	11376	15882	14144	15650	14433	18534	11574	7958	5674	5218	3650	3005	4267	4751
	
Totals
	American Robin	44940	32174	28229	50392	37637	39941	50646	35627	40433	80477	149476	320694	280579	251928	237295	330010	338610	353163	283781	245141	132323	120319	108663	120359	90629	76787	67693	89996	60300	49843	45542	62323	47586	44420	53236	88145	102858	132491	177930	287130	151047	66286	39945	38830	28241	24150	58945	47965
	# checklists reporting species - (American Robin)	5152	3779	3501	5331	3968	4553	6970	6054	7747	15726	24521	41855	34648	35206	35619	51195	53759	57447	51796	52725	31487	29725	28083	32353	23430	18585	15965	21088	14534	12307	11548	15062	10946	10171	10984	15325	13595	15082	13982	17956	11258	7781	5552	5088	3568	2953	4205	4638
	
Average Count
	American Robin	8.722826086956522	8.513892564170416	8.063124821479578	9.452635528043519	9.485131048387096	8.772457720184494	7.266284074605452	5.8848695077634625	5.219181618691106	5.11744881088643	6.0958362220137845	7.662023653088042	8.097985453705842	7.155825711526444	6.662034307532497	6.44613731809747	6.298666269833888	6.147631730116455	5.478820758359719	4.649426268373637	4.202464509162511	4.047737594617326	3.869351565003739	3.7201805087627116	3.868075117370892	4.13166532149583	4.240087691825869	4.267640364188164	4.148892252648961	4.049971560900301	3.943713197090405	4.137763909175408	4.347341494609903	4.367318847704257	4.846686088856519	5.751712887438825	7.565869805075395	8.78471025062989	12.72564726076384	15.990755179327245	13.416859122401847	8.518956432335175	7.194704610951009	7.631682389937107	7.915078475336323	8.178123941754148	14.01783590963139	10.341742130228546
	# checklists reporting species - (American Robin)	5152	3779	3501	5331	3968	4553	6970	6054	7747	15726	24521	41855	34648	35206	35619	51195	53759	57447	51796	52725	31487	29725	28083	32353	23430	18585	15965	21088	14534	12307	11548	15062	10946	10171	10984	15325	13595	15082	13982	17956	11258	7781	5552	5088	3568	2953	4205	4638
	
