

	Week starting on...	1/1	1/8	1/15	1/22	2/1	2/8	2/15	2/22	3/1	3/8	3/15	3/22	4/1	4/8	4/15	4/22	5/1	5/8	5/15	5/22	6/1	6/8	6/15	6/22	7/1	7/8	7/15	7/22	8/1	8/8	8/15	8/22	9/1	9/8	9/15	9/22	10/1	10/8	10/15	10/22	11/1	11/8	11/15	11/22	12/1	12/8	12/15	12/22
Frequency (%)
	Herring Gull	16.99250379818689	15.276552102463805	13.340989823989743	12.119882483116488	10.941039951373156	7.267291439084689	6.6628135164923785	12.337599143593986	13.206007965833294	16.329384666008558	15.16614967401601	14.430848896657775	13.790016849199663	13.073461622887248	12.978429806086137	12.919825588246848	12.524577766574238	12.978363602668644	11.894635399935753	11.006967996546834	7.708839097385282	6.455331412103746	6.214243019383486	5.986447891583133	6.548291080775942	8.25505169966885	9.545725054552669	10.697779920043098	12.463019136426619	14.04929984955445	15.013040443742423	16.307751141279667	17.871321635300177	18.133414932680537	17.80243161094225	17.91835162719045	16.99727617243013	17.69611307420495	18.59660831841762	20.033101621979476	21.262908413746402	21.173841522083244	21.56258375770571	23.078399122807017	24.166822400797358	21.46890636168692	18.840533772861264	17.057361996327103
	Total # checklists submitted - (Herring Gull)	59897	41927	37441	52418	36194	52179	74398	41102	41678	48624	53837	76087	56976	54668	55076	76371	79340	86336	77825	81085	50254	48580	46844	53571	38972	29594	25205	35269	26703	25923	27223	41839	32997	32680	32900	41544	33776	35375	32963	45315	35442	32219	29848	36480	32106	27980	31549	46285
	
Abundance
	Herring Gull	8.439287443444579	7.819591194218523	7.51058999492535	6.392803998626426	5.774354865447312	3.2955403514823973	2.7068200758084893	4.029828232202813	3.331733768414991	3.293414774596907	3.018741757527351	2.044488546006545	1.6696152766076944	1.6473622594570865	1.6071791706006247	1.3147398881774495	1.2437736324678599	1.1149578391401038	1.2240154192097654	1.2924585311709933	0.8109006248258845	0.5007204610951008	0.685317223123559	0.5444923559388475	0.7132556707379657	0.8376360072987767	0.820749851219996	1.0831892029827894	1.2534921169906004	1.5884735563013541	2.4661866803805608	2.6820908721527763	3.135042579628451	3.3823133414932682	3.776261398176292	3.6688089736183325	4.11371980104216	4.615180212014134	5.076328004125838	4.722476001324065	6.564189379831838	6.717216549241131	8.96066738139909	12.126425438596492	17.57571793434249	12.661722659042173	11.034390947415131	11.910251701415145
	Total # checklists submitted - (Herring Gull)	59897	41927	37441	52418	36194	52179	74398	41102	41678	48624	53837	76087	56976	54668	55076	76371	79340	86336	77825	81085	50254	48580	46844	53571	38972	29594	25205	35269	26703	25923	27223	41839	32997	32680	32900	41544	33776	35375	32963	45315	35442	32219	29848	36480	32106	27980	31549	46285
	
Birds Per Party Hour
	Herring Gull	127.20191853479675	139.18127498061492	138.11970229001736	129.23337178648956	125.13427671202598	107.21718220209743	95.40325486133051	100.33904841294466	63.74627193927937	53.73266927717387	48.77798353554862	41.7851670173673	30.982566875080177	27.758805876806832	28.920261533892266	21.689656599751164	16.05133848093205	15.469833319509343	16.447579432955063	20.335475407628866	17.685034914727694	15.970932297176658	24.13071342425883	19.774569655023914	22.472503620224078	19.849748598181993	16.296424839867292	16.75768634405303	15.080776654954425	20.797462227352014	22.23277377847354	23.89704919861036	23.268189003127986	27.194389208037848	34.819228272391655	43.03347772010651	46.35671326700535	49.880718710084686	46.17689733264078	55.4313455065927	63.82452787243692	64.69958146735131	90.10134016533586	110.98358451420101	161.10545247388308	128.83153408601396	103.51418700310555	132.46921755787685
	# checklists reporting species - (Herring Gull)	9769	6059	4663	5848	3682	3569	4644	4886	5244	7560	7756	10368	7439	6739	6711	9307	9046	9917	8333	8268	3752	3044	2864	3119	2529	2373	2417	3736	3274	3598	3935	6513	5590	5512	5505	6954	5416	5932	5805	8566	7094	6479	6033	7802	7079	5627	5729	7614
	
High Count
	Herring Gull	4000	8000	10000	5000	8000	5000	5000	5000	3000	3000	5600	1253	2000	2000	1100	2000	2800	800	2000	5650	700	800	4500	5900	4500	1000	500	850	1000	2000	4000	6000	3000	3000	6000	3000	5000	6000	5000	20000	3000	10000	6000	5000	12000	4200	8288	35000
	# checklists reporting species - (Herring Gull)	10881	6775	5331	6704	4203	4006	5223	5404	5806	8414	8654	11646	8382	7628	7598	10550	10583	12142	9911	9693	4245	3455	3227	3557	2903	2728	2708	4226	3717	4044	4494	7470	6395	6331	6323	7980	6119	6672	6511	9658	7977	7220	6805	8896	8317	6331	6295	8433
	
Totals
	Herring Gull	528807	362061	305450	354994	216359	182301	212050	173294	144939	167820	169511	167305	101931	99318	95011	109917	104060	102892	102779	112997	43829	26798	34995	31059	30314	26226	23066	42777	36289	45339	71416	129177	108508	117762	131151	169034	148327	187267	174309	224839	246364	227065	296761	481532	615528	374405	371982	599593
	# checklists reporting species - (Herring Gull)	10090	6237	4858	6111	3823	3721	4811	5090	5422	7813	7998	10731	7706	6960	6948	9534	9302	10208	8571	8507	3873	3164	2974	3276	2664	2503	2524	3916	3415	3750	4130	6793	5760	5672	5694	7144	5592	6112	5985	8815	7284	6640	6199	8039	7319	5811	5929	7884
	
Average Count
	Herring Gull	52.40901883052527	58.05050505050505	62.87566899958831	58.09098347242677	56.59403609730578	48.992475141091106	44.07607565994596	34.04597249508841	26.731648838067134	21.479585306540383	21.194173543385848	15.590811667132607	13.227485076563717	14.269827586206896	13.674582613701785	11.528949024543738	11.18684153945388	10.079545454545455	11.991482907478707	13.282825908075703	11.316550477665892	8.469658659924146	11.766980497646268	9.48076923076923	11.37912912912913	10.477826608070316	9.138668779714738	10.92364657814096	10.626354319180088	12.0904	17.292009685230024	19.016193139997057	18.838194444444444	20.761988716502117	23.033192834562698	23.66097424412094	26.52485693848355	30.639234293193716	29.124310776942355	25.50640952921157	33.8226249313564	34.19653614457831	47.872398773995805	59.89948998631671	84.10001366306872	64.43039063844434	62.739416427728116	76.05187721968544
	# checklists reporting species - (Herring Gull)	10090	6237	4858	6111	3823	3721	4811	5090	5422	7813	7998	10731	7706	6960	6948	9534	9302	10208	8571	8507	3873	3164	2974	3276	2664	2503	2524	3916	3415	3750	4130	6793	5760	5672	5694	7144	5592	6112	5985	8815	7284	6640	6199	8039	7319	5811	5929	7884
	
