

	Week starting on...	1/1	1/8	1/15	1/22	2/1	2/8	2/15	2/22	3/1	3/8	3/15	3/22	4/1	4/8	4/15	4/22	5/1	5/8	5/15	5/22	6/1	6/8	6/15	6/22	7/1	7/8	7/15	7/22	8/1	8/8	8/15	8/22	9/1	9/8	9/15	9/22	10/1	10/8	10/15	10/22	11/1	11/8	11/15	11/22	12/1	12/8	12/15	12/22
Frequency (%)
	Canvasback	1.878224285022622	1.7768979416605053	1.6505969391843167	1.964973863939868	1.9616511023926617	1.427777458364476	1.1425038307481383	2.279694418763077	2.320168914055377	2.809312273774268	2.8586288240429445	2.1015416562619107	1.5883880932322383	1.1286310089997804	0.9023894255210982	0.7083840724882482	0.5886059994958407	0.4656226834692365	0.4959845807902345	0.4415119935869767	0.1790902216738966	0.1729106628242075	0.09179403979164888	0.04666704000298669	0.05901672995997126	0.09461377306210719	0.11505653640150765	0.10207264169667413	0.10485713215743549	0.10801218994715119	0.13591448407596518	0.1768684719998088	0.284874382519623	0.208078335373317	0.331306990881459	0.3610629693818602	0.4825911890099479	0.7462897526501767	1.128538057822407	1.2711022840119166	1.244286439817166	1.2880598404668053	1.1089520235861698	1.143092105263158	1.429639319753317	1.472480343102216	1.2615296839836445	1.3892189694285406
	Total # checklists submitted - (Canvasback)	59897	41927	37441	52418	36194	52179	74398	41102	41678	48624	53837	76087	56976	54668	55076	76371	79340	86336	77825	81085	50254	48580	46844	53571	38972	29594	25205	35269	26703	25923	27223	41839	32997	32680	32900	41544	33776	35375	32963	45315	35442	32219	29848	36480	32106	27980	31549	46285
	
Abundance
	Canvasback	1.3319031003222197	2.349798459226751	1.6465372185571967	2.977660345682781	3.06542520859811	2.3532647233561392	1.0065189924460336	5.9074740888521236	2.8535918230241375	3.879462816716025	2.3342868287608893	1.0169411331764953	0.7256564167368716	0.3523633569912929	0.07680296317815383	0.02453811001558183	0.019271489790773883	0.013632783543365456	0.0144041117892708	0.014490966269963618	0.005730887093564691	0.0046932894195142036	0.0030740329604645204	0.0012320098560788487	0.0016935235553730884	0.001993647360951544	0.002578853402102757	0.0028637046698233577	0.001610305958132045	0.0024302742738109015	0.0024611541711053154	0.002676928224861971	0.005212595084401612	0.006303549571603427	0.011094224924012158	0.017619872905834777	0.02848176219801042	0.12689752650176678	0.7948912416952341	0.6357056162418625	1.1466621522487443	1.379962134144449	0.6784374162422943	1.2724506578947368	1.261446458605868	0.6964617583988564	1.6574217883292657	1.503186777573728
	Total # checklists submitted - (Canvasback)	59897	41927	37441	52418	36194	52179	74398	41102	41678	48624	53837	76087	56976	54668	55076	76371	79340	86336	77825	81085	50254	48580	46844	53571	38972	29594	25205	35269	26703	25923	27223	41839	32997	32680	32900	41544	33776	35375	32963	45315	35442	32219	29848	36480	32106	27980	31549	46285
	
Birds Per Party Hour
	Canvasback	274.7470746132932	428.5850007474132	247.16601360615746	602.5854812644741	368.42146176448443	570.3366758590286	313.9189493277273	913.9847003316379	443.5347365453017	343.4377051482058	184.43386754423122	92.04079414941454	115.9277862051982	84.64995258072274	13.486549035080584	2.939493876738924	2.1057205159904955	2.5964052345610407	1.4588721331521728	2.593495251288758	1.862032395715085	1.9115603337018832	2.7535806091375865	2.9466925313773227	2.185366700946853	5.761318092172603	4.548123914121951	1.8576233335454262	2.1936262862302853	2.2900438393563562	1.7965815278824064	1.1404316993833978	1.4220750127083284	2.2507721849794855	1.8816649288429992	2.679526324172876	3.2259158501641214	18.979188432314142	65.14814661138284	56.708622566217265	142.21647498206167	107.45813291651416	37.69402534771408	104.86533875677982	212.88987122232282	107.45831746572104	173.91369477962016	198.9346031957995
	# checklists reporting species - (Canvasback)	1100	738	608	999	685	738	820	942	959	1313	1452	1501	873	605	483	543	447	399	397	375	97	91	55	39	26	32	31	38	27	32	45	84	95	72	112	156	164	264	374	600	459	418	328	410	462	409	381	632
	
High Count
	Canvasback	7000	8000	5800	15925	25000	5000	3000	25000	6000	7500	5000	5000	12000	12000	550	60	120	20	10	14	12	10	13	8	7	8	7	7	10	6	9	6	6	18	15	29	80	1000	5000	9000	7800	8113	10000	8000	9100	2000	9000	11000
	# checklists reporting species - (Canvasback)	1240	818	679	1107	772	795	914	1031	1064	1484	1686	1753	1005	684	557	612	503	435	432	404	106	101	62	42	32	32	35	41	34	34	46	85	102	79	125	165	179	289	404	645	501	461	369	461	518	457	429	710
	
Totals
	Canvasback	87392	102813	66422	165502	117518	127354	79162	264718	128468	198253	133971	82072	42678	32803	4456	2055	1589	1246	1202	1266	313	265	199	95	85	63	72	108	59	73	81	124	181	222	402	776	1053	4613	26499	33393	56599	45590	21856	46875	45681	19863	52576	77293
	# checklists reporting species - (Canvasback)	1135	762	617	1019	698	747	840	964	995	1358	1523	1599	920	645	527	582	467	417	417	386	103	99	62	42	31	32	33	41	34	34	46	85	100	78	122	161	176	280	391	618	485	432	338	430	480	428	396	663
	
Average Count
	Canvasback	76.99735682819383	134.9251968503937	107.65316045380875	162.41609421000982	168.36389684813753	170.4872824631861	94.24047619047619	274.603734439834	129.11356783919598	145.98895434462446	87.96520026263953	51.3270794246404	46.38913043478261	50.85736434108527	8.455407969639468	3.5309278350515463	3.4025695931477515	2.988009592326139	2.882494004796163	3.2797927461139897	3.0388349514563107	2.676767676767677	3.2096774193548385	2.261904761904762	2.7419354838709675	1.96875	2.1818181818181817	2.6341463414634148	1.7352941176470589	2.1470588235294117	1.7608695652173914	1.4588235294117646	1.81	2.8461538461538463	3.2950819672131146	4.819875776397516	5.982954545454546	16.475	67.77237851662404	54.03398058252427	116.69896907216494	105.5324074074074	64.66272189349112	109.01162790697674	95.16875	46.4088785046729	132.76767676767676	116.58069381598793
	# checklists reporting species - (Canvasback)	1135	762	617	1019	698	747	840	964	995	1358	1523	1599	920	645	527	582	467	417	417	386	103	99	62	42	31	32	33	41	34	34	46	85	100	78	122	161	176	280	391	618	485	432	338	430	480	428	396	663
	
