

	Week starting on...	1/1	1/8	1/15	1/22	2/1	2/8	2/15	2/22	3/1	3/8	3/15	3/22	4/1	4/8	4/15	4/22	5/1	5/8	5/15	5/22	6/1	6/8	6/15	6/22	7/1	7/8	7/15	7/22	8/1	8/8	8/15	8/22	9/1	9/8	9/15	9/22	10/1	10/8	10/15	10/22	11/1	11/8	11/15	11/22	12/1	12/8	12/15	12/22
Frequency (%)
	Merlin	0.9599813012337847	0.9087223030505402	0.852007157928474	0.8107901865771299	0.815052218599768	0.6266888978324613	0.5201752735288583	0.8710038440951778	0.9285474350976535	1.3511846001974332	1.5101138622137193	1.8846846373230646	2.460685200786296	3.0346820809248554	3.1629021715447743	3.363842296159537	2.9405092009074867	2.3976093402520386	2.4812078380982974	1.9732379601652588	1.454610578262427	1.340057636887608	1.3128682435317223	1.5157454592970077	1.973211536487735	2.4633371629384335	3.3485419559611187	3.8419008194164848	4.576264839156649	4.548084712417545	4.7937405870036365	5.73866488204785	7.4734066733339395	8.320073439412484	7.74468085106383	6.95888696321972	5.942089057318807	5.12791519434629	4.444377028789855	3.193203133620214	2.3108176739461657	1.8188025699121635	1.3501742160278747	1.2033991228070176	0.897028592786395	1.0257326661901358	1.3439411708770483	1.125634654855785
	Total # checklists submitted - (Merlin)	59897	41927	37441	52418	36194	52179	74398	41102	41678	48624	53837	76087	56976	54668	55076	76371	79340	86336	77825	81085	50254	48580	46844	53571	38972	29594	25205	35269	26703	25923	27223	41839	32997	32680	32900	41544	33776	35375	32963	45315	35442	32219	29848	36480	32106	27980	31549	46285
	
Abundance
	Merlin	0.009816852263051571	0.009182626946836168	0.008760449774311584	0.008184211530390324	0.008288666629828148	0.006401042565016578	0.00530928250759429	0.009050654469368887	0.009669369931378666	0.014766370516617309	0.016940022660995226	0.02100227371298645	0.02808199943836001	0.03566986171068998	0.03702157019391387	0.038967670974584596	0.03340055457524578	0.026338954781319496	0.027035014455509154	0.02133563544428686	0.015819636247860865	0.014882667764512145	0.014921868328921527	0.017770808833137332	0.023760648670840604	0.03176319524227884	0.04570521721880579	0.05435368170347898	0.062165299779051046	0.05678355128650234	0.06009624214818352	0.0716556323047874	0.09325090159711488	0.11089351285189719	0.10483282674772036	0.09353937993452725	0.07697773567029843	0.0636042402826855	0.05827746260959257	0.03864062672404281	0.024857513684329327	0.019739905024985255	0.014238809970517288	0.012198464912280702	0.0092506073631097	0.01065046461758399	0.0139465593204222	0.01158042562385222
	Total # checklists submitted - (Merlin)	59897	41927	37441	52418	36194	52179	74398	41102	41678	48624	53837	76087	56976	54668	55076	76371	79340	86336	77825	81085	50254	48580	46844	53571	38972	29594	25205	35269	26703	25923	27223	41839	32997	32680	32900	41544	33776	35375	32963	45315	35442	32219	29848	36480	32106	27980	31549	46285
	
Birds Per Party Hour
	Merlin	3.9938338457071016	4.034338661067553	3.346551780507766	3.021090949860701	3.3375158844843673	3.0516876477572166	2.4694894198687947	3.6504684914893137	2.8584950774804723	3.4654117303814203	3.4120097528474203	2.945010543332436	2.6752073092046524	2.5279947724645586	2.652530154252764	2.0366365669186703	1.7293295205654255	1.6152271095979887	1.4500127428441372	1.6873147866512523	2.417940662409789	3.108856672734075	2.702213253824416	3.3039528214827	2.8865032366830223	3.749184167871479	2.987945777408262	2.8348341313004837	2.2662793709706053	1.756067568541663	1.7797621743870187	1.447744411585231	1.2956860925667704	1.3710338602083714	1.3034635321832866	1.3145133223156948	1.4900967887697887	1.4087744939621574	1.2374266700389314	1.5044562038444194	1.4152418315785542	1.986043875509362	2.4936687574224234	2.3872080188214198	2.6400616035020414	3.263435499594154	2.8499604557847444	2.1578367285100337
	# checklists reporting species - (Merlin)	721	494	401	554	374	419	468	469	463	781	979	1716	1632	1857	1912	2819	2489	2217	2030	1713	784	715	693	910	856	824	979	1584	1373	1271	1419	2539	2683	2929	2759	3153	2175	1973	1620	1630	932	665	460	534	375	351	518	646
	
High Count
	Merlin	4	2	4	2	3	2	3	3	15	15	6	5	15	11	6	12	6	7	5	5	2	4	5	7	7	7	6	6	7	7	13	9	9	16	19	24	36	15	16	11	10	3	2	3	3	4	4	3
	# checklists reporting species - (Merlin)	827	563	460	634	460	477	536	534	536	881	1086	1932	1839	2094	2199	3095	2752	2436	2252	1939	885	822	815	1055	1012	988	1132	1807	1545	1426	1571	2814	2942	3223	3048	3431	2381	2134	1748	1766	1032	739	524	597	429	399	573	730
	
Totals
	Merlin	844	564	468	639	468	483	545	558	576	995	1207	2142	2175	2472	2558	3584	3132	2667	2456	2106	955	911	917	1225	1232	1267	1537	2613	2082	1766	1924	3458	3639	4370	4153	4657	3041	2670	2288	2138	1125	799	543	605	439	410	590	748
	# checklists reporting species - (Merlin)	819	558	458	627	456	473	531	528	534	874	1079	1905	1817	2063	2147	3041	2670	2352	2165	1858	846	793	780	1026	976	957	1085	1750	1495	1391	1529	2734	2890	3139	2980	3362	2335	2103	1731	1753	1018	729	516	595	428	396	568	724
	
Average Count
	Merlin	1.0305250305250304	1.010752688172043	1.0218340611353711	1.0191387559808613	1.0263157894736843	1.0211416490486258	1.0263653483992468	1.0568181818181819	1.0786516853932584	1.1384439359267735	1.118628359592215	1.1244094488188976	1.1970280682443588	1.1982549684924866	1.191429902189101	1.1785596843143702	1.1730337078651685	1.1339285714285714	1.1344110854503464	1.1334768568353069	1.1288416075650118	1.1488020176544766	1.1756410256410257	1.1939571150097466	1.2622950819672132	1.3239289446185998	1.416589861751152	1.493142857142857	1.3926421404682274	1.269590222861251	1.2583387835186397	1.2648134601316752	1.2591695501730105	1.3921631092704683	1.3936241610738256	1.3851873884592505	1.302355460385439	1.2696148359486448	1.321779318313114	1.219623502567028	1.1051080550098231	1.0960219478737998	1.052325581395349	1.0168067226890756	1.0257009345794392	1.0353535353535352	1.0387323943661972	1.0331491712707181
	# checklists reporting species - (Merlin)	819	558	458	627	456	473	531	528	534	874	1079	1905	1817	2063	2147	3041	2670	2352	2165	1858	846	793	780	1026	976	957	1085	1750	1495	1391	1529	2734	2890	3139	2980	3362	2335	2103	1731	1753	1018	729	516	595	428	396	568	724
	
