

	Week starting on...	1/1	1/8	1/15	1/22	2/1	2/8	2/15	2/22	3/1	3/8	3/15	3/22	4/1	4/8	4/15	4/22	5/1	5/8	5/15	5/22	6/1	6/8	6/15	6/22	7/1	7/8	7/15	7/22	8/1	8/8	8/15	8/22	9/1	9/8	9/15	9/22	10/1	10/8	10/15	10/22	11/1	11/8	11/15	11/22	12/1	12/8	12/15	12/22
Frequency (%)
	Northern Hawk Owl	0.2621166335542682	0.15741646194576286	0.18428994952057906	0.2594528597046816	0.16301044371995357	0.17248318288966827	0.15591816984327536	0.18490584399785898	0.11516867412063919	0.06375452451464297	0.06686851050392853	0.014457134595923087	0.014040999719180006	0.005487671032413844	0.003631345776744862	0.006546987730944992	0.003781194857574994	0.0	0.0	0.006166368625516433	0.009949456759660922	0.014409221902017292	0.010673725557168473	0.005600044800358403	0.03848917171302474	0.033790633236466854	0.0	0.005670702316481897	0.0037448975770512675	0.0038575782123982565	0.0	0.007170343459451708	0.0	0.0	0.00303951367781155	0.0024070864625457345	0.008882046423495974	0.005653710247349823	0.0	0.006620324395895399	0.014107556006997347	0.07138644898972656	0.02345215759849906	0.06853070175438596	0.11835793932598268	0.2894924946390279	0.3423246378649086	0.27654747758453063
	Total # checklists submitted - (Northern Hawk Owl)	59897	41927	37441	52418	36194	52179	74398	41102	41678	48624	53837	76087	56976	54668	55076	76371	79340	86336	77825	81085	50254	48580	46844	53571	38972	29594	25205	35269	26703	25923	27223	41839	32997	32680	32900	41544	33776	35375	32963	45315	35442	32219	29848	36480	32106	27980	31549	46285
	
Abundance
	Northern Hawk Owl	0.002571080354608745	0.0015741646194576287	0.0018428994952057905	0.002594528597046816	0.0016301044371995357	0.0017248318288966826	0.0015591816984327537	0.0018733881562940976	0.001151686741206392	6.169792694965449E-4	7.24408863792559E-4	1.5771419559188824E-4	1.4040999719180006E-4	5.487671032413844E-5	3.631345776744862E-5	6.546987730944992E-5	3.781194857574994E-5	0.0	0.0	6.166368625516433E-5	1.1939348111593107E-4	2.675998353231783E-4	2.561694133720434E-4	7.46672640047787E-5	5.131889561736632E-4	6.082313982564033E-4	0.0	8.506053474722845E-5	3.7448975770512674E-5	3.8575782123982566E-5	0.0	7.170343459451707E-5	0.0	0.0	3.0395136778115502E-5	2.4070864625457346E-5	8.882046423495974E-5	5.653710247349823E-5	0.0	1.5447423590422596E-4	2.5393600812595224E-4	7.138644898972656E-4	2.3452157598499062E-4	7.401315789473684E-4	0.0011835793932598268	0.0028949249463902788	0.0034232463786490856	0.0027870800475315975
	Total # checklists submitted - (Northern Hawk Owl)	59897	41927	37441	52418	36194	52179	74398	41102	41678	48624	53837	76087	56976	54668	55076	76371	79340	86336	77825	81085	50254	48580	46844	53571	38972	29594	25205	35269	26703	25923	27223	41839	32997	32680	32900	41544	33776	35375	32963	45315	35442	32219	29848	36480	32106	27980	31549	46285
	
Birds Per Party Hour
	Northern Hawk Owl	4.197767963430841	3.83221955184944	5.768460860467189	3.8485975416795606	3.1353669664860493	4.761881690399071	3.0722466626344844	4.0657842167348655	3.7354411489844552	4.882730974836812	8.655802871611401	5.806108643440341	8.470316367766072	0.9583333333333334	10.600240096038416	5.355127686037071	12.048192771084338	0.0	0.0	1.1203147811287464	2.230426463623383	13.811960135624465	12.464859437751004	18.072289156626507	15.723754188151908	19.715224534501644	0.0	5.9523809523809526	0.46146746654360865	0.0	0.0	0.3024232245681382	0.0	0.0	0.0	0.0	1.0763888888888888	0.2953846153846154	0.0	1.6636726546906189	1.2395744225834047	1.9888760983014835	1.5147116636260738	2.3236173065118715	2.68717965208806	2.714315604705102	3.2913495429261292	4.4778003110999665
	# checklists reporting species - (Northern Hawk Owl)	205	94	97	203	98	137	157	109	70	35	39	12	9	4	2	5	1	0.0	0.0	5	8	10	4	2	16	11	0	2	1	0	0	2	0.0	1	1	3	4	5	3	4	8	27	8	38	63	122	159	176
	
High Count
	Northern Hawk Owl	1	1	1	2	1	1	2	2	1	1	3	2	3	2	1	1	1	0.0	0.0	1	2	4	5	2	3	3	1	2	1	1	1	1	0.0	1	2	1	1	1	3	4	3	1	1	3	1	1	1	2
	# checklists reporting species - (Northern Hawk Owl)	237	119	120	228	112	153	183	128	88	50	47	17	10	4	2	7	5	0.0	0.0	6	9	10	7	4	17	11	1	2	1	1	1	4	0.0	1	2	6	4	5	4	5	11	40	13	43	73	130	174	197
	
Totals
	Northern Hawk Owl	227	113	120	230	110	152	181	130	86	49	50	18	12	5	2	6	5	0.0	0.0	6	10	16	17	5	24	19	1	3	1	1	1	3	0.0	1	3	6	4	5	6	9	15	39	12	45	72	129	170	197
	# checklists reporting species - (Northern Hawk Owl)	227	113	120	228	110	152	180	128	86	49	47	17	10	4	2	6	5	0.0	0.0	6	9	10	7	4	16	11	1	2	1	1	1	3	0.0	1	2	6	4	5	4	5	11	39	12	43	72	129	170	195
	
Average Count
	Northern Hawk Owl	1.0	1.0	1.0	1.0087719298245614	1.0	1.0	1.0055555555555555	1.015625	1.0	1.0	1.0638297872340425	1.0588235294117647	1.2	1.25	1.0	1.0	1.0	0.0	0.0	1.0	1.1111111111111112	1.6	2.4285714285714284	1.25	1.5	1.7272727272727273	1.0	1.5	1.0	1.0	1.0	1.0	0.0	1.0	1.5	1.0	1.0	1.0	1.5	1.8	1.3636363636363635	1.0	1.0	1.0465116279069768	1.0	1.0	1.0	1.0102564102564102
	# checklists reporting species - (Northern Hawk Owl)	227	113	120	228	110	152	180	128	86	49	47	17	10	4	2	6	5	0.0	0.0	6	9	10	7	4	16	11	1	2	1	1	1	3	0.0	1	2	6	4	5	4	5	11	39	12	43	72	129	170	195
	
