

	Week starting on...	1/1	1/8	1/15	1/22	2/1	2/8	2/15	2/22	3/1	3/8	3/15	3/22	4/1	4/8	4/15	4/22	5/1	5/8	5/15	5/22	6/1	6/8	6/15	6/22	7/1	7/8	7/15	7/22	8/1	8/8	8/15	8/22	9/1	9/8	9/15	9/22	10/1	10/8	10/15	10/22	11/1	11/8	11/15	11/22	12/1	12/8	12/15	12/22
Frequency (%)
	Glaucous Gull	1.7580179307811743	1.9223889140649222	1.5891669560107902	1.4536991109924073	1.3151351052660663	0.8087544797715556	0.60216672491196	1.0145491703566736	0.94774221411776	0.8946199407699902	0.6593978119137397	0.5835425236899864	0.42122999157540014	0.2999926831052901	0.2977703536930787	0.2579513165992327	0.14620620115956642	0.0694959229058562	0.06039190491487312	0.061663686255164336	0.009949456759660922	0.006175380815150267	0.004269490222867389	0.0018666816001194674	0.0	0.003379063323646685	0.011902400317397342	0.01417675579120474	0.0037448975770512675	0.01928789106199128	0.0	0.0047802289729678045	0.0	0.0	0.00303951367781155	0.007221259387637203	0.014803410705826624	0.019787985865724382	0.027303340108606623	0.10151164073706279	0.20314880650076178	0.36003600360036003	0.8208255159474672	1.5323464912280702	1.856350837849623	1.81915654038599	1.7021141716060733	1.7284217349033164
	Total # checklists submitted - (Glaucous Gull)	59897	41927	37441	52418	36194	52179	74398	41102	41678	48624	53837	76087	56976	54668	55076	76371	79340	86336	77825	81085	50254	48580	46844	53571	38972	29594	25205	35269	26703	25923	27223	41839	32997	32680	32900	41544	33776	35375	32963	45315	35442	32219	29848	36480	32106	27980	31549	46285
	
Abundance
	Glaucous Gull	0.045027296859608996	0.048679848307773034	0.05216206832082476	0.04391621198824831	0.035420235398132285	0.02219283619847065	0.013965429178203715	0.025789499294438228	0.019626661548058928	0.01813919052319842	0.017070044764752865	0.013997134858780081	0.007125807357483853	0.0047925660349747564	0.004085263998837969	0.003168742061777376	0.0017897655659188303	7.2970719051149E-4	6.810150979762287E-4	6.289695998026762E-4	9.949456759660922E-5	6.175380815150267E-5	4.2694902228673894E-5	1.8666816001194675E-5	0.0	3.379063323646685E-5	1.1902400317397342E-4	1.417675579120474E-4	3.7448975770512674E-5	1.9287891061991281E-4	0.0	4.780228972967805E-5	0.0	0.0	3.0395136778115502E-5	7.221259387637204E-5	1.4803410705826624E-4	1.978798586572438E-4	2.730334010860662E-4	0.0016330133509875318	0.0025393600812595226	0.005804028678729942	0.014171803805950147	0.024150219298245613	0.02806329035071326	0.03334524660471765	0.04155440742971251	0.03914875229556012
	Total # checklists submitted - (Glaucous Gull)	59897	41927	37441	52418	36194	52179	74398	41102	41678	48624	53837	76087	56976	54668	55076	76371	79340	86336	77825	81085	50254	48580	46844	53571	38972	29594	25205	35269	26703	25923	27223	41839	32997	32680	32900	41544	33776	35375	32963	45315	35442	32219	29848	36480	32106	27980	31549	46285
	
Birds Per Party Hour
	Glaucous Gull	5.614501846516514	5.814810120887133	6.974459203577357	6.732879311617517	5.739395440204502	6.027819471319709	5.2149571417730085	4.574573226484898	4.302003195480887	5.031133093170191	5.233758939940152	5.232358188041138	3.8730769544108914	3.083382084221617	2.6840907409381263	1.8447725301336726	1.562367429940184	1.6455380143938094	2.864012798778468	1.4598130702155816	1.0034380774114404	0.4058911739502999	0.5717703349282297	0.6381620931716656	0.0	0.8484848484848485	0.1111111111111111	1.4934925221030975	3.554147465437788	4.108292908292908	0.0	1.9476792422548468	0.0	0.0	2.2222222222222223	2.7033424372480166	0.9295116516937714	1.7079734155076909	1.6175220742945873	1.3175437370031875	1.605880613624792	2.426414027502364	2.6428777076000243	3.4722993409930174	3.5047238007813806	4.0106500309128075	3.87006414166196	4.670451649332176
	# checklists reporting species - (Glaucous Gull)	1069	829	614	768	469	418	451	419	385	448	364	481	261	169	172	226	133	63	48	55	5	4	4	1	0.0	2	3	5	2	5	0.0	3	1	0.0	1	3	5	7	10	49	77	121	266	609	631	518	536	829
	
High Count
	Glaucous Gull	100	60	120	150	220	145	31	40	21	32	60	42	27	24	6	5	5	4	4	2	1	1	1	1	0.0	1	1	1	1	1	0.0	1	1	0.0	1	1	1	1	3	7	5	13	45	20	20	25	42	80
	# checklists reporting species - (Glaucous Gull)	1189	921	706	872	538	489	523	482	448	504	413	543	309	203	194	252	152	71	56	61	7	4	4	1	0.0	2	3	5	2	5	0.0	3	1	0.0	1	3	5	12	16	56	87	142	299	668	711	580	621	936
	
Totals
	Glaucous Gull	3041	2322	2259	2521	1424	1341	1227	1247	898	1004	1091	1340	520	311	258	318	179	72	63	61	7	4	4	1	0.0	2	3	5	2	5	0.0	3	1	0.0	1	3	5	7	15	81	105	217	496	1017	1050	1037	1454	2306
	# checklists reporting species - (Glaucous Gull)	1159	897	687	835	520	479	509	468	433	496	403	531	300	198	191	250	147	68	55	57	7	4	4	1	0.0	2	3	5	2	5	0.0	3	1	0.0	1	3	5	7	12	53	85	137	284	650	673	566	603	910
	
Average Count
	Glaucous Gull	2.62381363244176	2.588628762541806	3.2882096069868996	3.0191616766467066	2.7384615384615385	2.799582463465553	2.4106090373280944	2.6645299145299144	2.0739030023094687	2.024193548387097	2.707196029776675	2.5235404896421847	1.7333333333333334	1.5707070707070707	1.350785340314136	1.272	1.217687074829932	1.0588235294117647	1.1454545454545455	1.0701754385964912	1.0	1.0	1.0	1.0	0.0	1.0	1.0	1.0	1.0	1.0	0.0	1.0	1.0	0.0	1.0	1.0	1.0	1.0	1.25	1.528301886792453	1.2352941176470589	1.583941605839416	1.7464788732394365	1.5646153846153845	1.5601783060921248	1.832155477031802	2.4112769485903813	2.534065934065934
	# checklists reporting species - (Glaucous Gull)	1159	897	687	835	520	479	509	468	433	496	403	531	300	198	191	250	147	68	55	57	7	4	4	1	0.0	2	3	5	2	5	0.0	3	1	0.0	1	3	5	7	12	53	85	137	284	650	673	566	603	910
	
