

	Week starting on...	1/1	1/8	1/15	1/22	2/1	2/8	2/15	2/22	3/1	3/8	3/15	3/22	4/1	4/8	4/15	4/22	5/1	5/8	5/15	5/22	6/1	6/8	6/15	6/22	7/1	7/8	7/15	7/22	8/1	8/8	8/15	8/22	9/1	9/8	9/15	9/22	10/1	10/8	10/15	10/22	11/1	11/8	11/15	11/22	12/1	12/8	12/15	12/22
Frequency (%)
	Northern Shrike	2.0468470875002085	1.84606578100031	1.9630885927192114	1.854324850242283	1.8096922141791458	1.3396193871097568	1.1546009301325304	1.4524840640358134	1.3364364892749172	1.2750904902928595	1.1627690993183126	1.0382851209799309	0.7599691098006178	0.5085241823370162	0.26327256881400246	0.0798732503175289	0.01008318628686665	0.0	0.0	0.0012332737251032867	0.0	0.0	0.0021347451114336947	0.0018666816001194674	0.007697834342604948	0.016895316618233427	0.0198373338623289	0.05387167200657802	0.06366325880987155	0.05014851676117733	0.018366822172427726	0.009560457945935609	0.003030578537442798	0.0030599755201958386	0.0	0.007221259387637203	0.029606821411653248	0.1950530035335689	0.5703364378242272	1.0614586781418955	1.4276846679081316	1.2135696328253514	1.3568748324845887	1.537828947368421	1.6694698810191242	1.9120800571837027	2.370915084471774	2.32688776061359
	Total # checklists submitted - (Northern Shrike)	59897	41927	37441	52418	36194	52179	74398	41102	41678	48624	53837	76087	56976	54668	55076	76371	79340	86336	77825	81085	50254	48580	46844	53571	38972	29594	25205	35269	26703	25923	27223	41839	32997	32680	32900	41544	33776	35375	32963	45315	35442	32219	29848	36480	32106	27980	31549	46285
	
Abundance
	Northern Shrike	0.021136283954121243	0.01917618718248384	0.020458855265617904	0.019287267732458317	0.01870475769464552	0.01389447862166772	0.012056775719777413	0.015060094399299305	0.01334037141897404	0.013100526488976636	0.011850586028196221	0.010658851052085113	0.007792754844144903	0.0053047486646667155	0.002759822790326095	7.725445522515091E-4	1.008318628686665E-4	0.0	0.0	1.2332737251032867E-5	0.0	0.0	0.0	0.0	7.697834342604947E-5	1.6895316618233426E-4	1.9837333862328903E-4	8.22251835889875E-4	8.987754184923043E-4	6.17212513983721E-4	2.9386915475884364E-4	9.56045794593561E-5	9.091735612328394E-5	3.0599755201958386E-5	0.0	7.221259387637204E-5	3.256750355281857E-4	0.001950530035335689	0.005915723690198101	0.010989738497186362	0.015010439591445178	0.012259846674322604	0.013970785312248726	0.01587171052631579	0.01706846072385224	0.019942816297355254	0.025927921645694	0.02447877282056822
	Total # checklists submitted - (Northern Shrike)	59897	41927	37441	52418	36194	52179	74398	41102	41678	48624	53837	76087	56976	54668	55076	76371	79340	86336	77825	81085	50254	48580	46844	53571	38972	29594	25205	35269	26703	25923	27223	41839	32997	32680	32900	41544	33776	35375	32963	45315	35442	32219	29848	36480	32106	27980	31549	46285
	
Birds Per Party Hour
	Northern Shrike	4.128548090417088	4.3552721307088	4.054994512201673	3.8566001618230867	4.007861112380888	3.177685433829635	3.1416116375012906	4.20512974660983	3.822405507474049	3.544385024245658	3.0865634750291124	2.8311625188929908	2.617729690352736	3.3537576108556473	4.224083589350673	3.4385626178224444	0.7140881467189402	0.0	0.0	0.0	0.0	0.0	0.0	0.0	0.11764705882352941	14.275601737701068	0.09472524098974643	0.3074475221349736	0.15438208149044205	0.16016656175774902	0.1626227106227106	0.12554824561403508	0.3	0.6666666666666666	0.0	0.6040591070656238	0.6925998753930792	1.0356825087312773	1.9347259852900789	2.0456810183432754	2.372188222161113	2.443605256258533	3.51538766311469	2.9339317978826016	3.472393842878196	3.016287655531614	2.8025797225374114	3.3994802864130973
	# checklists reporting species - (Northern Shrike)	1412	898	844	1151	748	812	981	682	655	731	710	868	507	298	161	63	7	0	0.0	1	0.0	0.0	0	0	1	5	5	19	17	13	5	4	1	1	0	4	10	83	215	526	547	435	471	667	618	625	821	1244
	
High Count
	Northern Shrike	25	50	4	4	25	7	3	5	2	3	4	4	3	5	3	1	1	1	0.0	2	0.0	0.0	1	1	1	1	1	4	3	3	2	1	3	1	1	1	2	2	3	3	20	2	4	3	3	5	8	8
	# checklists reporting species - (Northern Shrike)	1655	1091	1023	1374	922	982	1137	819	770	860	832	1020	596	369	187	74	10	1	0.0	2	0.0	0.0	1	1	4	7	5	19	17	13	5	4	1	1	1	4	12	100	251	620	655	537	577	791	754	749	985	1457
	
Totals
	Northern Shrike	1730	1177	1044	1416	970	1010	1170	836	762	870	848	1038	603	377	195	72	10	1	0.0	3	0.0	0.0	0	0	3	7	5	29	24	16	8	4	3	1	1	4	13	98	262	646	760	542	594	804	766	766	1056	1533
	# checklists reporting species - (Northern Shrike)	1623	1069	1005	1365	911	969	1120	807	754	847	817	1003	587	359	182	72	10	1	0.0	2	0.0	0.0	0	0	3	7	5	19	17	13	5	4	1	1	1	4	12	94	249	611	649	523	569	777	741	736	969	1424
	
Average Count
	Northern Shrike	1.0659272951324708	1.1010289990645463	1.0388059701492538	1.0373626373626375	1.0647639956092205	1.0423116615067078	1.0446428571428572	1.0359355638166048	1.0106100795755968	1.0271546635183	1.0379436964504285	1.0348953140578265	1.0272572402044293	1.0501392757660166	1.0714285714285714	1.0	1.0	1.0	0.0	1.5	0.0	0.0	0.0	0.0	1.0	1.0	1.0	1.5263157894736843	1.411764705882353	1.2307692307692308	1.6	1.0	3.0	1.0	1.0	1.0	1.0833333333333333	1.0425531914893618	1.0522088353413654	1.0572831423895255	1.1710323574730355	1.0363288718929253	1.0439367311072056	1.0347490347490347	1.0337381916329285	1.0407608695652173	1.089783281733746	1.0765449438202248
	# checklists reporting species - (Northern Shrike)	1623	1069	1005	1365	911	969	1120	807	754	847	817	1003	587	359	182	72	10	1	0.0	2	0.0	0.0	0	0	3	7	5	19	17	13	5	4	1	1	1	4	12	94	249	611	649	523	569	777	741	736	969	1424
	
