

	Week starting on...	1/1	1/8	1/15	1/22	2/1	2/8	2/15	2/22	3/1	3/8	3/15	3/22	4/1	4/8	4/15	4/22	5/1	5/8	5/15	5/22	6/1	6/8	6/15	6/22	7/1	7/8	7/15	7/22	8/1	8/8	8/15	8/22	9/1	9/8	9/15	9/22	10/1	10/8	10/15	10/22	11/1	11/8	11/15	11/22	12/1	12/8	12/15	12/22
Frequency (%)
	Dickcissel	0.0032116647664316798	0.0	0.0	0.007392895427494178	0.005370857725978838	0.0	0.0	0.0	0.0	0.0	0.0	0.002536300805275506	0.0	0.0	0.0017411592638378632	0.0012562340615303444	0.025290235560479796	0.07558413390441346	0.06543550966991421	0.041914076143904994	0.1537451954626418	0.3422141448513205	0.602567991103023	0.5807814149947201	0.5187878787878788	0.458597909050093	0.2788707644115063	0.12007095101650976	0.04675249946054809	0.04441976679622432	0.05963238389224077	0.03192920838369786	0.034648033724086154	0.020454678277131672	0.026076374804427187	0.02066258006749776	0.03965443988103668	0.05133747635774115	0.0029041064064587326	0.004229760595550291	0.010867793294571536	0.0238841618151963	0.00970057556748367	0.005286250462546915	0.0	0.0	0.003057449475647415	0.004103321638866663
	Total # checklists submitted - (Dickcissel)	62273	43331	38620	54106	37238	53163	75553	42285	42866	50027	55502	78855	59210	57034	57433	79603	83036	91289	82524	85890	53335	51722	49455	56820	41250	31182	26177	36645	27806	27015	28508	43847	34634	34222	34514	43557	35305	37010	34434	47284	36806	33495	30926	37834	33146	28875	32707	48741
	
Abundance
	Dickcissel	3.21166476643168E-5	0.0	0.0	7.392895427494178E-5	5.3708577259788386E-5	0.0	0.0	0.0	0.0	0.0	0.0	2.5363008052755058E-5	0.0	0.0	1.741159263837863E-5	1.2562340615303443E-5	2.8903126354834046E-4	7.558413390441346E-4	7.512965925064223E-4	5.588543485853999E-4	0.0036373863316771352	0.006650941572251653	0.013749873622485087	0.013727560718057022	0.011951515151515152	0.011096145211981271	0.006379646254345418	0.0029744849229089917	9.710134503344602E-4	7.403294466037387E-4	9.471025677002947E-4	4.1051839350468675E-4	9.528209274123694E-4	2.045467827713167E-4	2.607637480442719E-4	2.0662580067497762E-4	3.965443988103668E-4	5.133747635774115E-4	2.9041064064587326E-5	6.344640893325438E-5	8.150844970928653E-5	2.38841618151963E-4	9.700575567483671E-5	5.2862504625469154E-5	0.0	0.0	3.057449475647415E-5	4.103321638866663E-5
	Total # checklists submitted - (Dickcissel)	62273	43331	38620	54106	37238	53163	75553	42285	42866	50027	55502	78855	59210	57034	57433	79603	83036	91289	82524	85890	53335	51722	49455	56820	41250	31182	26177	36645	27806	27015	28508	43847	34634	34222	34514	43557	35305	37010	34434	47284	36806	33495	30926	37834	33146	28875	32707	48741
	
Birds Per Party Hour
	Dickcissel	1.0	1.0	0.0	2.424698795180723	15.205882352941176	0.0	0.0	0.0	0.0	0.0	0.0	2.5056539166748606	0.0	0.0	1.749625187406297	0.25	0.2967014199242625	2.9999778569982425	0.6076892699909124	2.4092640387229785	9.483719239654828	7.882325273662212	7.933858945275292	8.7433604614937	7.316663054128434	9.129414393939937	6.949636199027728	7.720495791998064	3.9733193886454523	0.814721059730814	2.137360242122128	1.71261051232229	2.5746745906949142	0.2111608046401675	0.4987167440860282	0.3596397931530353	2.163522357007048	3.626962234304627	0.07142857142857142	0.9907407407407407	0.38727007830996174	1.0018385989836884	0.0	0.37314148681055154	0.0	0.0	0.0	1.0
	# checklists reporting species - (Dickcissel)	2	2	1	6	2	1	1	0	1	0.0	0.0	5	2	1	2	2	26	93	61	52	114	224	396	430	289	185	102	52	16	23	18	19	13	7	16	16	16	28	4	2	10	13	3	5	2	0.0	1	2
	
High Count
	Dickcissel	1	1	1	1	1	1	1	1	1	0.0	0.0	1	1	1	1	1	3	2	5	4	9	10	11	19	43	12	10	8	7	6	4	3	22	2	2	1	2	1	1	2	1	1	1	1	1	0.0	1	1
	# checklists reporting species - (Dickcissel)	2	2	2	8	2	2	5	1	1	0.0	0.0	6	2	1	5	3	28	124	80	63	121	251	420	471	313	199	117	55	17	27	20	23	15	9	23	18	21	32	7	11	14	27	7	6	3	0.0	3	5
	
Totals
	Dickcissel	2	2	2	8	2	2	5	1	1	0.0	0.0	6	2	1	5	3	31	123	89	79	266	470	939	1014	706	519	240	136	36	48	30	28	36	10	23	18	22	32	7	12	13	27	7	6	3	0.0	3	5
	# checklists reporting species - (Dickcissel)	2	2	2	8	2	2	5	1	1	0.0	0.0	6	2	1	5	3	28	121	77	62	121	249	418	466	311	199	117	54	17	27	20	22	15	9	22	18	20	32	7	11	13	27	7	6	3	0.0	3	5
	
Average Count
	Dickcissel	1.0	1.0	1.0	1.0	1.0	1.0	1.0	1.0	1.0	0.0	0.0	1.0	1.0	1.0	1.0	1.0	1.1071428571428572	1.0165289256198347	1.155844155844156	1.2741935483870968	2.1983471074380163	1.8875502008032128	2.2464114832535884	2.1759656652360513	2.270096463022508	2.608040201005025	2.051282051282051	2.5185185185185186	2.1176470588235294	1.7777777777777777	1.5	1.2727272727272727	2.4	1.1111111111111112	1.0454545454545454	1.0	1.1	1.0	1.0	1.0909090909090908	1.0	1.0	1.0	1.0	1.0	0.0	1.0	1.0
	# checklists reporting species - (Dickcissel)	2	2	2	8	2	2	5	1	1	0.0	0.0	6	2	1	5	3	28	121	77	62	121	249	418	466	311	199	117	54	17	27	20	22	15	9	22	18	20	32	7	11	13	27	7	6	3	0.0	3	5
	
