

	Week starting on...	1/1	1/8	1/15	1/22	2/1	2/8	2/15	2/22	3/1	3/8	3/15	3/22	4/1	4/8	4/15	4/22	5/1	5/8	5/15	5/22	6/1	6/8	6/15	6/22	7/1	7/8	7/15	7/22	8/1	8/8	8/15	8/22	9/1	9/8	9/15	9/22	10/1	10/8	10/15	10/22	11/1	11/8	11/15	11/22	12/1	12/8	12/15	12/22
Frequency (%)
	Ruddy Duck	0.9281711174987556	0.8169670674574785	0.7120662868979802	0.6967803940413263	0.5961652075836511	0.4363937324831179	0.3864836604767514	0.7047416341492254	0.5762142490551952	1.0874127970895717	1.5062520269539836	1.7348297508084458	2.3019760175646007	2.8088508608899954	3.033099437605558	2.5287991658605833	2.161712991955296	1.7756794356384669	1.3208278803741942	0.9477238328094073	0.5906065435455142	0.41181702177023316	0.313416236983116	0.26399155227032733	0.3709090909090909	0.4618048874350587	0.890094357642205	0.9523809523809524	0.9782061425591598	0.8698870997593928	0.7646976287357935	0.7845462631422903	0.8719755153895016	0.7217579334930746	0.8692124934809062	1.7815735702642512	2.243308313270075	3.199135368819238	4.144159842016611	4.136705862448185	3.9069716893984676	2.955665024630542	2.3055034598719524	1.9136226674419836	1.641223677065106	0.9523809523809524	1.0059008774879994	0.6790997312324326
	Total # checklists submitted - (Ruddy Duck)	62273	43331	38620	54106	37238	53163	75553	42285	42866	50027	55502	78855	59210	57034	57433	79603	83036	91289	82524	85890	53335	51722	49455	56820	41250	31182	26177	36645	27806	27015	28508	43847	34634	34222	34514	43557	35305	37010	34434	47284	36806	33495	30926	37834	33146	28875	32707	48741
	
Abundance
	Ruddy Duck	0.23798435919258748	0.1827098382220581	0.1702485758674262	0.17465715447454996	0.11821257854879424	0.06352162218084005	0.11174936799332919	0.07986283552087028	0.07017216441935334	0.11469806304595519	0.17267846203740406	0.2586265931139433	0.40376625570005065	0.6232422765368026	0.731948531332161	0.5152695250179014	0.29369189267305745	0.16123519810711037	0.07675342930541418	0.04527884503434626	0.02188056623230524	0.019218127682610883	0.01364877161055505	0.00878211897219289	0.014787878787878787	0.0236354306971971	0.040302555678649196	0.04358029744849229	0.04596130331583111	0.04312419026466778	0.03399045881857724	0.035190548954318425	0.04287694173355662	0.03836713225410555	0.06339456452454077	0.22698992125261153	0.6113015153660954	0.9901107808700351	2.32970320032526	2.0753531850097287	1.3661631255773514	0.9261979399910434	0.5801267541874151	0.5073478881429402	0.472394859108188	0.32394805194805193	0.2065001375852264	0.17535545023696683
	Total # checklists submitted - (Ruddy Duck)	62273	43331	38620	54106	37238	53163	75553	42285	42866	50027	55502	78855	59210	57034	57433	79603	83036	91289	82524	85890	53335	51722	49455	56820	41250	31182	26177	36645	27806	27015	28508	43847	34634	34222	34514	43557	35305	37010	34434	47284	36806	33495	30926	37834	33146	28875	32707	48741
	
Birds Per Party Hour
	Ruddy Duck	43.93740548803636	35.63064176892188	49.838324665434655	48.91263903567795	37.96212252557129	33.436208232118396	57.65264610594657	23.850001275229403	23.65130854227541	20.04660380546944	21.329092088841392	37.245337214416054	34.038353478049046	40.566157773641145	42.12494028049585	35.01383855614958	20.097512422313862	13.017071574060077	8.187015677888072	6.097988467909747	5.0329683507411955	6.154041413786718	6.385420290425576	5.435888722372228	6.168016628551282	6.5490753986380685	7.871904891034958	4.585237419473789	4.974129282291141	5.528699252329272	5.4246040148926795	5.342925521940545	6.259889837003564	8.344491906474556	8.870102748122958	20.65623144024701	36.98168928855096	46.95133332919714	70.52361535194531	90.81252640217156	70.84700254489395	76.11568174379092	47.59887265248365	48.5086957241588	42.20961833503823	83.24907410051044	32.36588279166519	32.68135260964998
	# checklists reporting species - (Ruddy Duck)	569	350	264	371	214	229	285	305	253	538	839	1333	1314	1552	1681	1975	1671	1486	1040	861	342	219	166	160	143	155	244	347	283	246	223	351	314	250	309	790	789	1172	1405	1944	1379	943	708	701	525	264	318	336
	
High Count
	Ruddy Duck	615	925	300	400	500	330	254	598	253	580	800	800	2100	1220	1200	1200	485	250	95	76	48	42	65	22	46	90	80	100	70	80	70	150	100	70	106	1900	1550	1500	7000	5000	3000	4040	750	1015	1025	2020	600	882
	# checklists reporting species - (Ruddy Duck)	691	409	323	439	252	258	326	343	285	605	939	1557	1551	1786	1976	2253	2055	1930	1343	1011	400	250	200	192	192	178	273	398	316	279	254	396	356	284	362	897	907	1352	1590	2202	1628	1090	812	803	640	340	369	410
	
Totals
	Ruddy Duck	17312	11645	7619	10493	4650	4195	8785	4573	3384	6631	10303	22461	27698	39862	48016	44478	26825	16353	7241	4645	1442	1140	807	591	712	833	1184	1855	1453	1375	1195	1766	1694	1425	2557	10913	23190	43790	85680	105644	62230	33657	20855	20362	18088	9831	8206	15961
	# checklists reporting species - (Ruddy Duck)	621	384	289	396	226	241	295	324	270	571	885	1458	1431	1672	1837	2081	1801	1600	1138	937	382	239	188	180	161	168	260	376	299	263	239	374	333	268	338	850	851	1274	1520	2090	1517	1012	759	746	586	309	349	387
	
Average Count
	Ruddy Duck	27.877616747181964	30.325520833333332	26.363321799307958	26.497474747474747	20.575221238938052	17.406639004149376	29.779661016949152	14.114197530864198	12.533333333333333	11.612959719789842	11.64180790960452	15.405349794238683	19.35569531795947	23.84090909090909	26.13826891671203	21.373378183565592	14.894503053858967	10.220625	6.362917398945519	4.957310565635005	3.774869109947644	4.7698744769874475	4.292553191489362	3.283333333333333	4.422360248447205	4.958333333333333	4.553846153846154	4.933510638297872	4.8595317725752505	5.228136882129277	5.0	4.721925133689839	5.087087087087087	5.317164179104478	7.56508875739645	12.838823529411764	27.2502937720329	34.37205651491366	56.36842105263158	50.54736842105263	41.02175346077785	33.25790513833992	27.476943346508563	27.29490616621984	30.866894197952217	31.815533980582526	23.512893982808023	41.24289405684755
	# checklists reporting species - (Ruddy Duck)	621	384	289	396	226	241	295	324	270	571	885	1458	1431	1672	1837	2081	1801	1600	1138	937	382	239	188	180	161	168	260	376	299	263	239	374	333	268	338	850	851	1274	1520	2090	1517	1012	759	746	586	309	349	387
	
