

	Week starting on...	1/1	1/8	1/15	1/22	2/1	2/8	2/15	2/22	3/1	3/8	3/15	3/22	4/1	4/8	4/15	4/22	5/1	5/8	5/15	5/22	6/1	6/8	6/15	6/22	7/1	7/8	7/15	7/22	8/1	8/8	8/15	8/22	9/1	9/8	9/15	9/22	10/1	10/8	10/15	10/22	11/1	11/8	11/15	11/22	12/1	12/8	12/15	12/22
Frequency (%)
	Rose-breasted Grosbeak	0.041751641963611835	0.023078165747386397	0.005178663904712584	0.009241119284367723	0.008056286588968257	0.0	0.0	0.004729809625162587	0.0	0.001998920582885242	0.0	0.001268150402637753	0.0016889039013680122	0.005260020338745309	0.029599707485243675	0.7524842028566762	12.07187244086902	27.61559443087338	30.752266007464495	18.859005704971473	13.574575794506421	12.779861567611462	12.281872409260943	11.360436466033088	9.711515151515151	8.633185812327625	7.8695037628452456	7.649065356801746	7.890383370495576	7.344068110309088	7.825873439034657	7.813533423039204	9.574406652422475	9.762725731985272	6.9855710726082165	3.3243795486374177	0.7024500778926498	0.1648203188327479	0.06969855375500958	0.044412486253278066	0.02445253491278596	0.02985520226899537	0.012934100756644895	0.018501876618914205	0.02715259759850359	0.0034632034632034628	0.05503409056165346	0.030774912291499968
	Total # checklists submitted - (Rose-breasted Grosbeak)	62273	43331	38620	54106	37238	53163	75553	42285	42866	50027	55502	78855	59210	57034	57433	79603	83036	91289	82524	85890	53335	51722	49455	56820	41250	31182	26177	36645	27806	27015	28508	43847	34634	34222	34514	43557	35305	37010	34434	47284	36806	33495	30926	37834	33146	28875	32707	48741
	
Abundance
	Rose-breasted Grosbeak	4.175164196361184E-4	2.3078165747386398E-4	5.178663904712584E-5	9.241119284367723E-5	8.056286588968258E-5	0.0	0.0	4.729809625162587E-5	0.0	1.998920582885242E-5	0.0	1.2681504026377529E-5	1.688903901368012E-5	5.26002033874531E-5	6.61640520258388E-4	0.012411592527919802	0.29265619731200926	0.8830417684496489	0.8742547622509815	0.39635580393526604	0.23573638323802382	0.21619426936313368	0.21067637245981194	0.18558606124604013	0.16996363636363637	0.1591302674619973	0.1412308515108683	0.14001910219675262	0.1463353233115155	0.1408476772163613	0.1466605865020345	0.15086550961297238	0.1885719235433389	0.19618958564666003	0.1300631627745263	0.04952131689510297	0.008667327573998016	0.0018103215347203458	7.550676656792705E-4	5.07571271466035E-4	2.445253491278596E-4	2.38841618151963E-4	1.2934100756644895E-4	1.8501876618914204E-4	2.715259759850359E-4	3.463203463203463E-5	5.809154003730088E-4	3.077491229149997E-4
	Total # checklists submitted - (Rose-breasted Grosbeak)	62273	43331	38620	54106	37238	53163	75553	42285	42866	50027	55502	78855	59210	57034	57433	79603	83036	91289	82524	85890	53335	51722	49455	56820	41250	31182	26177	36645	27806	27015	28508	43847	34634	34222	34514	43557	35305	37010	34434	47284	36806	33495	30926	37834	33146	28875	32707	48741
	
Birds Per Party Hour
	Rose-breasted Grosbeak	2.153894685473909	1.5921264906260937	1.8576329331046313	2.0316452369735005	4.33642225132463	0.0	0.0	1.8333333333333333	0.0	1.3333333333333333	0.0	0.5	0.8103727714748784	3.5296092796092795	10.244497542404268	2.5454548789188145	2.586950434739344	2.9654338447469044	2.723444168491641	3.172516712866248	4.2508188981446215	4.982352437777465	5.014940358068676	5.422401761664104	3.990280068488355	3.419211995918961	2.470281818087512	2.1075242992776735	2.162213496331445	2.023032536588745	1.8761807591686346	1.716417165012203	1.735778839050086	1.819699694993545	1.6602087312196396	1.4993740706448924	0.9363798808875016	1.2367005801472892	0.5568852894211659	1.4451003349256737	4.133600248378611	3.5152337256015227	23.08175997671796	5.654545716796617	2.2455695201701222	0.28888888888888886	1.8656248342419033	0.6480542526049908
	# checklists reporting species - (Rose-breasted Grosbeak)	28	11	2	5	5	0.0	0.0	3	0.0	1	0.0	1	1	4	19	688	10407	25055	25664	16408	7192	6500	6016	6372	3996	2648	2085	2884	2283	2035	2227	3414	3323	3356	2436	1470	269	65	25	26	11	8	4	6	7	3	19	17
	
High Count
	Rose-breasted Grosbeak	1	1	1	1	1	0.0	0.0	1	0.0	1	0.0	1	1	1	20	40	106	300	200	46	26	77	36	40	21	21	25	21	70	35	50	50	30	54	100	90	12	4	9	8	1	1	2	1	1	1	2	1
	# checklists reporting species - (Rose-breasted Grosbeak)	29	11	2	5	5	0.0	0.0	3	0.0	1	0.0	1	4	7	26	828	12001	29273	28904	18306	7951	7198	6690	7175	4523	3000	2304	3110	2437	2204	2425	3758	3619	3638	2691	1642	300	78	49	30	17	17	8	7	12	3	22	22
	
Totals
	Rose-breasted Grosbeak	29	11	2	5	5	0.0	0.0	3	0.0	1	0.0	1	4	7	49	1332	28112	91996	80471	37740	13495	11928	11143	11528	7745	5410	4071	5590	4577	4198	4542	7245	7014	7310	5034	2464	381	84	64	40	17	15	9	7	12	3	23	20
	# checklists reporting species - (Rose-breasted Grosbeak)	29	11	2	5	5	0.0	0.0	3	0.0	1	0.0	1	4	7	25	800	11194	26436	26714	17164	7558	6893	6352	6773	4265	2822	2182	2990	2365	2137	2340	3622	3514	3559	2615	1603	299	78	49	30	17	15	8	7	12	3	22	20
	
Average Count
	Rose-breasted Grosbeak	1.0	1.0	1.0	1.0	1.0	0.0	0.0	1.0	0.0	1.0	0.0	1.0	1.0	1.0	1.96	1.665	2.5113453635876364	3.4799515811771826	3.0123156397394624	2.1987881612677698	1.7855252712357768	1.7304511823589148	1.754250629722922	1.7020522663516906	1.8159437280187574	1.9170800850460665	1.8657195233730521	1.8695652173913044	1.935306553911205	1.9644361254094524	1.941025641025641	2.000276090557703	1.99601593625498	2.053947738128688	1.9250478011472276	1.537117903930131	1.274247491638796	1.0769230769230769	1.3061224489795917	1.3333333333333333	1.0	1.0	1.125	1.0	1.0	1.0	1.0454545454545454	1.0
	# checklists reporting species - (Rose-breasted Grosbeak)	29	11	2	5	5	0.0	0.0	3	0.0	1	0.0	1	4	7	25	800	11194	26436	26714	17164	7558	6893	6352	6773	4265	2822	2182	2990	2365	2137	2340	3622	3514	3559	2615	1603	299	78	49	30	17	15	8	7	12	3	22	20
	
