

	Week starting on...	1/1	1/8	1/15	1/22	2/1	2/8	2/15	2/22	3/1	3/8	3/15	3/22	4/1	4/8	4/15	4/22	5/1	5/8	5/15	5/22	6/1	6/8	6/15	6/22	7/1	7/8	7/15	7/22	8/1	8/8	8/15	8/22	9/1	9/8	9/15	9/22	10/1	10/8	10/15	10/22	11/1	11/8	11/15	11/22	12/1	12/8	12/15	12/22
Frequency (%)
	Swainson's Thrush	0.0064233295328633595	0.00692344972421592	0.002589331952356292	0.012937566998114812	0.0	0.0	0.0	0.0	0.0	0.0	0.0	0.0	0.0	0.0	0.015670433374540767	0.17587276861424822	2.9047641986608217	8.509239886514257	13.485773835490281	6.55722435673536	3.3017718196306367	4.622791075364448	5.125872004852897	4.736008447729673	5.864242424242424	4.008722981207106	2.5060167322458646	1.489971346704871	0.9386463353233115	0.929113455487692	1.0839062719236705	2.2099573517002304	6.7159438701853675	10.341300917538424	9.758358926812308	7.534954197947517	5.208893924373318	2.2534450148608483	0.4733693442527734	0.13323745875983417	0.043471173178286145	0.026869682042095836	0.022634676324128564	0.01057250092509383	0.04223737404211669	0.013852813852813851	0.009172348426942244	0.006154982458299993
	Total # checklists submitted - (Swainson's Thrush)	62273	43331	38620	54106	37238	53163	75553	42285	42866	50027	55502	78855	59210	57034	57433	79603	83036	91289	82524	85890	53335	51722	49455	56820	41250	31182	26177	36645	27806	27015	28508	43847	34634	34222	34514	43557	35305	37010	34434	47284	36806	33495	30926	37834	33146	28875	32707	48741
	
Abundance
	Swainson's Thrush	6.42332953286336E-5	6.92344972421592E-5	2.589331952356292E-5	1.2937566998114813E-4	0.0	0.0	0.0	0.0	0.0	0.0	0.0	0.0	0.0	0.0	1.7411592638378633E-4	0.002977274725826916	0.08273519919071247	0.1788714960181402	0.3562357617178033	0.14558155780649668	0.05388581606824787	0.07631182088859673	0.08251946213729654	0.07101372756071805	0.1061090909090909	0.06943108203450708	0.054169690950070674	0.02486014463091827	0.012731065237718478	0.013473995928188043	0.019678686684439457	0.04780258626587908	0.29595195472656927	0.6584360937408684	0.4796024801529814	0.1927589136074569	0.09386772411839683	0.03445014860848419	0.0061857466457571	0.0013746721935538448	4.6188121501929033E-4	2.6869682042095835E-4	2.2634676324128565E-4	1.0572500925093831E-4	4.2237374042116695E-4	1.3852813852813852E-4	9.172348426942244E-5	6.154982458299993E-5
	Total # checklists submitted - (Swainson's Thrush)	62273	43331	38620	54106	37238	53163	75553	42285	42866	50027	55502	78855	59210	57034	57433	79603	83036	91289	82524	85890	53335	51722	49455	56820	41250	31182	26177	36645	27806	27015	28508	43847	34634	34222	34514	43557	35305	37010	34434	47284	36806	33495	30926	37834	33146	28875	32707	48741
	
Birds Per Party Hour
	Swainson's Thrush	1.6582963106045974	1.1595405232929163	0.4	0.6694378926336598	0.0	0.0	0.0	0.0	0.0	0.0	0.0	0.0	0.0	0.0	0.8406608705534719	0.8654305662083478	1.7461401359552446	1.2606472897040464	1.7348122486136655	2.2357832516927854	7.282276890645778	12.328058921741832	14.5387736019628	12.348156039334281	13.793206987592415	10.277006219455329	2.947062163026572	0.9780157405840723	0.6681035304808213	1.086097948843751	3.219391499134368	3.68016180714462	3.859353314403624	5.626989649583467	4.835338270830615	3.3429978014195134	2.1738945051788794	2.521128468267244	2.34846566153954	0.8763714880053354	0.9803636577249464	0.6104135652142648	1.8549411678091206	0.6657719985551943	0.7885130559960095	0.797283729885848	0.37243851692187946	0.0625
	# checklists reporting species - (Swainson's Thrush)	4	4	1	7	0.0	0.0	0.0	0.0	0.0	0.0	0.0	0.0	0.0	1	9	154	2407	7370	11562	6693	1926	2346	2489	2648	2371	1199	671	560	285	266	324	1026	2445	3695	3473	3346	1918	854	175	63	21	9	8	6	12	4	3	2
	
High Count
	Swainson's Thrush	1	1	1	1	0.0	0.0	0.0	0.0	0.0	0.0	0.0	0.0	0.0	1	2	32	147	500	300	3600	40	50	21	40	60	19	13	13	23	40	75	1050	3200	8400	4000	400	370	250	8	5	2	1	1	1	1	1	1	1
	# checklists reporting species - (Swainson's Thrush)	5	4	1	7	0.0	0.0	0.0	0.0	0.0	0.0	0.0	0.0	0.0	3	11	193	2736	9361	13345	7648	2116	2509	2651	2840	2543	1348	769	640	323	304	382	1186	2700	4014	3853	3723	2118	982	218	94	29	12	11	6	16	7	3	4
	
Totals
	Swainson's Thrush	5	4	1	7	0.0	0.0	0.0	0.0	0.0	0.0	0.0	0.0	0.0	3	12	354	7345	19463	35134	22883	3397	4124	4212	4271	4629	2328	1585	1056	510	544	722	4113	15483	45339	19279	10662	4354	1760	279	109	31	12	11	6	16	7	3	4
	# checklists reporting species - (Swainson's Thrush)	5	4	1	7	0.0	0.0	0.0	0.0	0.0	0.0	0.0	0.0	0.0	3	11	180	2523	7956	12117	7117	2022	2400	2536	2700	2424	1253	714	601	305	287	361	1128	2600	3894	3703	3592	2061	950	215	92	29	12	11	6	16	7	3	4
	
Average Count
	Swainson's Thrush	1.0	1.0	1.0	1.0	0.0	0.0	0.0	0.0	0.0	0.0	0.0	0.0	0.0	1.0	1.0909090909090908	1.9666666666666666	2.911216805390408	2.446329813976873	2.899562598002806	3.2152592384431644	1.6800197823936696	1.7183333333333333	1.660883280757098	1.5818518518518518	1.9096534653465347	1.8579409417398245	2.219887955182073	1.757071547420965	1.6721311475409837	1.8954703832752613	2.0	3.646276595744681	5.955	11.643297380585516	5.206319200648123	2.9682628062360803	2.1125667151868024	1.8526315789473684	1.2976744186046512	1.184782608695652	1.0689655172413792	1.0	1.0	1.0	1.0	1.0	1.0	1.0
	# checklists reporting species - (Swainson's Thrush)	5	4	1	7	0.0	0.0	0.0	0.0	0.0	0.0	0.0	0.0	0.0	3	11	180	2523	7956	12117	7117	2022	2400	2536	2700	2424	1253	714	601	305	287	361	1128	2600	3894	3703	3592	2061	950	215	92	29	12	11	6	16	7	3	4
	
