

	Week starting on...	1/1	1/8	1/15	1/22	2/1	2/8	2/15	2/22	3/1	3/8	3/15	3/22	4/1	4/8	4/15	4/22	5/1	5/8	5/15	5/22	6/1	6/8	6/15	6/22	7/1	7/8	7/15	7/22	8/1	8/8	8/15	8/22	9/1	9/8	9/15	9/22	10/1	10/8	10/15	10/22	11/1	11/8	11/15	11/22	12/1	12/8	12/15	12/22
Frequency (%)
	Eastern Whip-poor-will	0.0	0.0	0.0	0.0	0.0	0.0	0.0	0.0	0.0	0.0	0.0	0.001268150402637753	0.0016889039013680122	0.0017533401129151034	0.06268173349816307	0.19346004547567303	0.8731152753022785	1.0822771637327608	1.1851097862440017	1.22947956688788	1.0799662510546546	1.0305092610494566	1.10807805075321	0.9134107708553326	0.9818181818181818	0.8947469694054262	1.0085189288306529	0.7122390503479329	0.535855570740128	0.470109198593374	0.42093447453346433	0.4310443131799211	0.4417624299820985	0.30097598036350887	0.25207162310946285	0.21580916959386554	0.0849737997450786	0.027019724398811132	0.01161642562583493	0.0021148802977751457	0.002716948323642884	0.0	0.0	0.0026431252312734575	0.0	0.0	0.0	0.0
	Total # checklists submitted - (Eastern Whip-poor-will)	62273	43331	38620	54106	37238	53163	75553	42285	42866	50027	55502	78855	59210	57034	57433	79603	83036	91289	82524	85890	53335	51722	49455	56820	41250	31182	26177	36645	27806	27015	28508	43847	34634	34222	34514	43557	35305	37010	34434	47284	36806	33495	30926	37834	33146	28875	32707	48741
	
Abundance
	Eastern Whip-poor-will	0.0	0.0	0.0	0.0	0.0	0.0	0.0	0.0	0.0	0.0	0.0	1.2681504026377529E-5	1.688903901368012E-5	1.7533401129151033E-5	6.61640520258388E-4	0.0023868447169076543	0.012392215424635098	0.015445453450032315	0.023132664437012264	0.026079869600651995	0.0240554982656792	0.026700436951393992	0.02681225356384592	0.01793382611756424	0.020484848484848484	0.015842473221730484	0.01722886503419032	0.009878564606358303	0.007732144141552183	0.0064408661854525266	0.00536691455030167	0.006591100873491915	0.0061500259860252935	0.0031558646484717433	0.0033319812250101406	0.0029157196317469063	8.780625973658122E-4	2.701972439881113E-4	1.161642562583493E-4	2.1148802977751458E-5	2.7169483236428842E-5	0.0	0.0	2.6431252312734577E-5	0.0	0.0	0.0	0.0
	Total # checklists submitted - (Eastern Whip-poor-will)	62273	43331	38620	54106	37238	53163	75553	42285	42866	50027	55502	78855	59210	57034	57433	79603	83036	91289	82524	85890	53335	51722	49455	56820	41250	31182	26177	36645	27806	27015	28508	43847	34634	34222	34514	43557	35305	37010	34434	47284	36806	33495	30926	37834	33146	28875	32707	48741
	
Birds Per Party Hour
	Eastern Whip-poor-will	0.0	0.0	0.0	0.0	0.0	0.0	0.0	0.0	0.0	0.0	0.0	0.0	2.3980815347721824	4.845010833034785	1.6646175243794932	4.056591833539273	2.552574566263963	2.874873735650329	5.57571574359491	7.1852043122913445	8.47609084659813	7.893005725105058	10.03601936561506	9.804140895662284	8.477490852030883	5.462748824930411	4.750236371899348	5.0541430538739105	4.799218068445083	5.759050862460515	6.065756501670983	6.01876177186093	3.628526983882505	3.0150071130973415	3.573464845706492	2.232769036324897	1.8750529756665548	0.24268105101166093	0.11666666666666667	0.3333333333333333	1.1272780717225162	0.0	0.0	2.7247956403269753	0.0	0.0	0.0	0.0
	# checklists reporting species - (Eastern Whip-poor-will)	0.0	0.0	0.0	0.0	0.0	0.0	0.0	0.0	0.0	0.0	0.0	0	1	3	45	209	824	1011	1066	1193	708	650	706	627	477	296	296	275	148	120	128	201	166	107	108	105	37	17	5	1	3	0.0	0.0	1	0.0	0.0	0.0	0.0
	
High Count
	Eastern Whip-poor-will	0.0	0.0	0.0	0.0	0.0	0.0	0.0	0.0	0.0	0.0	0.0	1	1	1	2	5	15	20	33	25	23	26	61	17	34	9	13	8	9	6	6	12	7	7	5	6	2	1	1	1	1	0.0	0.0	1	0.0	0.0	0.0	0.0
	# checklists reporting species - (Eastern Whip-poor-will)	0.0	0.0	0.0	0.0	0.0	0.0	0.0	0.0	0.0	0.0	0.0	1	2	4	63	262	1044	1404	1419	1536	904	810	885	773	576	401	386	368	199	176	182	301	228	158	151	148	50	25	9	1	4	0.0	0.0	1	0.0	0.0	0.0	0.0
	
Totals
	Eastern Whip-poor-will	0.0	0.0	0.0	0.0	0.0	0.0	0.0	0.0	0.0	0.0	0.0	1	2	4	65	301	1397	1899	2580	3082	1773	1745	1815	1363	1115	671	595	500	278	226	227	408	287	176	181	191	51	25	9	1	4	0.0	0.0	1	0.0	0.0	0.0	0.0
	# checklists reporting species - (Eastern Whip-poor-will)	0.0	0.0	0.0	0.0	0.0	0.0	0.0	0.0	0.0	0.0	0.0	1	2	4	63	257	984	1233	1303	1413	827	752	822	707	530	362	346	329	182	154	166	274	197	136	135	142	50	25	9	1	4	0.0	0.0	1	0.0	0.0	0.0	0.0
	
Average Count
	Eastern Whip-poor-will	0.0	0.0	0.0	0.0	0.0	0.0	0.0	0.0	0.0	0.0	0.0	1.0	1.0	1.0	1.0317460317460319	1.171206225680934	1.4197154471544715	1.5401459854014599	1.980046047582502	2.181174805378627	2.1438935912938333	2.320478723404255	2.208029197080292	1.927864214992928	2.1037735849056602	1.8535911602209945	1.7196531791907514	1.5197568389057752	1.5274725274725274	1.4675324675324675	1.3674698795180722	1.489051094890511	1.4568527918781726	1.2941176470588236	1.3407407407407408	1.3450704225352113	1.02	1.0	1.0	1.0	1.0	0.0	0.0	1.0	0.0	0.0	0.0	0.0
	# checklists reporting species - (Eastern Whip-poor-will)	0.0	0.0	0.0	0.0	0.0	0.0	0.0	0.0	0.0	0.0	0.0	1	2	4	63	257	984	1233	1303	1413	827	752	822	707	530	362	346	329	182	154	166	274	197	136	135	142	50	25	9	1	4	0.0	0.0	1	0.0	0.0	0.0	0.0
	
