

	Week starting on...	1/1	1/8	1/15	1/22	2/1	2/8	2/15	2/22	3/1	3/8	3/15	3/22	4/1	4/8	4/15	4/22	5/1	5/8	5/15	5/22	6/1	6/8	6/15	6/22	7/1	7/8	7/15	7/22	8/1	8/8	8/15	8/22	9/1	9/8	9/15	9/22	10/1	10/8	10/15	10/22	11/1	11/8	11/15	11/22	12/1	12/8	12/15	12/22
Frequency (%)
	Purple Martin	0.0	0.0	0.0	0.0	0.0	0.0	0.0	0.0	0.0	0.0	0.0	0.015217804831653034	0.22293531498057761	1.087070870007364	2.1276966204098686	3.9533685916359937	6.6561491401319905	7.609898235274787	6.596868789685424	5.193852602165561	3.5717633823943005	2.838250647693438	2.7701951268830247	2.7543118620204154	3.1224242424242425	3.6623693156308126	5.05405508652634	6.320098239869014	6.671222038408977	5.7782713307421805	5.247649782517188	3.5692293657490817	2.306981578795403	1.0227339138565834	0.2375847482181144	0.08265032026999104	0.016994759949015722	0.0054039448797622265	0.005808212812917465	0.0021148802977751457	0.0	0.0	0.0	0.0	0.0	0.0	0.0	0.0020516608194333314
	Total # checklists submitted - (Purple Martin)	62273	43331	38620	54106	37238	53163	75553	42285	42866	50027	55502	78855	59210	57034	57433	79603	83036	91289	82524	85890	53335	51722	49455	56820	41250	31182	26177	36645	27806	27015	28508	43847	34634	34222	34514	43557	35305	37010	34434	47284	36806	33495	30926	37834	33146	28875	32707	48741
	
Abundance
	Purple Martin	0.0	0.0	0.0	0.0	0.0	0.0	0.0	0.0	0.0	0.0	0.0	1.6485955234290788E-4	0.004357372065529472	0.031191920608759686	0.08188672017829471	0.19094757735261234	0.3597596223324823	0.3965538016628509	0.39596965731181233	0.3632320409826522	0.22998031311521516	0.16345075596457986	0.1424122940046507	0.1333157338965153	0.16872727272727273	0.23879161054454492	0.4031783626847996	1.556938190749079	2.585772854779544	6.664852859522488	8.451066367335486	4.8630008894565195	3.0899116475140036	1.8125767050435393	0.10059685924552356	0.004155474435796772	0.008752301373743096	1.621183463928668E-4	0.0017424638438752395	2.1148802977751458E-5	0.0	0.0	0.0	0.0	0.0	0.0	0.0	4.103321638866663E-5
	Total # checklists submitted - (Purple Martin)	62273	43331	38620	54106	37238	53163	75553	42285	42866	50027	55502	78855	59210	57034	57433	79603	83036	91289	82524	85890	53335	51722	49455	56820	41250	31182	26177	36645	27806	27015	28508	43847	34634	34222	34514	43557	35305	37010	34434	47284	36806	33495	30926	37834	33146	28875	32707	48741
	
Birds Per Party Hour
	Purple Martin	0.0	0.0	0.0	0.0	0.0	0.0	0.0	0.0	0.0	0.0	0.0	1.1286825993519216	1.591231709516043	3.832321801620023	5.763680848529076	8.641046760842546	7.412681249671515	6.83007306639413	8.72799326308073	11.111164399252708	12.30913014724406	14.84506246495664	11.501071511250126	12.208450726576219	13.584493005612838	14.18592270404414	16.303979384754523	38.36132910192377	28.107688345994358	185.46776815810765	183.83299220006916	139.34120203305372	58.15104581657806	71.26847385648826	22.501927363832436	1.4024684245685748	81.92129629629629	59.0735294117647	2.240740740740741	0.16666666666666666	0.0	0.0	0.0	0.0	0.0	0.0	0.0	0.0
	# checklists reporting species - (Purple Martin)	0.0	0.0	0.0	0.0	0.0	0.0	0.0	0.0	0.0	1	0.0	14	155	651	1208	3067	4972	5729	4515	4054	1813	1389	1361	1507	1229	1061	1260	2230	1768	1497	1421	1457	793	364	99	40	9	2	3	1	0.0	2	0.0	0.0	0.0	0.0	0.0	1
	
High Count
	Purple Martin	0.0	0.0	0.0	0.0	0.0	0.0	0.0	0.0	0.0	1	0.0	6	20	30	80	200	112	250	500	500	100	140	150	85	100	241	200	18000	9403	30000	25000	30000	14500	12225	2000	500	400	4	59	1	0.0	1	0.0	0.0	0.0	0.0	0.0	2
	# checklists reporting species - (Purple Martin)	0.0	0.0	0.0	0.0	0.0	0.0	0.0	0.0	0.0	1	0.0	29	229	792	1534	3637	6241	7905	6115	5081	2170	1696	1609	1769	1492	1307	1524	2659	2123	1774	1703	1762	917	447	130	56	13	4	4	1	0.0	2	0.0	0.0	0.0	0.0	0.0	1
	
Totals
	Purple Martin	0.0	0.0	0.0	0.0	0.0	0.0	0.0	0.0	0.0	1	0.0	41	422	2220	5640	17259	33180	39661	35219	35338	13835	9849	8416	8524	8122	8980	11834	60445	82128	237196	275048	234246	134167	80866	4940	726	817	9	62	1	0.0	2	0.0	0.0	0.0	0.0	0.0	2
	# checklists reporting species - (Purple Martin)	0.0	0.0	0.0	0.0	0.0	0.0	0.0	0.0	0.0	1	0.0	29	225	766	1419	3338	5290	6184	4835	4427	1957	1516	1456	1613	1347	1166	1347	2414	1911	1606	1541	1603	870	422	122	55	13	4	4	1	0.0	2	0.0	0.0	0.0	0.0	0.0	1
	
Average Count
	Purple Martin	0.0	0.0	0.0	0.0	0.0	0.0	0.0	0.0	0.0	1.0	0.0	1.4137931034482758	1.8755555555555556	2.898172323759791	3.974630021141649	5.170461354104254	6.272211720226843	6.413486416558862	7.284177869700104	7.982380844815903	7.069494123658661	6.496701846965699	5.78021978021978	5.284562926224426	6.029695619896065	7.701543739279589	8.785449146250928	25.039353769676886	42.976452119309265	147.6936488169365	178.48669695003244	146.12975670617593	154.21494252873563	191.62559241706163	40.49180327868852	13.2	62.84615384615385	2.25	15.5	1.0	0.0	1.0	0.0	0.0	0.0	0.0	0.0	2.0
	# checklists reporting species - (Purple Martin)	0.0	0.0	0.0	0.0	0.0	0.0	0.0	0.0	0.0	1	0.0	29	225	766	1419	3338	5290	6184	4835	4427	1957	1516	1456	1613	1347	1166	1347	2414	1911	1606	1541	1603	870	422	122	55	13	4	4	1	0.0	2	0.0	0.0	0.0	0.0	0.0	1
	
