

	Week starting on...	1/1	1/8	1/15	1/22	2/1	2/8	2/15	2/22	3/1	3/8	3/15	3/22	4/1	4/8	4/15	4/22	5/1	5/8	5/15	5/22	6/1	6/8	6/15	6/22	7/1	7/8	7/15	7/22	8/1	8/8	8/15	8/22	9/1	9/8	9/15	9/22	10/1	10/8	10/15	10/22	11/1	11/8	11/15	11/22	12/1	12/8	12/15	12/22
Frequency (%)
	White-throated Sparrow	4.830343808713247	4.864877339549053	5.025893319523563	5.452260377776956	5.330576293033998	4.102477286834829	3.6398289942159807	3.646683221000355	3.4339569822236737	2.716533072141044	2.4629743072321717	2.6719928983577454	2.952204019591285	5.1758600133253845	12.63733393693521	26.3670967174604	37.71737559612698	31.289640591966172	20.194125345354077	12.249388753056236	13.580200618730665	15.02842117474189	16.708118491557983	16.622668074621615	18.152727272727272	13.129369508049516	10.077548993391144	7.921953881839269	6.728763576206574	5.341476957245975	4.6302792198681075	5.270600041051839	6.632211122018826	10.58091286307054	19.57466535319001	31.104070528273297	38.674408723976775	36.31180761956228	30.777719695649647	22.08569494966585	14.465032875074716	10.261233019853709	8.568841751277242	6.655389332346566	5.834791528389549	5.762770562770562	7.270614853089552	5.711823721302394
	Total # checklists submitted - (White-throated Sparrow)	62273	43331	38620	54106	37238	53163	75553	42285	42866	50027	55502	78855	59210	57034	57433	79603	83036	91289	82524	85890	53335	51722	49455	56820	41250	31182	26177	36645	27806	27015	28508	43847	34634	34222	34514	43557	35305	37010	34434	47284	36806	33495	30926	37834	33146	28875	32707	48741
	
Abundance
	White-throated Sparrow	0.11847831323366467	0.10950589647134845	0.11931641636457795	0.13523453960743725	0.13639293195123262	0.10069032974060907	0.0804336029012746	0.08113988411966418	0.07973685438342742	0.055949787114957926	0.048070339807574504	0.05085283114577389	0.05269380172268198	0.09930918399551145	0.4370309752233037	1.9258068163260178	3.8660821812226023	1.830571043608759	0.6928651059085842	0.29796251018744907	0.3041154963907378	0.34410888983411314	0.3570114245273481	0.3473952833509328	0.42715151515151517	0.2961323840677314	0.2504870688008557	0.1982262245872561	0.19351938430554558	0.1833055709790857	0.1541672512978813	0.20012771683353478	0.2665588727839695	0.45537958038688564	1.2032798284754014	2.329292651009023	3.672794221781617	3.0201296946771143	2.1109659057907884	1.13750951696134	0.5488779003423355	0.3140767278698313	0.23142339778826876	0.15916900142728763	0.1406504555602486	0.1435844155844156	0.2633686978322683	0.1516998009889005
	Total # checklists submitted - (White-throated Sparrow)	62273	43331	38620	54106	37238	53163	75553	42285	42866	50027	55502	78855	59210	57034	57433	79603	83036	91289	82524	85890	53335	51722	49455	56820	41250	31182	26177	36645	27806	27015	28508	43847	34634	34222	34514	43557	35305	37010	34434	47284	36806	33495	30926	37834	33146	28875	32707	48741
	
Birds Per Party Hour
	White-throated Sparrow	4.351106261585841	4.7311994172496314	4.74531276800074	4.370416277344059	4.198515312480887	4.340418489558813	4.056960096534521	4.157983513399655	4.0754185998842045	3.155026696989254	3.034964111733199	2.7578518832612993	2.238828176957297	2.5097091479206677	3.829506282299879	6.324297378099195	8.01804235121858	4.8577226782127285	3.3528938876861734	4.511819872496256	10.96567616928314	13.516567629948929	14.797613306399471	14.511885794402081	16.220890876046006	10.627212321848937	4.502215036245483	3.057115190761251	2.423650123511302	2.228468025498634	2.1034731851681028	2.9773028477318446	2.907298857624964	3.682299847775232	4.938572696989614	7.470174870678529	9.425872452505361	8.209191212710556	7.249741089647696	5.085507404557481	4.2114589923445935	3.4935833813733956	3.5278247158232796	3.289832417776917	3.3353023369925237	3.552715866845175	2.87059142953025	3.2276538942167528
	# checklists reporting species - (White-throated Sparrow)	3070	2149	2001	3022	2058	2230	2806	1586	1510	1401	1397	2161	1812	3014	7199	20890	30427	27021	15863	10088	7064	7591	8109	9248	7378	3894	2572	2855	1844	1414	1311	2179	2165	3477	6745	13464	13595	13243	10539	10394	5394	3484	2675	2568	1975	1716	2414	2837
	
High Count
	White-throated Sparrow	105	32	30	27	33	26	30	33	25	27	35	50	60	200	350	2150	5850	1500	350	60	59	78	45	42	75	70	34	60	52	96	80	70	100	200	1200	800	1300	3000	400	350	565	95	75	90	75	45	147	205
	# checklists reporting species - (White-throated Sparrow)	3366	2294	2120	3189	2167	2342	2921	1676	1591	1487	1488	2294	1981	3352	8305	23344	34294	31173	18184	11465	7736	8180	8761	10031	7999	4423	2979	3325	2085	1628	1505	2578	2551	3992	7505	14886	15069	14703	11518	11297	5783	3722	2835	2727	2135	1844	2639	3048
	
Totals
	White-throated Sparrow	8174	5096	5005	7739	5407	5675	6395	3666	3598	2994	2848	4375	3513	6249	28234	171780	355779	182501	60841	27508	16990	18459	18419	20713	18582	9728	7156	7981	5911	5408	4899	9679	10041	17276	46844	113611	146822	131419	78127	57151	22170	11210	7474	6387	5106	4518	9253	8240
	# checklists reporting species - (White-throated Sparrow)	3279	2251	2084	3140	2135	2305	2892	1650	1570	1464	1458	2258	1926	3246	7867	22066	31662	28084	16543	10627	7340	7806	8329	9535	7586	4107	2715	3036	1932	1507	1406	2409	2400	3800	7165	14222	14378	14018	11091	10896	5616	3638	2797	2694	2106	1815	2599	3008
	
Average Count
	White-throated Sparrow	2.4928331808478195	2.263882718791648	2.4016314779270633	2.4646496815286625	2.532552693208431	2.462039045553145	2.2112724757952975	2.2218181818181817	2.29171974522293	2.0450819672131146	1.953360768175583	1.9375553587245349	1.82398753894081	1.9251386321626618	3.588915723910004	7.784827336173298	11.236782262649232	6.4983976641504055	3.6777488968143626	2.5885009880493084	2.3147138964577656	2.3647194465795542	2.2114299435706566	2.1723125327739905	2.449512259425257	2.3686389091794497	2.63572744014733	2.628787878787879	3.0595238095238093	3.588586595885866	3.484352773826458	4.017849730178497	4.18375	4.5463157894736845	6.537892533147244	7.988398256222753	10.211573236889693	9.375017834213155	7.044179965737985	5.245135829662261	3.947649572649573	3.081363386476086	2.6721487307829817	2.370824053452116	2.4245014245014245	2.4892561983471073	3.5602154674874953	2.7393617021276597
	# checklists reporting species - (White-throated Sparrow)	3279	2251	2084	3140	2135	2305	2892	1650	1570	1464	1458	2258	1926	3246	7867	22066	31662	28084	16543	10627	7340	7806	8329	9535	7586	4107	2715	3036	1932	1507	1406	2409	2400	3800	7165	14222	14378	14018	11091	10896	5616	3638	2797	2694	2106	1815	2599	3008
	
