

	Week starting on...	1/1	1/8	1/15	1/22	2/1	2/8	2/15	2/22	3/1	3/8	3/15	3/22	4/1	4/8	4/15	4/22	5/1	5/8	5/15	5/22	6/1	6/8	6/15	6/22	7/1	7/8	7/15	7/22	8/1	8/8	8/15	8/22	9/1	9/8	9/15	9/22	10/1	10/8	10/15	10/22	11/1	11/8	11/15	11/22	12/1	12/8	12/15	12/22
Frequency (%)
	Upland Sandpiper	0.0	0.0	0.0	0.0	0.0	0.0	0.0	0.0	0.0	0.0	0.0	0.0	0.006755615605472049	0.01753340112915103	0.1323281040516776	0.5313870080273356	0.4732886940604075	0.3450580026071049	0.5416606078231787	1.0094306671323785	1.2374613293334584	1.5119291597386026	1.3042159538974827	1.168602604716649	0.7006060606060606	0.5259444551343724	0.39347518814226223	0.35748396779915403	0.22297345896569085	0.1739774199518786	0.16837378981338572	0.08894565192601547	0.0433100421551077	0.008766290690199288	0.046357999652315005	0.006887526689165921	0.00283245999150262	0.0027019724398811133	0.0	0.0	0.0	0.0	0.0	0.0	0.0	0.0	0.0	0.0
	Total # checklists submitted - (Upland Sandpiper)	62273	43331	38620	54106	37238	53163	75553	42285	42866	50027	55502	78855	59210	57034	57433	79603	83036	91289	82524	85890	53335	51722	49455	56820	41250	31182	26177	36645	27806	27015	28508	43847	34634	34222	34514	43557	35305	37010	34434	47284	36806	33495	30926	37834	33146	28875	32707	48741
	
Abundance
	Upland Sandpiper	0.0	0.0	0.0	0.0	0.0	0.0	0.0	0.0	0.0	0.0	0.0	0.0	5.066711704104037E-5	1.7533401129151031E-4	0.0020893911166054357	0.009861437383013203	0.008586637121248615	0.005882417377778264	0.009391207406330279	0.018127837932238912	0.022761788694103308	0.032848691079231274	0.026953796380547974	0.022333685322069693	0.012606060606060607	0.01173754088897441	0.008404324406922107	0.009169054441260744	0.003884053801337841	0.0029983342587451417	0.003648098779290024	0.0018929459256049445	7.218340359184616E-4	8.766290690199288E-5	4.6357999652315E-4	6.887526689165921E-5	2.83245999150262E-5	5.403944879762226E-4	0.0	0.0	0.0	0.0	0.0	0.0	0.0	0.0	0.0	0.0
	Total # checklists submitted - (Upland Sandpiper)	62273	43331	38620	54106	37238	53163	75553	42285	42866	50027	55502	78855	59210	57034	57433	79603	83036	91289	82524	85890	53335	51722	49455	56820	41250	31182	26177	36645	27806	27015	28508	43847	34634	34222	34514	43557	35305	37010	34434	47284	36806	33495	30926	37834	33146	28875	32707	48741
	
Birds Per Party Hour
	Upland Sandpiper	0.0	0.0	0.0	0.0	0.0	0.0	0.0	0.0	0.0	0.0	0.0	0.0	0.3333333333333333	2.932268643123182	2.8669608996054503	5.744515223748156	4.313606910906352	3.930934024161487	3.4993600302701906	3.6572483143612864	3.9047260020074894	4.809415966006988	7.2649393367133355	6.8869395375455	5.596999162476217	4.783826623358819	3.831796980371838	3.1933334680518355	3.2358295997650677	3.0766776532425277	6.955141410651111	1.841801796932532	1.0265611743496594	1.631793842034806	2.7636974001869565	1.4111111111111112	0.41101520756267984	10.0	0.0	0.0	0.0	0.0	0.0	0.0	0.0	0.0	0.0	0.0
	# checklists reporting species - (Upland Sandpiper)	0.0	0.0	0.0	0.0	0.0	0.0	0.0	0.0	0.0	0.0	0.0	0.0	3	10	78	468	433	339	504	927	704	806	681	710	323	175	124	165	107	77	72	72	28	12	20	6	1	1	0.0	0.0	0.0	0.0	0.0	0.0	0.0	0.0	0.0	0.0
	
High Count
	Upland Sandpiper	0.0	0.0	0.0	0.0	0.0	0.0	0.0	0.0	0.0	0.0	0.0	0.0	1	4	9	12	20	10	8	25	15	23	14	20	12	37	32	26	40	47	15	18	16	2	1	2	1	20	0.0	0.0	0.0	0.0	0.0	0.0	0.0	0.0	0.0	0.0
	# checklists reporting species - (Upland Sandpiper)	0.0	0.0	0.0	0.0	0.0	0.0	0.0	0.0	0.0	0.0	0.0	0.0	4	19	135	653	601	455	642	1163	853	968	863	904	433	246	172	217	142	100	111	98	44	15	26	9	1	1	0.0	0.0	0.0	0.0	0.0	0.0	0.0	0.0	0.0	0.0
	
Totals
	Upland Sandpiper	0.0	0.0	0.0	0.0	0.0	0.0	0.0	0.0	0.0	0.0	0.0	0.0	3	24	212	1201	1034	738	1063	2021	1490	2051	1745	1690	738	603	437	656	449	347	317	260	123	17	25	10	1	20	0.0	0.0	0.0	0.0	0.0	0.0	0.0	0.0	0.0	0.0
	# checklists reporting species - (Upland Sandpiper)	0.0	0.0	0.0	0.0	0.0	0.0	0.0	0.0	0.0	0.0	0.0	0.0	3	18	134	638	578	425	599	1069	803	920	808	845	401	236	165	213	139	97	110	97	42	15	25	9	1	1	0.0	0.0	0.0	0.0	0.0	0.0	0.0	0.0	0.0	0.0
	
Average Count
	Upland Sandpiper	0.0	0.0	0.0	0.0	0.0	0.0	0.0	0.0	0.0	0.0	0.0	0.0	1.0	1.3333333333333333	1.5820895522388059	1.8824451410658307	1.7889273356401385	1.7364705882352942	1.7746243739565943	1.890551917680075	1.8555417185554173	2.2293478260869564	2.1596534653465347	2.0	1.8403990024937655	2.555084745762712	2.6484848484848484	3.07981220657277	3.2302158273381294	3.577319587628866	2.881818181818182	2.6804123711340204	2.9285714285714284	1.1333333333333333	1.0	1.1111111111111112	1.0	20.0	0.0	0.0	0.0	0.0	0.0	0.0	0.0	0.0	0.0	0.0
	# checklists reporting species - (Upland Sandpiper)	0.0	0.0	0.0	0.0	0.0	0.0	0.0	0.0	0.0	0.0	0.0	0.0	3	18	134	638	578	425	599	1069	803	920	808	845	401	236	165	213	139	97	110	97	42	15	25	9	1	1	0.0	0.0	0.0	0.0	0.0	0.0	0.0	0.0	0.0	0.0
	
