

	Week starting on...	1/1	1/8	1/15	1/22	2/1	2/8	2/15	2/22	3/1	3/8	3/15	3/22	4/1	4/8	4/15	4/22	5/1	5/8	5/15	5/22	6/1	6/8	6/15	6/22	7/1	7/8	7/15	7/22	8/1	8/8	8/15	8/22	9/1	9/8	9/15	9/22	10/1	10/8	10/15	10/22	11/1	11/8	11/15	11/22	12/1	12/8	12/15	12/22
Frequency (%)
	Ruffed Grouse	1.7439339681724022	1.4885416907064226	1.6934230968410149	1.595017188481869	1.4528170148772759	1.3618494065421438	1.745794343043956	1.466240983800402	1.4673634115616108	1.3352789493673416	1.5044502900796368	1.7525838564453742	2.6448235095423067	3.8240347862678403	4.66108334929396	4.540029898370665	4.387253721277518	4.298436832477078	5.251805535359411	5.4697869367796015	4.182994281428706	2.8537179536754187	2.0341724800323524	1.4889123548046463	1.4836363636363636	1.581040343788083	1.4554761813806014	1.3398826579342338	1.1760051787384018	1.2178419396631501	1.2803423600392871	1.2269938650306749	1.4985274585667263	1.4931915142306118	2.126673234049951	2.5460890327616688	2.9400934711797193	3.1694136719805455	2.6659696811291167	2.6013027662634296	2.230614573710808	2.161516644275265	1.820474681497769	1.6730982713960987	1.6050202136004343	1.800865800865801	2.586602256397713	2.704088960013131
	Total # checklists submitted - (Ruffed Grouse)	62273	43331	38620	54106	37238	53163	75553	42285	42866	50027	55502	78855	59210	57034	57433	79603	83036	91289	82524	85890	53335	51722	49455	56820	41250	31182	26177	36645	27806	27015	28508	43847	34634	34222	34514	43557	35305	37010	34434	47284	36806	33495	30926	37834	33146	28875	32707	48741
	
Abundance
	Ruffed Grouse	0.028648049716570586	0.022593524266691284	0.02721387881926463	0.02341699626658781	0.022127933831032814	0.020709892218272106	0.02661707675406668	0.02225375428638997	0.02083236131199552	0.018050252863453735	0.02068393931750207	0.024361169234671232	0.0361087654112481	0.05403794228004348	0.06807932721606046	0.06439455799404545	0.06374343658172359	0.05936093067072703	0.07111870486161602	0.07383863080684597	0.053623324271116525	0.041761726151347586	0.03154382772217167	0.02613516367476241	0.02736969696969697	0.030113527034827784	0.027963479390304465	0.026142720698594624	0.022728907430051067	0.03298167684619656	0.02332678546372948	0.021575022236412982	0.026043772015938094	0.02477938168429665	0.03476849973923625	0.03716968569919875	0.041750460274748616	0.04836530667387193	0.042922692687460066	0.04088063615599357	0.035048633374993206	0.0329302881027019	0.028390351160835544	0.024845377173970503	0.024497676944427685	0.027636363636363636	0.05032561836915645	0.05194805194805195
	Total # checklists submitted - (Ruffed Grouse)	62273	43331	38620	54106	37238	53163	75553	42285	42866	50027	55502	78855	59210	57034	57433	79603	83036	91289	82524	85890	53335	51722	49455	56820	41250	31182	26177	36645	27806	27015	28508	43847	34634	34222	34514	43557	35305	37010	34434	47284	36806	33495	30926	37834	33146	28875	32707	48741
	
Birds Per Party Hour
	Ruffed Grouse	2.6288659967192474	3.8876965878329597	3.0097612563986074	3.1181076831739616	2.9472849273132455	3.360025466375846	2.4418243658981593	2.4127785253452614	2.6476034569767166	2.882075325658792	2.6418218246000755	2.107281077021972	2.363434533245889	2.369291544156631	2.0582058408882826	1.9283675887930487	1.7911322777141705	1.6128968830163894	1.5204365941102354	2.7806915619096646	5.221563694525937	4.03114646271619	3.9152075245924505	7.804728173512148	3.8885819135629967	3.4426242078894886	2.4391185684464474	2.406877891927177	2.376321255722127	1.7980747220977216	1.7391213028449732	1.5939227815918406	1.5627462772102405	1.7737564454543815	1.3712127867674029	1.7098412594943708	1.4697032355691415	2.002389687175212	1.5392849768181283	2.09150557655199	1.9759618546788764	1.9947888732898778	1.846905036168646	2.3272807249388423	2.2172468339867617	2.3168823140017163	2.0443763005791213	1.8838754698665912
	# checklists reporting species - (Ruffed Grouse)	1196	700	756	963	600	799	1401	705	698	755	904	1496	1658	2220	2702	3681	3661	3877	4214	4514	2208	1465	1021	880	628	520	403	501	353	338	404	555	523	507	747	1154	1074	1231	984	1321	872	774	595	706	589	553	837	1372
	
High Count
	Ruffed Grouse	11	15	13	14	15	8	10	8	12	12	8	18	12	16	32	35	45	12	20	20	21	15	19	19	40	15	19	25	12	200	15	12	18	11	14	23	12	25	30	21	40	15	10	9	9	15	44	35
	# checklists reporting species - (Ruffed Grouse)	1429	848	842	1130	708	879	1526	817	798	854	1049	1735	1865	2511	3086	4181	4103	4398	4849	5217	2485	1703	1248	1133	821	657	533	640	432	434	481	682	629	636	880	1360	1260	1452	1128	1513	1048	887	687	812	686	649	1094	1654
	
Totals
	Ruffed Grouse	2392	1305	1339	1687	1106	1325	2319	1216	1161	1167	1424	2374	2503	3467	4439	5897	5816	5949	6400	6920	3152	2455	1956	2017	1509	1245	977	1258	816	1087	890	1222	1114	1046	1447	1995	1800	2241	1797	2386	1705	1362	1070	1212	1039	1042	2733	3376
	# checklists reporting species - (Ruffed Grouse)	1374	820	830	1104	686	862	1505	803	780	837	1025	1671	1828	2434	2931	3967	3894	4077	4458	4807	2350	1574	1143	1019	736	589	469	574	396	400	459	636	586	587	835	1289	1222	1396	1088	1471	1018	865	668	792	672	632	1071	1590
	
Average Count
	Ruffed Grouse	1.7409024745269286	1.5914634146341464	1.6132530120481927	1.5280797101449275	1.6122448979591837	1.537122969837587	1.5408637873754152	1.514321295143213	1.4884615384615385	1.3942652329749103	1.3892682926829267	1.4207061639736684	1.3692560175054704	1.4244042728019721	1.5145001705902423	1.4865137383413158	1.4935798664612223	1.4591611479028697	1.4356213548676537	1.4395672976908676	1.3412765957446808	1.559720457433291	1.711286089238845	1.9793915603532874	2.0502717391304346	2.1137521222410864	2.0831556503198296	2.191637630662021	2.0606060606060606	2.7175	1.9389978213507626	1.921383647798742	1.901023890784983	1.7819420783645656	1.732934131736527	1.547711404189294	1.4729950900163666	1.6053008595988538	1.6516544117647058	1.6220258327668253	1.674852652259332	1.5745664739884393	1.6017964071856288	1.5303030303030303	1.5461309523809523	1.6487341772151898	2.5518207282913163	2.1232704402515723
	# checklists reporting species - (Ruffed Grouse)	1374	820	830	1104	686	862	1505	803	780	837	1025	1671	1828	2434	2931	3967	3894	4077	4458	4807	2350	1574	1143	1019	736	589	469	574	396	400	459	636	586	587	835	1289	1222	1396	1088	1471	1018	865	668	792	672	632	1071	1590
	
