

	Week starting on...	1/1	1/8	1/15	1/22	2/1	2/8	2/15	2/22	3/1	3/8	3/15	3/22	4/1	4/8	4/15	4/22	5/1	5/8	5/15	5/22	6/1	6/8	6/15	6/22	7/1	7/8	7/15	7/22	8/1	8/8	8/15	8/22	9/1	9/8	9/15	9/22	10/1	10/8	10/15	10/22	11/1	11/8	11/15	11/22	12/1	12/8	12/15	12/22
Frequency (%)
	Bank Swallow	0.0	0.0	0.0	0.0	0.0	0.0	0.0	0.0	0.0	0.0	0.0	0.001268150402637753	0.018577942915048135	0.13150050846863276	0.7086518203820104	2.383076014723063	4.97495062382581	7.2856532550471576	6.98948184770491	6.283618581907091	4.310490297178213	3.4627431267159046	2.9845313921747043	3.2118972192889825	3.2896969696969696	4.278109165544224	5.394048210260916	5.348615090735435	6.059843199309502	5.693133444382751	5.423039146906131	3.5943166009077014	2.015360628284345	0.7597451931506048	0.2549689980877325	0.07346695135110315	0.033989519898031444	0.03242366927857336	0.0029041064064587326	0.006344640893325438	0.005433896647285768	0.005971040453799075	0.0	0.0	0.0	0.0	0.0	0.0
	Total # checklists submitted - (Bank Swallow)	62273	43331	38620	54106	37238	53163	75553	42285	42866	50027	55502	78855	59210	57034	57433	79603	83036	91289	82524	85890	53335	51722	49455	56820	41250	31182	26177	36645	27806	27015	28508	43847	34634	34222	34514	43557	35305	37010	34434	47284	36806	33495	30926	37834	33146	28875	32707	48741
	
Abundance
	Bank Swallow	0.0	0.0	0.0	0.0	0.0	0.0	0.0	0.0	0.0	0.0	0.0	2.5363008052755058E-5	5.404492484377639E-4	0.0025248097625977487	0.026430797625058764	0.15848648920266825	0.7132689435907318	1.3018435956139294	1.4069967524598905	1.1291768541157294	0.6980031874003937	0.8579714628204632	0.4247902133252452	2.581573389651531	3.0783515151515153	3.7126547367070746	3.6355961340107728	3.985345886205485	16.684025030568943	45.80744031093837	29.511084607829382	8.079275663101239	0.2303516775422995	0.06408158494535679	0.01836935736222982	0.0021580916959386552	7.08114997875655E-4	0.002593893542285869	2.9041064064587326E-5	3.172320446662719E-4	5.4338966472857684E-5	5.971040453799075E-5	0.0	0.0	0.0	0.0	0.0	0.0
	Total # checklists submitted - (Bank Swallow)	62273	43331	38620	54106	37238	53163	75553	42285	42866	50027	55502	78855	59210	57034	57433	79603	83036	91289	82524	85890	53335	51722	49455	56820	41250	31182	26177	36645	27806	27015	28508	43847	34634	34222	34514	43557	35305	37010	34434	47284	36806	33495	30926	37834	33146	28875	32707	48741
	
Birds Per Party Hour
	Bank Swallow	0.0	0.0	0.0	0.0	0.0	0.0	0.0	0.0	0.0	0.0	0.0	0.0	0.7937392852978581	4.214028923717335	3.6609986434340542	7.4585608890809985	13.741163145372978	19.81619607855872	21.218514446839727	30.33309013508433	32.70563771373924	32.42647407530585	29.806056472016493	92.05548480567036	70.1980683978236	92.61361585098479	122.3012691121802	81.02667726544036	303.67632273341655	2138.516015050323	636.8840259936821	229.47904119249247	10.248711673995558	7.254143344631904	7.9755267977338695	2.6190765251843398	2.8662064472393802	7.504476164396867	0.59375	0.8888888888888888	0.625	0.7114119922630561	0.0	0.0	0.0	0.0	0.0	0.0
	# checklists reporting species - (Bank Swallow)	0.0	0.0	0.0	0.0	0.0	0.0	0.0	0.0	0.0	0.0	0.0	2	8	79	413	1819	3782	5683	4933	4857	2106	1719	1406	1698	1273	1239	1314	1811	1524	1416	1387	1445	644	246	87	33	11	12	4	6	2	3	1	0.0	0.0	0.0	0.0	0.0
	
High Count
	Bank Swallow	0.0	0.0	0.0	0.0	0.0	0.0	0.0	0.0	0.0	0.0	0.0	2	13	25	75	600	7000	4000	13500	5000	7500	21049	2700	58527	92532	47663	30000	90000	90000	200000	100000	25000	1000	602	100	18	12	34	3	10	1	1	1	0.0	0.0	0.0	0.0	0.0
	# checklists reporting species - (Bank Swallow)	0.0	0.0	0.0	0.0	0.0	0.0	0.0	0.0	0.0	0.0	0.0	5	22	111	546	2174	4605	7461	6415	6015	2551	2016	1700	2090	1550	1492	1566	2167	1873	1696	1678	1758	772	301	111	49	19	17	7	7	2	3	1	0.0	0.0	0.0	0.0	0.0
	
Totals
	Bank Swallow	0.0	0.0	0.0	0.0	0.0	0.0	0.0	0.0	0.0	0.0	0.0	7	56	249	2002	14803	68114	138698	131509	105940	48365	49302	22868	153361	161345	219295	146077	273559	521850	1391336	856632	369189	10129	2918	693	153	38	104	10	19	2	3	1	0.0	0.0	0.0	0.0	0.0
	# checklists reporting species - (Bank Swallow)	0.0	0.0	0.0	0.0	0.0	0.0	0.0	0.0	0.0	0.0	0.0	5	21	108	515	1986	4021	6072	5249	5167	2242	1820	1522	1835	1366	1326	1403	1941	1642	1522	1480	1568	690	276	103	48	17	17	7	7	2	3	1	0.0	0.0	0.0	0.0	0.0
	
Average Count
	Bank Swallow	0.0	0.0	0.0	0.0	0.0	0.0	0.0	0.0	0.0	0.0	0.0	1.4	2.6666666666666665	2.3055555555555554	3.887378640776699	7.453675730110775	16.93956727182293	22.842226613965746	25.054105543913128	20.50319334236501	21.572256913470117	27.08901098901099	15.02496714848883	83.57547683923706	118.11493411420204	165.38084464555052	104.1176051318603	140.93714580113343	317.8136419001218	914.149802890933	578.8054054054054	235.45216836734693	14.679710144927537	10.572463768115941	6.728155339805825	3.1875	2.235294117647059	6.117647058823529	1.4285714285714286	2.7142857142857144	1.0	1.0	1.0	0.0	0.0	0.0	0.0	0.0
	# checklists reporting species - (Bank Swallow)	0.0	0.0	0.0	0.0	0.0	0.0	0.0	0.0	0.0	0.0	0.0	5	21	108	515	1986	4021	6072	5249	5167	2242	1820	1522	1835	1366	1326	1403	1941	1642	1522	1480	1568	690	276	103	48	17	17	7	7	2	3	1	0.0	0.0	0.0	0.0	0.0
	
