

	Week starting on...	1/1	1/8	1/15	1/22	2/1	2/8	2/15	2/22	3/1	3/8	3/15	3/22	4/1	4/8	4/15	4/22	5/1	5/8	5/15	5/22	6/1	6/8	6/15	6/22	7/1	7/8	7/15	7/22	8/1	8/8	8/15	8/22	9/1	9/8	9/15	9/22	10/1	10/8	10/15	10/22	11/1	11/8	11/15	11/22	12/1	12/8	12/15	12/22
Frequency (%)
	Lesser Black-backed Gull	0.6246687970709618	0.6000323094320463	0.5334023821853962	0.4380290540790301	0.31419517696976207	0.20879182890356074	0.1336809921512051	0.2128414331323164	0.2239537162319787	0.1579147260479341	0.20900147742423697	0.24602117811172408	0.2077351798682655	0.2910544587439072	0.33256141939303185	0.27888396165973645	0.2637410279878607	0.35710764714259113	0.310212786583297	0.2270345791128187	0.13312083997375082	0.04833533119368934	0.07481548882822768	0.06863780359028511	0.055757575757575756	0.09941632993393625	0.06494250678076174	0.10915541001500888	0.1582392289433935	0.19988895058300943	0.3998877508067911	0.3443793189955983	0.545706531154357	0.6574718017649466	0.7649069942631975	0.9275202608076772	0.7732615776802153	0.7592542556065929	0.7492594528663531	0.8057693934523306	0.8748573602130088	0.9195402298850575	1.1543684925305568	1.7180314003277475	2.009292222289266	1.0805194805194807	0.7154431773014951	0.6298598715660327
	Total # checklists submitted - (Lesser Black-backed Gull)	62273	43331	38620	54106	37238	53163	75553	42285	42866	50027	55502	78855	59210	57034	57433	79603	83036	91289	82524	85890	53335	51722	49455	56820	41250	31182	26177	36645	27806	27015	28508	43847	34634	34222	34514	43557	35305	37010	34434	47284	36806	33495	30926	37834	33146	28875	32707	48741
	
Abundance
	Lesser Black-backed Gull	0.01053426043389591	0.007731185525374443	0.009088555152770586	0.00665360588474476	0.004699500510231484	0.0024453097078795403	0.001853003851600863	0.0027196405344684874	0.0028694069892222273	0.0018390069362544225	0.0029548484739288674	0.003918584744150656	0.0028035804762709003	0.004313216677771154	0.006546758832030366	0.0045098802808939365	0.0041186955055638515	0.004370734699689995	0.004265425815520333	0.003085341716148562	0.0019499390644042373	6.380263717566993E-4	9.503589121423517E-4	0.001108764519535375	6.060606060606061E-4	0.003078699249567058	9.168353898460481E-4	0.0017464865602401418	0.0025534057397683953	0.003183416620396076	0.007822365651746878	0.005815677241316396	0.01108737079170757	0.012331248904213664	0.018717042359622182	0.018665197327639646	0.018297691545106926	0.0274250202647933	0.0272695591566475	0.019097369088909567	0.018448079117535186	0.02077922077922078	0.022214318049537607	0.027065602368240207	0.03463464671453569	0.017142857142857144	0.011281988565138961	0.01003262140702899
	Total # checklists submitted - (Lesser Black-backed Gull)	62273	43331	38620	54106	37238	53163	75553	42285	42866	50027	55502	78855	59210	57034	57433	79603	83036	91289	82524	85890	53335	51722	49455	56820	41250	31182	26177	36645	27806	27015	28508	43847	34634	34222	34514	43557	35305	37010	34434	47284	36806	33495	30926	37834	33146	28875	32707	48741
	
Birds Per Party Hour
	Lesser Black-backed Gull	3.275437821079693	3.360165956638562	3.4523833212189485	2.9278953834196626	3.6260635951667832	2.4536950788756315	2.756763307627403	2.5726446300993655	2.439853763381093	3.004923645361365	3.04194329037597	4.865940720136412	3.1490208027604303	3.4904791663672206	4.064988085233114	3.565342007105601	3.1694950213725033	1.6963050095117218	1.9788947521871052	1.6798740533190795	1.706174744139462	1.5003866891043045	1.4769197981663351	6.199232267248123	1.3882429213974696	2.4273069648019394	2.3802039762184495	2.30674043528142	1.8761330351198773	4.892689930923425	2.7807598679744556	2.7299649932312264	2.9378426053789277	2.350017752653161	4.811648184520642	3.929750505449134	3.8453613242374423	5.934600670386933	5.800896065595034	4.737030482476846	4.9239363742621105	3.98092432340575	4.0779300264485805	2.25019301269765	2.804811914806668	2.3472710153129435	2.4407606035359524	3.503568593915111
	# checklists reporting species - (Lesser Black-backed Gull)	388	273	204	243	109	101	90	87	94	83	127	215	130	182	213	272	262	341	266	247	103	37	54	58	46	46	33	57	58	70	131	180	215	263	287	454	309	317	284	422	350	351	380	742	733	320	241	326
	
High Count
	Lesser Black-backed Gull	10	8	10	10	7	3	8	7	5	3	8	12	6	17	30	21	9	11	7	6	7	7	3	10	10	27	4	9	10	11	11	12	24	19	58	68	82	89	136	34	23	18	16	14	15	15	12	13
	# checklists reporting species - (Lesser Black-backed Gull)	469	308	251	293	146	138	127	114	118	102	148	240	153	200	235	309	298	430	335	269	112	41	62	64	49	47	39	67	70	73	139	193	223	298	320	499	345	354	316	479	403	381	446	873	867	365	282	381
	
Totals
	Lesser Black-backed Gull	750	398	410	430	205	168	168	139	150	119	210	372	204	299	484	493	436	498	439	360	165	67	75	98	65	115	59	108	101	121	252	310	433	515	736	962	756	1157	1026	1040	798	811	831	1425	1472	592	448	598
	# checklists reporting species - (Lesser Black-backed Gull)	449	300	244	287	141	135	122	112	118	102	147	238	149	199	232	306	290	376	308	265	111	41	61	63	48	47	38	67	69	72	138	191	221	286	312	488	335	343	308	468	393	375	428	836	818	349	273	369
	
Average Count
	Lesser Black-backed Gull	1.670378619153675	1.3266666666666667	1.680327868852459	1.4982578397212543	1.4539007092198581	1.2444444444444445	1.3770491803278688	1.2410714285714286	1.271186440677966	1.1666666666666667	1.4285714285714286	1.5630252100840336	1.3691275167785235	1.5025125628140703	2.086206896551724	1.6111111111111112	1.5034482758620689	1.324468085106383	1.4253246753246753	1.3584905660377358	1.4864864864864864	1.6341463414634145	1.2295081967213115	1.5555555555555556	1.3541666666666667	2.4468085106382977	1.5526315789473684	1.6119402985074627	1.463768115942029	1.6805555555555556	1.826086956521739	1.6230366492146597	1.9592760180995474	1.8006993006993006	2.358974358974359	1.971311475409836	2.256716417910448	3.373177842565598	3.331168831168831	2.2222222222222223	2.030534351145038	2.1626666666666665	1.941588785046729	1.7045454545454546	1.7995110024449879	1.6962750716332378	1.641025641025641	1.6205962059620596
	# checklists reporting species - (Lesser Black-backed Gull)	449	300	244	287	141	135	122	112	118	102	147	238	149	199	232	306	290	376	308	265	111	41	61	63	48	47	38	67	69	72	138	191	221	286	312	488	335	343	308	468	393	375	428	836	818	349	273	369
	
