

	Week starting on...	1/1	1/8	1/15	1/22	2/1	2/8	2/15	2/22	3/1	3/8	3/15	3/22	4/1	4/8	4/15	4/22	5/1	5/8	5/15	5/22	6/1	6/8	6/15	6/22	7/1	7/8	7/15	7/22	8/1	8/8	8/15	8/22	9/1	9/8	9/15	9/22	10/1	10/8	10/15	10/22	11/1	11/8	11/15	11/22	12/1	12/8	12/15	12/22
Frequency (%)
	Bufflehead	10.31104973262891	9.914380005077197	8.399792853443811	8.069345359109896	7.476233954562543	5.343942215450595	4.486916469233519	7.492018446257538	8.654877991881678	12.047494353049354	14.302187308565456	16.66603259146535	19.576085120756627	20.003857348248413	20.1922239827277	17.484265668379333	11.852690399344862	6.188040180087414	2.767679705297853	0.7835603679124461	0.2831161526202306	0.25521054870267973	0.18804974218986958	0.15487504399859206	0.17212121212121212	0.1571419408633186	0.14516560339229093	0.24559967253376994	0.3200748039991369	0.3886729594669628	0.4875824330012628	0.4812187834971606	0.38690304325229546	0.4529250189936298	0.37376137219678973	0.31223454324218836	0.6571307180286079	1.7508781410429615	6.008596154963118	11.908890956771847	18.939846764114545	19.776085982982536	18.84498480243161	16.072844531373896	15.615760574428286	12.848484848484848	10.202708900235423	9.956709956709958
	Total # checklists submitted - (Bufflehead)	62273	43331	38620	54106	37238	53163	75553	42285	42866	50027	55502	78855	59210	57034	57433	79603	83036	91289	82524	85890	53335	51722	49455	56820	41250	31182	26177	36645	27806	27015	28508	43847	34634	34222	34514	43557	35305	37010	34434	47284	36806	33495	30926	37834	33146	28875	32707	48741
	
Abundance
	Bufflehead	1.1777977614696578	1.2999699983845283	1.2078715691351631	0.8063061397996525	0.9785434233847146	0.4771927844553543	0.42214074887827086	0.7255527964999409	0.7846311762235805	1.0822955603973854	1.4048502756657417	1.7947498573330798	2.2370883296740414	2.652312655608935	2.633677502481152	2.114681607477105	1.2216990221108917	0.45583805277744305	0.14057728660753235	0.01761555477936896	0.0040123746132933345	0.004137504350179807	0.002527550298250935	0.0025167194649771208	0.002812121212121212	0.0023090244371752936	0.0025977002712304696	0.004120616728066585	0.007983888369416672	0.014584490098093652	0.013013890837659605	0.016625994936939812	0.010452156840099324	0.013879960259482205	0.011444631164165267	0.011639920104690405	0.02617193032148421	0.1004863550391786	0.6420688854039612	2.130530411978682	4.576210400478183	4.852246603970742	4.901765504753282	4.020484220542369	3.73112894466904	2.288969696969697	1.6229247561684044	1.3665292053917646
	Total # checklists submitted - (Bufflehead)	62273	43331	38620	54106	37238	53163	75553	42285	42866	50027	55502	78855	59210	57034	57433	79603	83036	91289	82524	85890	53335	51722	49455	56820	41250	31182	26177	36645	27806	27015	28508	43847	34634	34222	34514	43557	35305	37010	34434	47284	36806	33495	30926	37834	33146	28875	32707	48741
	
Birds Per Party Hour
	Bufflehead	26.295702911124973	25.9768075369841	33.73916618659106	23.81054074826407	25.671963586084043	20.27936226685012	18.161697918179094	20.099207953984482	16.935515271773408	17.928281820676638	19.32220140305362	22.795060313382475	23.68955975720667	27.815350236244964	24.58483438756735	21.450033495801726	16.90945720455254	11.500740432622678	7.186985260480279	2.8587641095605116	1.5937201164887358	3.4576917344433302	2.0940002038372656	4.004830135437723	2.110056463785429	3.4257486010987246	1.9494430452618112	1.7252328010473492	3.9835211781582442	5.0202695216628115	5.456257870205126	9.539579329909111	3.742017004486488	4.501891487656415	6.1340750283276515	5.12563482401888	5.904269724995838	6.673675253916274	15.74162413109922	30.773751655255023	45.28664441866579	49.16238988858048	58.37756525932316	56.052038968137445	64.365212909353	40.70200896914099	17.65293018908853	22.513193324601996
	# checklists reporting species - (Bufflehead)	5970	4006	2965	3996	2515	2652	3137	2937	3429	5682	7526	12644	11269	10931	11131	13539	9532	5498	2177	699	161	134	104	97	71	50	44	97	91	113	150	219	144	157	134	140	235	660	2067	5545	6832	6375	5534	5719	4851	3442	3145	4633
	
High Count
	Bufflehead	2000	3000	2500	1000	5000	300	400	2200	1000	700	933	1530	1300	1230	1099	600	562	400	600	60	9	12	5	10	19	12	10	15	18	55	30	34	16	40	30	30	70	200	400	1000	4200	4000	5000	3240	5000	7000	3000	2000
	# checklists reporting species - (Bufflehead)	6937	4598	3482	4652	2986	3030	3646	3406	3955	6402	8503	14208	12629	12458	12714	15188	10774	6214	2542	837	199	161	119	116	92	62	52	114	106	127	170	249	168	182	152	165	263	745	2355	6249	7591	7172	6283	6519	5610	3936	3564	5245
	
Totals
	Bufflehead	82132	60874	48260	46530	40457	27056	34001	33219	35865	57685	84519	152584	145647	165533	167147	182471	109009	45075	12644	1778	272	248	153	180	165	100	85	190	248	427	462	767	406	521	456	583	1004	4394	25915	113979	189329	183019	182331	165586	137847	69465	56385	71470
	# checklists reporting species - (Bufflehead)	6292	4229	3134	4243	2690	2794	3333	3162	3669	5959	7873	13316	11877	11639	11829	14227	9984	5760	2342	796	191	153	118	111	91	61	52	112	105	124	169	242	166	173	143	158	256	730	2269	5965	7229	6759	5908	6090	5183	3646	3368	4926
	
Average Count
	Bufflehead	13.053401144310236	14.394419484511705	15.398851308232292	10.966297431062927	15.039776951672863	9.683607730851826	10.201320132013201	10.505692599620494	9.775143090760425	9.680315489176037	10.735297853423091	11.458696305196757	12.262945188178833	14.222269954463442	14.130273057739453	12.825683559429255	10.91836939102564	7.825520833333333	5.398804440649018	2.2336683417085426	1.4240837696335078	1.6209150326797386	1.2966101694915255	1.6216216216216217	1.8131868131868132	1.639344262295082	1.6346153846153846	1.6964285714285714	2.361904761904762	3.443548387096774	2.7337278106508878	3.169421487603306	2.4457831325301207	3.0115606936416186	3.1888111888111887	3.689873417721519	3.921875	6.019178082191781	11.421330982811812	19.10796311818944	26.190206114262	27.07782216304187	30.861712931618143	27.18981937602627	26.595986880185222	19.052386176631927	16.741389548693586	14.508729192042225
	# checklists reporting species - (Bufflehead)	6292	4229	3134	4243	2690	2794	3333	3162	3669	5959	7873	13316	11877	11639	11829	14227	9984	5760	2342	796	191	153	118	111	91	61	52	112	105	124	169	242	166	173	143	158	256	730	2269	5965	7229	6759	5908	6090	5183	3646	3368	4926
	
