

	Week starting on...	1/1	1/8	1/15	1/22	2/1	2/8	2/15	2/22	3/1	3/8	3/15	3/22	4/1	4/8	4/15	4/22	5/1	5/8	5/15	5/22	6/1	6/8	6/15	6/22	7/1	7/8	7/15	7/22	8/1	8/8	8/15	8/22	9/1	9/8	9/15	9/22	10/1	10/8	10/15	10/22	11/1	11/8	11/15	11/22	12/1	12/8	12/15	12/22
Frequency (%)
	Black-bellied Plover	0.0	0.0	0.0	0.0	0.0	0.0	0.0	0.0	0.0	0.0	0.0	0.0	0.0016889039013680122	0.014026720903320827	0.045270140859784445	0.3203396856902378	1.2789633412014068	2.7363647317858666	2.8137269158063107	2.329724065665386	0.5137339458141933	0.13340551409458257	0.060661207158022444	0.026399155227032733	0.02181818181818182	0.016034891924828425	0.21010811017305267	0.6467458043389276	1.319859023232396	1.8249120858782157	2.427388803142977	2.533810751020594	2.66501126061096	2.939629478113494	3.89696934577273	3.586105562825723	2.8211301515366096	2.6128073493650366	2.0473950165534065	1.622113188393537	0.9944030864532957	0.44782803403493054	0.14550863351225504	0.03700375323782841	0.006033910577445243	0.0069264069264069255	0.0	0.0
	Total # checklists submitted - (Black-bellied Plover)	62273	43331	38620	54106	37238	53163	75553	42285	42866	50027	55502	78855	59210	57034	57433	79603	83036	91289	82524	85890	53335	51722	49455	56820	41250	31182	26177	36645	27806	27015	28508	43847	34634	34222	34514	43557	35305	37010	34434	47284	36806	33495	30926	37834	33146	28875	32707	48741
	
Abundance
	Black-bellied Plover	0.0	0.0	0.0	0.0	0.0	0.0	0.0	0.0	0.0	0.0	0.0	0.0	1.688903901368012E-5	1.4026720903320827E-4	0.001514808559538941	0.03263696091855835	0.3364444337395828	1.4345759072834625	2.1125490766322526	1.377727325649086	0.05572325864816725	0.002996790534008739	9.907997169143665E-4	4.575853572685674E-4	2.909090909090909E-4	1.9241870309794111E-4	0.004775184322114834	0.03367444398963024	0.1684168884413436	0.33596150286877663	0.3160165567559983	0.30907473715419526	0.23586648957671652	0.1610367599789609	0.1800428811496784	0.22425786899924238	0.1582778643251664	0.17830316130775467	0.1366091653598188	0.10817612723119871	0.04178666521762756	0.01567398119122257	0.003168854685377999	4.2290003700375323E-4	6.033910577445242E-5	6.926406926406926E-5	0.0	0.0
	Total # checklists submitted - (Black-bellied Plover)	62273	43331	38620	54106	37238	53163	75553	42285	42866	50027	55502	78855	59210	57034	57433	79603	83036	91289	82524	85890	53335	51722	49455	56820	41250	31182	26177	36645	27806	27015	28508	43847	34634	34222	34514	43557	35305	37010	34434	47284	36806	33495	30926	37834	33146	28875	32707	48741
	
Birds Per Party Hour
	Black-bellied Plover	0.0	0.0	0.0	0.0	0.0	0.0	20.0	0.0	0.0	0.0	0.0	0.0	1.4	3.252455487589827	3.1879035599885035	15.832640798349324	48.38781517319213	107.32274818009488	139.5095693401847	103.14174856652458	8.599687133296186	1.6222909814484823	1.1801701799321134	1.164905920386965	4.165403681621856	3.115280665873587	0.38358762555951265	1.0977256336241088	2.9528835712672534	10.484825000597933	6.201075260866845	5.695443391570869	4.854442508225113	3.8654196241789704	3.8432814079246023	6.030721906061993	5.696308981930718	6.414589005479068	8.68803185747296	6.38421712693837	3.7232253409308123	2.0688255533220614	1.4432582534339071	0.24280535356537547	4.016064257028113	0.07692307692307693	0.0	0.0
	# checklists reporting species - (Black-bellied Plover)	0.0	0.0	0.0	0	0.0	0.0	1	0.0	0.0	0.0	0.0	0.0	3	16	43	315	1093	2327	2347	2396	368	103	48	34	12	17	59	264	436	631	923	1404	1103	1220	1632	1900	1201	1114	850	960	450	191	52	18	3	2	0.0	0.0
	
High Count
	Black-bellied Plover	0.0	0.0	0.0	1	0.0	0.0	20	0.0	0.0	0.0	0.0	0.0	4	5	10	250	1700	4000	5544	6100	1000	25	7	7	3	50	11	41	212	605	256	998	1250	130	250	200	150	400	250	150	79	40	10	4	1	1	0.0	0.0
	# checklists reporting species - (Black-bellied Plover)	0.0	0.0	0.0	1	0.0	0.0	1	0.0	0.0	0.0	0.0	0.0	4	17	49	367	1395	3339	3128	2923	477	132	60	51	18	21	63	290	508	748	1102	1706	1427	1583	2017	2287	1433	1379	1073	1254	588	278	95	36	5	4	0.0	0.0
	
Totals
	Black-bellied Plover	0.0	0.0	0.0	1	0.0	0.0	20	0.0	0.0	0.0	0.0	0.0	9	24	155	3328	34163	166763	247681	181753	4692	321	94	76	26	102	134	1333	5078	9953	10924	15938	10407	8200	9639	13661	8381	9638	7150	8209	2531	872	183	45	5	4	0.0	0.0
	# checklists reporting species - (Black-bellied Plover)	0.0	0.0	0.0	1	0.0	0.0	1	0.0	0.0	0.0	0.0	0.0	4	17	46	343	1197	2641	2599	2734	457	128	59	51	18	21	63	288	497	732	1057	1632	1367	1507	1936	2203	1386	1338	1048	1218	570	274	94	36	5	4	0.0	0.0
	
Average Count
	Black-bellied Plover	0.0	0.0	0.0	1.0	0.0	0.0	20.0	0.0	0.0	0.0	0.0	0.0	2.25	1.411764705882353	3.369565217391304	9.70262390670554	28.540517961570593	63.143884892086334	95.29857637552905	66.47878566203364	10.266958424507658	2.5078125	1.5932203389830508	1.4901960784313726	1.4444444444444444	4.857142857142857	2.126984126984127	4.628472222222222	10.217303822937625	13.596994535519126	10.334910122989593	9.76593137254902	7.613021214337967	5.441274054412741	4.978822314049586	6.201089423513391	6.046897546897547	7.203288490284006	6.822519083969466	6.739737274220033	4.440350877192983	3.1824817518248176	1.946808510638298	1.25	1.0	1.0	0.0	0.0
	# checklists reporting species - (Black-bellied Plover)	0.0	0.0	0.0	1	0.0	0.0	1	0.0	0.0	0.0	0.0	0.0	4	17	46	343	1197	2641	2599	2734	457	128	59	51	18	21	63	288	497	732	1057	1632	1367	1507	1936	2203	1386	1338	1048	1218	570	274	94	36	5	4	0.0	0.0
	
