

	Week starting on...	1/1	1/8	1/15	1/22	2/1	2/8	2/15	2/22	3/1	3/8	3/15	3/22	4/1	4/8	4/15	4/22	5/1	5/8	5/15	5/22	6/1	6/8	6/15	6/22	7/1	7/8	7/15	7/22	8/1	8/8	8/15	8/22	9/1	9/8	9/15	9/22	10/1	10/8	10/15	10/22	11/1	11/8	11/15	11/22	12/1	12/8	12/15	12/22
Frequency (%)
	Northern Cardinal	27.745571917203282	29.6900602340126	30.647332988089072	31.519609655121428	31.803534024383694	36.7135037526099	37.741717734570436	33.4515785739624	35.45233984976438	36.644212125452256	38.086915786818494	37.485257751569335	37.4125992231042	39.099484518006804	39.51909181132798	41.95947388917503	46.252227949323185	45.65500772272672	42.12835054044884	33.570846431482124	26.787287897253208	24.473144889988784	22.879385299767467	23.400211193241816	24.724848484848486	28.214995830928096	32.33754822936165	33.396097694091964	34.014241530604906	32.35980011104942	32.19447172723446	30.978174105412	31.547034705780447	30.40441821050786	28.220432288346757	27.2700140046376	27.364395977906813	28.038368008646312	28.16692803624325	28.44091024448016	28.82410476552736	28.899835796387517	28.794541809480695	28.807421895649416	27.605140891811985	29.3021645021645	34.55835142324273	31.708417964342132
	Total # checklists submitted - (Northern Cardinal)	62273	43331	38620	54106	37238	53163	75553	42285	42866	50027	55502	78855	59210	57034	57433	79603	83036	91289	82524	85890	53335	51722	49455	56820	41250	31182	26177	36645	27806	27015	28508	43847	34634	34222	34514	43557	35305	37010	34434	47284	36806	33495	30926	37834	33146	28875	32707	48741
	
Abundance
	Northern Cardinal	0.8250606201724664	0.8619233343333872	0.8950284826514759	0.9666210771448638	0.966754390676191	1.1108477700656472	1.087938268500258	0.9695636750620787	1.0242849811039052	1.0151917964299277	1.033638427444056	0.9959926447276647	0.9814220570849519	1.044464705263527	1.0450786133407624	1.145434217303368	1.2386314369670985	1.1537972811620238	1.0185037080122146	0.7450809174525556	0.5489828442861161	0.4835853215266231	0.4480841168739258	0.4521823301654347	0.48855757575757575	0.5639471489962158	0.6579821981128472	0.6914449447400737	0.7361360857368913	0.7119378123264852	0.7441069173565314	0.7490136155267179	0.8179245827799272	0.7840862603003915	0.723474532073941	0.6877195399132172	0.683132700750602	0.662388543636855	0.6596096880989719	0.6938922257000254	0.748220398848014	0.7269741752500373	0.7581323158507405	0.7719775862980388	0.7787968382308574	0.9074978354978355	1.5013299905219066	1.142980242506309
	Total # checklists submitted - (Northern Cardinal)	62273	43331	38620	54106	37238	53163	75553	42285	42866	50027	55502	78855	59210	57034	57433	79603	83036	91289	82524	85890	53335	51722	49455	56820	41250	31182	26177	36645	27806	27015	28508	43847	34634	34222	34514	43557	35305	37010	34434	47284	36806	33495	30926	37834	33146	28875	32707	48741
	
Birds Per Party Hour
	Northern Cardinal	6.091102628093386	6.147993754161608	6.016304699537208	6.3947101511680025	6.314838398262647	6.566668805764973	5.814056826677135	6.237174665911046	6.065362302044082	5.5865484079721766	5.303617531552929	5.109480228885214	4.519801296655229	4.389388620187628	4.299644500460332	3.9874085979283254	3.495040394732409	3.1752402865809164	2.8940413890120524	3.32233716904893	4.0522611494487535	4.4105491187722174	4.398885393374834	4.873547417145041	4.323468039513371	4.0084007232375045	3.6531526779975927	3.7703949120917937	3.596319190463247	3.5016498754535172	3.41547892970499	3.2237174574232053	3.196463421955361	3.5262843115694222	3.2924599424043155	3.540965299937995	3.538338558300214	3.2679510528296394	3.465515044143153	3.505181622309679	3.6619390480786076	3.8083789602851845	4.50291332532169	4.848439277065622	4.852044381475772	4.895436133916831	4.908909633295217	4.969575276048222
	# checklists reporting species - (Northern Cardinal)	17301	12905	11862	17126	11985	19854	29045	14280	15386	18478	21201	29537	22134	22123	22448	33281	37786	40055	33597	28513	14286	12609	11321	13338	10234	8869	8547	12278	9480	8812	9205	13525	10829	10378	9717	11862	9743	10472	9738	13514	10664	9767	8925	10943	9190	8466	11244	15441
	
High Count
	Northern Cardinal	128	40	45	50	36	51	45	58	39	47	45	53	47	51	37	60	50	79	50	52	38	34	33	43	27	25	26	26	35	48	38	30	31	40	31	31	38	36	31	29	88	30	33	30	128	205	339	155
	# checklists reporting species - (Northern Cardinal)	18795	13849	12753	18343	12862	20752	30163	15275	16416	19686	22619	31593	23857	23869	24336	35648	41153	44853	37328	31049	15386	13574	12242	14316	11081	9565	9209	13254	10274	9489	9899	14549	11662	11122	10403	12693	10452	11140	10420	14456	11401	10376	9534	11727	9890	9073	12089	16628
	
Totals
	Northern Cardinal	54680	39303	36459	55074	38156	61864	85682	43205	46235	53383	59960	82029	60973	62294	62771	95119	107691	110537	88060	67053	30665	26204	23312	27016	21266	18557	18248	26658	21591	20363	22414	34408	29624	28094	26188	31414	25494	25857	23967	34474	29019	25622	24512	30685	27222	27837	56601	59844
	# checklists reporting species - (Northern Cardinal)	18197	13500	12391	17926	12526	20418	29773	14932	16057	19225	21977	30700	23024	22976	23376	34274	38838	41249	34544	29387	14730	13053	11752	13787	10606	9178	8859	12750	9841	9129	9533	14022	11258	10785	10040	12304	10121	10827	10154	14081	11107	10152	9341	11475	9646	8865	11848	16243
	
Average Count
	Northern Cardinal	3.0048909160850688	2.9113333333333333	2.9423775320797354	3.072297221912306	3.04614402043749	3.029875599960819	2.877842340375508	2.89345030806322	2.8794295322912125	2.7767490247074123	2.7283068662692815	2.6719543973941366	2.6482366226546215	2.7112639275766015	2.6852754962354553	2.775252377895781	2.7728255831917195	2.679749812116657	2.5492125984251968	2.2817232109436145	2.081805838424983	2.0075078526009347	1.9836623553437713	1.9595270907376514	2.0050914576654724	2.0219001961211593	2.0598261654814314	2.0908235294117645	2.193984351183823	2.2305838536531932	2.351201090947236	2.4538582227927543	2.6313732456919525	2.6049142327306445	2.6083665338645416	2.5531534460338103	2.5189210552316963	2.3881961762261015	2.3603506007484736	2.4482636176407926	2.612676690375439	2.5238376674546887	2.624130178781715	2.674074074074074	2.8221024258760106	3.1401015228426394	4.777261985145172	3.684294773133042
	# checklists reporting species - (Northern Cardinal)	18197	13500	12391	17926	12526	20418	29773	14932	16057	19225	21977	30700	23024	22976	23376	34274	38838	41249	34544	29387	14730	13053	11752	13787	10606	9178	8859	12750	9841	9129	9533	14022	11258	10785	10040	12304	10121	10827	10154	14081	11107	10152	9341	11475	9646	8865	11848	16243
	
