

	Week starting on...	1/1	1/8	1/15	1/22	2/1	2/8	2/15	2/22	3/1	3/8	3/15	3/22	4/1	4/8	4/15	4/22	5/1	5/8	5/15	5/22	6/1	6/8	6/15	6/22	7/1	7/8	7/15	7/22	8/1	8/8	8/15	8/22	9/1	9/8	9/15	9/22	10/1	10/8	10/15	10/22	11/1	11/8	11/15	11/22	12/1	12/8	12/15	12/22
Frequency (%)
	Northern Goshawk	0.18788238883625327	0.1338533613348411	0.18643190056965303	0.15709902783425128	0.1799237338202911	0.14295656753757313	0.11647452781491138	0.13243466950455246	0.1306396678019876	0.10594279089291782	0.13152679182732155	0.14456914590070383	0.138490119912177	0.15078724971069887	0.10969303362178538	0.11934223584538271	0.09152656679030782	0.04053062252845359	0.08845911492414328	0.10827803003842122	0.11812130870910284	0.12567186110359227	0.08896977049843292	0.09855684618092223	0.09454545454545454	0.10262330831890193	0.1489857508499828	0.10369763951425842	0.17262461339279292	0.19618730334999077	0.19994387540339556	0.15736538417679657	0.12126811803430154	0.16655952311378644	0.15356087384829345	0.23647174966136328	0.26058631921824105	0.38097811402323695	0.6011500261369577	0.6746468149902716	0.5515405096995055	0.3821465890431408	0.25544848994373665	0.17973251572659513	0.18403427261207989	0.16623376623376623	0.3179747454673312	0.2831291930817997
	Total # checklists submitted - (Northern Goshawk)	62273	43331	38620	54106	37238	53163	75553	42285	42866	50027	55502	78855	59210	57034	57433	79603	83036	91289	82524	85890	53335	51722	49455	56820	41250	31182	26177	36645	27806	27015	28508	43847	34634	34222	34514	43557	35305	37010	34434	47284	36806	33495	30926	37834	33146	28875	32707	48741
	
Abundance
	Northern Goshawk	0.0018627655645303742	0.0013616117790957974	0.0018643190056965304	0.0015894725169112484	0.0018260916268328052	0.0014295656753757313	0.0011382737945548158	0.0013243466950455245	0.001306396678019876	0.0010794171147580306	0.0014233721307340276	0.0014456914590070381	0.0015875696672859314	0.0015780061016235929	0.0010969303362178538	0.0012059846990691305	9.754805144756491E-4	4.162604475895234E-4	9.088265231932529E-4	0.0011875654907439748	0.0015562013687072278	0.00131472100846835	9.705793145283591E-4	0.0011263639563533967	9.212121212121212E-4	9.620935154897056E-4	0.00171906635596134	0.001255287215172602	0.0017262461339279292	0.002146955395150842	0.002806229830223095	0.0018017196159372363	0.0013570479875267079	0.0016655952311378645	0.0018253462363099033	0.0026402185641802695	0.003002407590992777	0.005295865982166982	0.007202183888017657	0.009453514931054903	0.00798782807151008	0.005284370801612181	0.0029425079221367134	0.0017708939049532167	0.0018101731732335727	0.001593073593073593	0.003302045433699208	0.0029133583635953305
	Total # checklists submitted - (Northern Goshawk)	62273	43331	38620	54106	37238	53163	75553	42285	42866	50027	55502	78855	59210	57034	57433	79603	83036	91289	82524	85890	53335	51722	49455	56820	41250	31182	26177	36645	27806	27015	28508	43847	34634	34222	34514	43557	35305	37010	34434	47284	36806	33495	30926	37834	33146	28875	32707	48741
	
Birds Per Party Hour
	Northern Goshawk	2.2492895433258306	2.407104350933621	1.6729314843900394	2.4827785639372917	1.5644979532111944	3.061866985461944	1.5295344268285351	3.2579013633338096	2.887099777474436	2.960603102133858	1.27290027415565	1.313097919905351	1.8921461536623922	1.1846098908291098	1.2458803177382143	1.4209558958159876	2.113967045998093	1.3920116045256774	1.9190966210516422	2.2768739633132182	2.7503251440631376	3.019805485932063	2.5685626873271725	4.8325395540488625	2.0557092427420187	1.3421937410326388	0.5318232634243006	2.3240427839819837	0.7472800432989489	0.24218639743766268	2.493806550390962	0.9596910975777598	0.4836444318668486	1.4954775199722579	0.7123328485751743	1.0410760793197733	0.5535312527109432	0.7655671951937175	0.6171769175226385	0.9759269575865359	0.7050099097536378	0.6791563582329644	1.4855137073650173	1.2344845209958701	1.4047116223044818	2.2866531749558106	1.7121199869929258	1.1759336146709987
	# checklists reporting species - (Northern Goshawk)	115	51	77	97	64	77	93	51	67	58	93	110	90	84	74	112	94	42	73	96	75	71	52	58	45	34	44	41	47	63	64	82	47	60	56	104	105	164	236	379	269	159	116	90	76	56	97	144
	
High Count
	Northern Goshawk	2	2	2	2	3	2	1	2	24	6	14	10	24	12	7	3	4	2	2	4	6	3	5	5	2	2	3	4	2	4	10	5	3	13	8	5	10	32	7	15	25	28	5	6	3	1	2	3
	# checklists reporting species - (Northern Goshawk)	197	114	123	161	110	125	138	88	121	119	149	210	147	149	134	176	133	67	100	132	98	98	63	86	63	51	56	57	61	77	80	117	72	92	94	170	169	241	328	514	378	237	162	131	114	87	161	246
	
Totals
	Northern Goshawk	198	116	128	157	111	125	133	87	159	129	200	268	250	183	150	186	138	69	102	135	119	102	75	98	60	49	65	70	60	87	102	132	75	113	114	194	215	390	399	698	515	350	180	140	115	84	164	248
	# checklists reporting species - (Northern Goshawk)	191	114	122	155	107	123	133	85	117	117	146	204	145	148	129	173	125	63	92	122	91	92	63	79	56	44	55	55	55	75	76	112	67	87	94	170	167	234	319	504	370	232	158	130	112	84	155	240
	
Average Count
	Northern Goshawk	1.036649214659686	1.0175438596491229	1.0491803278688525	1.0129032258064516	1.0373831775700935	1.016260162601626	1.0	1.0235294117647058	1.358974358974359	1.1025641025641026	1.36986301369863	1.3137254901960784	1.7241379310344827	1.2364864864864864	1.1627906976744187	1.0751445086705202	1.104	1.0952380952380953	1.108695652173913	1.1065573770491803	1.3076923076923077	1.108695652173913	1.1904761904761905	1.240506329113924	1.0714285714285714	1.1136363636363635	1.1818181818181819	1.2727272727272727	1.0909090909090908	1.16	1.3421052631578947	1.1785714285714286	1.1194029850746268	1.2988505747126438	1.2127659574468086	1.1411764705882352	1.2874251497005988	1.6666666666666667	1.250783699059561	1.3849206349206349	1.3918918918918919	1.5086206896551724	1.139240506329114	1.0769230769230769	1.0267857142857142	1.0	1.0580645161290323	1.0333333333333334
	# checklists reporting species - (Northern Goshawk)	191	114	122	155	107	123	133	85	117	117	146	204	145	148	129	173	125	63	92	122	91	92	63	79	56	44	55	55	55	75	76	112	67	87	94	170	167	234	319	504	370	232	158	130	112	84	155	240
	
