

	Week starting on...	1/1	1/8	1/15	1/22	2/1	2/8	2/15	2/22	3/1	3/8	3/15	3/22	4/1	4/8	4/15	4/22	5/1	5/8	5/15	5/22	6/1	6/8	6/15	6/22	7/1	7/8	7/15	7/22	8/1	8/8	8/15	8/22	9/1	9/8	9/15	9/22	10/1	10/8	10/15	10/22	11/1	11/8	11/15	11/22	12/1	12/8	12/15	12/22
Frequency (%)
	Iceland Gull	2.0618887800491383	2.2524289769449126	1.8151216986017609	1.7835360218829706	1.4232772973843923	0.8821925023042342	0.7544372824374942	1.144613929289346	1.0871086642093968	1.0294441001858996	0.7855572772152354	0.6391478029294274	0.47964870798851544	0.526002033874531	0.840979924433688	0.5539992211348819	0.28541837275398624	0.189508045876283	0.13814163152537445	0.08732099196646874	0.0037498828161619947	0.0019334132477475735	0.0	0.0	0.0024242424242424242	0.0	0.0	0.0027288852503752218	0.007192692224699705	0.0	0.0	0.004561315483385408	0.0028873361436738466	0.005844193793466191	0.0028973749782696878	0.022958422297219738	0.03682197988953406	0.01621183463928668	0.07260266016146831	0.1565011420353608	0.2988643156007173	0.48066875653082547	1.1543684925305568	2.4977533435534176	2.9867857358353946	2.102164502164502	1.803895190631975	1.9059929012535646
	Total # checklists submitted - (Iceland Gull)	62273	43331	38620	54106	37238	53163	75553	42285	42866	50027	55502	78855	59210	57034	57433	79603	83036	91289	82524	85890	53335	51722	49455	56820	41250	31182	26177	36645	27806	27015	28508	43847	34634	34222	34514	43557	35305	37010	34434	47284	36806	33495	30926	37834	33146	28875	32707	48741
	
Abundance
	Iceland Gull	0.03792976089155814	0.04149454201380074	0.03881408596582082	0.03631759878756515	0.028197003061388903	0.0186219739292365	0.014532844493269626	0.0217571242757479	0.020015863388233097	0.019449497271473406	0.012431984432993405	0.009688669076152432	0.007633845634183415	0.00864396675667146	0.020075566312050562	0.01097948569777521	0.00578062527096681	0.003428671581461074	0.0017085938636033154	9.663523110955874E-4	3.749882816161995E-5	1.9334132477475734E-5	0.0	0.0	2.4242424242424244E-5	0.0	0.0	2.7288852503752216E-5	7.192692224699705E-5	0.0	0.0	4.561315483385408E-5	2.8873361436738465E-5	5.8441937934661916E-5	2.8973749782696876E-5	2.0662580067497762E-4	3.965443988103668E-4	1.621183463928668E-4	9.583551141313818E-4	0.0016284578292868623	0.0033690159213171766	0.0056724884311091205	0.01561792666364871	0.036633715705450126	0.05044349242744223	0.03612121212121212	0.031583453083437796	0.03686834492521696
	Total # checklists submitted - (Iceland Gull)	62273	43331	38620	54106	37238	53163	75553	42285	42866	50027	55502	78855	59210	57034	57433	79603	83036	91289	82524	85890	53335	51722	49455	56820	41250	31182	26177	36645	27806	27015	28508	43847	34634	34222	34514	43557	35305	37010	34434	47284	36806	33495	30926	37834	33146	28875	32707	48741
	
Birds Per Party Hour
	Iceland Gull	3.8211011321915547	3.660474738226385	4.634925586309304	3.8923224106962344	3.6414148638881776	3.3219149187130412	3.392229469194725	3.2653068757395904	2.841246132452424	2.8307727656524606	2.2401316418016326	2.444512567952679	2.2556854010820535	1.578352939210724	2.218174151843901	1.6574361943349427	3.0188696178507466	1.920505398405767	0.7780505979711918	1.064182443574519	0.8972781925828172	0.0	0.0	0.0	1.3343343343343343	0.0	0.0	1.9342359767891684	2.0	0.0	0.0	0.9907178828873309	1.3333333333333333	0.5333333333333333	0.0	0.08340334739516704	0.8475790539097768	0.5830179562665997	0.39275114688755125	0.9289841615731518	1.5284004705988707	2.396379504797085	2.498067432103089	2.4462124029790777	2.9702508377926624	3.0629418273387734	2.5675693896957132	3.4750739722691955
	# checklists reporting species - (Iceland Gull)	1310	995	713	971	514	460	562	485	461	517	443	523	298	324	521	499	271	213	145	86	8	1	0.0	1	3	0	0.0	1	2	0.0	0.0	2	1	2	1	11	19	11	27	89	121	185	370	1045	1096	637	599	989
	
High Count
	Iceland Gull	50	20	46	150	20	35	30	20	25	18	20	16	20	13	26	24	24	12	5	3	1	1	0.0	1	1	1	0.0	1	1	0.0	0.0	1	1	1	1	1	3	14	6	5	5	8	7	51	66	15	47	34
	# checklists reporting species - (Iceland Gull)	1602	1177	866	1164	637	588	695	594	564	631	538	640	377	398	591	574	313	247	170	108	11	5	0.0	1	3	1	0.0	1	2	0.0	0.0	2	2	4	3	21	26	27	45	114	173	237	487	1263	1335	757	778	1221
	
Totals
	Iceland Gull	2891	2083	1840	2283	1217	1224	1307	1102	1004	1160	851	979	610	641	1349	1094	604	401	199	114	10	5	0.0	1	3	1	0.0	1	2	0.0	0.0	2	2	2	3	18	27	34	45	117	185	257	627	1910	2236	1288	1303	2246
	# checklists reporting species - (Iceland Gull)	1546	1146	845	1134	621	574	674	589	560	620	522	630	370	390	582	571	308	242	169	106	10	5	0.0	1	3	1	0.0	1	2	0.0	0.0	2	2	2	3	18	23	18	34	108	158	217	452	1198	1250	729	737	1172
	
Average Count
	Iceland Gull	1.869987063389392	1.817626527050611	2.1775147928994083	2.013227513227513	1.959742351046699	2.132404181184669	1.9391691394658754	1.8709677419354838	1.792857142857143	1.8709677419354838	1.6302681992337165	1.553968253968254	1.6486486486486487	1.6435897435897435	2.3178694158075603	1.915936952714536	1.9610389610389611	1.6570247933884297	1.1775147928994083	1.0754716981132075	1.0	1.0	0.0	1.0	1.0	1.0	0.0	1.0	1.0	0.0	0.0	1.0	1.0	1.0	1.0	1.0	1.173913043478261	1.8888888888888888	1.3235294117647058	1.0833333333333333	1.1708860759493671	1.1843317972350231	1.3871681415929205	1.5943238731218699	1.7888	1.766803840877915	1.7679782903663501	1.916382252559727
	# checklists reporting species - (Iceland Gull)	1546	1146	845	1134	621	574	674	589	560	620	522	630	370	390	582	571	308	242	169	106	10	5	0.0	1	3	1	0.0	1	2	0.0	0.0	2	2	2	3	18	23	18	34	108	158	217	452	1198	1250	729	737	1172
	
