

	Week starting on...	1/1	1/8	1/15	1/22	2/1	2/8	2/15	2/22	3/1	3/8	3/15	3/22	4/1	4/8	4/15	4/22	5/1	5/8	5/15	5/22	6/1	6/8	6/15	6/22	7/1	7/8	7/15	7/22	8/1	8/8	8/15	8/22	9/1	9/8	9/15	9/22	10/1	10/8	10/15	10/22	11/1	11/8	11/15	11/22	12/1	12/8	12/15	12/22
Frequency (%)
	Great Horned Owl	1.083936858670692	0.9369735293438878	0.9192128430864838	0.9444423908623812	0.896933240238466	0.6846867182062712	0.6511984964197318	0.9081234480312167	0.7721737507581766	0.9534851180362603	0.9909552808907787	1.0259336757339421	0.9288971457524067	1.0064172248132692	1.0290251249281772	1.1519666344233257	1.472855147165085	1.491965077939292	1.0227327807668072	0.5169402724414949	0.35061404331114654	0.25327713545493213	0.24466686887069053	0.20767335445265753	0.31272727272727274	0.29183503303187736	0.3399931237345762	0.3902305908036567	0.4099834568078832	0.4960207292245049	0.4981057948645994	0.5929710128401031	0.6323266154645724	0.5493542165858221	0.602653995480095	0.5877356108088252	0.5863192182410424	0.548500405295866	0.44723238659464487	0.49911175027493443	0.5950116828777917	0.5791909240185102	0.6596391385888897	0.6343500555056298	0.7180353587159839	0.896969696969697	2.05766349711071	1.6885168543936315
	Total # checklists submitted - (Great Horned Owl)	62273	43331	38620	54106	37238	53163	75553	42285	42866	50027	55502	78855	59210	57034	57433	79603	83036	91289	82524	85890	53335	51722	49455	56820	41250	31182	26177	36645	27806	27015	28508	43847	34634	34222	34514	43557	35305	37010	34434	47284	36806	33495	30926	37834	33146	28875	32707	48741
	
Abundance
	Great Horned Owl	0.014805774573250044	0.012069880685883086	0.012221646815121699	0.011569881344028388	0.010741715451957677	0.008257622782762448	0.007742908951332178	0.010996807378503014	0.009214762282461625	0.011553760969076699	0.013152679182732155	0.015331938367890431	0.014102347576422902	0.01511379177332819	0.014225271185555343	0.01695915983065965	0.021388313502577194	0.018841262364578427	0.013850516213465175	0.006578181394807312	0.004499859379394394	0.0029581222690537876	0.002770195126883025	0.0026575149595212955	0.003515151515151515	0.003303187736514656	0.003934751881422623	0.004693682630645382	0.0046752499460548085	0.006181750879141218	0.006033394134979655	0.007024425844413529	0.007391580527805047	0.006165624452106832	0.0074172799443704	0.007346695135110316	0.007109474578671576	0.006592812753309916	0.005401637916013243	0.006323492090347686	0.0072270825408900724	0.007165248544558889	0.00824548923236112	0.007955806946133109	0.008749170337295602	0.011913419913419914	0.03415171064298163	0.024927678956114974
	Total # checklists submitted - (Great Horned Owl)	62273	43331	38620	54106	37238	53163	75553	42285	42866	50027	55502	78855	59210	57034	57433	79603	83036	91289	82524	85890	53335	51722	49455	56820	41250	31182	26177	36645	27806	27015	28508	43847	34634	34222	34514	43557	35305	37010	34434	47284	36806	33495	30926	37834	33146	28875	32707	48741
	
Birds Per Party Hour
	Great Horned Owl	4.531796797836647	4.063022589735848	2.995556031283476	3.613808140772989	4.21792489452036	3.1268416727339488	3.185766201960291	4.17928085426447	3.484667054073702	3.8124874959691804	4.870221668103877	4.020186606722706	3.539938471125233	3.4592788370602863	3.448411430546682	2.7338967562777143	1.8676676857556131	1.7454827700004636	1.6761348217046392	2.5696881315702655	3.148678734398857	2.8457493903226077	1.91071304706938	2.6690248600615063	2.8561392192287434	2.695151611609448	5.015104012874687	2.1621537121748333	1.9703086286649563	3.586010555272486	1.5268589924149412	2.5641553322015795	2.4952145777900245	2.4311009363383382	3.262349177698615	2.2471224446628404	3.3021732419233403	3.343467961540874	2.2042295082163865	3.3587420249235773	2.497004637951657	3.083464395600214	3.534898610986767	3.0538847599671812	2.4666223316668785	2.241902604558698	2.6634527080916954	2.682847091887918
	# checklists reporting species - (Great Horned Owl)	742	484	424	595	387	453	586	456	398	552	611	929	620	663	655	997	1230	1275	845	496	215	141	145	145	161	124	110	159	139	163	184	294	265	233	274	320	248	261	218	289	263	244	238	272	296	309	732	908
	
High Count
	Great Horned Owl	8	4	8	5	5	5	6	6	3	18	13	33	8	7	8	8	6	5	10	5	4	4	4	5	4	4	3	3	3	4	3	4	4	5	4	4	4	6	3	4	4	7	3	8	6	23	38	12
	# checklists reporting species - (Great Horned Owl)	931	582	500	741	488	543	702	568	503	640	736	1080	724	755	784	1148	1549	1735	1085	620	269	187	219	211	203	151	140	196	164	199	210	363	312	274	328	390	299	317	264	350	328	306	311	364	387	383	917	1075
	
Totals
	Great Horned Owl	1247	730	649	897	580	654	843	689	591	810	953	1668	1067	1123	1104	1664	2218	2165	1412	768	328	212	242	240	226	178	155	230	185	249	251	418	359	316	396	483	357	383	320	428	380	382	379	447	478	528	1671	1563
	# checklists reporting species - (Great Horned Owl)	911	574	492	725	471	533	692	556	490	623	719	1058	698	731	748	1097	1384	1460	957	561	255	168	202	189	188	148	135	186	158	195	210	351	305	265	321	383	292	310	259	344	315	300	300	352	380	375	901	1057
	
Average Count
	Great Horned Owl	1.3688254665203075	1.2717770034843205	1.3191056910569106	1.2372413793103447	1.2314225053078556	1.2270168855534709	1.2182080924855492	1.2392086330935252	1.2061224489795919	1.3001605136436598	1.325452016689847	1.5765595463137996	1.5286532951289398	1.5362517099863202	1.4759358288770053	1.5168641750227894	1.6026011560693643	1.4828767123287672	1.4754440961337514	1.3689839572192513	1.2862745098039217	1.2619047619047619	1.198019801980198	1.2698412698412698	1.202127659574468	1.2027027027027026	1.1481481481481481	1.2365591397849462	1.1708860759493671	1.2769230769230768	1.1952380952380952	1.190883190883191	1.1770491803278689	1.1924528301886792	1.233644859813084	1.2610966057441253	1.2226027397260273	1.235483870967742	1.2355212355212355	1.244186046511628	1.2063492063492063	1.2733333333333334	1.2633333333333334	1.2698863636363635	1.2578947368421052	1.408	1.8546059933407326	1.478713339640492
	# checklists reporting species - (Great Horned Owl)	911	574	492	725	471	533	692	556	490	623	719	1058	698	731	748	1097	1384	1460	957	561	255	168	202	189	188	148	135	186	158	195	210	351	305	265	321	383	292	310	259	344	315	300	300	352	380	375	901	1057
	
