

	Week starting on...	1/1	1/8	1/15	1/22	2/1	2/8	2/15	2/22	3/1	3/8	3/15	3/22	4/1	4/8	4/15	4/22	5/1	5/8	5/15	5/22	6/1	6/8	6/15	6/22	7/1	7/8	7/15	7/22	8/1	8/8	8/15	8/22	9/1	9/8	9/15	9/22	10/1	10/8	10/15	10/22	11/1	11/8	11/15	11/22	12/1	12/8	12/15	12/22
Frequency (%)
	Semipalmated Plover	0.0	0.0	0.0	0.0	0.0	0.0	0.0	0.0	0.0	0.0	0.0	0.0	0.0	0.0017533401129151034	0.00522347779151359	0.061555469014986874	0.5672238547136182	2.14812299400804	4.378120304396297	4.334614041215508	1.3818318177556952	0.35381462433780597	0.17793954099686585	0.10207673354452657	0.05818181818181818	0.1956256814829068	1.180425564426787	2.8325828898894803	4.797525713874704	5.600592263557283	6.015855198540761	7.717745797888111	8.35306346364844	6.703290281105721	4.896563713275772	3.051174323300503	1.6201671151394987	1.0402593893542285	0.6505198350467561	0.29608324168852046	0.070640656414715	0.03881176294969398	0.00970057556748367	0.0	0.0	0.0	0.0	0.0
	Total # checklists submitted - (Semipalmated Plover)	62273	43331	38620	54106	37238	53163	75553	42285	42866	50027	55502	78855	59210	57034	57433	79603	83036	91289	82524	85890	53335	51722	49455	56820	41250	31182	26177	36645	27806	27015	28508	43847	34634	34222	34514	43557	35305	37010	34434	47284	36806	33495	30926	37834	33146	28875	32707	48741
	
Abundance
	Semipalmated Plover	0.0	0.0	0.0	0.0	0.0	0.0	0.0	0.0	0.0	0.0	0.0	0.0	0.0	1.7533401129151033E-5	2.785854822140581E-4	7.160534150722962E-4	0.013030492798304349	0.0828906001818401	0.2897823663419127	0.284759576202119	0.04571107152901472	0.007810989520900197	0.004327166110605601	0.0026575149595212955	0.002715151515151515	0.0050028862805464695	0.05371127325514765	0.2468276708964388	0.5987556642451269	0.6098463816398297	0.5712080819419111	0.7309736127899286	0.8156147138649882	0.5796563614049441	0.3001101002491742	0.11639920104690406	0.05381673983854978	0.027046744123209943	0.015624092466747981	0.006852212164791473	7.607455306200076E-4	3.881176294969398E-4	1.9401151134967342E-4	0.0	0.0	0.0	0.0	0.0
	Total # checklists submitted - (Semipalmated Plover)	62273	43331	38620	54106	37238	53163	75553	42285	42866	50027	55502	78855	59210	57034	57433	79603	83036	91289	82524	85890	53335	51722	49455	56820	41250	31182	26177	36645	27806	27015	28508	43847	34634	34222	34514	43557	35305	37010	34434	47284	36806	33495	30926	37834	33146	28875	32707	48741
	
Birds Per Party Hour
	Semipalmated Plover	0.0	0.0	0.0	0.0	0.0	0.0	0.0	0.0	0.0	0.0	0.0	0.0	5.0	1.0	2.856301939058172	1.4056905170728569	4.073018935718257	6.985852137769786	10.695244628571952	9.490479474677407	3.5028619317942185	3.7492670287988012	4.121158168932274	3.4241469832593263	2.9810027220008837	1.9430940687666405	1.435735656779003	3.267864275954469	4.6362571793739535	4.891251631178896	5.207675040008065	6.298082786674553	6.725076423243033	6.725957949547004	4.875992056130804	3.752071469539555	3.2784559769488837	2.5217027194251846	2.1196769643046998	1.2717389235275363	0.8922018827638043	0.39576951829393436	0.8444444444444444	3.0	0.0	0.0	0.0	0.0
	# checklists reporting species - (Semipalmated Plover)	0.0	0.0	0.0	0.0	0.0	0.0	0.0	0.0	0.0	0.0	0.0	0.0	1	3	8	78	499	1947	3808	4395	934	260	102	57	24	68	350	1243	1561	1857	2144	4071	3287	2535	1891	1500	649	413	249	164	27	15	3	1	1	0.0	0.0	0.0
	
High Count
	Semipalmated Plover	0.0	0.0	0.0	0.0	0.0	0.0	0.0	0.0	0.0	0.0	0.0	0.0	5	4	15	342	49	100	190	300	45	25	16	25	30	36	86	164	369	373	494	356	318	250	175	60	85	23	45	20	2	1	4	3	1	0.0	0.0	0.0
	# checklists reporting species - (Semipalmated Plover)	0.0	0.0	0.0	0.0	0.0	0.0	0.0	0.0	0.0	0.0	0.0	0.0	1	7	9	92	670	2691	4706	5166	1109	319	126	70	41	96	414	1422	1754	2078	2474	4754	3907	3029	2295	1813	771	529	336	225	45	20	3	3	3	0.0	0.0	0.0
	
Totals
	Semipalmated Plover	0.0	0.0	0.0	0.0	0.0	0.0	0.0	0.0	0.0	0.0	0.0	0.0	5	13	29	467	1486	10437	31121	35965	3895	795	298	165	129	310	1602	10407	18811	19754	21535	42403	37300	25834	14090	7493	2745	1550	835	510	47	20	6	5	3	0.0	0.0	0.0
	# checklists reporting species - (Semipalmated Plover)	0.0	0.0	0.0	0.0	0.0	0.0	0.0	0.0	0.0	0.0	0.0	0.0	1	7	8	89	568	2233	4181	4869	1064	309	114	65	38	88	403	1386	1698	2007	2354	4527	3699	2871	2168	1722	736	512	327	222	44	20	3	3	3	0.0	0.0	0.0
	
Average Count
	Semipalmated Plover	0.0	0.0	0.0	0.0	0.0	0.0	0.0	0.0	0.0	0.0	0.0	0.0	5.0	1.8571428571428572	3.625	5.247191011235955	2.6161971830985915	4.673981191222571	7.443434585027505	7.3865270075990965	3.6607142857142856	2.5728155339805827	2.6140350877192984	2.5384615384615383	3.3947368421052633	3.522727272727273	3.9751861042183623	7.508658008658009	11.078327444051826	9.842551071250623	9.148258283772302	9.366688756350785	10.083806434171398	8.998258446534308	6.499077490774908	4.351335656213705	3.729619565217391	3.02734375	2.5535168195718656	2.2972972972972974	1.0681818181818181	1.0	2.0	1.6666666666666667	1.0	0.0	0.0	0.0
	# checklists reporting species - (Semipalmated Plover)	0.0	0.0	0.0	0.0	0.0	0.0	0.0	0.0	0.0	0.0	0.0	0.0	1	7	8	89	568	2233	4181	4869	1064	309	114	65	38	88	403	1386	1698	2007	2354	4527	3699	2871	2168	1722	736	512	327	222	44	20	3	3	3	0.0	0.0	0.0
	
