

	Week starting on...	1/1	1/8	1/15	1/22	2/1	2/8	2/15	2/22	3/1	3/8	3/15	3/22	4/1	4/8	4/15	4/22	5/1	5/8	5/15	5/22	6/1	6/8	6/15	6/22	7/1	7/8	7/15	7/22	8/1	8/8	8/15	8/22	9/1	9/8	9/15	9/22	10/1	10/8	10/15	10/22	11/1	11/8	11/15	11/22	12/1	12/8	12/15	12/22
Frequency (%)
	Indigo Bunting	0.00481749714964752	0.0	0.005178663904712584	0.007392895427494178	0.002685428862989419	0.0	0.0052942967188596085	0.0	0.0	0.0	0.0	0.001268150402637753	0.0016889039013680122	0.0017533401129151034	0.012188114846865043	0.11431729959926133	1.613757888144901	6.196803557931404	11.34579031554457	11.67307020607754	11.062154307677885	11.10745910830981	10.631887574562734	10.827173530447027	10.606060606060606	9.999358604323007	10.524506245941094	9.100832310001364	7.685391642091635	5.237830834721451	3.542865160656658	1.9841722352726527	1.504302130854074	1.2068260183507686	1.0430549921770875	1.1111876391854352	0.6401359580795921	0.25128343690894356	0.09002729860022071	0.03172320446662719	0.008150844970928653	0.0	0.0032335251891612237	0.0026431252312734575	0.009050865866167863	0.0069264069264069255	0.00611489895129483	0.008206643277733325
	Total # checklists submitted - (Indigo Bunting)	62273	43331	38620	54106	37238	53163	75553	42285	42866	50027	55502	78855	59210	57034	57433	79603	83036	91289	82524	85890	53335	51722	49455	56820	41250	31182	26177	36645	27806	27015	28508	43847	34634	34222	34514	43557	35305	37010	34434	47284	36806	33495	30926	37834	33146	28875	32707	48741
	
Abundance
	Indigo Bunting	4.8174971496475195E-5	0.0	5.178663904712584E-5	7.392895427494178E-5	2.6854288629894193E-5	0.0	5.294296718859609E-5	0.0	0.0	0.0	0.0	1.2681504026377529E-5	1.688903901368012E-5	1.7533401129151033E-5	1.2188114846865043E-4	0.002324033013831137	0.03546654463124428	0.1687278861637218	0.25500460472105085	0.25161252765164743	0.2158057560701228	0.21174741889331425	0.1873218077039733	0.1841957057374164	0.19357575757575757	0.1847860945417228	0.18795125491843986	0.16100422977213807	0.13425160037402	0.09024615954099574	0.06285954819699734	0.03662736333158483	0.026996592943350464	0.023289112266962772	0.017760908616793185	0.017471359368184218	0.010904970967285087	0.003485544447446636	0.0010164372422605565	3.172320446662719E-4	8.150844970928653E-5	0.0	3.233525189161224E-5	2.6431252312734577E-5	9.050865866167863E-5	6.926406926406926E-5	6.11489895129483E-5	8.206643277733325E-5
	Total # checklists submitted - (Indigo Bunting)	62273	43331	38620	54106	37238	53163	75553	42285	42866	50027	55502	78855	59210	57034	57433	79603	83036	91289	82524	85890	53335	51722	49455	56820	41250	31182	26177	36645	27806	27015	28508	43847	34634	34222	34514	43557	35305	37010	34434	47284	36806	33495	30926	37834	33146	28875	32707	48741
	
Birds Per Party Hour
	Indigo Bunting	2.3370558739425715	0.0	22.61420171867933	8.909090909090908	30.303030303030305	0.0	0.17455814493614408	0.0	0.0	0.0	0.0	0.16666666666666666	0.0	5.9880239520958085	4.224221436644783	1.4539008081050016	1.5469433006117297	1.914568809235444	1.923586860819541	2.7723903198517643	3.909307982708113	4.956748054596723	5.062137012593733	5.6245884954033905	4.59119679930977	3.7316899227106104	2.9363096019149935	2.624503273542059	2.622100988213957	2.288525044216109	1.803710018696068	1.5123653979322842	1.4364048278149573	2.3191134862083893	1.5672926374930323	1.3851478587656523	1.226433405209259	0.7994046547240388	0.48497939586383	1.5605432742620893	3.5015015015015014	0.3333333333333333	0.6818181818181818	0.4027386226339106	1.8467529955780608	0.6357283741899127	1.05	1.4998500749625188
	# checklists reporting species - (Indigo Bunting)	3	0	2	4	1	0.0	4	0.0	1	0.0	0.0	2	1	1	7	100	1276	4960	8991	10084	5911	5731	5228	6089	4422	3111	2735	3328	2132	1449	999	879	521	423	368	502	247	110	34	17	2	1	2	1	3	5	4	5
	
High Count
	Indigo Bunting	1	1	1	1	1	0.0	1	0.0	1	0.0	0.0	1	1	1	1	42	70	1000	286	140	45	35	30	23	25	35	18	30	15	20	15	17	15	13	16	15	30	12	4	1	1	1	1	1	1	1	1	1
	# checklists reporting species - (Indigo Bunting)	3	1	2	4	1	0.0	4	0.0	1	0.0	0.0	2	2	2	8	114	1614	6858	10845	11447	6655	6416	5892	7063	5056	3535	3048	3693	2336	1583	1098	954	583	482	431	565	274	136	47	23	5	2	2	1	3	5	4	5
	
Totals
	Indigo Bunting	3	1	2	4	1	0.0	4	0.0	1	0.0	0.0	2	2	2	8	213	3450	17838	23346	23405	12443	11827	10026	11507	8813	6245	5346	6318	3976	2678	1906	1766	1077	917	716	873	475	188	52	23	5	2	2	1	3	5	4	5
	# checklists reporting species - (Indigo Bunting)	3	1	2	4	1	0.0	4	0.0	1	0.0	0.0	2	2	2	8	112	1415	5611	9606	10662	6339	6131	5566	6652	4813	3350	2877	3492	2223	1509	1041	923	561	466	413	556	271	135	47	23	5	2	2	1	3	5	4	5
	
Average Count
	Indigo Bunting	1.0	1.0	1.0	1.0	1.0	0.0	1.0	0.0	1.0	0.0	0.0	1.0	1.0	1.0	1.0	1.9017857142857142	2.4381625441696113	3.1791124576724292	2.4303560274828233	2.1951791408741324	1.9629279066098755	1.9290490947643124	1.801293568091987	1.7298556825015032	1.83108248493663	1.864179104477612	1.8581856100104275	1.809278350515464	1.788573999100315	1.7746852220013254	1.8309317963496639	1.9133261105092092	1.9197860962566844	1.9678111587982832	1.7336561743341405	1.5701438848920863	1.7527675276752768	1.3925925925925926	1.1063829787234043	1.0	1.0	1.0	1.0	1.0	1.0	1.0	1.0	1.0
	# checklists reporting species - (Indigo Bunting)	3	1	2	4	1	0.0	4	0.0	1	0.0	0.0	2	2	2	8	112	1415	5611	9606	10662	6339	6131	5566	6652	4813	3350	2877	3492	2223	1509	1041	923	561	466	413	556	271	135	47	23	5	2	2	1	3	5	4	5
	
