

	Week starting on...	1/1	1/8	1/15	1/22	2/1	2/8	2/15	2/22	3/1	3/8	3/15	3/22	4/1	4/8	4/15	4/22	5/1	5/8	5/15	5/22	6/1	6/8	6/15	6/22	7/1	7/8	7/15	7/22	8/1	8/8	8/15	8/22	9/1	9/8	9/15	9/22	10/1	10/8	10/15	10/22	11/1	11/8	11/15	11/22	12/1	12/8	12/15	12/22
Frequency (%)
	Nashville Warbler	0.13488992019013055	0.020770349172647758	0.002589331952356292	0.0	0.0	0.0	0.0	0.0	0.0	0.0	0.0	0.0	0.0	0.0	0.045270140859784445	1.1544791025463863	13.052170143070477	20.318986953521232	19.137463041054723	9.069740365583886	9.56970094684541	10.04021499555315	10.273986452330401	8.614924322421682	8.395151515151515	4.637290744660381	2.609160713603545	1.8147086914995225	2.495864201970798	3.4092171016102166	4.3531640241335765	7.4463475266266785	10.414621470231564	12.04488340833382	10.86225879353306	10.253231397938334	7.964877496105367	3.753039718994866	1.8179706104431665	0.4843075881905084	0.17388469271314458	0.20301537542916853	0.21987971286296318	0.12687001110112597	0.2835937971399264	0.1696969696969697	0.13147032745283885	0.06975646786073326
	Total # checklists submitted - (Nashville Warbler)	62273	43331	38620	54106	37238	53163	75553	42285	42866	50027	55502	78855	59210	57034	57433	79603	83036	91289	82524	85890	53335	51722	49455	56820	41250	31182	26177	36645	27806	27015	28508	43847	34634	34222	34514	43557	35305	37010	34434	47284	36806	33495	30926	37834	33146	28875	32707	48741
	
Abundance
	Nashville Warbler	0.0013488992019013055	2.0770349172647757E-4	2.589331952356292E-5	0.0	0.0	0.0	0.0	0.0	0.0	0.0	0.0	0.0	0.0	0.0	9.576375951108248E-4	0.025514113789681294	0.3761139746615926	0.6173251979975681	0.4634409383936794	0.1755966934451042	0.18843161151214025	0.20519314798344998	0.1867758568395511	0.15232312565997888	0.14933333333333335	0.072990828041819	0.04293845742445659	0.03089098103424751	0.048227001366611524	0.06833240792152508	0.08260839062719237	0.1508883161903893	0.21611711035398742	0.25886856408158493	0.23810627571420293	0.20981702137429115	0.15046027474861917	0.05563361253715212	0.02445257594238253	0.005519837577193131	0.0017931858936043037	0.002060008956560681	0.002198797128629632	0.0012951313633239943	0.0030471248416098474	0.0018008658008658008	0.0013758522640413366	7.180812868016659E-4
	Total # checklists submitted - (Nashville Warbler)	62273	43331	38620	54106	37238	53163	75553	42285	42866	50027	55502	78855	59210	57034	57433	79603	83036	91289	82524	85890	53335	51722	49455	56820	41250	31182	26177	36645	27806	27015	28508	43847	34634	34222	34514	43557	35305	37010	34434	47284	36806	33495	30926	37834	33146	28875	32707	48741
	
Birds Per Party Hour
	Nashville Warbler	1.0924757281877489	1.601638595443709	0.4286326618088298	0.0	0.0	0.0	0.0	0.0	0.0	0.0	0.0	0.0	0.0	0.0	0.481749384082335	1.1629898166735444	2.000983615657058	1.9256136477321222	2.0958549588923545	3.7325497383989354	9.966692106436643	13.268285613270484	15.334671548132066	13.565030311396244	13.448278644748159	8.975541547714357	2.9753894841122475	1.6666733544190142	1.66991062805069	1.841026528376125	1.5783794114502563	1.4552478376126878	1.439487688603066	1.5669842778552718	1.619315504883686	1.7670877003628849	1.558406963332242	1.138147944707833	1.211545801446765	0.6931868876836766	0.7396659243711263	0.7608618683053284	1.2729014868076218	0.8215027477728964	1.1030854342406908	1.1879441467791978	1.2289712360584022	0.9990107005624068
	# checklists reporting species - (Nashville Warbler)	92	11	1	0.0	0.0	0.0	0.0	0.0	0.0	0.0	0.0	0.0	0.0	1	30	951	10986	18254	15968	7789	4992	5122	5000	4777	3406	1382	647	654	699	924	1240	3250	3589	4097	3752	4485	2909	1432	656	265	70	84	75	51	100	49	44	35
	
High Count
	Nashville Warbler	1	1	1	0.0	0.0	0.0	0.0	0.0	0.0	0.0	0.0	0.0	0.0	1	18	200	380	540	620	61	49	74	70	42	30	20	16	28	50	36	27	85	112	200	100	80	88	56	27	7	2	3	1	2	2	2	2	2
	# checklists reporting species - (Nashville Warbler)	95	11	1	0.0	0.0	0.0	0.0	0.0	0.0	0.0	0.0	0.0	0.0	3	45	1190	12659	21821	18246	8984	5577	5503	5373	5197	3681	1578	755	745	787	1041	1418	3667	3967	4486	4121	4903	3160	1599	748	307	98	97	77	61	108	51	50	36
	
Totals
	Nashville Warbler	95	11	1	0.0	0.0	0.0	0.0	0.0	0.0	0.0	0.0	0.0	0.0	3	85	2649	35040	63980	44594	17094	10619	10960	9575	8994	6449	2437	1215	1231	1572	2086	2655	7506	8253	9776	9009	10033	6000	2468	1024	349	101	104	77	62	115	55	52	37
	# checklists reporting species - (Nashville Warbler)	95	11	1	0.0	0.0	0.0	0.0	0.0	0.0	0.0	0.0	0.0	0.0	3	45	1118	11701	19334	16647	8286	5315	5296	5147	4949	3534	1477	688	695	745	983	1350	3496	3830	4340	3989	4751	3086	1559	743	306	98	97	77	61	108	50	50	36
	
Average Count
	Nashville Warbler	1.0	1.0	1.0	0.0	0.0	0.0	0.0	0.0	0.0	0.0	0.0	0.0	0.0	1.0	1.8888888888888888	2.3694096601073347	2.99461584479959	3.3091962346125996	2.678800985162492	2.062997827661115	1.9979303857008466	2.069486404833837	1.8603069749368564	1.8173368357243889	1.8248443689869835	1.6499661475964793	1.7659883720930232	1.7712230215827338	2.1100671140939595	2.1220752797558493	1.9666666666666666	2.147025171624714	2.1548302872062663	2.2525345622119817	2.2584607671095513	2.111765944011787	1.9442644199611148	1.5830660679923028	1.3781965006729475	1.1405228758169934	1.030612244897959	1.0721649484536082	1.0	1.0163934426229508	1.0648148148148149	1.1	1.04	1.0277777777777777
	# checklists reporting species - (Nashville Warbler)	95	11	1	0.0	0.0	0.0	0.0	0.0	0.0	0.0	0.0	0.0	0.0	3	45	1118	11701	19334	16647	8286	5315	5296	5147	4949	3534	1477	688	695	745	983	1350	3496	3830	4340	3989	4751	3086	1559	743	306	98	97	77	61	108	50	50	36
	
