

	Week starting on...	1/1	1/8	1/15	1/22	2/1	2/8	2/15	2/22	3/1	3/8	3/15	3/22	4/1	4/8	4/15	4/22	5/1	5/8	5/15	5/22	6/1	6/8	6/15	6/22	7/1	7/8	7/15	7/22	8/1	8/8	8/15	8/22	9/1	9/8	9/15	9/22	10/1	10/8	10/15	10/22	11/1	11/8	11/15	11/22	12/1	12/8	12/15	12/22
Frequency (%)
	Alder Flycatcher	0.0	0.0	0.0	0.0	0.0	0.0	0.0	0.0	0.0	0.0	0.0	0.0	0.0	0.0	0.0	0.0025124681230606887	0.03492461101209114	0.3308175136106212	1.7061703262081334	8.188380486668995	10.694665791694009	10.10401763272882	7.944596097462339	5.232312565997888	3.886060606060606	2.812520043614906	3.6635214119265007	4.890162368672398	4.0782564914047335	2.424578937627244	1.4873018100182405	0.8278787602344515	0.40422706011433845	0.2279235579451815	0.052152749608854375	0.022958422297219738	0.0	0.0	0.0	0.0	0.0	0.0	0.0	0.0	0.0	0.0	0.0	0.0
	Total # checklists submitted - (Alder Flycatcher)	62273	43331	38620	54106	37238	53163	75553	42285	42866	50027	55502	78855	59210	57034	57433	79603	83036	91289	82524	85890	53335	51722	49455	56820	41250	31182	26177	36645	27806	27015	28508	43847	34634	34222	34514	43557	35305	37010	34434	47284	36806	33495	30926	37834	33146	28875	32707	48741
	
Abundance
	Alder Flycatcher	0.0	0.0	0.0	0.0	0.0	0.0	0.0	0.0	0.0	0.0	0.0	0.0	0.0	0.0	0.0	2.5124681230606886E-5	4.335468953225107E-4	0.003406763136851099	0.02215113179196355	0.15080917452555595	0.20568107246648543	0.18177951355322686	0.13205944798301486	0.07571277719112988	0.05466666666666667	0.04108139311141043	0.0597471062383008	0.10416155000682221	0.09231820470402072	0.052489357764205075	0.026133015293952573	0.012794489930896071	0.0048795980828088	0.00274677108292911	5.505012458712407E-4	2.2958422297219736E-4	0.0	0.0	0.0	0.0	0.0	0.0	0.0	0.0	0.0	0.0	0.0	0.0
	Total # checklists submitted - (Alder Flycatcher)	62273	43331	38620	54106	37238	53163	75553	42285	42866	50027	55502	78855	59210	57034	57433	79603	83036	91289	82524	85890	53335	51722	49455	56820	41250	31182	26177	36645	27806	27015	28508	43847	34634	34222	34514	43557	35305	37010	34434	47284	36806	33495	30926	37834	33146	28875	32707	48741
	
Birds Per Party Hour
	Alder Flycatcher	0.0	0.0	0.0	0.0	0.0	0.0	0.0	0.0	0.0	0.0	0.0	0.0	0.0	0.0	0.0	0.4583333333333333	1.452946447757216	0.9914016708833041	1.5986308395441373	3.2102634652432807	6.2102335838895755	7.934489934017929	8.38030310030773	8.383284516720046	8.270911096665714	5.097952323346829	2.721148248098848	3.0922952557091024	2.8577406246787285	2.253387283379311	1.4062005371902495	0.9945075590420094	0.9539533394341548	1.2414020980827034	1.4554041700729032	0.4840474432446526	0.0	0.0	0.0	0.0	0.0	0.0	0.0	0.0	0.0	0.0	0.0	0.0
	# checklists reporting species - (Alder Flycatcher)	0.0	0.0	0.0	0.0	0.0	0.0	0.0	0.0	0.0	0.0	0.0	0.0	0.0	0.0	0.0	2	32	283	1422	7157	5734	5195	3937	2952	1572	846	950	1808	1180	705	449	387	152	87	19	10	0.0	0.0	0.0	0.0	0.0	0.0	0.0	0.0	0.0	0.0	0.0	0.0
	
High Count
	Alder Flycatcher	0.0	0.0	0.0	0.0	0.0	0.0	0.0	0.0	0.0	0.0	0.0	0.0	0.0	0.0	0.0	1	5	7	12	40	31	27	21	24	18	15	15	70	19	25	21	13	4	3	2	1	0.0	0.0	0.0	0.0	0.0	0.0	0.0	0.0	0.0	0.0	0.0	0.0
	# checklists reporting species - (Alder Flycatcher)	0.0	0.0	0.0	0.0	0.0	0.0	0.0	0.0	0.0	0.0	0.0	0.0	0.0	0.0	0.0	2	42	381	1698	7904	6267	5661	4270	3241	1745	932	1053	1969	1250	749	479	435	168	95	20	15	0.0	0.0	0.0	0.0	0.0	0.0	0.0	0.0	0.0	0.0	0.0	0.0
	
Totals
	Alder Flycatcher	0.0	0.0	0.0	0.0	0.0	0.0	0.0	0.0	0.0	0.0	0.0	0.0	0.0	0.0	0.0	2	47	374	2138	14284	11876	9983	6955	4601	2408	1329	1670	4054	2828	1638	954	699	208	115	21	15	0.0	0.0	0.0	0.0	0.0	0.0	0.0	0.0	0.0	0.0	0.0	0.0
	# checklists reporting species - (Alder Flycatcher)	0.0	0.0	0.0	0.0	0.0	0.0	0.0	0.0	0.0	0.0	0.0	0.0	0.0	0.0	0.0	2	38	313	1559	7511	5967	5434	4077	3081	1663	887	988	1883	1219	725	468	417	165	93	20	15	0.0	0.0	0.0	0.0	0.0	0.0	0.0	0.0	0.0	0.0	0.0	0.0
	
Average Count
	Alder Flycatcher	0.0	0.0	0.0	0.0	0.0	0.0	0.0	0.0	0.0	0.0	0.0	0.0	0.0	0.0	0.0	1.0	1.236842105263158	1.194888178913738	1.3713919178960872	1.9017441086406603	1.990279872632814	1.8371365476628634	1.7059112092224675	1.4933463161311262	1.4479855682501503	1.4983089064261557	1.6902834008097165	2.152947424322889	2.3199343724364234	2.259310344827586	2.0384615384615383	1.6762589928057554	1.2606060606060605	1.2365591397849462	1.05	1.0	0.0	0.0	0.0	0.0	0.0	0.0	0.0	0.0	0.0	0.0	0.0	0.0
	# checklists reporting species - (Alder Flycatcher)	0.0	0.0	0.0	0.0	0.0	0.0	0.0	0.0	0.0	0.0	0.0	0.0	0.0	0.0	0.0	2	38	313	1559	7511	5967	5434	4077	3081	1663	887	988	1883	1219	725	468	417	165	93	20	15	0.0	0.0	0.0	0.0	0.0	0.0	0.0	0.0	0.0	0.0	0.0	0.0
	
