

	Week starting on...	1/1	1/8	1/15	1/22	2/1	2/8	2/15	2/22	3/1	3/8	3/15	3/22	4/1	4/8	4/15	4/22	5/1	5/8	5/15	5/22	6/1	6/8	6/15	6/22	7/1	7/8	7/15	7/22	8/1	8/8	8/15	8/22	9/1	9/8	9/15	9/22	10/1	10/8	10/15	10/22	11/1	11/8	11/15	11/22	12/1	12/8	12/15	12/22
Frequency (%)
	Pectoral Sandpiper	0.0	0.0	0.0	0.0	0.0	0.0	0.0	0.0	0.0	0.001998920582885242	0.07026773809952795	0.07355272335298967	0.24320216179699372	0.4015148858575586	0.46140720491703374	0.7512279687951459	0.6575461245724745	0.6221998269232876	0.5101546216858126	0.14553498661078124	0.018749414080809972	0.005800239743242721	0.0040440804772014964	0.007039774727208729	0.041212121212121214	0.20524661663780386	1.8795125491843985	2.7261563651248464	3.607135150686902	3.9311493614658524	3.770871334362284	4.257988003740279	4.518681064849569	3.708140961954298	4.08819609433853	4.024611428702619	3.1638578105084267	2.7587138611186166	2.999941917871871	2.0895017342018445	0.9128946367440092	0.30750858337065234	0.12934100756644895	0.029074377544008035	0.012067821154890485	0.0034632034632034628	0.00611489895129483	0.004103321638866663
	Total # checklists submitted - (Pectoral Sandpiper)	62273	43331	38620	54106	37238	53163	75553	42285	42866	50027	55502	78855	59210	57034	57433	79603	83036	91289	82524	85890	53335	51722	49455	56820	41250	31182	26177	36645	27806	27015	28508	43847	34634	34222	34514	43557	35305	37010	34434	47284	36806	33495	30926	37834	33146	28875	32707	48741
	
Abundance
	Pectoral Sandpiper	0.0	0.0	0.0	0.0	0.0	0.0	0.0	0.0	0.0	3.997841165770484E-5	0.0011711289683254658	0.012022065817005897	0.02869447728424253	0.0687133990251429	0.09971619103999443	0.09895355702674523	0.05359121344958813	0.01757057257719988	0.00969414958072803	0.0025497729654208874	4.874847661010593E-4	3.866826495495147E-5	4.0440804772014964E-5	7.039774727208729E-5	8.484848484848485E-4	0.011064075428131615	0.7045115941475341	0.9372356392413699	1.308242825289506	0.9488802517120118	0.43489546793882417	0.6317193878714621	0.5390945313853439	0.34629770323183917	0.23106565451700758	0.3041072617489726	0.19886701600339896	0.19027289921642798	0.19991868502061916	0.13382962524321124	0.04042819105580612	0.010956859232721302	0.002360473388087693	7.929375693820374E-4	1.2067821154890484E-4	3.463203463203463E-5	6.11489895129483E-5	4.103321638866663E-5
	Total # checklists submitted - (Pectoral Sandpiper)	62273	43331	38620	54106	37238	53163	75553	42285	42866	50027	55502	78855	59210	57034	57433	79603	83036	91289	82524	85890	53335	51722	49455	56820	41250	31182	26177	36645	27806	27015	28508	43847	34634	34222	34514	43557	35305	37010	34434	47284	36806	33495	30926	37834	33146	28875	32707	48741
	
Birds Per Party Hour
	Pectoral Sandpiper	0.0	0.0	0.0	0.0	0.0	0.0	0.0	0.0	0.0	0.0	1.0078400195772352	16.36375869674752	35.11524008636143	26.12999624700674	35.368518306817144	19.6440463040434	15.068252916802747	5.819037352395068	2.913013298827147	4.554241530287783	7.553289646718635	1.9304018637157834	0.43349339735894354	0.26407657657657657	0.9053141222019075	1.7010207185228994	6.389625833571214	7.263063422398244	8.514729753580806	7.897952491381728	6.417448500182976	5.633640101549937	5.120070383448399	5.659661093167254	5.593270535429554	6.229099805814351	7.765142906041543	8.206427395323386	10.305862102019072	8.368244604464584	5.747428993605114	2.4164683636345967	1.4930348367208628	0.7537785618636682	0.7227227227227228	0.0	0.0	0.0
	# checklists reporting species - (Pectoral Sandpiper)	0.0	0.0	0.0	0.0	0.0	0.0	0.0	0.0	0.0	1	43	99	164	267	270	689	599	579	442	152	17	6	3	16	31	87	552	1173	1092	1196	1191	2078	1652	1340	1488	1884	1196	1088	1123	1066	356	124	52	15	6	2	2	2
	
High Count
	Pectoral Sandpiper	0.0	0.0	0.0	0.0	0.0	0.0	0.0	0.0	0.0	2	24	400	300	400	1600	1600	1500	100	30	17	9	10	1	1	7	50	736	925	1584	1045	900	1490	5000	1200	550	500	275	400	200	300	90	60	10	15	2	1	1	1
	# checklists reporting species - (Pectoral Sandpiper)	0.0	0.0	0.0	0.0	0.0	0.0	0.0	0.0	0.0	1	45	125	213	339	403	800	761	774	541	201	23	10	3	19	38	121	638	1330	1254	1333	1392	2423	1988	1639	1772	2182	1389	1319	1314	1308	502	201	70	29	11	2	2	2
	
Totals
	Pectoral Sandpiper	0.0	0.0	0.0	0.0	0.0	0.0	0.0	0.0	0.0	2	78	3879	3960	7736	14062	15816	9942	2477	1011	394	65	18	3	19	77	576	19168	38441	39833	28700	15483	31723	26581	15086	10046	16840	9664	10084	10020	9097	2559	853	138	66	14	2	2	2
	# checklists reporting species - (Pectoral Sandpiper)	0.0	0.0	0.0	0.0	0.0	0.0	0.0	0.0	0.0	1	45	125	204	321	380	772	689	651	484	182	21	9	3	19	38	119	621	1288	1198	1274	1318	2315	1879	1549	1683	2098	1337	1273	1287	1260	484	198	69	29	11	2	2	2
	
Average Count
	Pectoral Sandpiper	0.0	0.0	0.0	0.0	0.0	0.0	0.0	0.0	0.0	2.0	1.7333333333333334	31.032	19.41176470588235	24.09968847352025	37.00526315789474	20.487046632124354	14.429608127721336	3.804915514592934	2.0888429752066116	2.1648351648351647	3.0952380952380953	2.0	1.0	1.0	2.026315789473684	4.840336134453781	30.86634460547504	29.845496894409937	33.249582637729546	22.52747252747253	11.747344461305008	13.703239740820734	14.146354443853113	9.739186571981923	5.969102792632205	8.026692087702575	7.228122662677636	7.921445404556167	7.785547785547785	7.21984126984127	5.287190082644628	4.308080808080808	2.0	2.2758620689655173	1.2727272727272727	1.0	1.0	1.0
	# checklists reporting species - (Pectoral Sandpiper)	0.0	0.0	0.0	0.0	0.0	0.0	0.0	0.0	0.0	1	45	125	204	321	380	772	689	651	484	182	21	9	3	19	38	119	621	1288	1198	1274	1318	2315	1879	1549	1683	2098	1337	1273	1287	1260	484	198	69	29	11	2	2	2
	
