

	Week starting on...	1/1	1/8	1/15	1/22	2/1	2/8	2/15	2/22	3/1	3/8	3/15	3/22	4/1	4/8	4/15	4/22	5/1	5/8	5/15	5/22	6/1	6/8	6/15	6/22	7/1	7/8	7/15	7/22	8/1	8/8	8/15	8/22	9/1	9/8	9/15	9/22	10/1	10/8	10/15	10/22	11/1	11/8	11/15	11/22	12/1	12/8	12/15	12/22
Frequency (%)
	Pomarine Jaeger	0.0	0.0	0.0	0.0	0.0	0.0	0.0	0.0	0.0	0.0	0.0	0.002536300805275506	0.0	0.0	0.0	0.0	0.0	0.0	0.0	0.0	0.0	0.0	0.0	0.0	0.0	0.0	0.0	0.0	0.0	0.0	0.0	0.0	0.02598602529306462	0.07889661621179359	0.04925537463058469	0.3765181256744036	0.09630363971108909	0.06754931099702784	0.13068478829064298	0.13323745875983417	0.11682877791664402	0.06568144499178982	0.03880230226993468	0.02114500185018766	0.033186508175948835	0.0	0.003057449475647415	0.0020516608194333314
	Total # checklists submitted - (Pomarine Jaeger)	62273	43331	38620	54106	37238	53163	75553	42285	42866	50027	55502	78855	59210	57034	57433	79603	83036	91289	82524	85890	53335	51722	49455	56820	41250	31182	26177	36645	27806	27015	28508	43847	34634	34222	34514	43557	35305	37010	34434	47284	36806	33495	30926	37834	33146	28875	32707	48741
	
Abundance
	Pomarine Jaeger	0.0	0.0	0.0	0.0	0.0	0.0	0.0	0.0	0.0	0.0	0.0	2.5363008052755058E-5	0.0	0.0	0.0	0.0	0.0	0.0	0.0	0.0	0.0	0.0	0.0	0.0	0.0	0.0	0.0	0.0	0.0	0.0	0.0	0.0	2.598602529306462E-4	8.766290690199287E-4	5.505012458712407E-4	0.004247308124985651	9.91360997025917E-4	9.186706295595785E-4	0.001597258523552303	0.0027070467811521866	0.002282236591860023	0.0011643528884908196	5.173640302657958E-4	2.1145001850187662E-4	3.318650817594883E-4	0.0	3.057449475647415E-5	2.0516608194333313E-5
	Total # checklists submitted - (Pomarine Jaeger)	62273	43331	38620	54106	37238	53163	75553	42285	42866	50027	55502	78855	59210	57034	57433	79603	83036	91289	82524	85890	53335	51722	49455	56820	41250	31182	26177	36645	27806	27015	28508	43847	34634	34222	34514	43557	35305	37010	34434	47284	36806	33495	30926	37834	33146	28875	32707	48741
	
Birds Per Party Hour
	Pomarine Jaeger	1.0	2.0	0.0	0.0	0.0	0.0	0.0	0.0	0.0	0.0	0.0	0.4318181818181818	0.0	0.0	0.0	0.0	0.0	0.0	0.0	0.0	0.0	0.3333333333333333	0.0	0.0	0.0	0.0	0.0	0.0	0.0	0.0	0.0	0.0	0.44296770840395	0.4999101621433741	0.44646261666374015	1.4323119287730484	0.936320691823004	0.711022438192684	0.44868597321751114	0.6397910805010648	0.541253066221755	0.6046190395121102	0.48462330235459256	0.8858378733418852	1.4078094047217093	0.0	0.3333333333333333	0.08888888888888889
	# checklists reporting species - (Pomarine Jaeger)	1	1	0.0	0.0	0	0	0.0	0.0	0.0	0.0	0.0	2	0	0.0	0	0.0	0.0	0.0	0.0	1	0	1	0.0	0.0	0.0	0.0	0.0	0.0	0.0	0.0	0	1	9	37	20	196	46	28	54	78	58	31	15	11	24	0	1	4
	
High Count
	Pomarine Jaeger	1	1	0.0	0.0	1	3	0.0	0.0	0.0	0.0	0.0	1	1	0.0	1	0.0	0.0	0.0	0.0	1	1	1	0.0	0.0	0.0	0.0	0.0	0.0	0.0	0.0	1	1	2	4	2	3	4	4	5	11	14	13	6	3	1	2	1	1
	# checklists reporting species - (Pomarine Jaeger)	3	1	0.0	0.0	2	1	0.0	0.0	0.0	0.0	0.0	3	1	0.0	1	0.0	0.0	0.0	0.0	2	1	3	0.0	0.0	0.0	0.0	0.0	0.0	0.0	0.0	1	2	15	50	36	223	62	49	76	116	88	63	32	20	31	3	2	12
	
Totals
	Pomarine Jaeger	3	1	0.0	0.0	2	3	0.0	0.0	0.0	0.0	0.0	3	1	0.0	1	0.0	0.0	0.0	0.0	2	1	3	0.0	0.0	0.0	0.0	0.0	0.0	0.0	0.0	1	2	16	59	39	247	69	67	101	221	170	145	74	22	30	4	2	12
	# checklists reporting species - (Pomarine Jaeger)	3	1	0.0	0.0	2	1	0.0	0.0	0.0	0.0	0.0	3	1	0.0	1	0.0	0.0	0.0	0.0	2	1	3	0.0	0.0	0.0	0.0	0.0	0.0	0.0	0.0	1	2	15	49	36	221	62	49	76	115	87	62	32	20	30	3	2	12
	
Average Count
	Pomarine Jaeger	1.0	1.0	0.0	0.0	1.0	3.0	0.0	0.0	0.0	0.0	0.0	1.0	1.0	0.0	1.0	0.0	0.0	0.0	0.0	1.0	1.0	1.0	0.0	0.0	0.0	0.0	0.0	0.0	0.0	0.0	1.0	1.0	1.0666666666666667	1.2040816326530612	1.0833333333333333	1.1176470588235294	1.1129032258064515	1.3673469387755102	1.3289473684210527	1.9217391304347826	1.9540229885057472	2.338709677419355	2.3125	1.1	1.0	1.3333333333333333	1.0	1.0
	# checklists reporting species - (Pomarine Jaeger)	3	1	0.0	0.0	2	1	0.0	0.0	0.0	0.0	0.0	3	1	0.0	1	0.0	0.0	0.0	0.0	2	1	3	0.0	0.0	0.0	0.0	0.0	0.0	0.0	0.0	1	2	15	49	36	221	62	49	76	115	87	62	32	20	30	3	2	12
	
