

	Week starting on...	1/1	1/8	1/15	1/22	2/1	2/8	2/15	2/22	3/1	3/8	3/15	3/22	4/1	4/8	4/15	4/22	5/1	5/8	5/15	5/22	6/1	6/8	6/15	6/22	7/1	7/8	7/15	7/22	8/1	8/8	8/15	8/22	9/1	9/8	9/15	9/22	10/1	10/8	10/15	10/22	11/1	11/8	11/15	11/22	12/1	12/8	12/15	12/22
Frequency (%)
	Peregrine Falcon	1.0357618871742167	0.9323578961944105	0.9425168306576904	0.9777104202861051	0.8109995166228047	0.526682090927901	0.459280240361071	0.6905522052737377	0.6578640414314375	0.7096168069242609	0.6017801160318548	0.5453046731342337	0.5100489782131397	0.46814181014833256	0.4927480716661153	0.6243483285805812	0.6924707355845657	0.7350283166646584	0.6022490427027288	0.4971475142624287	0.27561638698790664	0.28807857391438846	0.3033060357901122	0.2886307638155579	0.3709090909090909	0.4618048874350587	0.7220078695037628	0.824123345613317	0.949435373660361	1.254858411993337	1.3048968710537394	1.7629484343284603	2.0413466535774094	2.384431067734206	2.5438952309207856	3.306012810799642	3.3847896898456313	2.5182383139691975	2.204216762502178	1.4994501311225785	1.3693419551160138	1.0688162412300342	1.0217939597749466	1.091610720515938	1.010680021722078	0.9454545454545455	1.0303604732931788	0.8493875792453991
	Total # checklists submitted - (Peregrine Falcon)	62273	43331	38620	54106	37238	53163	75553	42285	42866	50027	55502	78855	59210	57034	57433	79603	83036	91289	82524	85890	53335	51722	49455	56820	41250	31182	26177	36645	27806	27015	28508	43847	34634	34222	34514	43557	35305	37010	34434	47284	36806	33495	30926	37834	33146	28875	32707	48741
	
Abundance
	Peregrine Falcon	0.011899217959629374	0.011077519558745471	0.01108234075608493	0.011385058958341035	0.009425855309092863	0.006113274269698851	0.005360475427845354	0.008229868747782901	0.007651751971259273	0.008855218182181622	0.006990739072465857	0.006492930061505295	0.005691606147610201	0.0053476873443910646	0.005484651681089269	0.006758539251033252	0.0073823401897971964	0.007218832498986734	0.006204255731665939	0.005530329491209687	0.0038998781288084746	0.0054908936236031086	0.004731574158325751	0.004470256951777543	0.005527272727272727	0.006798794176127253	0.010505405508652635	0.010287897393914586	0.010860965259296555	0.014880621876735146	0.01497825171881577	0.02011540128172965	0.024051510076803142	0.028811875401788322	0.030538332270962507	0.04543471772619786	0.05183401784449795	0.03242366927857336	0.02814079107858512	0.01753235766855596	0.01643753735803945	0.012031646514405135	0.011899372696113302	0.012951313633239942	0.011675616967356544	0.010701298701298701	0.011587733512703702	0.009806938716891324
	Total # checklists submitted - (Peregrine Falcon)	62273	43331	38620	54106	37238	53163	75553	42285	42866	50027	55502	78855	59210	57034	57433	79603	83036	91289	82524	85890	53335	51722	49455	56820	41250	31182	26177	36645	27806	27015	28508	43847	34634	34222	34514	43557	35305	37010	34434	47284	36806	33495	30926	37834	33146	28875	32707	48741
	
Birds Per Party Hour
	Peregrine Falcon	5.786486565911283	4.662395896686955	4.921859895409051	4.5387538836590835	4.811786365097704	4.8742575618826685	4.85449956951766	4.266462645847344	3.5107068353805104	3.9177084954159644	4.3631190388590255	3.7995988447087234	3.1080237468571514	2.6336008526399635	1.9710858410613379	2.3915881155924463	1.63284111715601	1.6744433863581278	2.0949580823397325	2.7626795667498496	4.40843216715876	4.6391917781679295	4.696354236273864	3.389891069555951	4.19172130417435	3.8312380245630955	3.69286835281468	3.9055547750437025	2.6827558277249275	1.681509941815066	1.494154265197152	1.605354515656158	1.3635579992528848	1.1685424263818056	1.118884337080685	1.3052464276389053	1.3557540862890953	1.3018451911723565	2.136649920523392	1.621737287825636	2.00965045464591	2.2392561572725542	3.291774399892965	2.7105523976281742	2.7134722102632463	3.5268114671354116	4.160306227805318	3.5177195742400604
	# checklists reporting species - (Peregrine Falcon)	754	511	450	642	365	351	411	392	368	443	406	514	350	337	327	569	652	716	548	500	187	202	205	227	199	194	245	379	326	402	437	881	816	927	996	1718	1372	1107	900	847	594	420	390	509	435	345	405	507
	
High Count
	Peregrine Falcon	2	4	3	3	3	2	2	2	6	3	4	4	6	3	3	8	6	6	5	5	6	7	6	5	5	5	5	9	6	4	4	4	5	10	25	27	66	10	8	7	7	3	3	3	2	3	3	6
	# checklists reporting species - (Peregrine Falcon)	854	583	517	757	445	415	472	458	440	495	506	637	440	424	396	684	787	914	679	609	229	235	257	281	246	234	279	435	377	461	499	1007	940	1070	1187	2024	1684	1271	1037	968	690	485	437	577	509	402	460	594
	
Totals
	Peregrine Falcon	982	684	599	863	527	473	541	534	525	611	583	754	508	481	441	749	838	907	701	720	338	432	417	433	379	339	409	568	457	541	569	1125	1086	1273	1440	2831	2510	1640	1311	1138	844	560	505	685	584	454	521	677
	# checklists reporting species - (Peregrine Falcon)	840	579	511	746	439	412	465	452	431	492	500	628	428	419	391	668	754	844	629	584	223	230	248	267	239	230	274	429	371	449	492	988	929	1048	1162	1988	1647	1260	1029	959	681	474	434	571	501	393	453	585
	
Average Count
	Peregrine Falcon	1.1690476190476191	1.1813471502590673	1.172211350293542	1.1568364611260054	1.2004555808656037	1.1480582524271845	1.1634408602150537	1.1814159292035398	1.2180974477958237	1.241869918699187	1.166	1.2006369426751593	1.1869158878504673	1.1479713603818615	1.1278772378516624	1.1212574850299402	1.1114058355437666	1.0746445497630333	1.1144674085850557	1.2328767123287672	1.515695067264574	1.8782608695652174	1.6814516129032258	1.6217228464419475	1.5857740585774058	1.4739130434782608	1.4927007299270072	1.324009324009324	1.2318059299191375	1.2048997772828507	1.1565040650406504	1.138663967611336	1.1689989235737352	1.2146946564885497	1.2392426850258176	1.4240442655935615	1.5239829993928355	1.3015873015873016	1.2740524781341107	1.1866527632950992	1.2393538913362703	1.1814345991561181	1.163594470046083	1.1996497373029773	1.1656686626746506	1.1552162849872774	1.1501103752759383	1.1572649572649574
	# checklists reporting species - (Peregrine Falcon)	840	579	511	746	439	412	465	452	431	492	500	628	428	419	391	668	754	844	629	584	223	230	248	267	239	230	274	429	371	449	492	988	929	1048	1162	1988	1647	1260	1029	959	681	474	434	571	501	393	453	585
	
