

	Week starting on...	1/1	1/8	1/15	1/22	2/1	2/8	2/15	2/22	3/1	3/8	3/15	3/22	4/1	4/8	4/15	4/22	5/1	5/8	5/15	5/22	6/1	6/8	6/15	6/22	7/1	7/8	7/15	7/22	8/1	8/8	8/15	8/22	9/1	9/8	9/15	9/22	10/1	10/8	10/15	10/22	11/1	11/8	11/15	11/22	12/1	12/8	12/15	12/22
Frequency (%)
	Red-tailed Hawk	13.318773786392176	11.95910549029563	12.67477990678405	12.619672494732562	12.143509318438154	9.84143107048135	9.257077812926024	11.706278822277403	11.972192413567862	11.915565594578927	11.765341789485063	10.713334601483735	10.51849349771998	9.392642984886209	8.421987359183744	8.735851663882015	7.733994893781011	7.28346241058616	6.468421307740778	5.749214111072302	4.901096840723727	4.51838675998608	3.908603781215246	3.785638859556494	3.978181818181818	4.531460457956514	5.073155823814799	5.782507845545095	6.264834927713443	5.763464741810106	6.433281885786446	6.310579971263712	7.189466997747878	7.708491613581907	8.370516312221127	8.41196592970131	8.760798753717603	11.329370440421508	12.833246210141139	14.05126469841807	14.736727707439004	12.825794894760412	12.601047662161289	11.500237881270813	12.402703191938695	12.588744588744587	15.95682881340386	14.804784473030919
	Total # checklists submitted - (Red-tailed Hawk)	62273	43331	38620	54106	37238	53163	75553	42285	42866	50027	55502	78855	59210	57034	57433	79603	83036	91289	82524	85890	53335	51722	49455	56820	41250	31182	26177	36645	27806	27015	28508	43847	34634	34222	34514	43557	35305	37010	34434	47284	36806	33495	30926	37834	33146	28875	32707	48741
	
Abundance
	Red-tailed Hawk	0.2202559696818846	0.19441046825598302	0.2013205592957017	0.20640964033563744	0.19289435522853	0.15339615898275116	0.14641377576006248	0.19072957313468134	0.1977557971352587	0.19931237131948748	0.2185326654895319	0.2029928349502251	0.18905590271913528	0.16107935617351055	0.12844531889331917	0.12135221034383126	0.09706633267498434	0.08771045799603457	0.07660801706170327	0.0691698684363721	0.0590231555263898	0.054754263176211286	0.047335961985643514	0.04561774023231257	0.04669090909090909	0.055897633249951895	0.06284142567903121	0.0719607040523946	0.07660217219305186	0.07107162687395892	0.08432720639820401	0.08132825506876183	0.09969971704105791	0.1263806907837064	0.16906182998203628	0.16325734095552955	0.18374167964877497	0.35187787084571737	0.568333623743974	1.2762456644953895	0.7697386295712656	0.7578145991939096	0.406518786781349	0.21459533752709203	0.1977614191757678	0.2022164502164502	0.3159262543186474	0.3005067602224
	Total # checklists submitted - (Red-tailed Hawk)	62273	43331	38620	54106	37238	53163	75553	42285	42866	50027	55502	78855	59210	57034	57433	79603	83036	91289	82524	85890	53335	51722	49455	56820	41250	31182	26177	36645	27806	27015	28508	43847	34634	34222	34514	43557	35305	37010	34434	47284	36806	33495	30926	37834	33146	28875	32707	48741
	
Birds Per Party Hour
	Red-tailed Hawk	4.534522055037997	4.473943834983354	4.347555505768476	4.38792405722842	4.376031847895828	4.306596364135252	3.722123880718525	4.197188184142409	4.276573494959163	3.862579310297268	4.0064127511062075	3.5344160863102876	3.335312704524326	2.670295919856553	2.4438046314060546	2.013978573893293	1.6795437948955474	1.5059133586026419	1.5484279545350452	1.9316319938874662	2.480439462400493	2.7223036685904383	3.3570649491908005	3.3426869990271753	2.866498835257133	2.902582575721456	2.3161134019220393	2.1744199833245044	2.248440948690596	2.0975256832597173	2.1625864642877537	1.664575012159782	1.6401074319437556	1.7097773162873544	1.8154906628465253	1.9125953126749404	1.8885889824838795	2.5803063109462085	3.1563747275168184	5.409613404677696	4.241674633280519	4.370457715199897	3.8638373625386624	3.470038356102658	3.6316252601370778	3.558573587195942	2.9045802861439003	3.611248908862055
	# checklists reporting species - (Red-tailed Hawk)	9203	5673	5308	7353	4832	5682	7438	5246	5588	6291	6878	8803	6509	5474	4879	7169	6437	6579	5303	5042	2677	2413	1979	2268	1710	1491	1401	2260	1864	1703	1949	2994	2648	2862	3141	3927	3414	4558	4859	7312	5995	4727	4293	4778	4420	3824	5518	7733
	
High Count
	Red-tailed Hawk	70	185	85	80	46	52	65	224	124	428	744	497	250	247	158	116	41	46	25	22	7	8	8	6	6	8	5	8	19	8	32	20	42	75	500	274	500	530	540	1800	1336	1977	2414	763	93	69	110	166
	# checklists reporting species - (Red-tailed Hawk)	10463	6421	6011	8349	5531	6300	8252	5947	6244	6981	7612	9844	7317	6200	5585	7864	7254	7629	6083	5685	2975	2691	2253	2522	1957	1686	1602	2549	2111	1919	2205	3317	3009	3235	3531	4387	3841	5096	5350	8158	6600	5219	4709	5359	5048	4311	6122	8611
	
Totals
	Red-tailed Hawk	16929	10161	9383	13422	8604	9787	12946	10055	10841	13586	20690	24705	14423	12458	8896	11402	9176	9156	7130	6770	3531	3241	2688	2988	2272	2049	1947	3108	2577	2327	2844	4249	4380	5861	7557	9330	8750	20667	27001	87391	44363	37186	19782	13098	8079	6991	13194	17273
	# checklists reporting species - (Red-tailed Hawk)	10207	6300	5917	8210	5424	6209	8109	5850	6141	6870	7463	9614	7119	5998	5335	7600	6826	6956	5586	5353	2835	2576	2128	2399	1856	1623	1529	2451	2044	1857	2121	3216	2901	3137	3415	4252	3722	4951	5237	7944	6455	5120	4639	5273	4964	4233	6027	8445
	
Average Count
	Red-tailed Hawk	1.6585676496521995	1.6128571428571428	1.5857698157850262	1.6348355663824603	1.586283185840708	1.5762602673538413	1.596497718584289	1.718803418803419	1.7653476632470282	1.9775836972343523	2.772343561570414	2.5696900353650927	2.0259867958983	2.077025675225075	1.6674789128397376	1.5002631578947367	1.3442719015528861	1.3162737205290396	1.2764052989616899	1.2647113767980571	1.2455026455026454	1.2581521739130435	1.263157894736842	1.2455189662359316	1.2241379310344827	1.2624768946395564	1.2733812949640289	1.2680538555691554	1.2607632093933463	1.253096392030156	1.3408769448373408	1.3212064676616915	1.5098241985522234	1.8683455530761874	2.212884333821376	2.194261523988711	2.350886620096722	4.174308220561502	5.155814397555853	11.00088116817724	6.872656855151046	7.262890625	4.264281095063591	2.4839749668120614	1.6275181305398871	1.6515473659343256	2.1891488302638127	2.045352279455299
	# checklists reporting species - (Red-tailed Hawk)	10207	6300	5917	8210	5424	6209	8109	5850	6141	6870	7463	9614	7119	5998	5335	7600	6826	6956	5586	5353	2835	2576	2128	2399	1856	1623	1529	2451	2044	1857	2121	3216	2901	3137	3415	4252	3722	4951	5237	7944	6455	5120	4639	5273	4964	4233	6027	8445
	
