

	Week starting on...	1/1	1/8	1/15	1/22	2/1	2/8	2/15	2/22	3/1	3/8	3/15	3/22	4/1	4/8	4/15	4/22	5/1	5/8	5/15	5/22	6/1	6/8	6/15	6/22	7/1	7/8	7/15	7/22	8/1	8/8	8/15	8/22	9/1	9/8	9/15	9/22	10/1	10/8	10/15	10/22	11/1	11/8	11/15	11/22	12/1	12/8	12/15	12/22
Frequency (%)
	Yellow-rumped Warbler	0.4383922406179243	0.34617248621079594	0.34438114966338684	0.2624477876760433	0.27391374402492075	0.14671858247277242	0.1204452503540561	0.15608371763036538	0.10264545327299025	0.11793631439022928	0.14774242369644336	0.24855747891699953	0.699206215166357	3.2927727320545643	8.096390576846064	17.14633870582767	31.00944168794258	32.62276944648315	27.699820658232753	9.196646873908488	7.619761882441174	7.894126290553342	7.799009200283086	7.449841605068638	8.846060606060606	7.225322301327688	5.336745998395538	3.9759858097966982	4.520607063223765	5.770868036276143	7.1488704924933355	9.467010285766415	12.756251082751055	14.993279177137515	19.583357478124817	27.768211768487273	32.233394703299815	28.443663874628477	19.768252308764595	9.605786312494713	4.127044503613541	1.9734288699805942	1.0929315139364937	0.872231326320241	1.1011886803837567	0.7376623376623376	0.9539242364019934	0.5231735089554995
	Total # checklists submitted - (Yellow-rumped Warbler)	62273	43331	38620	54106	37238	53163	75553	42285	42866	50027	55502	78855	59210	57034	57433	79603	83036	91289	82524	85890	53335	51722	49455	56820	41250	31182	26177	36645	27806	27015	28508	43847	34634	34222	34514	43557	35305	37010	34434	47284	36806	33495	30926	37834	33146	28875	32707	48741
	
Abundance
	Yellow-rumped Warbler	0.0080291619160792	0.005838775934088759	0.005929570170895909	0.00560011828632684	0.0048606262420108496	0.002520550006583526	0.0024221407488782707	0.0024831500532103584	0.002449493771287267	0.0017790393187678655	0.0025764837303160247	0.004121488808572697	0.01249788887012329	0.08842094189430866	0.3025786568697439	1.151062145899024	2.633508357820704	2.220190822552553	1.3971935436963792	0.25229945278845034	0.14474547670385302	0.14991686323034686	0.12805580831058538	0.11358676522351285	0.15566060606060605	0.12718876274773908	0.1049776521373725	0.08699686178196207	0.1364813349636769	0.17105311863779382	0.24694822505963238	0.3974046114899537	0.6205751573598198	0.7958915317631933	1.1860694211044793	2.2105976077323968	2.9355898597932306	2.431775195893002	1.685920892141488	0.5496362405887827	0.13671683964570994	0.05129123749813405	0.028649033175968442	0.0219379394195697	0.02715259759850359	0.018424242424242423	0.03213379398905433	0.01040192035452699
	Total # checklists submitted - (Yellow-rumped Warbler)	62273	43331	38620	54106	37238	53163	75553	42285	42866	50027	55502	78855	59210	57034	57433	79603	83036	91289	82524	85890	53335	51722	49455	56820	41250	31182	26177	36645	27806	27015	28508	43847	34634	34222	34514	43557	35305	37010	34434	47284	36806	33495	30926	37834	33146	28875	32707	48741
	
Birds Per Party Hour
	Yellow-rumped Warbler	2.519594277922734	2.9316240527293203	3.463681277438348	2.809020625555353	2.761318668564387	2.286176941023632	4.318583161633786	1.5394821343502911	2.2846403783785907	0.9136484271750756	1.285651654786494	2.174078380736355	1.8301465880285341	2.7183418263040693	3.5512474294877787	5.013537455125209	6.449943006607118	4.973770729318363	3.890102751754946	3.756663861697766	7.670347824142856	9.028472343108009	9.526483684899134	8.88369610367025	9.133618419624632	6.4769387626111685	2.6618869552096087	1.8880746143106857	2.368935446836178	2.417397731962675	2.605025397072461	2.9193596546520597	3.3997671608573037	4.180028126615688	4.941586702336218	6.7034175288433975	7.967867205376938	6.616187862814554	6.018247091823453	4.414016265153084	2.2992025091186155	1.8541006805409457	2.169109522951734	2.1817395939195667	2.3320973771008995	2.422278308791998	1.7188870430823724	2.2790398308405577
	# checklists reporting species - (Yellow-rumped Warbler)	297	161	149	149	108	88	96	71	51	70	88	221	433	1961	4660	13826	26063	29128	22718	7930	3984	4011	3772	4163	3626	2151	1357	1488	1268	1572	2048	4109	4354	5083	6728	12049	11351	10493	6794	4556	1548	690	344	358	380	226	318	276
	
High Count
	Yellow-rumped Warbler	40	12	15	20	14	12	14	6	9	9	12	21	35	110	200	1700	2000	2500	4500	237	33	25	20	50	50	30	24	38	50	55	82	300	300	220	800	2500	3000	7000	2600	750	190	50	35	45	40	35	52	34
	# checklists reporting species - (Yellow-rumped Warbler)	369	196	169	178	125	100	114	83	66	89	104	260	506	2191	5332	15399	29393	33839	25779	9125	4380	4361	4125	4622	4004	2444	1598	1677	1447	1771	2324	4693	4848	5621	7434	13250	12455	11572	7421	5010	1690	779	400	397	433	261	364	334
	
Totals
	Yellow-rumped Warbler	724	350	295	396	232	196	227	125	145	151	189	418	889	5760	19765	103642	248547	234736	136337	24851	8120	8112	6644	6940	6926	4238	3030	3580	4192	5123	7744	19413	23438	29413	45005	111584	124632	116006	64189	28765	6000	2055	1084	1017	1155	678	1199	687
	# checklists reporting species - (Yellow-rumped Warbler)	361	195	167	175	124	98	112	81	66	87	100	255	491	2126	5067	14616	27264	30433	23583	8426	4150	4158	3909	4349	3790	2278	1450	1570	1344	1658	2209	4436	4654	5392	7082	12678	11973	11089	7191	4864	1637	768	394	394	433	256	359	332
	
Average Count
	Yellow-rumped Warbler	2.005540166204986	1.794871794871795	1.7664670658682635	2.262857142857143	1.8709677419354838	2.0	2.0267857142857144	1.5432098765432098	2.196969696969697	1.735632183908046	1.89	1.6392156862745098	1.810590631364562	2.70931326434619	3.9007302151174263	7.090996168582375	9.11630721830986	7.713206059212039	5.7811559173981255	2.949323522430572	1.9566265060240964	1.950937950937951	1.699667434126375	1.5957691423315705	1.8274406332453825	1.8604038630377524	2.089655172413793	2.2802547770700636	3.119047619047619	3.0898673100120626	3.5056586690810323	4.3762398557258795	5.036097980232058	5.454933234421365	6.354843264614516	8.80138823158227	10.409421197694813	10.461358102624223	8.926296759838687	5.913856907894737	3.665241295051924	2.67578125	2.751269035532995	2.581218274111675	2.66743648960739	2.6484375	3.33983286908078	2.069277108433735
	# checklists reporting species - (Yellow-rumped Warbler)	361	195	167	175	124	98	112	81	66	87	100	255	491	2126	5067	14616	27264	30433	23583	8426	4150	4158	3909	4349	3790	2278	1450	1570	1344	1658	2209	4436	4654	5392	7082	12678	11973	11089	7191	4864	1637	768	394	394	433	256	359	332
	
