

	Week starting on...	1/1	1/8	1/15	1/22	2/1	2/8	2/15	2/22	3/1	3/8	3/15	3/22	4/1	4/8	4/15	4/22	5/1	5/8	5/15	5/22	6/1	6/8	6/15	6/22	7/1	7/8	7/15	7/22	8/1	8/8	8/15	8/22	9/1	9/8	9/15	9/22	10/1	10/8	10/15	10/22	11/1	11/8	11/15	11/22	12/1	12/8	12/15	12/22
Frequency (%)
	Marsh Wren	0.04335747434682768	0.01846253259790912	0.01294665976178146	0.029571581709976712	0.029539717492883616	0.005643022402798939	0.0026471483594298043	0.009459619250325174	0.0	0.0	0.012612158120428091	0.01775410563692854	0.038844789731464276	0.07364028474243434	0.15844549300924557	0.5640490936271246	1.6679512500602147	2.843716110374744	3.538364596965731	3.588310629875422	3.1049029717821317	2.8865859788871275	2.6933575978161968	2.85462865188314	3.153939393939394	3.800269386184337	4.54215532719563	4.2379587938327195	3.308638423361864	2.3505459929668704	2.0239932650484076	1.9294364494720277	2.2665588727839694	2.33183332359301	2.381642232137683	2.176458433776431	1.8920832743237501	1.3266684679816267	0.662136260672591	0.2432112342441418	0.17388469271314458	0.10150768771458427	0.07760460453986937	0.07665063170693028	0.09654256923912388	0.0658008658008658	0.2629406549056777	0.07591145031903326
	Total # checklists submitted - (Marsh Wren)	62273	43331	38620	54106	37238	53163	75553	42285	42866	50027	55502	78855	59210	57034	57433	79603	83036	91289	82524	85890	53335	51722	49455	56820	41250	31182	26177	36645	27806	27015	28508	43847	34634	34222	34514	43557	35305	37010	34434	47284	36806	33495	30926	37834	33146	28875	32707	48741
	
Abundance
	Marsh Wren	7.22624572447128E-4	2.538598232212504E-4	1.294665976178146E-4	4.6205596421838613E-4	5.370857725978839E-4	9.405037337998232E-5	9.265019258004314E-5	1.1824524062906468E-4	0.0	0.0	1.6215631869121832E-4	1.9022256039566293E-4	4.3911501435568316E-4	0.001034470666619911	0.002071979523967057	0.009786063339321383	0.03358784141818007	0.07154202587387308	0.10181280597159614	0.1182559087204564	0.10141558076310116	0.09562661923359499	0.09560206248104337	0.09327701513551566	0.10424242424242425	0.129626066320313	0.1434465370363296	0.11829717560376586	0.07983888369416672	0.05348880251712012	0.0434264066227024	0.0549866581522111	0.07382918519374025	0.061510139676231666	0.04670568464970737	0.04082007484445669	0.03381957229854128	0.02358821940016212	0.009583551141313817	0.0031511716436849672	0.002064880725968592	0.0010747872816838334	0.0011964043199896527	8.458000740075065E-4	0.0016291558559102155	0.0010735930735930735	0.0058397284984865626	0.0014566791817976652
	Total # checklists submitted - (Marsh Wren)	62273	43331	38620	54106	37238	53163	75553	42285	42866	50027	55502	78855	59210	57034	57433	79603	83036	91289	82524	85890	53335	51722	49455	56820	41250	31182	26177	36645	27806	27015	28508	43847	34634	34222	34514	43557	35305	37010	34434	47284	36806	33495	30926	37834	33146	28875	32707	48741
	
Birds Per Party Hour
	Marsh Wren	1.5214438474765877	0.78540256552794	3.081846577440119	1.4211906802811785	0.7924836524616858	0.39175502111886906	1.022101609999217	1.75	0.0	0.0	0.5646931013497288	1.257113228419233	1.9992197411782842	1.1607838240305781	1.273673284324553	1.6852952125245173	2.9745358802422874	3.1347579570841098	3.6846032320753688	5.3180954248848	5.81087831997395	6.100673101370198	6.50960479437217	6.31385777740671	5.690748679625453	4.44453171613503	3.71274159326619	3.1124542938745736	2.073500661791737	1.9821462321284207	1.809670567186333	1.8030691764446596	1.593717318281737	1.7650292455555903	1.5885961422861556	1.494372006332053	1.6265762697776316	1.3470278737960022	1.0204961964423758	0.9760725779412759	1.2178486556034887	0.9772348100216878	1.3014283024180284	1.8304105576992888	1.028629680105329	0.6183560890493305	0.5265904834122439	1.2098659604580648
	# checklists reporting species - (Marsh Wren)	26	8	5	17	11	3	2	4	0	0	7	16	22	42	95	470	1326	2242	2548	2938	1642	1462	1334	1576	1251	1131	1183	1545	920	640	555	822	743	763	812	942	671	507	230	113	70	33	25	32	38	22	89	40
	
High Count
	Marsh Wren	7	3	1	8	5	3	5	2	1	1	3	2	4	5	3	18	40	250	100	120	100	75	111	60	48	80	50	90	45	30	20	100	100	100	40	50	20	36	8	8	4	2	4	5	11	5	23	14
	# checklists reporting species - (Marsh Wren)	35	10	8	17	14	3	4	6	1	1	10	17	26	49	112	528	1627	3062	3369	3503	1853	1669	1523	1846	1487	1295	1299	1698	1002	694	630	941	875	892	935	1050	763	564	269	145	88	41	28	35	52	26	100	49
	
Totals
	Marsh Wren	54	13	8	26	25	5	10	7	1	1	12	20	31	68	149	888	3170	7562	9446	11121	6026	5375	5117	5744	4684	4299	4038	4622	2361	1538	1315	2579	2718	2252	1853	1945	1321	1018	381	181	104	44	43	44	80	42	209	96
	# checklists reporting species - (Marsh Wren)	35	10	8	17	14	3	4	6	1	1	10	17	23	49	109	514	1464	2491	2760	3098	1737	1558	1428	1719	1352	1200	1235	1599	959	658	587	882	831	851	885	1006	734	555	264	140	87	40	28	35	51	25	100	49
	
Average Count
	Marsh Wren	1.542857142857143	1.3	1.0	1.5294117647058822	1.7857142857142858	1.6666666666666667	2.5	1.1666666666666667	1.0	1.0	1.2	1.1764705882352942	1.3478260869565217	1.3877551020408163	1.3669724770642202	1.727626459143969	2.1653005464480874	3.0357286230429548	3.422463768115942	3.589735313105229	3.4691997697179042	3.4499358151476254	3.5833333333333335	3.341477603257708	3.464497041420118	3.5825	3.269635627530364	2.890556597873671	2.461939520333681	2.337386018237082	2.2402044293015333	2.9240362811791383	3.270758122743682	2.646298472385429	2.093785310734463	1.9333996023856859	1.7997275204359673	1.8342342342342342	1.4431818181818181	1.292857142857143	1.1954022988505748	1.1	1.5357142857142858	1.2571428571428571	1.5686274509803921	1.68	2.09	1.9591836734693877
	# checklists reporting species - (Marsh Wren)	35	10	8	17	14	3	4	6	1	1	10	17	23	49	109	514	1464	2491	2760	3098	1737	1558	1428	1719	1352	1200	1235	1599	959	658	587	882	831	851	885	1006	734	555	264	140	87	40	28	35	51	25	100	49
	
