

	Week starting on...	1/1	1/8	1/15	1/22	2/1	2/8	2/15	2/22	3/1	3/8	3/15	3/22	4/1	4/8	4/15	4/22	5/1	5/8	5/15	5/22	6/1	6/8	6/15	6/22	7/1	7/8	7/15	7/22	8/1	8/8	8/15	8/22	9/1	9/8	9/15	9/22	10/1	10/8	10/15	10/22	11/1	11/8	11/15	11/22	12/1	12/8	12/15	12/22
Frequency (%)
	Snow Goose	0.4801438825815361	0.42233043317717106	0.42206110823407555	0.38812700994344435	0.3571620387775928	0.24453097078795402	0.15353460484692866	0.41385834220172635	0.7395138338076798	1.0194494972714734	1.3422939713884185	1.6080147105446707	1.270055733828745	0.915243538941684	0.5084185050406561	0.4145572403050136	0.2107519630039983	0.12597355650735576	0.10300033929523532	0.1758062638258237	0.08437236336364488	0.10440431537836897	0.22849054696188453	0.14783526927138332	0.27636363636363637	0.1314861137835931	0.11460442373075601	0.10096875426388321	0.08990865280874631	0.1739774199518786	0.3157008559000982	0.3968344470545305	0.42155107697638156	0.45876921278709604	0.9677232427420756	1.3292926510090226	1.4785441155643677	1.4617670899756823	1.4898065865133299	1.4909906099314778	1.7687333586915175	1.6987610091058365	1.723468925822932	1.2554844848548925	1.2610873106860556	0.7965367965367965	0.6390069404103097	0.4882952750251328
	Total # checklists submitted - (Snow Goose)	62273	43331	38620	54106	37238	53163	75553	42285	42866	50027	55502	78855	59210	57034	57433	79603	83036	91289	82524	85890	53335	51722	49455	56820	41250	31182	26177	36645	27806	27015	28508	43847	34634	34222	34514	43557	35305	37010	34434	47284	36806	33495	30926	37834	33146	28875	32707	48741
	
Abundance
	Snow Goose	0.08008286095097394	0.008423530497796036	0.006732263076126359	0.020348944664177724	0.03713948117514367	0.03596486278050524	0.019138882638677485	0.5492254936738796	0.6215882051042785	2.395086653207268	20.329051205361967	48.74825946357238	35.4119743286607	27.40153241925869	11.100673828635106	7.391618406341469	2.215195818681054	1.3438968550427763	0.15469439193446755	0.00909302596344161	0.03348645354832661	0.00721163141409845	0.2948943483975331	0.06031326997536079	0.04666666666666667	0.05156821243024822	0.03159261947511174	0.0835584663664893	0.25498093936560456	0.6664075513603553	0.568892942331977	0.47538029967842726	0.540076225674193	0.8258430249547075	0.8688068609839485	17.625410381798563	1.3618184393145447	4.006106457714131	5.594122088633328	48.03047542509094	96.11894799760908	72.7973130317958	34.9625881135614	11.044906697679336	11.152416581186268	11.72339393939394	4.418259088268567	1.4046900966332245
	Total # checklists submitted - (Snow Goose)	62273	43331	38620	54106	37238	53163	75553	42285	42866	50027	55502	78855	59210	57034	57433	79603	83036	91289	82524	85890	53335	51722	49455	56820	41250	31182	26177	36645	27806	27015	28508	43847	34634	34222	34514	43557	35305	37010	34434	47284	36806	33495	30926	37834	33146	28875	32707	48741
	
Birds Per Party Hour
	Snow Goose	51.933623403776615	8.577486564007868	6.126781432707929	16.680742782592894	51.65814623920704	33.354514234891	22.131877679086195	320.7030952871698	165.2116814301489	297.1590365000209	1397.860480597945	4233.264841042978	7993.386395458007	4974.4589710842865	14605.102117626873	3700.5039963567865	3310.247657874244	1544.4545080711814	188.4518719881471	3.940885676339916	15.12178485694891	9.073355700759711	1268.0476044521424	189.95486802719344	196.63037275111233	141.44485926792552	2.2081161745951308	17.765247016089805	43.64093278914664	53.47282161176968	217.28076972390505	14.327195411777566	12.739359834515545	15.287804275182106	12.105722538720768	50.36154335352527	72.81408555660855	438.62931410477654	479.7763664884279	3692.3174239216464	4161.802781084685	6336.464460788101	3164.165530463396	2340.719367215283	2071.771360559841	4898.653773130158	1534.5521071230435	579.9004738733257
	# checklists reporting species - (Snow Goose)	324	201	185	252	146	152	131	204	355	570	835	1342	759	554	312	351	182	126	99	155	44	54	110	82	46	26	18	39	26	45	90	177	147	157	285	664	594	584	561	783	732	630	578	518	470	255	215	253
	
High Count
	Snow Goose	2500	25	13	200	167	215	230	8000	10000	40000	215000	800000	200000	250000	300000	80000	30000	50000	5000	85	3000	99	1000	500	92	500	462	10000	1460	3580	7000	15000	6000	8000	7500	300000	10000	13000	40000	200000	200000	125000	80000	72000	55000	50000	15000	30000
	# checklists reporting species - (Snow Goose)	385	242	214	280	178	167	153	236	395	648	947	1568	939	667	388	440	244	160	118	181	61	60	118	91	119	64	35	48	27	49	90	189	169	194	423	783	731	753	695	972	878	761	671	622	567	330	276	318
	
Totals
	Snow Goose	5269	456	345	1275	1800	2213	1901	25080	29080	185528	1193559	3956239	2347270	1735369	1006212	652293	208063	139313	19722	837	4864	428	14590	3444	1936	2404	1115	13654	7127	18005	16218	36492	27727	29870	30329	783251	50866	153529	199558	2619285	3948789	2628117	1247254	471969	438577	492289	163155	105113
	# checklists reporting species - (Snow Goose)	378	241	213	279	176	166	152	235	392	633	919	1501	888	623	366	414	223	155	113	174	56	59	114	89	107	43	22	47	27	48	90	188	163	191	417	759	706	726	659	933	845	719	654	606	552	316	264	318
	
Average Count
	Snow Goose	13.93915343915344	1.892116182572614	1.619718309859155	4.56989247311828	10.227272727272727	13.331325301204819	12.506578947368421	106.72340425531915	74.18367346938776	293.09320695102684	1298.758433079434	2635.7355096602264	2643.322072072072	2785.5040128410915	2749.2131147540986	1575.5869565217392	933.0179372197309	898.7935483870967	174.53097345132744	4.810344827586207	86.85714285714286	7.254237288135593	127.98245614035088	38.69662921348315	18.093457943925234	55.906976744186046	50.68181818181818	290.51063829787233	263.962962962963	375.1041666666667	180.2	194.10638297872342	170.1042944785276	156.38743455497382	72.73141486810552	1031.9512516469038	72.04815864022663	211.4724517906336	302.8194233687405	2807.379421221865	4673.123076923077	3655.239221140473	1907.1162079510702	778.8267326732673	794.5235507246376	1557.876582278481	618.0113636363636	330.5440251572327
	# checklists reporting species - (Snow Goose)	378	241	213	279	176	166	152	235	392	633	919	1501	888	623	366	414	223	155	113	174	56	59	114	89	107	43	22	47	27	48	90	188	163	191	417	759	706	726	659	933	845	719	654	606	552	316	264	318
	
