

	Week starting on...	1/1	1/8	1/15	1/22	2/1	2/8	2/15	2/22	3/1	3/8	3/15	3/22	4/1	4/8	4/15	4/22	5/1	5/8	5/15	5/22	6/1	6/8	6/15	6/22	7/1	7/8	7/15	7/22	8/1	8/8	8/15	8/22	9/1	9/8	9/15	9/22	10/1	10/8	10/15	10/22	11/1	11/8	11/15	11/22	12/1	12/8	12/15	12/22
Frequency (%)
	Yellow Warbler	0.0032116647664316798	0.0	0.0	0.0	0.0	0.0	0.0	0.0	0.0	0.0	0.0	0.0	0.0	0.0017533401129151034	0.04178782233210872	2.3152393754004246	24.25454019943157	39.20735247401111	45.38316126217828	40.64035394108744	32.40273741445579	29.722361857623447	26.87291477100394	23.921154523055264	19.076363636363634	17.439548457443397	16.70168468502884	16.960021831082003	18.661439976983385	17.068295391449194	13.392731864739721	7.738271717563346	5.1943177224692505	2.7935246332768395	1.028568117285739	0.3535597033771839	0.16711513949865459	0.05133747635774115	0.03194517047104606	0.019033922679976313	0.008150844970928653	0.0238841618151963	0.042035827459095905	0.007929375693820373	0.018101731732335726	0.0069264069264069255	0.015287247378237076	0.0020516608194333314
	Total # checklists submitted - (Yellow Warbler)	62273	43331	38620	54106	37238	53163	75553	42285	42866	50027	55502	78855	59210	57034	57433	79603	83036	91289	82524	85890	53335	51722	49455	56820	41250	31182	26177	36645	27806	27015	28508	43847	34634	34222	34514	43557	35305	37010	34434	47284	36806	33495	30926	37834	33146	28875	32707	48741
	
Abundance
	Yellow Warbler	3.21166476643168E-5	0.0	0.0	0.0	0.0	0.0	0.0	0.0	0.0	0.0	0.0	0.0	0.0	1.7533401129151033E-5	6.094057423432521E-4	0.05357838272426919	1.3206079290909967	3.0423818860979965	3.127041830255441	2.01023402025847	1.1622949282834911	0.9413402420633387	0.8125770902840966	0.6918514607532559	0.5291636363636364	0.43788082868321465	0.44046300187187226	0.5288306726702142	0.6956052650507085	0.6050712567092356	0.4009400869931247	0.1595548156088216	0.08171161286596985	0.036321664426392376	0.0120530799096019	0.003902931790527355	0.0021243449936269652	5.403944879762226E-4	3.194517047104606E-4	1.9033922679976314E-4	8.150844970928653E-5	2.38841618151963E-4	4.2035827459095904E-4	7.929375693820373E-5	1.8101731732335727E-4	6.926406926406926E-5	1.5287247378237075E-4	2.0516608194333313E-5
	Total # checklists submitted - (Yellow Warbler)	62273	43331	38620	54106	37238	53163	75553	42285	42866	50027	55502	78855	59210	57034	57433	79603	83036	91289	82524	85890	53335	51722	49455	56820	41250	31182	26177	36645	27806	27015	28508	43847	34634	34222	34514	43557	35305	37010	34434	47284	36806	33495	30926	37834	33146	28875	32707	48741
	
Birds Per Party Hour
	Yellow Warbler	0.0	0.0	0.0	0.0	0.0	0.0	0.0	0.0	0.0	0.0	0.0	0.0	0.0	0.3999400119976005	2.0634983597073	1.8497858745053681	4.368138556237256	5.421895803989463	5.503859148597317	5.756614612532663	6.28436525297846	6.887787124242583	6.846655579336233	7.049254412339484	4.9680908672522985	4.089246179283028	2.9931947782841455	3.0431719803397046	3.3953693945080676	3.129993068293363	2.1946391508510303	1.3813224992682493	1.076280098313148	0.9708905393042462	0.8801277907668175	0.6515777871676318	1.6732895263881704	0.9258600336974417	0.8813633836366674	0.5247987945369946	0.8444444444444444	0.5478156979374175	0.3808591528648269	0.636416791604198	1.0806757485602936	0.571459188047272	0.30479776677466025	0.4444444444444444
	# checklists reporting species - (Yellow Warbler)	1	0.0	0.0	0.0	0.0	1	0.0	0.0	0.0	0.0	0.0	0.0	0.0	2	30	1894	19703	33462	35896	34234	17039	15080	13079	13343	7683	5267	4258	6144	5162	4585	3756	3341	1783	979	360	163	67	22	12	7	3	9	14	3	5	2	5	1
	
High Count
	Yellow Warbler	1	0.0	0.0	0.0	0.0	3	0.0	0.0	0.0	0.0	0.0	0.0	0.0	1	5	100	250	999	1000	250	108	100	145	125	100	70	60	75	200	100	140	44	20	20	8	4	15	2	1	1	1	1	1	1	1	1	1	1
	# checklists reporting species - (Yellow Warbler)	4	0.0	0.0	0.0	0.0	1	0.0	0.0	0.0	0.0	0.0	0.0	0.0	2	35	2237	22618	40060	41513	38318	18672	16373	14189	14497	8449	5830	4668	6676	5607	5025	4153	3776	1985	1079	431	189	77	28	13	15	5	10	14	4	8	2	5	1
	
Totals
	Yellow Warbler	4	0.0	0.0	0.0	0.0	3	0.0	0.0	0.0	0.0	0.0	0.0	0.0	2	46	4928	116916	295738	273492	182453	64811	50455	41904	40864	22718	14133	12082	20470	20644	17562	12315	7654	3111	1408	508	209	96	29	13	15	5	10	14	4	8	2	5	1
	# checklists reporting species - (Yellow Warbler)	4	0.0	0.0	0.0	0.0	1	0.0	0.0	0.0	0.0	0.0	0.0	0.0	2	35	2103	20619	34906	36981	35288	17534	15477	13414	13682	7895	5450	4394	6360	5357	4793	3952	3595	1908	1048	406	185	76	28	13	15	5	10	14	4	8	2	5	1
	
Average Count
	Yellow Warbler	1.0	0.0	0.0	0.0	0.0	3.0	0.0	0.0	0.0	0.0	0.0	0.0	0.0	1.0	1.3142857142857143	2.343319067998098	5.670304088462098	8.472411619778834	7.395473351180335	5.170397868963954	3.6963043230295427	3.2599987077599017	3.1239004025644848	2.9866978511913462	2.8775174160861305	2.593211009174312	2.74965862539827	3.2185534591194966	3.853649430651484	3.66409346964323	3.1161437246963564	2.129068150208623	1.630503144654088	1.3435114503816794	1.251231527093596	1.1297297297297297	1.263157894736842	1.0357142857142858	1.0	1.0	1.0	1.0	1.0	1.0	1.0	1.0	1.0	1.0
	# checklists reporting species - (Yellow Warbler)	4	0.0	0.0	0.0	0.0	1	0.0	0.0	0.0	0.0	0.0	0.0	0.0	2	35	2103	20619	34906	36981	35288	17534	15477	13414	13682	7895	5450	4394	6360	5357	4793	3952	3595	1908	1048	406	185	76	28	13	15	5	10	14	4	8	2	5	1
	
