

	Week starting on...	1/1	1/8	1/15	1/22	2/1	2/8	2/15	2/22	3/1	3/8	3/15	3/22	4/1	4/8	4/15	4/22	5/1	5/8	5/15	5/22	6/1	6/8	6/15	6/22	7/1	7/8	7/15	7/22	8/1	8/8	8/15	8/22	9/1	9/8	9/15	9/22	10/1	10/8	10/15	10/22	11/1	11/8	11/15	11/22	12/1	12/8	12/15	12/22
Frequency (%)
	Cliff Swallow	0.0	0.0	0.0	0.0	0.0	0.0	0.0	0.0	0.0	0.0	0.005405210623040612	0.005072601610551012	0.015200135112312108	0.04909352316162289	0.38653735657200566	1.3780887654987877	3.1745267113059397	4.81218985858099	4.842227715573651	4.484806147397834	3.635511390269054	2.9813232280267585	2.867253058335861	3.097500879971841	3.292121212121212	3.7136809697902637	3.980593650914925	3.765861645517806	4.0782564914047335	3.4462335739404035	3.2026097937421074	2.0411886788149705	1.241554541779754	0.5727309917596868	0.17963724865272063	0.08953784695915697	0.03682197988953406	0.013509862199405566	0.008712319219376197	0.01057440148887573	0.0353203282073575	0.0	0.0	0.0	0.0	0.0	0.0	0.0
	Total # checklists submitted - (Cliff Swallow)	62273	43331	38620	54106	37238	53163	75553	42285	42866	50027	55502	78855	59210	57034	57433	79603	83036	91289	82524	85890	53335	51722	49455	56820	41250	31182	26177	36645	27806	27015	28508	43847	34634	34222	34514	43557	35305	37010	34434	47284	36806	33495	30926	37834	33146	28875	32707	48741
	
Abundance
	Cliff Swallow	0.0	0.0	0.0	0.0	0.0	0.0	0.0	0.0	0.0	0.0	5.4052106230406115E-5	2.9167459260668314E-4	2.0266846816416147E-4	9.468036609741558E-4	0.012170703254226664	0.056995339371631724	0.18068066862565635	0.3314747669489205	0.40868111094954196	0.32220281755734076	0.26369175963251146	0.19256795947565833	0.20084925690021233	0.20239352340725097	0.25612121212121214	0.31704188313770765	0.3404515414294992	0.29163596670759995	0.28490253902035534	0.1968906163242643	0.18328188578644591	0.1627705430246083	0.08376162152797828	0.08643562620536498	0.004375036217187228	0.0021580916959386552	9.91360997025917E-4	1.3509862199405565E-4	8.712319219376198E-5	1.9033922679976314E-4	3.5320328207357496E-4	0.0	0.0	0.0	0.0	0.0	0.0	0.0
	Total # checklists submitted - (Cliff Swallow)	62273	43331	38620	54106	37238	53163	75553	42285	42866	50027	55502	78855	59210	57034	57433	79603	83036	91289	82524	85890	53335	51722	49455	56820	41250	31182	26177	36645	27806	27015	28508	43847	34634	34222	34514	43557	35305	37010	34434	47284	36806	33495	30926	37834	33146	28875	32707	48741
	
Birds Per Party Hour
	Cliff Swallow	0.0	0.0	0.0	0.0	0.0	0.0	0.0	0.0	0.0	0.0	0.8643871143871144	7.360681928876355	0.8246778814975578	1.991597072174626	3.6811021040584904	8.548895707437506	8.672641617937803	9.72161343107247	11.970579461019499	14.412178852383063	17.47868289194105	17.30706092391053	17.751797616846947	19.65492236977986	21.355863824105224	18.38158606415946	16.178664324965908	12.201557894106125	10.560678389457824	6.607942816526946	7.75683258449184	6.33585969356012	6.046585323123663	5.6703126671866775	1.6863216594696724	3.276036744495647	1.5937344341949604	0.36423529333320087	0.10365446926522662	1.1772489192242355	1.5478601528093827	0.0	0.0	0.0	0.0	0.0	0.0	0.0
	# checklists reporting species - (Cliff Swallow)	0.0	0.0	0.0	0.0	0.0	0.0	0.0	0.0	0.0	0.0	4	6	18	36	238	1123	2543	3963	3636	3711	1886	1514	1413	1702	1363	1125	994	1365	1089	929	882	867	414	181	55	45	12	5	5	6	21	1	0	0.0	0.0	0.0	0.0	0.0
	
High Count
	Cliff Swallow	0.0	0.0	0.0	0.0	0.0	0.0	0.0	0.0	0.0	0.0	1	20	4	8	100	100	750	3500	3000	300	300	200	150	250	450	200	250	400	4000	200	400	2000	355	2000	20	40	20	4	1	6	1	1	1	0.0	0.0	0.0	0.0	0.0
	# checklists reporting species - (Cliff Swallow)	0.0	0.0	0.0	0.0	0.0	0.0	0.0	0.0	0.0	0.0	4	7	23	49	307	1302	3017	5035	4559	4446	2213	1798	1674	2051	1562	1322	1172	1547	1247	1040	1017	1018	492	244	81	65	21	11	6	10	26	1	1	0.0	0.0	0.0	0.0	0.0
	
Totals
	Cliff Swallow	0.0	0.0	0.0	0.0	0.0	0.0	0.0	0.0	0.0	0.0	4	25	30	93	942	5638	16739	35556	37746	31768	15937	11114	11145	13260	12313	10922	9822	11713	13081	5882	5940	8220	3452	3233	205	154	54	15	6	20	25	1	0	0.0	0.0	0.0	0.0	0.0
	# checklists reporting species - (Cliff Swallow)	0.0	0.0	0.0	0.0	0.0	0.0	0.0	0.0	0.0	0.0	4	6	22	49	300	1224	2687	4236	3870	3914	2001	1630	1523	1850	1436	1208	1057	1425	1152	968	935	946	442	223	74	63	19	10	6	10	25	1	0	0.0	0.0	0.0	0.0	0.0
	
Average Count
	Cliff Swallow	0.0	0.0	0.0	0.0	0.0	0.0	0.0	0.0	0.0	0.0	1.0	4.166666666666667	1.3636363636363635	1.8979591836734695	3.14	4.606209150326797	6.229624116114626	8.393767705382436	9.753488372093024	8.116504854368932	7.964517741129435	6.81840490797546	7.317793827971109	7.167567567567567	8.574512534818941	9.041390728476822	9.292336802270578	8.219649122807018	11.355034722222221	6.0764462809917354	6.352941176470588	8.689217758985201	7.8099547511312215	14.497757847533633	2.77027027027027	2.4444444444444446	2.8421052631578947	1.5	1.0	2.0	1.0	1.0	0.0	0.0	0.0	0.0	0.0	0.0
	# checklists reporting species - (Cliff Swallow)	0.0	0.0	0.0	0.0	0.0	0.0	0.0	0.0	0.0	0.0	4	6	22	49	300	1224	2687	4236	3870	3914	2001	1630	1523	1850	1436	1208	1057	1425	1152	968	935	946	442	223	74	63	19	10	6	10	25	1	0	0.0	0.0	0.0	0.0	0.0
	
