

	Week starting on...	1/1	1/8	1/15	1/22	2/1	2/8	2/15	2/22	3/1	3/8	3/15	3/22	4/1	4/8	4/15	4/22	5/1	5/8	5/15	5/22	6/1	6/8	6/15	6/22	7/1	7/8	7/15	7/22	8/1	8/8	8/15	8/22	9/1	9/8	9/15	9/22	10/1	10/8	10/15	10/22	11/1	11/8	11/15	11/22	12/1	12/8	12/15	12/22
Frequency (%)
	Northern Mockingbird	1.2252501083936858	1.1377535713461495	1.2377006732263076	1.0239160167079435	0.998979537032064	0.7542839945074582	0.6578163673183064	0.7402152063379449	0.8561563943451687	0.9235013092929819	0.9477135959064539	0.9219453427176463	1.0437426110454315	1.137917733281902	1.1509062733968276	1.2084971671921911	1.3945758466207427	1.3594189880489433	1.222674615869323	1.1805798113866572	0.8380988094122058	0.6283593055179614	0.59447983014862	0.675818373812038	0.6036363636363636	0.702328266307485	0.832792145776827	0.750443443853186	0.6581313385600229	0.56635202665186	0.6875263084046583	0.5382352270394782	0.40422706011433845	0.39448308105896795	0.417221996870835	0.5303395550657759	0.603313978190058	0.7565522831667117	0.8160539002149039	0.8480669994078335	0.9699505515405098	1.0509031198686372	1.0217939597749466	1.028175714965375	0.9805104688348519	1.4614718614718616	1.8161249885345645	1.3540961408259988
	Total # checklists submitted - (Northern Mockingbird)	62273	43331	38620	54106	37238	53163	75553	42285	42866	50027	55502	78855	59210	57034	57433	79603	83036	91289	82524	85890	53335	51722	49455	56820	41250	31182	26177	36645	27806	27015	28508	43847	34634	34222	34514	43557	35305	37010	34434	47284	36806	33495	30926	37834	33146	28875	32707	48741
	
Abundance
	Northern Mockingbird	0.01575321567934739	0.012900694652788995	0.013801139306059036	0.01120023657265368	0.010607444008808206	0.008201192558734458	0.007372308181012005	0.008277166844034527	0.009331404842999113	0.010554300677634078	0.011224820727181003	0.01062710037410437	0.013004560040533693	0.014728056948486867	0.014277505963470478	0.01564011406605279	0.016811985163061805	0.014886788112477954	0.013898986961368815	0.013761788333915474	0.010274678916283865	0.008681025482386605	0.008088160954402993	0.009486096444913763	0.00833939393939394	0.010005772561092939	0.01119303205103717	0.010724519033974622	0.009062792203121629	0.00784749213399963	0.010067349515925354	0.008233174447510662	0.005803545648784432	0.005961077669335515	0.00547603870892971	0.007025277222949239	0.008327432375017704	0.009592002161577951	0.010803275832026485	0.010658996700786735	0.012742487637885127	0.012180922525750112	0.011867037444221691	0.011339007242163133	0.011886803837567128	0.019255411255411255	0.027241874828018466	0.021829671118770645
	Total # checklists submitted - (Northern Mockingbird)	62273	43331	38620	54106	37238	53163	75553	42285	42866	50027	55502	78855	59210	57034	57433	79603	83036	91289	82524	85890	53335	51722	49455	56820	41250	31182	26177	36645	27806	27015	28508	43847	34634	34222	34514	43557	35305	37010	34434	47284	36806	33495	30926	37834	33146	28875	32707	48741
	
Birds Per Party Hour
	Northern Mockingbird	3.4086602123038494	3.3528867460460647	2.7505535216202657	2.682874769439177	2.793466660958612	2.265767087486412	2.386715611467893	3.298797659107255	2.232115156614802	2.2405113556880574	2.4042533113780205	2.4253097935939523	2.5067656930678566	2.1436651484022575	2.1540231382833337	2.2756280021327826	1.3180620351411263	1.4082661630327409	1.5273404501186034	1.6417849258777137	3.155922051820697	3.16938276018105	4.3677050447779004	6.092155711887468	3.678066214406194	3.248387416200829	2.758179199539933	2.4865896252987203	2.2923687268083546	2.1303546758839276	2.8689012196231176	2.3758703531053986	2.2165297958919807	1.5688056922789004	1.2404622986685288	1.6649560010439555	1.6400576276644077	1.5215748152109974	1.6331333158205792	1.4706303449301967	1.32257727208169	1.8103541106421634	1.8252682968569611	1.7097676605988403	3.0746738898584565	2.2162271344285775	1.6980034376588489	1.8228438804246578
	# checklists reporting species - (Northern Mockingbird)	825	545	506	617	398	426	544	341	399	494	568	764	661	701	710	1047	1225	1270	1050	1131	505	394	342	441	303	257	231	318	217	173	205	266	158	158	161	248	240	290	325	454	389	388	349	434	366	444	620	710
	
High Count
	Northern Mockingbird	11	5	9	8	3	5	4	5	4	5	5	5	5	9	13	6	8	5	7	5	7	20	11	5	9	10	8	9	5	4	8	7	10	7	5	6	10	10	12	6	71	7	5	10	10	8	12	44
	# checklists reporting species - (Northern Mockingbird)	994	622	588	701	457	495	602	400	449	547	648	885	758	793	831	1199	1417	1613	1290	1315	598	475	445	529	372	324	290	366	250	202	241	307	187	187	194	276	269	337	354	520	480	443	400	506	442	509	702	816
	
Totals
	Northern Mockingbird	1279	696	647	767	482	537	660	433	480	618	756	1005	919	997	1021	1518	1659	1709	1423	1495	709	635	579	702	485	419	370	517	337	271	358	459	280	277	250	363	365	425	464	640	894	502	448	554	525	654	1025	1426
	# checklists reporting species - (Northern Mockingbird)	958	618	579	687	448	484	592	388	440	539	632	853	736	772	810	1158	1349	1448	1185	1262	571	463	436	512	361	312	277	358	241	197	228	294	182	181	180	272	255	326	349	503	463	432	387	491	431	495	687	801
	
Average Count
	Northern Mockingbird	1.3350730688935282	1.1262135922330097	1.1174438687392054	1.1164483260553129	1.0758928571428572	1.109504132231405	1.114864864864865	1.115979381443299	1.0909090909090908	1.1465677179962894	1.1962025316455696	1.1781946072684641	1.2486413043478262	1.2914507772020725	1.2604938271604937	1.310880829015544	1.2297998517420312	1.1802486187845305	1.2008438818565401	1.1846275752773376	1.2416812609457093	1.3714902807775378	1.3279816513761469	1.37109375	1.3434903047091413	1.3429487179487178	1.3357400722021662	1.4441340782122905	1.3983402489626555	1.3756345177664975	1.5701754385964912	1.5612244897959184	1.5384615384615385	1.5303867403314917	1.3888888888888888	1.3345588235294117	1.4313725490196079	1.303680981595092	1.329512893982808	1.2723658051689861	1.9308855291576674	1.162037037037037	1.1576227390180878	1.1283095723014256	1.2180974477958237	1.3212121212121213	1.4919941775836973	1.780274656679151
	# checklists reporting species - (Northern Mockingbird)	958	618	579	687	448	484	592	388	440	539	632	853	736	772	810	1158	1349	1448	1185	1262	571	463	436	512	361	312	277	358	241	197	228	294	182	181	180	272	255	326	349	503	463	432	387	491	431	495	687	801
	
