

	Week starting on...	1/1	1/8	1/15	1/22	2/1	2/8	2/15	2/22	3/1	3/8	3/15	3/22	4/1	4/8	4/15	4/22	5/1	5/8	5/15	5/22	6/1	6/8	6/15	6/22	7/1	7/8	7/15	7/22	8/1	8/8	8/15	8/22	9/1	9/8	9/15	9/22	10/1	10/8	10/15	10/22	11/1	11/8	11/15	11/22	12/1	12/8	12/15	12/22
Frequency (%)
	Fish Crow	0.030510815281100955	0.06461886409268192	0.11651993785603315	0.07577717813181532	0.08056286588968259	0.030096119481594342	0.031765780313157646	0.04256828662646329	0.060654131479494236	0.06796329981809823	0.19999279305250262	0.18768625959038743	0.17057929403816924	0.19462075253357647	0.1950098375498407	0.20602238609097648	0.22881641697576954	0.20374853487276667	0.2278125151471087	0.1466992665036675	0.07124777350707791	0.05413557093693207	0.06874936811242544	0.05807814149947202	0.048484848484848485	0.06093258931434803	0.08786339152691293	0.10369763951425842	0.04315615334819823	0.14066259485471033	0.09821804405780833	0.07070038999247383	0.034648033724086154	0.05551984103792882	0.07822912441328157	0.061987740202493286	0.03682197988953406	0.07565522831667117	0.09002729860022071	0.04652736655105321	0.05705591479650057	0.01194208090759815	0.0032335251891612237	0.05021937939419569	0.03620346346467145	0.027705627705627702	0.003057449475647415	0.01641328655546665
	Total # checklists submitted - (Fish Crow)	62273	43331	38620	54106	37238	53163	75553	42285	42866	50027	55502	78855	59210	57034	57433	79603	83036	91289	82524	85890	53335	51722	49455	56820	41250	31182	26177	36645	27806	27015	28508	43847	34634	34222	34514	43557	35305	37010	34434	47284	36806	33495	30926	37834	33146	28875	32707	48741
	
Abundance
	Fish Crow	4.335747434682768E-4	7.385013039163648E-4	0.0013723459347488348	0.0012752744612427457	0.0014769858746441808	4.514417922239151E-4	5.294296718859608E-4	5.202790587678846E-4	8.864834600849158E-4	0.0013992444080196693	0.005855644841627329	0.004844334538076216	0.00417159263637899	0.0038398148472840762	0.0032559678233768045	0.004421943896586812	0.0035767618864107134	0.0027166471316368893	0.0036353060927730115	0.0025497729654208874	9.749695322021186E-4	8.313676965314566E-4	0.001213224143160449	0.0012495600140795494	9.93939393939394E-4	0.0016676287601821564	0.0018336707796920962	0.0017191977077363897	0.0028411134287563834	0.0029613177864149546	0.0032622421776343485	0.0023262708965265584	5.774672287347693E-4	0.0024545613932558004	0.002375847482181144	0.002686135408774709	4.815181985554454E-4	0.0059173196433396375	0.005721089620723704	0.0026436003722189326	0.004727490083138618	1.194208090759815E-4	3.233525189161224E-5	5.286250462546915E-4	6.033910577445242E-4	3.8095238095238096E-4	3.057449475647415E-5	1.8464947374899983E-4
	Total # checklists submitted - (Fish Crow)	62273	43331	38620	54106	37238	53163	75553	42285	42866	50027	55502	78855	59210	57034	57433	79603	83036	91289	82524	85890	53335	51722	49455	56820	41250	31182	26177	36645	27806	27015	28508	43847	34634	34222	34514	43557	35305	37010	34434	47284	36806	33495	30926	37834	33146	28875	32707	48741
	
Birds Per Party Hour
	Fish Crow	5.443919786411485	5.088108066831827	3.1168238873098715	7.238281853293857	12.629628578733044	2.7560116761815148	4.478348278676642	6.943640194136205	5.183219139017866	7.541788959531964	10.761221518764197	8.773795213692095	7.137712803244472	4.791627611530899	6.1692393386264905	6.879572372542611	2.1903043525779333	2.0324381259528	2.554468362566046	2.7285378182880757	3.0886208337237533	2.8800664668275386	2.2896664132037268	4.727933851703228	10.652773773563116	2.4182655201129357	11.308128672346907	3.473741190931401	11.177738972027159	6.186981256521623	7.354354486509703	24.774584821968375	3.6038986739098955	6.610207728638713	4.245395097921138	7.869144190029626	5.504468205999413	13.850697054720857	28.59480409296858	10.912111669997145	53.90386276100208	5.107660002038501	0.3748125937031484	1.6763068244345607	12.142659521969867	4.649872317965009	0.3333333333333333	0.8634329732875655
	# checklists reporting species - (Fish Crow)	20	40	50	50	37	17	26	18	30	40	150	201	129	149	144	197	217	209	220	163	49	38	50	39	25	30	34	54	24	46	46	39	16	24	35	32	16	34	34	28	22	5	4	23	13	9	3	10
	
High Count
	Fish Crow	2	4	3	5	5	5	3	3	5	43	25	13	25	12	5	15	13	6	12	8	3	2	4	7	8	5	40	10	55	9	15	19	8	27	32	37	2	67	55	37	90	1	2	2	6	2	3	2
	# checklists reporting species - (Fish Crow)	21	41	51	51	42	20	27	19	30	41	150	206	142	157	150	199	229	227	241	169	49	38	50	39	25	30	34	54	24	46	46	39	16	24	36	32	16	34	34	28	22	5	5	24	13	9	3	10
	
Totals
	Fish Crow	29	47	62	87	71	32	44	23	42	120	421	549	363	294	246	437	358	300	378	294	68	53	78	77	54	75	108	100	107	113	155	123	33	102	101	178	20	253	201	131	176	5	6	26	21	12	5	12
	# checklists reporting species - (Fish Crow)	21	41	50	51	41	19	27	19	30	41	150	206	142	157	150	199	227	222	236	169	49	38	50	39	25	30	34	54	24	46	46	39	16	24	36	32	16	34	34	28	22	5	5	24	13	9	3	10
	
Average Count
	Fish Crow	1.380952380952381	1.146341463414634	1.24	1.7058823529411764	1.7317073170731707	1.6842105263157894	1.6296296296296295	1.2105263157894737	1.4	2.926829268292683	2.8066666666666666	2.6650485436893203	2.556338028169014	1.872611464968153	1.64	2.1959798994974875	1.577092511013216	1.3513513513513513	1.6016949152542372	1.7396449704142012	1.3877551020408163	1.394736842105263	1.56	1.9743589743589745	2.16	2.5	3.176470588235294	1.8518518518518519	4.458333333333333	2.4565217391304346	3.369565217391304	3.1538461538461537	2.0625	4.25	2.8055555555555554	5.5625	1.25	7.4411764705882355	5.911764705882353	4.678571428571429	8.0	1.0	1.2	1.0833333333333333	1.6153846153846154	1.3333333333333333	1.6666666666666667	1.2
	# checklists reporting species - (Fish Crow)	21	41	50	51	41	19	27	19	30	41	150	206	142	157	150	199	227	222	236	169	49	38	50	39	25	30	34	54	24	46	46	39	16	24	36	32	16	34	34	28	22	5	5	24	13	9	3	10
	
