

	Week starting on...	1/1	1/8	1/15	1/22	2/1	2/8	2/15	2/22	3/1	3/8	3/15	3/22	4/1	4/8	4/15	4/22	5/1	5/8	5/15	5/22	6/1	6/8	6/15	6/22	7/1	7/8	7/15	7/22	8/1	8/8	8/15	8/22	9/1	9/8	9/15	9/22	10/1	10/8	10/15	10/22	11/1	11/8	11/15	11/22	12/1	12/8	12/15	12/22
Frequency (%)
	Short-eared Owl	0.6262746294541776	0.5861854099836145	0.5100983946141896	0.5211991276383395	0.499489768516032	0.36303444124673173	0.3269228223895808	0.3996689133262386	0.3545933840339663	0.1998920582885242	0.17837195056034016	0.117937987445311	0.14524573551764905	0.10169372654907599	0.1323281040516776	0.11431729959926133	0.03372031408063972	0.012049644535486202	0.008482380883137026	0.020957038071952497	0.059998125058591915	0.034801438459456324	0.02426448286320898	0.022879267863428372	0.04363636363636364	0.054518632544416655	0.08022309661152921	0.04911993450675398	0.06113788390994749	0.1665741254858412	0.035077872877788685	0.025087235158619745	0.03753536986776	0.03506516276079715	0.05794749956539375	0.05280437128360539	0.0566491998300524	0.11888678735476899	0.18295870360690017	0.23475171305304118	0.17388469271314458	0.16420361247947454	0.12934100756644895	0.18501876618914204	0.3409159476256562	0.39826839826839827	0.42192802763934323	0.5272768305943661
	Total # checklists submitted - (Short-eared Owl)	62273	43331	38620	54106	37238	53163	75553	42285	42866	50027	55502	78855	59210	57034	57433	79603	83036	91289	82524	85890	53335	51722	49455	56820	41250	31182	26177	36645	27806	27015	28508	43847	34634	34222	34514	43557	35305	37010	34434	47284	36806	33495	30926	37834	33146	28875	32707	48741
	
Abundance
	Short-eared Owl	0.016138615451319192	0.022108882785996167	0.017167270844122215	0.016079547554799838	0.020516676513239164	0.014671858247277242	0.013010734186597489	0.015702967955539788	0.02041244809406056	0.006576448717692446	0.006558322222622608	0.0025363008052755056	0.003293362607667624	0.0017007399095276502	0.0017759824491146204	0.0019848498172179443	4.576328339515391E-4	1.7526755687979933E-4	1.2117686975910039E-4	2.3285597857724996E-4	0.0010312177744445487	3.4801438459456323E-4	2.0220402386007482E-4	2.287926786342837E-4	6.303030303030303E-4	7.696748123917645E-4	0.0020246781525766894	6.822213125938054E-4	7.55232683593469E-4	0.0018138071441791597	6.314017118001964E-4	4.1051839350468675E-4	5.485938672980308E-4	6.72082286248612E-4	5.794749956539375E-4	6.428358243221526E-4	7.364395977906812E-4	0.0023236962982977572	0.0022361619329732242	0.002728195584129938	0.003966744552518611	0.00683684131959994	0.005626333829140529	0.0056562879949252	0.009020696313280637	0.016727272727272726	0.010425902711957685	0.015941404566996983
	Total # checklists submitted - (Short-eared Owl)	62273	43331	38620	54106	37238	53163	75553	42285	42866	50027	55502	78855	59210	57034	57433	79603	83036	91289	82524	85890	53335	51722	49455	56820	41250	31182	26177	36645	27806	27015	28508	43847	34634	34222	34514	43557	35305	37010	34434	47284	36806	33495	30926	37834	33146	28875	32707	48741
	
Birds Per Party Hour
	Short-eared Owl	3.882793344925607	6.140929605963564	4.508124168038007	3.4668726330415676	6.297060980589336	6.389358224807513	4.10951169902649	5.507199903637321	7.288564441761016	3.9478545507453333	4.398241451945906	4.38380391191134	4.951145418120391	1.359923467545094	3.2331299606843125	1.8051282989010136	2.967924447943134	2.1683358540491926	0.30290439886000853	0.6575978001724903	0.9653536937328527	1.6548127080198747	0.06926406926406926	2.880794212485532	5.521232153514949	2.531625433357361	0.10447658402203856	0.18836850478216702	0.11068376068376068	0.1131923631923632	0.26723569244818185	0.2681221140846879	0.3491867407895481	0.6197356708920025	0.3039596514596515	0.4098594980282724	0.49505430399546063	0.7780368518936553	1.6024691564065328	1.5445592913715485	0.886841256749188	2.3812458131950294	4.892483318238483	4.180678858780736	5.34277629298457	8.782248902946566	3.0339905066720894	3.761680120036663
	# checklists reporting species - (Short-eared Owl)	461	284	223	329	209	219	287	182	163	111	112	101	102	68	93	106	39	12	10	20	35	25	11	16	18	12	22	17	15	12	9	12	13	12	20	24	22	55	67	130	80	63	55	91	136	121	156	297
	
High Count
	Short-eared Owl	31	44	23	25	45	61	40	35	46	25	42	12	12	19	9	23	4	4	4	7	8	4	4	11	4	5	15	4	2	2	5	6	4	5	2	3	4	13	5	15	24	30	30	28	22	30	50	50
	# checklists reporting species - (Short-eared Owl)	542	347	286	394	270	265	341	236	205	151	141	137	131	110	130	134	48	24	19	36	40	33	21	20	24	26	24	19	19	46	11	16	18	15	30	31	42	85	89	180	113	90	79	107	153	157	206	355
	
Totals
	Short-eared Owl	1517	1210	942	1206	1052	1028	1340	929	1101	434	469	294	249	189	172	249	59	28	27	50	71	43	21	37	35	33	63	26	23	50	19	23	27	26	31	37	48	140	104	245	241	284	263	297	384	583	549	1065
	# checklists reporting species - (Short-eared Owl)	534	340	277	386	261	260	329	225	201	146	137	132	130	106	123	129	47	21	17	33	37	31	18	20	23	25	24	19	19	46	10	16	17	15	30	30	41	85	85	175	111	90	76	106	152	154	201	343
	
Average Count
	Short-eared Owl	2.8408239700374533	3.5588235294117645	3.4007220216606497	3.1243523316062176	4.030651340996169	3.953846153846154	4.072948328267477	4.128888888888889	5.477611940298507	2.9726027397260273	3.423357664233577	2.227272727272727	1.9153846153846155	1.7830188679245282	1.3983739837398375	1.930232558139535	1.2553191489361701	1.3333333333333333	1.588235294117647	1.5151515151515151	1.9189189189189189	1.3870967741935485	1.1666666666666667	1.85	1.5217391304347827	1.32	2.625	1.368421052631579	1.2105263157894737	1.0869565217391304	1.9	1.4375	1.588235294117647	1.7333333333333334	1.0333333333333334	1.2333333333333334	1.170731707317073	1.6470588235294117	1.223529411764706	1.4	2.171171171171171	3.1555555555555554	3.460526315789474	2.80188679245283	2.526315789473684	3.7857142857142856	2.7313432835820897	3.1049562682215743
	# checklists reporting species - (Short-eared Owl)	534	340	277	386	261	260	329	225	201	146	137	132	130	106	123	129	47	21	17	33	37	31	18	20	23	25	24	19	19	46	10	16	17	15	30	30	41	85	85	175	111	90	76	106	152	154	201	343
	
