

	Week starting on...	1/1	1/8	1/15	1/22	2/1	2/8	2/15	2/22	3/1	3/8	3/15	3/22	4/1	4/8	4/15	4/22	5/1	5/8	5/15	5/22	6/1	6/8	6/15	6/22	7/1	7/8	7/15	7/22	8/1	8/8	8/15	8/22	9/1	9/8	9/15	9/22	10/1	10/8	10/15	10/22	11/1	11/8	11/15	11/22	12/1	12/8	12/15	12/22
Frequency (%)
	Black-and-white Warbler	0.0	0.0	0.0	0.0	0.0	0.0	0.0	0.0	0.0	0.0	0.0	0.002536300805275506	0.0	0.010520040677490619	0.08183448540037958	1.7034533874351472	15.03564718917096	21.47356198446691	19.971159904997336	11.586913494003959	9.505952938970658	9.199180232782956	8.866646446264282	8.579725448785638	7.469090909090909	5.160028221409788	4.943270810253276	4.469914040114613	5.567143781917572	7.177493984823247	9.488564613441842	10.969963737541907	11.436738465092105	9.718894278534277	5.551370458364722	2.3807883922216866	0.6514657980456027	0.17292623615239125	0.10164372422605565	0.038067845359952626	0.005433896647285768	0.005971040453799075	0.0032335251891612237	0.007929375693820373	0.009050865866167863	0.0069264069264069255	0.009172348426942244	0.0
	Total # checklists submitted - (Black-and-white Warbler)	62273	43331	38620	54106	37238	53163	75553	42285	42866	50027	55502	78855	59210	57034	57433	79603	83036	91289	82524	85890	53335	51722	49455	56820	41250	31182	26177	36645	27806	27015	28508	43847	34634	34222	34514	43557	35305	37010	34434	47284	36806	33495	30926	37834	33146	28875	32707	48741
	
Abundance
	Black-and-white Warbler	0.0	0.0	0.0	0.0	0.0	0.0	0.0	0.0	0.0	0.0	0.0	3.804451207913259E-5	0.0	1.2273380790405722E-4	0.0010446955583027179	0.02364232503800108	0.32346211281853654	0.452376518529067	0.3740972323202947	0.1892886249854465	0.1479328770975907	0.1455086810254824	0.13258517844505105	0.1171770503343893	0.10383030303030304	0.0700083381438009	0.06822783359437674	0.06729431027425296	0.09131122779256276	0.12344993522117342	0.16637435105935175	0.20035578260770406	0.1968008315528094	0.15817310502016246	0.07744683316914876	0.0311775374796244	0.007449369777651891	0.002080518778708457	0.0010164372422605565	3.806784535995263E-4	8.150844970928653E-5	5.971040453799075E-5	3.233525189161224E-5	7.929375693820373E-5	9.050865866167863E-5	6.926406926406926E-5	9.172348426942244E-5	0.0
	Total # checklists submitted - (Black-and-white Warbler)	62273	43331	38620	54106	37238	53163	75553	42285	42866	50027	55502	78855	59210	57034	57433	79603	83036	91289	82524	85890	53335	51722	49455	56820	41250	31182	26177	36645	27806	27015	28508	43847	34634	34222	34514	43557	35305	37010	34434	47284	36806	33495	30926	37834	33146	28875	32707	48741
	
Birds Per Party Hour
	Black-and-white Warbler	0.0	0.0	0.0	0.0	0.0	0.0	0.0	0.0	0.0	0.0	0.0	0.2702702702702703	0.0	0.32901498278936314	0.438865485581055	0.9647036864154689	1.618330954159338	1.4983764947436151	1.60265635427813	2.748543807252617	5.189175125710617	5.905256869253581	6.166911195124089	6.46941353664092	5.232033305656788	3.4983576515637633	1.9018269596018977	1.585042893035632	1.6604697267919728	1.603962569804345	1.4313605171882189	1.445520651558939	1.2770303202327806	1.1471047698311616	1.1099707655406275	0.9541784341506291	0.762657196762741	0.7707042313695517	0.7229173931445266	0.593704824942063	0.2222222222222222	1.315855969677827	0.0	0.4520241070850185	0.5529807342784442	0.2749355907250644	0.22220720172643177	0.0
	# checklists reporting species - (Black-and-white Warbler)	0.0	0.0	0	0.0	0.0	0.0	0.0	0.0	0.0	0.0	0.0	2	0.0	8	57	1389	12847	19189	16412	9831	4932	4600	4309	4762	3015	1518	1256	1621	1564	1948	2726	4736	3874	3302	1918	1039	237	71	35	15	3	2	0	3	4	2	4	0.0
	
High Count
	Black-and-white Warbler	0.0	0.0	2	0.0	0.0	0.0	0.0	0.0	0.0	0.0	0.0	2	0.0	2	7	30	78	80	110	40	25	19	22	18	30	15	20	18	150	93	24	125	80	40	30	12	6	6	1	1	2	1	1	1	1	1	1	0.0
	# checklists reporting species - (Black-and-white Warbler)	0.0	0.0	1	0.0	0.0	0.0	0.0	0.0	0.0	0.0	0.0	2	0.0	8	83	1688	14622	22879	18831	11241	5523	5136	4779	5340	3386	1762	1445	1834	1764	2227	3069	5379	4311	3665	2166	1196	274	87	42	26	3	2	1	4	6	3	4	0.0
	
Totals
	Black-and-white Warbler	0.0	0.0	2	0.0	0.0	0.0	0.0	0.0	0.0	0.0	0.0	3	0.0	9	104	2394	30204	47025	34677	17870	8395	7924	7014	7139	4619	2330	1948	2700	3011	3874	5344	9935	7357	5943	3042	1553	311	103	42	26	4	2	1	4	6	3	4	0.0
	# checklists reporting species - (Black-and-white Warbler)	0.0	0.0	1	0.0	0.0	0.0	0.0	0.0	0.0	0.0	0.0	2	0.0	8	79	1597	13600	20281	17132	10362	5211	4879	4541	5010	3191	1619	1334	1729	1673	2104	2929	5119	4121	3521	2068	1147	267	85	42	26	3	2	1	4	6	3	4	0.0
	
Average Count
	Black-and-white Warbler	0.0	0.0	2.0	0.0	0.0	0.0	0.0	0.0	0.0	0.0	0.0	1.5	0.0	1.125	1.3164556962025316	1.4990607388854102	2.2208823529411763	2.318672649277649	2.0241069343917815	1.7245705462265972	1.611015160237958	1.624103299856528	1.5445937018277913	1.4249500998003992	1.4475086179880916	1.439159975293391	1.4602698650674664	1.5615962984384038	1.7997609085475195	1.841254752851711	1.8245134858313417	1.9408087517093182	1.785246299441883	1.687872763419483	1.4709864603481624	1.3539668700959024	1.1647940074906367	1.2117647058823529	1.0	1.0	1.3333333333333333	1.0	1.0	1.0	1.0	1.0	1.0	0.0
	# checklists reporting species - (Black-and-white Warbler)	0.0	0.0	1	0.0	0.0	0.0	0.0	0.0	0.0	0.0	0.0	2	0.0	8	79	1597	13600	20281	17132	10362	5211	4879	4541	5010	3191	1619	1334	1729	1673	2104	2929	5119	4121	3521	2068	1147	267	85	42	26	3	2	1	4	6	3	4	0.0
	
