

	Week starting on...	1/1	1/8	1/15	1/22	2/1	2/8	2/15	2/22	3/1	3/8	3/15	3/22	4/1	4/8	4/15	4/22	5/1	5/8	5/15	5/22	6/1	6/8	6/15	6/22	7/1	7/8	7/15	7/22	8/1	8/8	8/15	8/22	9/1	9/8	9/15	9/22	10/1	10/8	10/15	10/22	11/1	11/8	11/15	11/22	12/1	12/8	12/15	12/22
Frequency (%)
	Red-shouldered Hawk	0.160583238321584	0.14077681105905704	0.19419989642672192	0.20884929582671052	0.28197003061388903	0.2276019035795572	0.14426958558892433	0.20101690906940994	0.12597396538048805	0.3378175785076059	0.8504198046917228	1.0766596918394522	1.0369869954399595	0.8608899954413157	0.6964637055351452	0.6733414569802645	0.5118261958668529	0.443646003351992	0.631331491444913	0.7497962510187449	0.731227149151589	0.6399597850044468	0.6167222727732281	0.6054206265399508	0.46303030303030307	0.4008722981207107	0.5577415288230126	0.5375903943239186	0.5430482629648278	0.41458449009809367	0.4033955380945699	0.4378862864049992	0.5890165733094647	0.44415872830343056	0.7359332444805007	0.6061023486466011	0.589151678232545	0.9646041610375574	1.7395597374687808	2.049319008544116	1.3557572134977993	0.8687863860277654	0.3653883463752183	0.24581064650843154	0.18403427261207989	0.12467532467532468	0.3149172959916837	0.2667159065263331
	Total # checklists submitted - (Red-shouldered Hawk)	62273	43331	38620	54106	37238	53163	75553	42285	42866	50027	55502	78855	59210	57034	57433	79603	83036	91289	82524	85890	53335	51722	49455	56820	41250	31182	26177	36645	27806	27015	28508	43847	34634	34222	34514	43557	35305	37010	34434	47284	36806	33495	30926	37834	33146	28875	32707	48741
	
Abundance
	Red-shouldered Hawk	0.0015415990878872062	0.0013616117790957974	0.001967892283790782	0.00207001071969837	0.0028197003061388904	0.0022948291104715685	0.0014426958558892433	0.0020101690906940994	0.001306396678019876	0.00883522897635277	0.029908832114158047	0.03686513220467948	0.017969937510555648	0.012255847389276571	0.009071439764595268	0.009534816527015313	0.006334601859434462	0.005378523151748841	0.007440259803208764	0.008976597974152987	0.008962219930627168	0.00798499671319748	0.007259124456576686	0.007162970784934882	0.00526060606060606	0.004361490603553332	0.006074034457730068	0.005976258698321735	0.006401496079982738	0.004812141402924301	0.004630279219868107	0.004880607567222387	0.007247213720621355	0.006779264800420782	0.010314654922640089	0.007576279358082512	0.014870414955388754	0.0281545528235612	0.07434512400534356	0.1704805008036545	0.0792262131174265	0.04932079414838036	0.017816723792278343	0.004863350425543162	0.003137633500271526	0.0013852813852813853	0.0035772158865074754	0.0028518085390123304
	Total # checklists submitted - (Red-shouldered Hawk)	62273	43331	38620	54106	37238	53163	75553	42285	42866	50027	55502	78855	59210	57034	57433	79603	83036	91289	82524	85890	53335	51722	49455	56820	41250	31182	26177	36645	27806	27015	28508	43847	34634	34222	34514	43557	35305	37010	34434	47284	36806	33495	30926	37834	33146	28875	32707	48741
	
Birds Per Party Hour
	Red-shouldered Hawk	4.1699384778235995	4.278653461769986	3.6813457211253917	3.2596706635676096	3.910216099804784	4.888774918651086	2.8105095239653664	3.3747607429660973	4.490769100450542	2.3819850164587373	8.765887778471127	2.5604516240855983	2.030715745119429	1.680314117137142	2.342321011857556	1.8175058901863892	1.6447092919747612	1.4993441884250818	1.2996842243470443	1.783087908134681	2.17309444654543	2.720709599711968	2.5722102749694518	3.6225377761034365	2.2428493772565985	2.9028893551903145	2.8954649481518064	0.9983306802900029	0.8387464295602108	1.1153095631948249	1.1461375148405848	1.959044963121044	0.982738599402176	1.057221855832284	0.8409909752795015	1.2849378323396377	1.2557532815666195	1.2715176986575423	1.7126033240377427	2.82933288180343	2.4190803927392355	1.7505670233628863	1.969125708402244	1.5237226684888092	2.7347296217049335	2.6177721636914373	0.7199055348931429	1.9015398411812026
	# checklists reporting species - (Red-shouldered Hawk)	125	82	103	162	141	158	131	103	74	194	553	943	652	493	410	532	440	419	508	654	399	349	323	340	189	124	151	208	153	115	119	194	194	157	268	280	280	444	711	1178	635	391	184	149	78	50	117	158
	
High Count
	Red-shouldered Hawk	3	4	2	2	2	6	2	7	2	163	390	655	449	27	32	32	19	7	7	12	5	8	5	6	5	3	2	3	6	3	35	3	15	11	22	65	50	81	400	308	359	243	299	35	14	3	4	4
	# checklists reporting species - (Red-shouldered Hawk)	166	110	138	209	172	188	171	134	105	265	671	1194	808	619	521	655	556	525	624	835	488	416	397	427	248	160	177	251	173	141	150	240	241	193	333	364	329	543	809	1377	756	454	208	168	101	69	152	200
	
Totals
	Red-shouldered Hawk	164	111	137	211	173	195	170	140	109	1065	5209	9012	2777	922	704	918	714	640	723	960	582	503	460	490	282	171	194	279	206	162	205	269	300	286	484	538	921	2045	4446	13508	5482	2965	1368	689	196	79	171	212
	# checklists reporting species - (Red-shouldered Hawk)	161	105	136	208	171	188	169	132	105	258	657	1152	777	589	497	625	522	495	583	766	466	397	382	396	231	149	170	245	168	135	143	230	234	192	328	354	322	532	794	1329	725	441	205	167	101	68	151	196
	
Average Count
	Red-shouldered Hawk	1.0186335403726707	1.0571428571428572	1.0073529411764706	1.0144230769230769	1.0116959064327486	1.0372340425531914	1.0059171597633136	1.0606060606060606	1.0380952380952382	4.127906976744186	7.928462709284627	7.822916666666667	3.574002574002574	1.565365025466893	1.4164989939637826	1.4688	1.367816091954023	1.292929292929293	1.2401372212692967	1.2532637075718016	1.2489270386266094	1.2670025188916876	1.2041884816753927	1.2373737373737375	1.2207792207792207	1.1476510067114094	1.1411764705882352	1.1387755102040817	1.2261904761904763	1.2	1.4335664335664335	1.1695652173913043	1.2820512820512822	1.4895833333333333	1.475609756097561	1.5197740112994351	2.860248447204969	3.843984962406015	5.599496221662468	10.1640331075997	7.561379310344828	6.723356009070295	6.673170731707317	4.125748502994012	1.9405940594059405	1.161764705882353	1.1324503311258278	1.0816326530612246
	# checklists reporting species - (Red-shouldered Hawk)	161	105	136	208	171	188	169	132	105	258	657	1152	777	589	497	625	522	495	583	766	466	397	382	396	231	149	170	245	168	135	143	230	234	192	328	354	322	532	794	1329	725	441	205	167	101	68	151	196
	
