

	Week starting on...	1/1	1/8	1/15	1/22	2/1	2/8	2/15	2/22	3/1	3/8	3/15	3/22	4/1	4/8	4/15	4/22	5/1	5/8	5/15	5/22	6/1	6/8	6/15	6/22	7/1	7/8	7/15	7/22	8/1	8/8	8/15	8/22	9/1	9/8	9/15	9/22	10/1	10/8	10/15	10/22	11/1	11/8	11/15	11/22	12/1	12/8	12/15	12/22
Frequency (%)
	Black-crowned Night-Heron	0.1493424116390731	0.16385497680644343	0.0983946141895391	0.10534875984179204	0.09667543906761909	0.08276432857438444	0.03308935449287256	0.04020338181388199	0.04898987542574535	0.045975173406360564	0.03963821123563115	0.12301058905586204	0.3867589934132748	1.0642774485394677	1.464314940887643	2.0677612652789468	2.2713040127173754	2.5687651305195587	2.7240560321845764	2.744207707532891	2.000562482422424	1.722671203743088	1.589323627540188	1.6684266103484688	1.9175757575757575	2.280161631710602	2.960614279711197	3.315595579205895	3.632309573473351	3.635017582824357	4.209344745334643	3.9364152621616078	4.10579199630421	3.2698264274443343	2.932143478008924	2.4611428702619556	1.7278005948165982	1.4401513104566335	1.010629029447639	0.6492682514169698	0.5298049231103624	0.3463203463203463	0.25221496475457544	0.25374002220225195	0.21722078078802873	0.12121212121212122	0.15592992325801816	0.11284134506883321
	Total # checklists submitted - (Black-crowned Night-Heron)	62273	43331	38620	54106	37238	53163	75553	42285	42866	50027	55502	78855	59210	57034	57433	79603	83036	91289	82524	85890	53335	51722	49455	56820	41250	31182	26177	36645	27806	27015	28508	43847	34634	34222	34514	43557	35305	37010	34434	47284	36806	33495	30926	37834	33146	28875	32707	48741
	
Abundance
	Black-crowned Night-Heron	0.002745973375299086	0.002723223558191595	0.0019419989642672191	0.0015525080397737773	0.0016112573177936517	0.0010909843312077948	5.559011554802589E-4	8.277166844034528E-4	7.231838753324313E-4	6.596437923521299E-4	5.044863248171237E-4	0.0019149071079830068	0.01114676574902888	0.046410912788862786	0.07049953859279508	0.12981922791854578	0.14255262777590444	0.21516283451456364	0.19166545489796907	0.12436837815810921	0.0913471454017062	0.053574881095085264	0.042402183803457685	0.04313621964097149	0.04344242424242424	0.06731447630042973	0.06635596134010772	0.08197571292127166	0.09181471624829174	0.0900610771793448	0.11358215237827977	0.08801058225192146	0.09251025004331004	0.06574718017649465	0.05928029205539781	0.04635305461808664	0.031213709106358872	0.029451499594704136	0.0171923099262357	0.01146265121394129	0.011248166059881541	0.005791909240185102	0.004591605768608937	0.004836919173230428	0.0034996681349182407	0.002043290043290043	0.0030268749808909407	0.002749225498040664
	Total # checklists submitted - (Black-crowned Night-Heron)	62273	43331	38620	54106	37238	53163	75553	42285	42866	50027	55502	78855	59210	57034	57433	79603	83036	91289	82524	85890	53335	51722	49455	56820	41250	31182	26177	36645	27806	27015	28508	43847	34634	34222	34514	43557	35305	37010	34434	47284	36806	33495	30926	37834	33146	28875	32707	48741
	
Birds Per Party Hour
	Black-crowned Night-Heron	5.267778587200515	3.4588132027196536	12.842395205228327	1.7323032830878569	1.3926924770351872	2.2466060006925823	2.8805350285451454	9.07415139484392	1.7813201235571867	3.1604583780698317	2.4738473868001636	4.406262233302503	6.321938732916284	7.423871510399764	6.052348150556318	5.645249173266591	5.627812714072905	3.7019954134739916	6.289367576124162	2.961239253488384	3.73513546013644	2.8919116633621593	3.389420077572331	3.608403113063106	3.068113512717112	3.4815476763051514	2.9156351667411715	3.2957536385955772	3.528330171989962	3.2379072697105027	3.290162222113272	2.843196452778599	2.487586834234359	2.691421173277909	2.0939116591356104	2.6990854221472778	1.8574169704606673	2.287294637667138	2.661291303878791	2.3989601388420754	1.6241578427249688	2.752220783141681	3.7218704589533846	4.272394290088493	3.5349199422223503	5.617155357804613	3.199656922903329	3.7506143107754757
	# checklists reporting species - (Black-crowned Night-Heron)	108	80	43	66	42	52	28	19	25	23	27	111	253	625	858	1678	1842	2163	2074	2302	1078	922	835	1003	839	718	826	1303	1046	1037	1253	1753	1414	1160	1041	1094	631	543	361	328	217	129	89	98	80	40	56	74
	
High Count
	Black-crowned Night-Heron	10	9	7	8	7	10	7	6	8	7	4	19	61	125	300	2000	200	2000	253	200	200	150	127	180	45	300	50	80	94	50	50	68	25	80	48	110	40	30	23	23	18	14	11	21	9	10	14	11
	# checklists reporting species - (Black-crowned Night-Heron)	153	107	56	90	59	63	38	31	31	29	34	156	313	734	1002	1900	2177	2763	2580	2699	1224	1035	934	1145	953	841	921	1474	1186	1166	1405	2002	1610	1315	1181	1230	708	606	410	399	277	156	118	128	127	63	79	105
	
Totals
	Black-crowned Night-Heron	296	225	128	163	106	89	63	58	52	41	48	292	1044	3270	4979	14058	12758	20845	16523	11524	5280	3200	2462	2798	2201	2385	2087	3745	2937	2871	3747	4481	3688	2749	2460	2694	1290	1205	722	722	646	254	239	274	232	147	178	236
	# checklists reporting species - (Black-crowned Night-Heron)	151	104	55	86	55	60	37	30	31	27	33	152	306	716	962	1822	2011	2362	2252	2510	1154	984	897	1095	904	800	896	1425	1136	1125	1351	1928	1546	1267	1139	1179	682	582	401	391	274	154	114	120	126	62	78	101
	
Average Count
	Black-crowned Night-Heron	1.9602649006622517	2.1634615384615383	2.327272727272727	1.8953488372093024	1.9272727272727272	1.4833333333333334	1.7027027027027026	1.9333333333333333	1.6774193548387097	1.5185185185185186	1.4545454545454546	1.9210526315789473	3.411764705882353	4.567039106145251	5.175675675675675	7.71569703622393	6.34410740924913	8.82514817950889	7.337033747779751	4.591235059760956	4.575389948006932	3.252032520325203	2.7447045707915274	2.555251141552511	2.434734513274336	2.98125	2.3292410714285716	2.6280701754385967	2.585387323943662	2.552	2.773501110288675	2.324170124481328	2.3855109961190166	2.1696921862667717	2.1597892888498684	2.2849872773536894	1.8914956011730206	2.070446735395189	1.800498753117207	1.8465473145780051	2.3576642335766422	1.6493506493506493	2.0964912280701755	2.283333333333333	1.8412698412698412	2.370967741935484	2.282051282051282	2.3366336633663365
	# checklists reporting species - (Black-crowned Night-Heron)	151	104	55	86	55	60	37	30	31	27	33	152	306	716	962	1822	2011	2362	2252	2510	1154	984	897	1095	904	800	896	1425	1136	1125	1351	1928	1546	1267	1139	1179	682	582	401	391	274	154	114	120	126	62	78	101
	
