

	Week starting on...	1/1	1/8	1/15	1/22	2/1	2/8	2/15	2/22	3/1	3/8	3/15	3/22	4/1	4/8	4/15	4/22	5/1	5/8	5/15	5/22	6/1	6/8	6/15	6/22	7/1	7/8	7/15	7/22	8/1	8/8	8/15	8/22	9/1	9/8	9/15	9/22	10/1	10/8	10/15	10/22	11/1	11/8	11/15	11/22	12/1	12/8	12/15	12/22
Frequency (%)
	Cape May Warbler	0.02729915051466928	0.00230781657473864	0.007767995857068877	0.0018482238568735445	0.005370857725978838	0.009405037337998232	0.0013235741797149021	0.0	0.0	0.0	0.0	0.0	0.0	0.0	0.006964637055351453	0.09421755461477582	2.2387879955681873	7.854177392676006	9.39241917502787	1.774362556758645	0.6656041998687541	0.643826611499942	0.537862703467799	0.3326293558606125	0.27636363636363637	0.18921172471297543	0.10696412881537228	0.29199072179014873	1.1831978709631015	2.0803257449565056	3.591974182685562	5.4393687139371	6.392562222093896	6.142247676932968	3.876687720924842	2.360125812154189	0.7704291176887127	0.28100513374763575	0.10745193703897311	0.05710176803992894	0.02445253491278596	0.01194208090759815	0.042035827459095905	0.0026431252312734575	0.006033910577445243	0.03463203463203463	0.021402146329531906	0.01641328655546665
	Total # checklists submitted - (Cape May Warbler)	62273	43331	38620	54106	37238	53163	75553	42285	42866	50027	55502	78855	59210	57034	57433	79603	83036	91289	82524	85890	53335	51722	49455	56820	41250	31182	26177	36645	27806	27015	28508	43847	34634	34222	34514	43557	35305	37010	34434	47284	36806	33495	30926	37834	33146	28875	32707	48741
	
Abundance
	Cape May Warbler	2.729915051466928E-4	2.30781657473864E-5	7.767995857068877E-5	1.8482238568735446E-5	5.3708577259788386E-5	9.405037337998232E-5	1.3235741797149022E-5	0.0	0.0	0.0	0.0	0.0	0.0	0.0	6.964637055351453E-5	0.0010301119304548824	0.03478009538031697	0.16727097459715848	0.19753041539430954	0.029840493654674585	0.010462173057091967	0.008217006302927187	0.0072995652613487005	0.004135867652235128	0.003515151515151515	0.0023090244371752936	0.00114604423730756	0.0047482603356528855	0.03118032079407322	0.06240977234869517	0.10155044198119827	0.17047916619152964	0.18897615060345324	0.14113728011220852	0.07356435069826738	0.04072824115526781	0.01118821696643535	0.003080248581464469	0.0011906836266480803	5.498688774215379E-4	2.445253491278596E-4	1.4927601134497685E-4	4.2035827459095904E-4	2.6431252312734577E-5	6.033910577445242E-5	3.463203463203463E-4	2.1402146329531905E-4	1.641328655546665E-4
	Total # checklists submitted - (Cape May Warbler)	62273	43331	38620	54106	37238	53163	75553	42285	42866	50027	55502	78855	59210	57034	57433	79603	83036	91289	82524	85890	53335	51722	49455	56820	41250	31182	26177	36645	27806	27015	28508	43847	34634	34222	34514	43557	35305	37010	34434	47284	36806	33495	30926	37834	33146	28875	32707	48741
	
Birds Per Party Hour
	Cape May Warbler	1.2110206513752628	1.0	0.9301563917362394	1.8576329331046313	1.3333333333333333	0.9013388734995383	1.3333333333333333	0.0	0.0	0.0	0.0	0.0	0.0	0.0	0.9111111111111111	0.6512922637929549	1.1307904441853889	1.2285414234357228	1.4538684787465967	1.6649671294148354	3.712205090567972	6.860369301490322	7.206940251689749	6.1746362343718495	6.242040160206042	3.613523180912824	1.1152822498985593	1.0156907542037583	1.6714804189744725	1.85454801068092	1.7406073856478952	1.8115171705207251	1.7223478178382226	1.5770412884455616	1.284282230351395	1.3509857011846353	1.417499251818026	0.562182375062347	0.8879429117380077	1.2589803014256067	1.4846565279537707	0.9523809523809524	1.8375791235258356	1.7278462465650417	5.516064257028113	1.6569635802061706	0.6707717998542011	1.0238387657902277
	# checklists reporting species - (Cape May Warbler)	23	1	4	2	2	5	1	0.0	0.0	0.0	0.0	0.0	0.0	0.0	3	85	1882	6925	7940	1664	361	336	269	179	109	54	30	116	358	594	1093	2447	2237	2158	1372	1077	294	122	45	29	10	7	19	4	3	11	10	10
	
High Count
	Cape May Warbler	1	1	1	1	1	1	1	0.0	0.0	0.0	0.0	0.0	0.0	0.0	1	4	60	250	70	40	25	9	9	9	6	5	5	6	50	35	34	77	220	56	400	30	12	3	4	2	1	2	1	1	1	1	1	1
	# checklists reporting species - (Cape May Warbler)	24	1	4	2	2	5	1	0.0	0.0	0.0	0.0	0.0	0.0	0.0	4	110	2290	8678	9225	1973	401	367	282	205	131	70	36	123	376	642	1186	2723	2487	2329	1504	1180	331	147	56	46	18	8	19	5	6	13	10	14
	
Totals
	Cape May Warbler	24	1	4	2	2	5	1	0.0	0.0	0.0	0.0	0.0	0.0	0.0	4	118	3413	17815	19011	3214	640	456	374	246	155	79	48	193	952	1846	3210	8271	7221	5353	3227	1997	481	164	64	46	18	9	19	5	6	13	10	14
	# checklists reporting species - (Cape May Warbler)	24	1	4	2	2	5	1	0.0	0.0	0.0	0.0	0.0	0.0	0.0	4	105	2075	7523	8394	1802	383	353	274	191	116	59	33	120	364	622	1159	2632	2411	2270	1452	1142	323	145	56	44	18	8	19	5	6	13	10	14
	
Average Count
	Cape May Warbler	1.0	1.0	1.0	1.0	1.0	1.0	1.0	0.0	0.0	0.0	0.0	0.0	0.0	0.0	1.0	1.1238095238095238	1.6448192771084338	2.3680712481722717	2.264832022873481	1.783573806881243	1.671018276762402	1.291784702549575	1.364963503649635	1.287958115183246	1.3362068965517242	1.3389830508474576	1.4545454545454546	1.6083333333333334	2.6153846153846154	2.967845659163987	2.7696289905090596	3.1424772036474162	2.995022812111157	2.3581497797356827	2.2224517906336088	1.7486865148861646	1.4891640866873066	1.1310344827586207	1.1428571428571428	1.0454545454545454	1.0	1.125	1.0	1.0	1.0	1.0	1.0	1.0
	# checklists reporting species - (Cape May Warbler)	24	1	4	2	2	5	1	0.0	0.0	0.0	0.0	0.0	0.0	0.0	4	105	2075	7523	8394	1802	383	353	274	191	116	59	33	120	364	622	1159	2632	2411	2270	1452	1142	323	145	56	44	18	8	19	5	6	13	10	14
	
