

	Week starting on...	1/1	1/8	1/15	1/22	2/1	2/8	2/15	2/22	3/1	3/8	3/15	3/22	4/1	4/8	4/15	4/22	5/1	5/8	5/15	5/22	6/1	6/8	6/15	6/22	7/1	7/8	7/15	7/22	8/1	8/8	8/15	8/22	9/1	9/8	9/15	9/22	10/1	10/8	10/15	10/22	11/1	11/8	11/15	11/22	12/1	12/8	12/15	12/22
Frequency (%)
	Black-throated Green Warbler	0.0	0.0	0.0	0.0	0.0	0.0	0.0	0.0	0.0	0.0	0.0	0.001268150402637753	0.0	0.021040081354981238	0.14103390037086694	1.6331042799894477	11.823787272990028	17.944111557799953	19.0465803887354	10.463383397368728	7.728508484109872	7.598314063647964	7.358204428268122	7.0028159098908835	6.763636363636364	5.172856134949651	4.278565152614891	2.7015963978714694	1.8269438250737249	2.1395521006848046	3.1605163462887607	6.860218487011655	10.631171681007103	12.334171001110397	11.250507040621196	9.57366209794063	5.387338903837984	1.3996217238584165	0.5053145147238195	0.13323745875983417	0.059772863120143446	0.01194208090759815	0.08407165491819181	0.0026431252312734575	0.0	0.0034632034632034628	0.00611489895129483	0.0020516608194333314
	Total # checklists submitted - (Black-throated Green Warbler)	62273	43331	38620	54106	37238	53163	75553	42285	42866	50027	55502	78855	59210	57034	57433	79603	83036	91289	82524	85890	53335	51722	49455	56820	41250	31182	26177	36645	27806	27015	28508	43847	34634	34222	34514	43557	35305	37010	34434	47284	36806	33495	30926	37834	33146	28875	32707	48741
	
Abundance
	Black-throated Green Warbler	0.0	0.0	0.0	0.0	0.0	0.0	0.0	0.0	0.0	0.0	0.0	1.2681504026377529E-5	0.0	2.2793421467896344E-4	0.00242021137673463	0.0328253960277879	0.2632231803073366	0.4444456615802561	0.4331224855799525	0.20872045639771802	0.14350801537451954	0.14411662348710413	0.13123041148518855	0.1200809574093629	0.1283878787878788	0.1082996600602912	0.08855101806929748	0.05201255287215173	0.034021434222829605	0.04727003516564871	0.06808615125578785	0.14272356147512943	0.2406594675752151	0.2812226053415931	0.2507967781190242	0.20327387101958352	0.09630363971108909	0.019400162118346394	0.00586629494104664	0.0013535233905760933	5.433896647285769E-4	1.194208090759815E-4	8.407165491819181E-4	2.6431252312734577E-5	0.0	3.463203463203463E-5	6.11489895129483E-5	2.0516608194333313E-5
	Total # checklists submitted - (Black-throated Green Warbler)	62273	43331	38620	54106	37238	53163	75553	42285	42866	50027	55502	78855	59210	57034	57433	79603	83036	91289	82524	85890	53335	51722	49455	56820	41250	31182	26177	36645	27806	27015	28508	43847	34634	34222	34514	43557	35305	37010	34434	47284	36806	33495	30926	37834	33146	28875	32707	48741
	
Birds Per Party Hour
	Black-throated Green Warbler	0.0	0.0	0.0	0.0	0.0	0.0	0.0	0.0	0.0	0.0	0.0	0.1	0.0	0.25952262334670845	0.8967292772878044	1.1181568759158511	1.619632985563109	1.6463129533376442	1.7843039845804858	3.4252774856565473	6.341468671656696	7.812479946693491	8.063935058770868	8.386971973778975	7.313194538135448	5.05338873408979	2.2867782831557313	1.8609105293584558	1.5756510329042104	2.3002923880700066	1.9370974881155538	1.6898913496087835	1.744656315892682	1.825430210226498	1.68184647994464	1.6696881686197003	1.379561908844643	1.0218695315444482	0.7781537085094629	0.6348153320802212	0.6137685891475421	0.5091288302178536	1.102399617623007	0.5	0.0	0.2222222222222222	0.19047619047619047	0.0
	# checklists reporting species - (Black-throated Green Warbler)	0	0.0	0.0	0.0	0.0	0.0	0.0	0.0	0.0	0.0	0.0	1	0.0	18	98	1327	9945	15787	15622	9114	4086	3826	3586	3897	2748	1552	1076	975	497	556	906	2964	3642	4141	3831	4157	1959	528	179	76	28	8	32	2	0.0	3	3	0
	
High Count
	Black-throated Green Warbler	1	0.0	0.0	0.0	0.0	0.0	0.0	0.0	0.0	0.0	0.0	1	0.0	3	9	80	85	359	500	70	38	30	46	37	60	40	50	18	40	40	40	35	100	130	50	75	46	20	9	2	2	1	1	1	0.0	1	1	1
	# checklists reporting species - (Black-throated Green Warbler)	1	0.0	0.0	0.0	0.0	0.0	0.0	0.0	0.0	0.0	0.0	1	0.0	25	136	1630	11513	19269	18222	10635	4672	4310	4054	4551	3209	1822	1279	1129	574	667	1038	3429	4070	4608	4298	4614	2162	629	224	97	39	9	32	2	0.0	5	5	1
	
Totals
	Black-throated Green Warbler	1	0.0	0.0	0.0	0.0	0.0	0.0	0.0	0.0	0.0	0.0	1	0.0	28	224	3241	24575	46054	40252	20766	8399	7915	6982	7472	5768	3677	2504	2056	1049	1393	2126	7050	9037	10637	9541	9951	3891	896	268	99	39	9	32	2	0.0	5	5	1
	# checklists reporting species - (Black-throated Green Warbler)	1	0.0	0.0	0.0	0.0	0.0	0.0	0.0	0.0	0.0	0.0	1	0.0	24	130	1526	10561	16817	16424	9724	4400	4107	3844	4275	3026	1687	1158	1045	532	618	976	3254	3897	4425	4114	4437	2108	614	221	97	37	9	32	2	0.0	5	5	1
	
Average Count
	Black-throated Green Warbler	1.0	0.0	0.0	0.0	0.0	0.0	0.0	0.0	0.0	0.0	0.0	1.0	0.0	1.1666666666666667	1.7230769230769232	2.123853211009174	2.3269576744626455	2.7385383837783195	2.450803701899659	2.1355409296585766	1.9088636363636364	1.9271974677380084	1.81633714880333	1.7478362573099415	1.906146728354263	2.1796087729697686	2.162348877374784	1.9674641148325358	1.9718045112781954	2.2540453074433655	2.17827868852459	2.166564228641672	2.318963305106492	2.4038418079096044	2.3191541079241613	2.242731575388776	1.8458254269449716	1.4592833876221498	1.2126696832579185	1.0206185567010309	1.054054054054054	1.0	1.0	1.0	0.0	1.0	1.0	1.0
	# checklists reporting species - (Black-throated Green Warbler)	1	0.0	0.0	0.0	0.0	0.0	0.0	0.0	0.0	0.0	0.0	1	0.0	24	130	1526	10561	16817	16424	9724	4400	4107	3844	4275	3026	1687	1158	1045	532	618	976	3254	3897	4425	4114	4437	2108	614	221	97	37	9	32	2	0.0	5	5	1
	
