

	Week starting on...	1/1	1/8	1/15	1/22	2/1	2/8	2/15	2/22	3/1	3/8	3/15	3/22	4/1	4/8	4/15	4/22	5/1	5/8	5/15	5/22	6/1	6/8	6/15	6/22	7/1	7/8	7/15	7/22	8/1	8/8	8/15	8/22	9/1	9/8	9/15	9/22	10/1	10/8	10/15	10/22	11/1	11/8	11/15	11/22	12/1	12/8	12/15	12/22
Frequency (%)
	Long-billed Dowitcher	0.0	0.0	0.0	0.0	0.0	0.0	0.0	0.0	0.0	0.0	0.0	0.002536300805275506	0.0016889039013680122	0.003506680225830207	0.006964637055351453	0.09296132055324548	0.3528590009152657	0.11392391197186955	0.02423537395182008	0.0023285597857724996	0.0	0.0019334132477475735	0.0	0.0	0.0	0.012827913539862741	0.04966191694999427	0.06003547550825488	0.05754153779759764	0.13325930038867298	0.11575698049670269	0.13455880675986956	0.6063405901715078	0.40909356554263343	0.41432462189256536	0.6175815597952109	0.7052825378841524	0.4863550391786004	0.5604925364465354	0.23475171305304118	0.06792370809107211	0.04179728317659352	0.0032335251891612237	0.0026431252312734575	0.0030169552887226213	0.0	0.0	0.0
	Total # checklists submitted - (Long-billed Dowitcher)	62273	43331	38620	54106	37238	53163	75553	42285	42866	50027	55502	78855	59210	57034	57433	79603	83036	91289	82524	85890	53335	51722	49455	56820	41250	31182	26177	36645	27806	27015	28508	43847	34634	34222	34514	43557	35305	37010	34434	47284	36806	33495	30926	37834	33146	28875	32707	48741
	
Abundance
	Long-billed Dowitcher	0.0	0.0	0.0	0.0	0.0	0.0	0.0	0.0	0.0	0.0	0.0	2.5363008052755058E-5	1.688903901368012E-5	3.506680225830207E-5	6.964637055351453E-5	0.0028265266384432746	0.020400790018787033	0.0028042809100767892	3.0294217439775096E-4	1.1642798928862499E-5	0.0	1.9334132477475734E-5	0.0	0.0	0.0	1.2827913539862742E-4	6.494250678076174E-4	0.0018010642652476463	8.631230669639646E-4	0.0015546918378678512	0.0017889715167672233	0.0017561064611033822	0.007016226829127447	0.005844193793466191	0.006982673697629947	0.01037720687834332	0.011358164565925507	0.009024587949202918	0.012139164778997503	0.005498688774215379	0.0011411182959300114	6.568144499178982E-4	6.467050378322448E-5	2.6431252312734577E-5	3.016955288722621E-5	0.0	0.0	0.0
	Total # checklists submitted - (Long-billed Dowitcher)	62273	43331	38620	54106	37238	53163	75553	42285	42866	50027	55502	78855	59210	57034	57433	79603	83036	91289	82524	85890	53335	51722	49455	56820	41250	31182	26177	36645	27806	27015	28508	43847	34634	34222	34514	43557	35305	37010	34434	47284	36806	33495	30926	37834	33146	28875	32707	48741
	
Birds Per Party Hour
	Long-billed Dowitcher	0.0	0.0	0.0	0.0	0.0	0.0	0.0	0.0	0.0	0.0	0.0	1.8303393213572854	1.1111111111111112	0.26666666666666666	0.125	4.498034679476271	14.698376198398579	4.479591282689278	1.418952508406353	0.03571428571428571	0.0	0.0	0.0	0.0	0.0	1.0455926421445894	0.994682380278993	0.9912342903186562	1.2059167799756667	1.2787476282770402	1.4317853748363405	1.3311232415207686	1.2162170211605123	1.9781505108845583	1.7684167021284591	1.9813105141401655	2.357847488756562	2.7478221306132387	2.6769284595457097	2.758728840399547	1.2340883621152658	0.9596647450603082	0.12121212121212122	0.0	0.0	0.0	0.0	0.0
	# checklists reporting species - (Long-billed Dowitcher)	0.0	0.0	0.0	0.0	0.0	0.0	0.0	0.0	0.0	0.0	1	4	3	5	4	90	353	122	22	2	0.0	0	0.0	0.0	1	4	12	25	15	46	38	76	230	150	168	327	297	207	223	162	41	25	3	0	1	0.0	0.0	0.0
	
High Count
	Long-billed Dowitcher	0.0	0.0	0.0	0.0	0.0	0.0	0.0	0.0	0.0	0.0	1	1	2	1	1	27	27	22	5	1	0.0	1	0.0	0.0	1	1	4	12	5	4	5	22	6	7	15	10	11	15	14	23	8	3	2	1	1	0.0	0.0	0.0
	# checklists reporting species - (Long-billed Dowitcher)	0.0	0.0	0.0	0.0	0.0	0.0	0.0	0.0	0.0	0.0	1	4	3	5	8	100	380	150	37	3	0.0	1	0.0	0.0	1	5	19	30	25	53	48	102	266	204	242	412	363	263	255	185	49	28	4	2	2	0.0	0.0	0.0
	
Totals
	Long-billed Dowitcher	0.0	0.0	0.0	0.0	0.0	0.0	0.0	0.0	0.0	0.0	1	4	4	5	8	267	2075	348	39	2	0.0	1	0.0	0.0	1	5	26	81	42	65	90	210	316	293	406	729	661	518	595	463	117	43	7	2	2	0.0	0.0	0.0
	# checklists reporting species - (Long-billed Dowitcher)	0.0	0.0	0.0	0.0	0.0	0.0	0.0	0.0	0.0	0.0	1	4	3	5	8	98	371	135	31	2	0.0	1	0.0	0.0	1	5	19	30	25	53	48	102	262	197	237	399	351	256	254	184	48	28	4	2	2	0.0	0.0	0.0
	
Average Count
	Long-billed Dowitcher	0.0	0.0	0.0	0.0	0.0	0.0	0.0	0.0	0.0	0.0	1.0	1.0	1.3333333333333333	1.0	1.0	2.7244897959183674	5.592991913746631	2.577777777777778	1.2580645161290323	1.0	0.0	1.0	0.0	0.0	1.0	1.0	1.368421052631579	2.7	1.68	1.2264150943396226	1.875	2.0588235294117645	1.2061068702290076	1.4873096446700507	1.7130801687763713	1.8270676691729324	1.8831908831908832	2.0234375	2.34251968503937	2.516304347826087	2.4375	1.5357142857142858	1.75	1.0	1.0	0.0	0.0	0.0
	# checklists reporting species - (Long-billed Dowitcher)	0.0	0.0	0.0	0.0	0.0	0.0	0.0	0.0	0.0	0.0	1	4	3	5	8	98	371	135	31	2	0.0	1	0.0	0.0	1	5	19	30	25	53	48	102	262	197	237	399	351	256	254	184	48	28	4	2	2	0.0	0.0	0.0
	
