

	Week starting on...	1/1	1/8	1/15	1/22	2/1	2/8	2/15	2/22	3/1	3/8	3/15	3/22	4/1	4/8	4/15	4/22	5/1	5/8	5/15	5/22	6/1	6/8	6/15	6/22	7/1	7/8	7/15	7/22	8/1	8/8	8/15	8/22	9/1	9/8	9/15	9/22	10/1	10/8	10/15	10/22	11/1	11/8	11/15	11/22	12/1	12/8	12/15	12/22
Frequency (%)
	Broad-winged Hawk	0.0	0.0	0.0	0.0	0.0	0.0	0.0	0.0	0.0	0.0	0.0	0.001268150402637753	0.018577942915048135	0.22793421467896344	1.1648355475075305	3.20967802721003	3.9765884676525842	2.739650998477363	2.7882797731568996	2.7197578297822798	2.5386706665416705	2.347163682765554	2.3799413608330804	2.187609996480113	2.807272727272727	2.642550189211725	2.80398823394583	2.264974757811434	2.0391282457023667	2.38015917083102	2.679949487863056	3.1108171596688483	3.632268868741699	5.303605867570569	4.937126962971548	2.4542553435727896	0.8893924373318226	0.4134017833018104	0.21490387407794623	0.09516961339988156	0.021735586589143072	0.02089864158829676	0.0	0.0026431252312734575	0.0	0.0	0.0	0.0
	Total # checklists submitted - (Broad-winged Hawk)	62273	43331	38620	54106	37238	53163	75553	42285	42866	50027	55502	78855	59210	57034	57433	79603	83036	91289	82524	85890	53335	51722	49455	56820	41250	31182	26177	36645	27806	27015	28508	43847	34634	34222	34514	43557	35305	37010	34434	47284	36806	33495	30926	37834	33146	28875	32707	48741
	
Abundance
	Broad-winged Hawk	0.0	0.0	0.0	0.0	0.0	0.0	0.0	0.0	0.0	0.0	0.0	0.0	1.6889039013680122E-4	0.01425465511799979	0.10255428064005015	0.3797846814818537	0.19725179440242785	0.03732103539309227	0.04323590713004702	0.03826988007917103	0.0313865191712759	0.030257917327249525	0.028935395814376708	0.024832805350228793	0.0327030303030303	0.030819062279520235	0.03319708140734232	0.026524764633647155	0.02416744587499101	0.02898389783453637	0.039778307843412374	0.050014824275321	0.17835075359473349	5.268482262871837	17.638117865214117	1.0153821429391372	0.28936411273190765	0.013050526884625777	0.003920543648719289	0.00824803316132307	2.445253491278596E-4	1.4927601134497685E-4	0.0	2.6431252312734577E-5	0.0	0.0	0.0	0.0
	Total # checklists submitted - (Broad-winged Hawk)	62273	43331	38620	54106	37238	53163	75553	42285	42866	50027	55502	78855	59210	57034	57433	79603	83036	91289	82524	85890	53335	51722	49455	56820	41250	31182	26177	36645	27806	27015	28508	43847	34634	34222	34514	43557	35305	37010	34434	47284	36806	33495	30926	37834	33146	28875	32707	48741
	
Birds Per Party Hour
	Broad-winged Hawk	0.0	0.0	0.0	0.0	0.0	0.0	0.0	0.0	0.0	0.0	0.0	0.0	1.308546736465008	3.8282590605433375	7.1555501458779	7.991664365702083	4.553602002947732	1.6769277644499554	1.5704125967785167	2.057800688185616	2.6021531726917675	2.830047427510125	2.9364651743091117	2.974751647971024	2.59574609138515	2.5219197126906763	2.235745527753388	2.0066776608587507	1.472698235574278	1.9653203258894685	1.6116817996717705	2.2123007622113446	2.9868120613913116	46.22560793381289	104.96006189802709	21.306234812492562	5.909981818166526	1.2152232483339458	0.5308870143412442	0.46960661475747795	0.4876660488342767	0.24149788680170892	0.0	0.25	0.0	0.0	0.0	0.0
	# checklists reporting species - (Broad-winged Hawk)	0.0	0.0	0.0	0.0	0.0	0.0	0.0	0.0	0.0	0.0	0.0	1	10	143	714	3000	3559	2594	2352	2512	1438	1311	1242	1333	1261	874	810	904	635	736	839	1501	1403	2041	1994	1264	394	202	93	54	12	6	0	1	0.0	0.0	0.0	0.0
	
High Count
	Broad-winged Hawk	0.0	0.0	0.0	0.0	0.0	0.0	0.0	0.0	0.0	0.0	0.0	1	1	2672	3000	5512	2200	146	400	109	100	40	50	5	12	6	5	6	4	11	60	110	769	20000	130640	14377	5700	70	10	300	2	1	1	1	0.0	0.0	0.0	0.0
	# checklists reporting species - (Broad-winged Hawk)	0.0	0.0	0.0	0.0	0.0	0.0	0.0	0.0	0.0	0.0	0.0	2	18	190	963	3540	4146	3177	2827	2945	1653	1503	1461	1620	1512	1088	982	1109	767	887	1027	1788	1683	2429	2374	1473	467	234	118	70	16	11	1	1	0.0	0.0	0.0	0.0
	
Totals
	Broad-winged Hawk	0.0	0.0	0.0	0.0	0.0	0.0	0.0	0.0	0.0	0.0	0.0	1	16	6813	24776	93767	23605	4598	4914	4219	2121	1913	1801	1817	1742	1243	1156	1282	888	1066	1467	3022	11076	310151	983674	82551	13799	887	213	741	18	9	1	1	0.0	0.0	0.0	0.0
	# checklists reporting species - (Broad-winged Hawk)	0.0	0.0	0.0	0.0	0.0	0.0	0.0	0.0	0.0	0.0	0.0	1	16	186	924	3439	3950	2876	2597	2768	1563	1410	1377	1490	1422	1006	909	1036	727	826	982	1710	1613	2360	2303	1413	447	226	118	70	16	9	1	1	0.0	0.0	0.0	0.0
	
Average Count
	Broad-winged Hawk	0.0	0.0	0.0	0.0	0.0	0.0	0.0	0.0	0.0	0.0	0.0	1.0	1.0	36.62903225806452	26.813852813852815	27.265774934574004	5.9759493670886075	1.5987482614742698	1.8921832884097034	1.5242052023121386	1.3570057581573896	1.3567375886524822	1.307915758896151	1.219463087248322	1.2250351617440225	1.2355864811133201	1.2717271727172716	1.2374517374517375	1.2214580467675378	1.2905569007263922	1.4938900203665988	1.7672514619883042	6.866707997520149	131.41991525423728	427.1272253582284	58.42250530785562	30.870246085011185	3.924778761061947	1.805084745762712	10.585714285714285	1.125	1.0	1.0	1.0	0.0	0.0	0.0	0.0
	# checklists reporting species - (Broad-winged Hawk)	0.0	0.0	0.0	0.0	0.0	0.0	0.0	0.0	0.0	0.0	0.0	1	16	186	924	3439	3950	2876	2597	2768	1563	1410	1377	1490	1422	1006	909	1036	727	826	982	1710	1613	2360	2303	1413	447	226	118	70	16	9	1	1	0.0	0.0	0.0	0.0
	
