

	Week starting on...	1/1	1/8	1/15	1/22	2/1	2/8	2/15	2/22	3/1	3/8	3/15	3/22	4/1	4/8	4/15	4/22	5/1	5/8	5/15	5/22	6/1	6/8	6/15	6/22	7/1	7/8	7/15	7/22	8/1	8/8	8/15	8/22	9/1	9/8	9/15	9/22	10/1	10/8	10/15	10/22	11/1	11/8	11/15	11/22	12/1	12/8	12/15	12/22
Frequency (%)
	Marbled Godwit	0.0	0.0	0.0	0.0	0.0	0.0	0.0	0.0	0.0	0.0	0.0	0.0	0.0	0.0	0.031340866749081535	0.12813587427609513	0.12404258393949612	0.0668207560604235	0.09088265231932528	0.11875654907439748	0.1649948439111278	0.11987162136034957	0.042462845010615716	0.014079549454417459	0.055757575757575756	0.051311654159450965	0.23684914237689572	0.21558193477964252	0.3200748039991369	0.4627059041273367	0.7331275431457837	0.6340228521905718	0.32626898423514467	0.12565016655952313	0.17673987367445096	0.11020042702665474	0.06514657980456026	0.013509862199405566	0.02032874484521113	0.004229760595550291	0.0	0.0	0.0	0.0	0.0	0.0	0.0	0.0
	Total # checklists submitted - (Marbled Godwit)	62273	43331	38620	54106	37238	53163	75553	42285	42866	50027	55502	78855	59210	57034	57433	79603	83036	91289	82524	85890	53335	51722	49455	56820	41250	31182	26177	36645	27806	27015	28508	43847	34634	34222	34514	43557	35305	37010	34434	47284	36806	33495	30926	37834	33146	28875	32707	48741
	
Abundance
	Marbled Godwit	0.0	0.0	0.0	0.0	0.0	0.0	0.0	0.0	0.0	0.0	0.0	0.0	0.0	0.0	3.134086674908154E-4	0.008730826727635893	0.0036610626716123127	8.872920067039841E-4	0.0014298870631573846	0.0013622074746769124	0.002343676760101247	0.001991415645180001	0.0010716813264583964	2.99190425906371E-4	0.0017696969696969697	0.0014110704893849015	0.23746036597012646	0.2412334561331696	0.037006401496079984	0.01906348325004627	0.01603058790514943	0.011357675553629668	0.004100017324016862	0.0016363742621705337	0.0017673987367445095	0.001033129003374888	6.514657980456026E-4	2.1615779519048906E-4	1.7424638438752395E-4	4.2297605955502916E-5	0.0	0.0	0.0	0.0	0.0	0.0	0.0	0.0
	Total # checklists submitted - (Marbled Godwit)	62273	43331	38620	54106	37238	53163	75553	42285	42866	50027	55502	78855	59210	57034	57433	79603	83036	91289	82524	85890	53335	51722	49455	56820	41250	31182	26177	36645	27806	27015	28508	43847	34634	34222	34514	43557	35305	37010	34434	47284	36806	33495	30926	37834	33146	28875	32707	48741
	
Birds Per Party Hour
	Marbled Godwit	0.0	0.0	0.0	0.0	0.0	0.0	0.0	0.0	0.0	0.0	0.0	0.0	0.0	0.0	0.9414632427152226	17.258482624740687	3.771333966294698	1.4793979009641538	1.7306637483602563	3.344478212045697	2.698651197562585	11.26286700121681	14.851147298067257	2.79397738428059	9.314567079932843	14.265075307083945	13.987581848710143	19.954307918971235	1.5891898095839798	1.3757163130857366	2.5181335809387106	1.507992918875314	1.433283951446434	0.9382388566461272	1.03637073662455	1.3120769103821415	1.765960150045901	2.3833265083265083	0.32462121212121214	0.75	2.5	11.982035928143713	0.0	0.0	0.0	0.0	0.0	0.0
	# checklists reporting species - (Marbled Godwit)	0.0	0.0	0.0	0.0	0.0	0.0	0.0	0.0	0.0	0.0	0.0	0.0	0.0	1	23	126	122	88	115	139	113	79	25	17	19	18	59	86	93	140	246	341	144	53	76	52	23	8	8	4	2	2	0.0	0.0	0.0	0.0	0.0	0.0
	
High Count
	Marbled Godwit	0.0	0.0	0.0	0.0	0.0	0.0	0.0	0.0	0.0	0.0	0.0	0.0	0.0	6	11	25	21	3	15	5	9	14	7	16	26	12	801	1182	215	45	29	37	10	3	3	2	4	2	1	1	1	3	0.0	0.0	0.0	0.0	0.0	0.0
	# checklists reporting species - (Marbled Godwit)	0.0	0.0	0.0	0.0	0.0	0.0	0.0	0.0	0.0	0.0	0.0	0.0	0.0	1	25	132	159	120	142	178	135	93	34	22	28	19	62	87	95	155	260	356	157	63	101	81	30	12	13	6	2	2	0.0	0.0	0.0	0.0	0.0	0.0
	
Totals
	Marbled Godwit	0.0	0.0	0.0	0.0	0.0	0.0	0.0	0.0	0.0	0.0	0.0	0.0	0.0	6	36	903	394	148	188	209	184	162	73	53	77	47	6216	9349	1035	550	523	616	192	81	98	77	33	17	12	6	2	6	0.0	0.0	0.0	0.0	0.0	0.0
	# checklists reporting species - (Marbled Godwit)	0.0	0.0	0.0	0.0	0.0	0.0	0.0	0.0	0.0	0.0	0.0	0.0	0.0	1	25	131	153	115	135	173	129	93	33	22	26	19	61	87	95	154	256	355	157	63	95	76	30	12	12	6	2	2	0.0	0.0	0.0	0.0	0.0	0.0
	
Average Count
	Marbled Godwit	0.0	0.0	0.0	0.0	0.0	0.0	0.0	0.0	0.0	0.0	0.0	0.0	0.0	6.0	1.44	6.893129770992366	2.5751633986928106	1.2869565217391303	1.3925925925925926	1.2080924855491328	1.426356589147287	1.7419354838709677	2.212121212121212	2.409090909090909	2.9615384615384617	2.473684210526316	101.90163934426229	107.45977011494253	10.894736842105264	3.5714285714285716	2.04296875	1.7352112676056337	1.2229299363057324	1.2857142857142858	1.0315789473684212	1.013157894736842	1.1	1.4166666666666667	1.0	1.0	1.0	3.0	0.0	0.0	0.0	0.0	0.0	0.0
	# checklists reporting species - (Marbled Godwit)	0.0	0.0	0.0	0.0	0.0	0.0	0.0	0.0	0.0	0.0	0.0	0.0	0.0	1	25	131	153	115	135	173	129	93	33	22	26	19	61	87	95	154	256	355	157	63	95	76	30	12	12	6	2	2	0.0	0.0	0.0	0.0	0.0	0.0
	
