

	Week starting on...	1/1	1/8	1/15	1/22	2/1	2/8	2/15	2/22	3/1	3/8	3/15	3/22	4/1	4/8	4/15	4/22	5/1	5/8	5/15	5/22	6/1	6/8	6/15	6/22	7/1	7/8	7/15	7/22	8/1	8/8	8/15	8/22	9/1	9/8	9/15	9/22	10/1	10/8	10/15	10/22	11/1	11/8	11/15	11/22	12/1	12/8	12/15	12/22
Frequency (%)
	Northern Hawk Owl	0.28583816421241953	0.17770187625487527	0.20973588814085964	0.267992459246664	0.18529459154626993	0.1711716795515678	0.16279962410493296	0.19865200425682863	0.13297251901273735	0.06396545865232775	0.07026773809952795	0.015217804831653034	0.015200135112312108	0.005260020338745309	0.0034823185276757263	0.006281170307651722	0.0036128907943542557	0.0	0.0	0.008149959250203748	0.009374707040404986	0.015467305981980588	0.016176321908805986	0.008799718409010912	0.04363636363636364	0.03206978384965685	0.0038201474576918665	0.010915541001500887	0.0035963461123498523	0.003701647233018693	0.0	0.006841973225078113	0.0	0.005844193793466191	0.0057947499565393756	0.004591684459443947	0.008497379974507861	0.00810591731964334	0.0029041064064587326	0.01057440148887573	0.016301689941857305	0.07463800567248843	0.03880230226993468	0.07665063170693028	0.1297290774150727	0.2909090909090909	0.35772158865074755	0.2954391579983997
	Total # checklists submitted - (Northern Hawk Owl)	62273	43331	38620	54106	37238	53163	75553	42285	42866	50027	55502	78855	59210	57034	57433	79603	83036	91289	82524	85890	53335	51722	49455	56820	41250	31182	26177	36645	27806	27015	28508	43847	34634	34222	34514	43557	35305	37010	34434	47284	36806	33495	30926	37834	33146	28875	32707	48741
	
Abundance
	Northern Hawk Owl	0.0027941483467955617	0.0017770187625487527	0.0020973588814085964	0.0026799245924666397	0.0018260916268328052	0.0017117167955156781	0.0016147604992521806	0.0020101690906940994	0.0013297251901273736	6.19665380694425E-4	7.567294872256855E-4	1.6485955234290788E-4	1.5200135112312108E-4	5.26002033874531E-5	3.482318527675726E-5	6.281170307651722E-5	3.612890794354256E-5	0.0	0.0	8.149959250203749E-5	1.1249648448485985E-4	3.0934611963961175E-4	3.0330603579011223E-4	1.9359380499824007E-4	6.060606060606061E-4	5.772561092938234E-4	1.1460442373075601E-4	1.9102196752626553E-4	3.5963461123498524E-5	3.701647233018693E-5	0.0	6.841973225078113E-5	0.0	5.8441937934661916E-5	5.794749956539375E-5	4.591684459443947E-5	8.497379974507861E-5	8.10591731964334E-5	2.9041064064587326E-5	1.9033922679976314E-4	2.7169483236428845E-4	7.463800567248843E-4	4.2035827459095904E-4	7.929375693820374E-4	0.001297290774150727	0.002909090909090909	0.0037912373498027946	0.003015941404566997
	Total # checklists submitted - (Northern Hawk Owl)	62273	43331	38620	54106	37238	53163	75553	42285	42866	50027	55502	78855	59210	57034	57433	79603	83036	91289	82524	85890	53335	51722	49455	56820	41250	31182	26177	36645	27806	27015	28508	43847	34634	34222	34514	43557	35305	37010	34434	47284	36806	33495	30926	37834	33146	28875	32707	48741
	
Birds Per Party Hour
	Northern Hawk Owl	3.9473113520072567	3.1886228305825	5.175124110454027	3.5581695561112126	2.9901602799125624	4.594209799892061	2.8395637408082393	3.6257910563753475	3.3582918603181517	4.497252213665485	7.948286325414992	5.513331055483392	8.023284730989465	0.9583333333333334	10.600240096038416	5.355127686037071	12.048192771084338	0.0	0.0	0.8261988696374163	2.230426463623383	13.811960135624465	7.2489959839357425	16.867469879518072	13.976670389468364	18.072289156626507	0.0	3.447619047619048	0.46146746654360865	0.0	0.0	0.3024232245681382	0.0	0.041666666666666664	0.0	0.0	0.8611111111111112	0.20544871794871794	0.04	1.1646706586826348	0.9916595380667237	2.3663802685678763	1.0976923792148994	2.2805888565323698	2.6904699469670272	2.5408049332794893	3.1348685158249276	4.095859500185922
	# checklists reporting species - (Northern Hawk Owl)	232	117	111	224	106	142	176	126	80	38	43	13	10	4	2	5	1	0	2	7	8	10	9	5	18	12	1	5	1	0	0	2	1	3	2	6	5	8	4	6	10	29	14	42	72	134	168	199
	
High Count
	Northern Hawk Owl	1	2	2	2	2	2	2	2	2	2	3	2	3	2	1	1	1	1	1	1	2	4	5	4	3	3	3	3	1	1	1	1	1	1	2	1	1	1	3	4	3	1	2	3	1	4	9	3
	# checklists reporting species - (Northern Hawk Owl)	301	158	161	265	144	170	216	171	113	65	61	36	15	4	5	7	5	1	2	10	11	11	13	7	22	12	3	5	1	1	1	4	2	4	3	9	6	8	6	9	16	45	30	55	98	152	203	240
	
Totals
	Northern Hawk Owl	288	154	159	267	146	176	220	179	118	71	71	48	18	5	4	6	5	1	2	9	10	19	24	14	33	20	5	10	1	1	1	3	1	4	4	9	6	8	8	13	20	44	30	55	94	153	206	241
	# checklists reporting species - (Northern Hawk Owl)	288	152	158	265	139	169	212	170	111	64	61	36	15	4	4	6	5	1	2	9	9	11	13	7	20	12	3	5	1	1	1	3	1	4	3	9	6	8	6	9	16	44	29	53	94	150	198	237
	
Average Count
	Northern Hawk Owl	1.0	1.013157894736842	1.0063291139240507	1.0075471698113208	1.0503597122302157	1.0414201183431953	1.0377358490566038	1.0529411764705883	1.063063063063063	1.109375	1.1639344262295082	1.3333333333333333	1.2	1.25	1.0	1.0	1.0	1.0	1.0	1.0	1.1111111111111112	1.7272727272727273	1.8461538461538463	2.0	1.65	1.6666666666666667	1.6666666666666667	2.0	1.0	1.0	1.0	1.0	1.0	1.0	1.3333333333333333	1.0	1.0	1.0	1.3333333333333333	1.4444444444444444	1.25	1.0	1.0344827586206897	1.0377358490566038	1.0	1.02	1.0404040404040404	1.0168776371308017
	# checklists reporting species - (Northern Hawk Owl)	288	152	158	265	139	169	212	170	111	64	61	36	15	4	4	6	5	1	2	9	9	11	13	7	20	12	3	5	1	1	1	3	1	4	3	9	6	8	6	9	16	44	29	53	94	150	198	237
	
