

	Week starting on...	1/1	1/8	1/15	1/22	2/1	2/8	2/15	2/22	3/1	3/8	3/15	3/22	4/1	4/8	4/15	4/22	5/1	5/8	5/15	5/22	6/1	6/8	6/15	6/22	7/1	7/8	7/15	7/22	8/1	8/8	8/15	8/22	9/1	9/8	9/15	9/22	10/1	10/8	10/15	10/22	11/1	11/8	11/15	11/22	12/1	12/8	12/15	12/22
Frequency (%)
	Golden-crowned Kinglet	3.5794003821881075	2.6147561791788787	2.418436043500777	2.2141721805345065	1.8395187711477523	1.106032390948592	1.0217992667399045	1.4071183634858697	1.2364111416973826	1.3932476462710137	1.9548845086663542	5.635660389322174	12.12295220401959	17.052985938212295	13.76212282137447	9.371506099016369	4.316200202321884	1.950946992518266	1.4953225728272987	1.6067062521830249	2.4524233617699447	2.784115076756506	2.4911535739561215	2.5730376627947904	2.833939393939394	2.01398242575845	1.4478358864652174	1.3316960021831081	1.3702078688052939	1.4584490098093652	1.3224358074926337	1.6375122585353614	2.0442339897210835	2.1623517035824906	4.256243843078171	12.44805656955254	22.85228721144314	25.141853553093757	23.105070569785678	20.40859487353016	13.443460305384992	9.138677414539483	6.389445773782578	5.077443569276312	4.923671031195317	4.374025974025974	5.928394533280337	5.139410352680495
	Total # checklists submitted - (Golden-crowned Kinglet)	62273	43331	38620	54106	37238	53163	75553	42285	42866	50027	55502	78855	59210	57034	57433	79603	83036	91289	82524	85890	53335	51722	49455	56820	41250	31182	26177	36645	27806	27015	28508	43847	34634	34222	34514	43557	35305	37010	34434	47284	36806	33495	30926	37834	33146	28875	32707	48741
	
Abundance
	Golden-crowned Kinglet	0.09124339601432402	0.06759594747409475	0.057664422578974625	0.05317340036225188	0.04079166442880928	0.024434287004119405	0.02322872685399653	0.031524181151708644	0.02612793356039752	0.030003797949107482	0.06234009585240172	0.2617335616004058	0.6953724033102516	1.0677665953641688	0.7112461476851287	0.3154278105096542	0.09486246929042824	0.03314747669489205	0.026246909989821144	0.03695424380020957	0.046611043404893596	0.05608831831715711	0.0410676372459812	0.03736360436466033	0.049503030303030306	0.038804438458084796	0.03927111586507239	0.035066175467321596	0.038912464935625404	0.043975569128262074	0.041146344885646134	0.054553333181289486	0.0793439972281573	0.07682192741511308	0.16657008750072436	0.7040200197442432	1.655289619034131	1.7554174547419616	1.5986234535633386	1.2699644700109973	0.5738194859533772	0.35244066278549036	0.18899954730647353	0.1478299941851245	0.14246062873348217	0.13077056277056276	0.23178524474883053	0.16415338216286082
	Total # checklists submitted - (Golden-crowned Kinglet)	62273	43331	38620	54106	37238	53163	75553	42285	42866	50027	55502	78855	59210	57034	57433	79603	83036	91289	82524	85890	53335	51722	49455	56820	41250	31182	26177	36645	27806	27015	28508	43847	34634	34222	34514	43557	35305	37010	34434	47284	36806	33495	30926	37834	33146	28875	32707	48741
	
Birds Per Party Hour
	Golden-crowned Kinglet	3.1123972903523724	3.4150382988430947	3.5740425556648985	2.845957122054316	2.649643887040213	2.717552574351658	2.9115522491030377	2.9091986082720585	2.3090371485502708	2.3794723139800538	3.035367867237405	6.51280645294313	4.9720865672336405	5.9767559495016584	4.523640441116226	3.0592136702021837	1.9811906862969288	1.5420639274327397	1.838320745486081	3.1285157598022724	7.857993295617728	8.580362111681449	9.813512794815892	10.113274995703696	10.244286095978971	7.640124806907704	4.0779899648033755	2.186547164974644	3.137702705900332	2.5883054430746806	2.4494527190366426	2.9347719802969356	2.9351563348379504	2.7315613600800464	2.5350697212866025	4.295415478288049	5.891843984409364	5.920010495484015	5.93247056399286	5.339648320421292	3.8901608244244223	3.3802928769802776	2.875263366771964	3.2037664582071943	2.943131801470253	2.9323479544970272	2.40194997194171	2.343653194369886
	# checklists reporting species - (Golden-crowned Kinglet)	2196	1150	935	1198	683	588	770	590	536	698	1062	4487	7192	9549	7588	7326	3546	1695	1110	1267	1247	1433	1222	1453	1141	619	372	495	373	383	377	658	653	676	1394	5284	8029	9223	7905	9610	4928	3073	1957	1917	1613	1257	1895	2483
	
High Count
	Golden-crowned Kinglet	31	30	35	45	20	65	26	23	20	20	250	240	2000	800	2500	500	500	50	27	200	15	15	15	19	30	18	34	23	100	22	55	25	150	68	300	600	600	6000	1667	742	350	200	50	57	75	70	193	90
	# checklists reporting species - (Golden-crowned Kinglet)	2444	1234	1029	1304	738	653	839	650	591	758	1202	4973	7919	10611	8657	8157	3972	2064	1355	1532	1402	1540	1328	1613	1273	695	422	551	428	446	442	804	776	812	1662	6070	8972	10289	8723	10513	5337	3311	2113	2059	1761	1374	2135	2726
	
Totals
	Golden-crowned Kinglet	6213	3179	2466	3070	1661	1542	1900	1455	1254	1610	3788	22686	45760	68043	49881	28139	9172	3511	2319	3365	2564	3004	2158	2300	2203	1319	1116	1392	1337	1295	1369	2603	3014	2790	6575	34520	66358	81301	62457	66164	22677	12521	6187	5981	5090	4153	9803	9515
	# checklists reporting species - (Golden-crowned Kinglet)	2354	1208	986	1261	718	628	816	631	566	730	1143	4754	7587	10041	8065	7650	3718	1836	1213	1396	1309	1477	1265	1520	1201	658	390	514	395	402	404	734	728	765	1550	5683	8492	9745	8326	10066	5126	3201	2040	2000	1711	1336	2089	2670
	
Average Count
	Golden-crowned Kinglet	2.639337298215803	2.631622516556291	2.5010141987829613	2.4345757335448055	2.3133704735376046	2.4554140127388533	2.3284313725490198	2.3058637083993663	2.215547703180212	2.2054794520547945	3.3140857392825898	4.771981489272192	6.0313694477395545	6.776516283238721	6.184872907625542	3.6783006535947713	2.4669176976869283	1.9123093681917211	1.9117889530090684	2.410458452722063	1.9587471352177235	2.0338524035206498	1.7059288537549406	1.513157894736842	1.8343047460449626	2.0045592705167175	2.8615384615384616	2.708171206225681	3.3848101265822783	3.2213930348258706	3.3886138613861387	3.5463215258855585	4.1401098901098905	3.6470588235294117	4.241935483870968	6.074256554636635	7.814178049929345	8.342842483324782	7.5014412683161185	6.573018080667594	4.423917284432306	3.9115901280849736	3.032843137254902	2.9905	2.9748684979544127	3.1085329341317367	4.692675921493538	3.5636704119850187
	# checklists reporting species - (Golden-crowned Kinglet)	2354	1208	986	1261	718	628	816	631	566	730	1143	4754	7587	10041	8065	7650	3718	1836	1213	1396	1309	1477	1265	1520	1201	658	390	514	395	402	404	734	728	765	1550	5683	8492	9745	8326	10066	5126	3201	2040	2000	1711	1336	2089	2670
	
