

	Week starting on...	1/1	1/8	1/15	1/22	2/1	2/8	2/15	2/22	3/1	3/8	3/15	3/22	4/1	4/8	4/15	4/22	5/1	5/8	5/15	5/22	6/1	6/8	6/15	6/22	7/1	7/8	7/15	7/22	8/1	8/8	8/15	8/22	9/1	9/8	9/15	9/22	10/1	10/8	10/15	10/22	11/1	11/8	11/15	11/22	12/1	12/8	12/15	12/22
Frequency (%)
	Common Gallinule	0.0	0.0	0.002589331952356292	0.0	0.0	0.0018810074675996464	0.0	0.0	0.0046657024214995565	0.005996761748655726	0.0018017368743468703	0.005072601610551012	0.011822327309576084	0.04734018304870779	0.2838089600055717	0.7977086290717688	1.0971145045522424	1.447052766488843	1.6795114148611314	1.598556292932821	1.2130870910284053	0.9802405166080198	0.8816095440299262	1.0612460401267159	1.1175757575757574	1.375793727150279	1.78018871528441	1.8638286260062764	1.880889016758973	1.9359615028687767	1.771432580328329	2.221360640408694	2.4946584281342035	2.13313073461516	2.062930984528018	1.5014808182381707	1.065004956804985	0.6781950824101595	0.3484927687750479	0.14804162084426023	0.059772863120143446	0.017913121361397222	0.012934100756644895	0.0026431252312734575	0.0	0.0034632034632034628	0.003057449475647415	0.006154982458299993
	Total # checklists submitted - (Common Gallinule)	62273	43331	38620	54106	37238	53163	75553	42285	42866	50027	55502	78855	59210	57034	57433	79603	83036	91289	82524	85890	53335	51722	49455	56820	41250	31182	26177	36645	27806	27015	28508	43847	34634	34222	34514	43557	35305	37010	34434	47284	36806	33495	30926	37834	33146	28875	32707	48741
	
Abundance
	Common Gallinule	0.0	0.0	2.589331952356292E-5	0.0	0.0	1.8810074675996463E-5	0.0	0.0	4.6657024214995566E-5	3.997841165770484E-5	1.8017368743468703E-5	5.0726016105510116E-5	1.1822327309576085E-4	6.312024406494372E-4	0.003987254714188706	0.013328643392836953	0.022303579170480273	0.03251213180120277	0.038982599001502596	0.036977529398067296	0.028142870535295773	0.01977881752445768	0.019896875947831363	0.02557198169658571	0.028872727272727272	0.04249246360079533	0.06436948466210796	0.07125119388729705	0.0902323239588578	0.08539700166574125	0.08471306299985969	0.1134399160717951	0.13960270254663049	0.13538074922564433	0.10928898418033262	0.06545446196937346	0.03248831610253505	0.021318562550661984	0.006359993030144624	0.002855088401996447	7.879150138564364E-4	1.7913121361397223E-4	1.2934100756644895E-4	2.6431252312734577E-5	0.0	3.463203463203463E-5	3.057449475647415E-5	6.154982458299993E-5
	Total # checklists submitted - (Common Gallinule)	62273	43331	38620	54106	37238	53163	75553	42285	42866	50027	55502	78855	59210	57034	57433	79603	83036	91289	82524	85890	53335	51722	49455	56820	41250	31182	26177	36645	27806	27015	28508	43847	34634	34222	34514	43557	35305	37010	34434	47284	36806	33495	30926	37834	33146	28875	32707	48741
	
Birds Per Party Hour
	Common Gallinule	0.6666666666666666	0.0	0.0	0.0	1.3343343343343343	0.25	0.0	0.0	0.15476190476190477	0.28	0.0	2.349490162286371	1.8045506861620866	2.738471650768806	1.6175440252147537	2.557658584576404	2.5611598596395044	2.82880094406892	3.1263863030474424	3.279706572879837	3.471128393118599	3.6320411445648553	3.113986344995245	3.4844057778124733	3.6342409881863813	4.484228280290336	4.137850269833831	4.5022470106367285	5.310466312933068	5.406466651347231	5.348530700964309	5.2711115820660845	4.449451147332607	5.478868367600653	4.505854709008532	3.9666017238920026	3.342164339943714	3.3531058498920827	2.4801559421134307	2.894514831268485	1.662914181999466	2.9638859275053306	1.336201373739995	0.49188391539596654	0.0	0.7501875468867217	0.0	0.7008547008547008
	# checklists reporting species - (Common Gallinule)	3	0	0	0.0	3	1	1	1	2	2	1	4	6	27	172	638	869	1219	1254	1256	628	518	451	617	461	431	471	671	514	536	471	893	741	635	628	618	381	239	120	69	24	4	4	1	0	1	2	3
	
High Count
	Common Gallinule	1	1	1	0.0	1	1	1	1	1	1	1	1	2	5	8	30	30	30	40	30	25	20	18	28	25	43	28	28	63	41	150	75	100	135	165	160	30	30	10	10	3	2	1	1	1	1	1	1
	# checklists reporting species - (Common Gallinule)	4	1	3	0.0	4	1	1	2	2	4	1	5	15	48	227	785	1110	1587	1616	1622	768	601	518	691	543	498	520	755	585	615	571	1088	957	841	817	749	441	281	159	91	32	12	7	2	1	2	3	5
	
Totals
	Common Gallinule	4	1	3	0.0	4	1	1	2	2	2	1	5	15	60	331	1379	2246	3625	3568	3538	1688	1192	1116	1633	1330	1509	1825	2795	2684	2690	2601	5594	5359	5402	4508	3496	1372	834	283	178	41	14	7	2	1	2	3	5
	# checklists reporting species - (Common Gallinule)	4	1	3	0.0	4	1	1	2	2	2	1	5	14	47	221	753	997	1385	1428	1474	731	568	487	666	501	474	497	714	549	583	524	1027	900	792	753	706	421	270	156	89	32	12	7	2	1	2	3	5
	
Average Count
	Common Gallinule	1.0	1.0	1.0	0.0	1.0	1.0	1.0	1.0	1.0	1.0	1.0	1.0	1.0714285714285714	1.2765957446808511	1.497737556561086	1.8313413014608233	2.2527582748244734	2.6173285198555956	2.4985994397759104	2.400271370420624	2.3091655266757867	2.0985915492957745	2.291581108829569	2.451951951951952	2.654690618762475	3.1835443037974684	3.672032193158954	3.914565826330532	4.888888888888889	4.614065180102916	4.963740458015267	5.446932814021421	5.954444444444444	6.820707070707071	5.9867197875166	4.951841359773371	3.2589073634204277	3.088888888888889	1.814102564102564	2.0	1.28125	1.1666666666666667	1.0	1.0	1.0	1.0	1.0	1.0
	# checklists reporting species - (Common Gallinule)	4	1	3	0.0	4	1	1	2	2	2	1	5	14	47	221	753	997	1385	1428	1474	731	568	487	666	501	474	497	714	549	583	524	1027	900	792	753	706	421	270	156	89	32	12	7	2	1	2	3	5
	
