

	Week starting on...	1/1	1/8	1/15	1/22	2/1	2/8	2/15	2/22	3/1	3/8	3/15	3/22	4/1	4/8	4/15	4/22	5/1	5/8	5/15	5/22	6/1	6/8	6/15	6/22	7/1	7/8	7/15	7/22	8/1	8/8	8/15	8/22	9/1	9/8	9/15	9/22	10/1	10/8	10/15	10/22	11/1	11/8	11/15	11/22	12/1	12/8	12/15	12/22
Frequency (%)
	Willet	0.0	0.0	0.0	0.0	0.0	0.0	0.0	0.0	0.0	0.0	0.0	0.0	0.020266846816416148	0.01578006101623593	0.012188114846865043	0.2989837066442219	0.4877402572378246	0.3592984916035886	0.2459890456109738	0.13156362789614623	0.059998125058591915	0.044468504698194196	0.006066120715802245	0.012319605772615278	0.0048484848484848485	0.04169071900455391	0.04966191694999427	0.008186655751125664	0.035963461123498526	0.12215435868961688	0.2525606847200786	0.14368143772664038	0.1299301264653231	0.08181871310852669	0.04925537463058469	0.03214179121610763	0.03965443988103668	0.00810591731964334	0.008712319219376197	0.0	0.0	0.0	0.0	0.0	0.0	0.0	0.0	0.0
	Total # checklists submitted - (Willet)	62273	43331	38620	54106	37238	53163	75553	42285	42866	50027	55502	78855	59210	57034	57433	79603	83036	91289	82524	85890	53335	51722	49455	56820	41250	31182	26177	36645	27806	27015	28508	43847	34634	34222	34514	43557	35305	37010	34434	47284	36806	33495	30926	37834	33146	28875	32707	48741
	
Abundance
	Willet	0.0	0.0	0.0	0.0	0.0	0.0	0.0	0.0	0.0	0.0	0.0	0.0	2.0266846816416147E-4	1.578006101623593E-4	1.2188114846865043E-4	0.056970214690401116	0.04178910352136423	0.007766543614236107	0.0033202462313993504	0.0014087786703923624	5.812318365051092E-4	4.4468504698194194E-4	6.066120715802245E-5	2.1119324181626187E-4	4.848484848484849E-5	5.131165415945097E-4	6.494250678076174E-4	8.186655751125665E-5	0.0014745019060634396	0.0020359059781602813	0.002630840465834152	0.0014824275321002577	0.0015014147947104	0.0011688387586932382	5.215274960885438E-4	3.214179121610763E-4	4.531935986404192E-4	8.10591731964334E-5	8.712319219376198E-5	0.0	0.0	0.0	0.0	0.0	0.0	0.0	0.0	0.0
	Total # checklists submitted - (Willet)	62273	43331	38620	54106	37238	53163	75553	42285	42866	50027	55502	78855	59210	57034	57433	79603	83036	91289	82524	85890	53335	51722	49455	56820	41250	31182	26177	36645	27806	27015	28508	43847	34634	34222	34514	43557	35305	37010	34434	47284	36806	33495	30926	37834	33146	28875	32707	48741
	
Birds Per Party Hour
	Willet	0.0	0.0	0.0	0.0	0.0	0.0	0.0	0.0	0.0	0.0	0.0	1.5	2.5837408681766614	1.4967790468029882	2.015864163191263	46.28581945931129	15.063765110954044	3.0644917212000644	1.8890392471865276	1.9842770224259825	1.9664125559916366	1.5023779707205918	0.9367909238249594	1.2390058702073314	1.2458210422812193	5.6282893554613525	1.5965558580715682	0.8115834446808862	0.741586431247584	3.0175581179557582	1.8631662953329744	1.9956531623712372	1.7746210129944588	1.6112686635304994	1.353031160565274	1.2740713857225061	0.5558863656271719	0.7135802469135802	0.6746751742339127	0.0	0.0	0.0	0.0	0.0	0.0	0.0	0.0	0.0
	# checklists reporting species - (Willet)	0.0	0.0	0.0	0.0	0.0	0.0	0.0	0.0	0.0	0.0	0.0	2	13	11	9	304	487	378	249	152	44	35	6	11	4	15	19	11	20	46	105	99	66	51	27	23	15	3	4	0	0.0	0	0.0	0.0	0.0	0.0	0	0.0
	
High Count
	Willet	0.0	0.0	0.0	0.0	0.0	0.0	0.0	0.0	0.0	0.0	0.0	2	1	1	2	109	145	30	28	5	1	1	1	5	1	3	4	1	14	9	4	3	4	3	3	2	12	1	1	1	0.0	3	0.0	0.0	0.0	0.0	1	0.0
	# checklists reporting species - (Willet)	0.0	0.0	0.0	0.0	0.0	0.0	0.0	0.0	0.0	0.0	0.0	2	13	11	10	346	590	487	305	170	57	37	9	15	7	18	24	16	27	58	125	117	76	55	34	37	19	6	5	1	0.0	1	0.0	0.0	0.0	0.0	2	0.0
	
Totals
	Willet	0.0	0.0	0.0	0.0	0.0	0.0	0.0	0.0	0.0	0.0	0.0	3	13	11	12	5670	4751	1077	426	188	56	37	9	19	7	22	29	16	69	105	142	127	90	71	36	38	32	6	5	1	0.0	3	0.0	0.0	0.0	0.0	1	0.0
	# checklists reporting species - (Willet)	0.0	0.0	0.0	0.0	0.0	0.0	0.0	0.0	0.0	0.0	0.0	2	13	11	10	345	572	460	296	168	56	37	9	14	7	18	24	16	27	57	123	116	76	55	33	37	19	6	5	1	0.0	1	0.0	0.0	0.0	0.0	1	0.0
	
Average Count
	Willet	0.0	0.0	0.0	0.0	0.0	0.0	0.0	0.0	0.0	0.0	0.0	1.5	1.0	1.0	1.2	16.434782608695652	8.305944055944057	2.341304347826087	1.4391891891891893	1.119047619047619	1.0	1.0	1.0	1.3571428571428572	1.0	1.2222222222222223	1.2083333333333333	1.0	2.5555555555555554	1.8421052631578947	1.1544715447154472	1.0948275862068966	1.1842105263157894	1.290909090909091	1.0909090909090908	1.027027027027027	1.6842105263157894	1.0	1.0	1.0	0.0	3.0	0.0	0.0	0.0	0.0	1.0	0.0
	# checklists reporting species - (Willet)	0.0	0.0	0.0	0.0	0.0	0.0	0.0	0.0	0.0	0.0	0.0	2	13	11	10	345	572	460	296	168	56	37	9	14	7	18	24	16	27	57	123	116	76	55	33	37	19	6	5	1	0.0	1	0.0	0.0	0.0	0.0	1	0.0
	
