

	Week starting on...	1/1	1/8	1/15	1/22	2/1	2/8	2/15	2/22	3/1	3/8	3/15	3/22	4/1	4/8	4/15	4/22	5/1	5/8	5/15	5/22	6/1	6/8	6/15	6/22	7/1	7/8	7/15	7/22	8/1	8/8	8/15	8/22	9/1	9/8	9/15	9/22	10/1	10/8	10/15	10/22	11/1	11/8	11/15	11/22	12/1	12/8	12/15	12/22
Frequency (%)
	Great Egret	0.01926998859859008	0.011539082873693199	0.005178663904712584	0.012937566998114812	0.008056286588968257	0.0018810074675996464	0.0013235741797149021	0.0023649048125812936	0.0	0.003997841165770484	0.03423300061259053	0.23207152368270875	0.7380510048978213	1.441245572816215	2.051085612801003	2.453425122168763	3.3130208584228527	4.156031942512241	3.8594833018273476	3.4462684829432995	2.5986687916002627	1.9469471404818066	1.8279243756950763	2.016895459345301	2.3466666666666667	3.2999807581296907	5.012033464491729	6.571155682903535	7.660217219305186	8.602628169535445	9.61484495580188	10.20594339407485	10.564762949702605	9.56110104611069	9.219447180854146	8.361457400647428	6.647783600056649	5.893001891380708	3.6069001568217463	1.842060739362152	0.6955387708525783	0.2149574563367667	0.10993985643148159	0.06872125601310991	0.051288239908284565	0.03463203463203463	0.021402146329531906	0.006154982458299993
	Total # checklists submitted - (Great Egret)	62273	43331	38620	54106	37238	53163	75553	42285	42866	50027	55502	78855	59210	57034	57433	79603	83036	91289	82524	85890	53335	51722	49455	56820	41250	31182	26177	36645	27806	27015	28508	43847	34634	34222	34514	43557	35305	37010	34434	47284	36806	33495	30926	37834	33146	28875	32707	48741
	
Abundance
	Great Egret	2.729915051466928E-4	1.6154716023170478E-4	7.767995857068877E-5	2.033046242560899E-4	8.056286588968258E-5	1.8810074675996463E-5	1.3235741797149022E-5	2.3649048125812936E-5	0.0	5.996761748655726E-5	3.6034737486937405E-4	0.005808128844080908	0.01655125823340652	0.034084931795069606	0.058624832413420855	0.0675100184666407	0.07659328484031022	0.09028470023770663	0.08629004895545539	0.08693677960181628	0.06378550670291554	0.04787131201422992	0.04646648468304519	0.04787046814501936	0.06261818181818182	0.1010839586941184	0.1802727585284792	0.2872151726019921	0.35283751708264405	0.4124375347029428	0.5265890276413638	0.48671516865464	0.582808800600566	0.42265209514347496	0.43376600799675497	0.3430677043873545	0.28109332955672	0.21221291542826262	0.11369576581285938	0.056530750359529654	0.0169537575395316	0.005164949992536199	0.0012934100756644895	8.72231326320241E-4	6.033910577445242E-4	3.463203463203463E-4	2.1402146329531905E-4	1.0258304097166656E-4
	Total # checklists submitted - (Great Egret)	62273	43331	38620	54106	37238	53163	75553	42285	42866	50027	55502	78855	59210	57034	57433	79603	83036	91289	82524	85890	53335	51722	49455	56820	41250	31182	26177	36645	27806	27015	28508	43847	34634	34222	34514	43557	35305	37010	34434	47284	36806	33495	30926	37834	33146	28875	32707	48741
	
Birds Per Party Hour
	Great Egret	16.52522250556271	3.7427077165097122	23.250830386799528	5.758130761788971	2.6868721847713446	2.6109660574412534	12.048192771084338	2.857142857142857	0.9233610341643582	3.9151061173533086	4.188292696093608	10.743249173865228	8.140775318536193	6.1890352075380015	7.416008754474976	4.510159122402833	3.2346940649837306	3.2655993271019974	3.1076411150861047	3.5450035816808674	3.2790226232618944	3.065080414732629	4.1428679490552405	4.74314939192229	6.30689231868443	5.684333991950799	5.420298274447841	5.509168526711534	6.862578871518642	6.853361177591781	8.341552488779556	7.435571763905435	8.041390058654077	7.138203588830665	6.689813221850656	6.505638657933314	6.363779604864705	5.137895275957131	5.134374869007553	4.311836273020737	2.4198306069806783	3.9879242803749717	4.549474216373533	3.2962437369316677	4.238565035280986	9.98484374379219	1.027585861518551	1.853721129170231
	# checklists reporting species - (Great Egret)	14	6	3	7	4	1	1	1	1	3	27	254	504	903	1276	2104	2795	3539	2998	3087	1499	1066	995	1265	1055	1128	1444	2600	2309	2512	2921	4757	3903	3437	3359	3856	2424	2288	1307	932	280	82	39	32	25	19	9	7
	
High Count
	Great Egret	3	2	2	4	1	1	1	1	1	2	2	24	40	41	165	72	50	60	50	159	161	118	180	123	45	100	53	493	140	209	178	352	450	251	224	300	178	96	52	50	25	19	3	2	2	1	1	3
	# checklists reporting species - (Great Egret)	14	6	3	7	4	1	1	1	1	5	27	280	602	1055	1484	2416	3291	4626	3756	3422	1638	1201	1097	1386	1152	1214	1535	2775	2495	2704	3152	5126	4220	3732	3668	4177	2629	2450	1405	997	318	90	48	38	27	21	11	8
	
Totals
	Great Egret	21	8	4	11	4	1	1	1	1	6	28	609	1302	2370	4105	6182	7395	9850	8185	8461	3934	2966	2690	3232	3083	3606	5195	11404	10754	12229	16467	23523	21878	16227	16567	17076	11076	8697	4429	2983	767	197	57	47	30	21	11	10
	# checklists reporting species - (Great Egret)	14	6	3	7	4	1	1	1	1	5	27	280	589	1029	1435	2311	2993	3875	3252	3251	1594	1166	1071	1349	1122	1179	1506	2717	2440	2654	3077	4988	4116	3619	3565	4059	2561	2383	1374	974	309	89	48	37	27	21	11	8
	
Average Count
	Great Egret	1.5	1.3333333333333333	1.3333333333333333	1.5714285714285714	1.0	1.0	1.0	1.0	1.0	1.2	1.037037037037037	2.175	2.210526315789474	2.303206997084548	2.8606271777003482	2.6750324534833405	2.4707651186100903	2.541935483870968	2.5169126691266914	2.602583820362965	2.4680050188205773	2.543739279588336	2.511671335200747	2.3958487768717567	2.74777183600713	3.05852417302799	3.449535192563081	4.197276407802724	4.407377049180328	4.607761868877167	5.351641208969776	4.715918203688854	5.315354713313897	4.4838353136225475	4.647124824684432	4.206947524020695	4.324873096446701	3.6496013428451533	3.2234352256186316	3.0626283367556466	2.482200647249191	2.2134831460674156	1.1875	1.2702702702702702	1.1111111111111112	1.0	1.0	1.25
	# checklists reporting species - (Great Egret)	14	6	3	7	4	1	1	1	1	5	27	280	589	1029	1435	2311	2993	3875	3252	3251	1594	1166	1071	1349	1122	1179	1506	2717	2440	2654	3077	4988	4116	3619	3565	4059	2561	2383	1374	974	309	89	48	37	27	21	11	8
	
