

	Week starting on...	1/1	1/8	1/15	1/22	2/1	2/8	2/15	2/22	3/1	3/8	3/15	3/22	4/1	4/8	4/15	4/22	5/1	5/8	5/15	5/22	6/1	6/8	6/15	6/22	7/1	7/8	7/15	7/22	8/1	8/8	8/15	8/22	9/1	9/8	9/15	9/22	10/1	10/8	10/15	10/22	11/1	11/8	11/15	11/22	12/1	12/8	12/15	12/22
Frequency (%)
	Common Grackle	0.7386828962792863	0.6438808243520805	0.6784049715173485	0.5877351864857872	0.5370857725978838	0.5003479863815059	0.6776699800140299	3.8689842733829964	8.9464843932254	22.721730265656547	33.48167633598789	38.86246908883393	42.426954906265834	44.98018725672406	46.574269148399004	50.48804693290454	55.618045185220865	57.792286036652825	55.884348795501914	51.681220165327744	45.347332895847	43.19438536792854	40.23253462743909	39.12354804646252	36.47030303030303	36.62048617792316	36.32578217519196	34.359394187474415	33.45321153707833	30.808809920414586	28.742809036060052	25.10776107829498	21.77628919558815	17.371866051078253	15.831256881265574	14.877057648598388	14.893074635320778	16.471223993515267	14.215600859615495	9.231452499788512	5.404010215725697	3.3467681743543816	1.995085041712475	1.437860125812761	1.3093585953056175	1.1082251082251082	1.6387929189470143	0.9889005149668657
	Total # checklists submitted - (Common Grackle)	62273	43331	38620	54106	37238	53163	75553	42285	42866	50027	55502	78855	59210	57034	57433	79603	83036	91289	82524	85890	53335	51722	49455	56820	41250	31182	26177	36645	27806	27015	28508	43847	34634	34222	34514	43557	35305	37010	34434	47284	36806	33495	30926	37834	33146	28875	32707	48741
	
Abundance
	Common Grackle	0.13898479276733094	0.047425630610879045	0.0892542723977214	0.08383543414778398	0.08655137225414898	0.02185730677350789	0.0751128346988207	0.48071420125339953	1.0750478234498204	5.5914006436524275	7.246946055997982	10.089886500538963	9.87701401790238	6.032103657467475	4.845489526927028	4.61563006419356	4.596753215472807	4.3003319129358415	3.4256337550288403	2.6947374548841543	2.121364957345083	2.014829279610224	1.856313820645031	1.7888595564941923	1.9302545454545454	2.1951125649413123	2.328303472514039	4.150961932050757	3.0791915413939437	3.360207292245049	8.153781394696226	4.973886468857619	5.2380897384073455	4.988370054351003	4.412528249406038	6.906352595449641	19.275371760373886	16.299162388543635	26.1331823198002	207.39508078842738	283.2254795413791	103.71189729810419	2.3564314816012417	0.24004863350425543	0.15271827671513907	0.10064069264069264	0.2912220625554163	0.1717034939783755
	Total # checklists submitted - (Common Grackle)	62273	43331	38620	54106	37238	53163	75553	42285	42866	50027	55502	78855	59210	57034	57433	79603	83036	91289	82524	85890	53335	51722	49455	56820	41250	31182	26177	36645	27806	27015	28508	43847	34634	34222	34514	43557	35305	37010	34434	47284	36806	33495	30926	37834	33146	28875	32707	48741
	
Birds Per Party Hour
	Common Grackle	37.23476156542727	32.463438112636226	35.017611286905186	30.924572476308384	11.524789730495648	7.325332396302404	29.220452690841505	37.043069334151504	36.52204230253725	41.8785504091805	49.37691153624725	39.406894024842146	36.021361782746794	27.111540963244632	19.799440934055767	15.71393510457487	11.194282379701754	9.556909803113626	7.931817240295567	9.157759040886424	11.005305605588882	12.889518000094965	13.751295747802903	15.444884900145055	13.936354744390977	13.223183387841056	11.038869784199791	13.0473734013512	14.046204029900059	14.749087597612311	53.0459198091337	27.551713463659105	36.97998450228482	35.13922032126957	43.82511667591445	78.78173016759898	232.36082128018307	204.26703451524773	217.55630937273955	2519.6226241360882	7462.45123427443	2965.440829146522	170.7353970596792	22.097813391000066	16.437222844663093	25.68908964644189	21.926682014028042	36.11771898912799
	# checklists reporting species - (Common Grackle)	441	279	264	323	213	277	536	1742	4011	11442	18069	29520	23724	23962	24926	37752	42402	47235	41637	41523	23149	21495	19216	21442	14474	10896	9038	12022	8916	8009	7906	10522	7128	5746	5358	6349	5139	5990	4819	4241	1945	1132	620	555	431	314	501	476
	
High Count
	Common Grackle	1500	300	650	600	2209	250	2500	3952	4000	100000	50000	40000	75000	8000	3290	2000	1500	800	1000	500	476	250	500	300	28000	1000	1500	40000	10000	15000	50000	20000	9000	12000	50000	100000	500000	100000	200000	2061485	3000000	2500000	20600	1386	500	500	1000	1000
	# checklists reporting species - (Common Grackle)	578	328	306	367	246	302	587	1967	4414	12699	20160	33045	27019	27397	28719	42911	49327	56604	49221	47393	25924	23810	21321	23799	16268	12302	10230	13565	10016	8957	8837	11822	8086	6448	5938	7092	5740	6638	5302	4759	2217	1273	702	632	515	387	622	575
	
Totals
	Common Grackle	9889	2321	4019	5134	4040	1631	6165	24161	52036	309966	513082	848318	624498	373219	294966	387307	399965	409869	292709	242178	118078	108574	96372	107073	112124	71891	65184	200727	89590	99330	252713	242339	206489	187397	212705	362478	1345578	714370	988346	9948470	10571199	3793143	115189	12400	6532	3627	10678	9078
	# checklists reporting species - (Common Grackle)	550	316	300	359	239	298	578	1916	4256	12181	18954	30996	24971	25136	26165	39107	43762	48828	42916	42844	23916	22224	19902	22233	15076	11397	9434	12615	9328	8397	8297	11109	7577	6069	5599	6669	5402	6275	5057	4478	2061	1201	677	613	505	374	605	557
	
Average Count
	Common Grackle	17.98	7.344936708860759	13.396666666666667	14.300835654596101	16.90376569037657	5.473154362416107	10.666089965397925	12.610125260960334	12.226503759398497	25.4466792545768	27.06985332911259	27.368628210091625	25.00893035921669	14.847986950986632	11.273304032103956	9.903776817449561	9.13955029477629	8.394138608994838	6.820509833162457	5.652553449724582	4.937196855661482	4.885439164866811	4.842327404280977	4.815949264606666	7.437251260281242	6.307888040712468	6.909476362094551	15.911771700356718	9.604416809605489	11.829224723115399	30.458358442810656	21.814654784409036	27.252078659099908	30.87773933102653	37.98981961064476	54.35267656320288	249.08885597926692	113.84382470119522	195.44117065453827	2221.632425189817	5129.160116448326	3158.3205661948377	170.14623338257016	20.22838499184339	12.934653465346535	9.697860962566844	17.649586776859504	16.29802513464991
	# checklists reporting species - (Common Grackle)	550	316	300	359	239	298	578	1916	4256	12181	18954	30996	24971	25136	26165	39107	43762	48828	42916	42844	23916	22224	19902	22233	15076	11397	9434	12615	9328	8397	8297	11109	7577	6069	5599	6669	5402	6275	5057	4478	2061	1201	677	613	505	374	605	557
	
