

	Week starting on...	1/1	1/8	1/15	1/22	2/1	2/8	2/15	2/22	3/1	3/8	3/15	3/22	4/1	4/8	4/15	4/22	5/1	5/8	5/15	5/22	6/1	6/8	6/15	6/22	7/1	7/8	7/15	7/22	8/1	8/8	8/15	8/22	9/1	9/8	9/15	9/22	10/1	10/8	10/15	10/22	11/1	11/8	11/15	11/22	12/1	12/8	12/15	12/22
Frequency (%)
	Curlew Sandpiper	0.0	0.0	0.0	0.0	0.0	0.0	0.0	0.0	0.0	0.0	0.0018017368743468703	0.0	0.0	0.0	0.0	0.0	0.0012042969314514187	0.016431333457481188	0.00605884348795502	0.015135638607521247	0.0018749414080809974	0.0	0.0	0.0	0.0	0.0	0.0038201474576918665	0.0027288852503752218	0.0	0.003701647233018693	0.007015574575557738	0.002280657741692704	0.0	0.0	0.1622529987831025	0.0	0.00566491998300524	0.024317751958930017	0.0	0.0021148802977751457	0.0	0.0	0.0	0.0	0.0	0.0	0.0	0.0
	Total # checklists submitted - (Curlew Sandpiper)	62273	43331	38620	54106	37238	53163	75553	42285	42866	50027	55502	78855	59210	57034	57433	79603	83036	91289	82524	85890	53335	51722	49455	56820	41250	31182	26177	36645	27806	27015	28508	43847	34634	34222	34514	43557	35305	37010	34434	47284	36806	33495	30926	37834	33146	28875	32707	48741
	
Abundance
	Curlew Sandpiper	0.0	0.0	0.0	0.0	0.0	0.0	0.0	0.0	0.0	0.0	0.0	0.0	0.0	0.0	0.0	0.0	1.2042969314514187E-5	1.6431333457481186E-4	4.847074790364015E-5	1.3971358714634998E-4	1.8749414080809974E-5	0.0	0.0	0.0	0.0	0.0	3.8201474576918666E-5	2.7288852503752216E-5	0.0	3.701647233018693E-5	7.015574575557738E-5	2.280657741692704E-5	0.0	0.0	0.001622529987831025	0.0	5.66491998300524E-5	2.4317751958930018E-4	0.0	2.1148802977751458E-5	0.0	0.0	0.0	0.0	0.0	0.0	0.0	0.0
	Total # checklists submitted - (Curlew Sandpiper)	62273	43331	38620	54106	37238	53163	75553	42285	42866	50027	55502	78855	59210	57034	57433	79603	83036	91289	82524	85890	53335	51722	49455	56820	41250	31182	26177	36645	27806	27015	28508	43847	34634	34222	34514	43557	35305	37010	34434	47284	36806	33495	30926	37834	33146	28875	32707	48741
	
Birds Per Party Hour
	Curlew Sandpiper	0.0	0.0	0.0	0.0	0.0	0.0	0.0	0.0	0.0	0.0	0.0	0.0	0.0	0.0	0.0	0.0	0.6666666666666666	0.544360902255639	0.23863636363636365	0.641359987929955	0.3333333333333333	0.0	0.0	0.0	0.0	0.0	0.03125	0.0	0.0	0.020833333333333332	0.0	0.5	0.0	0.0	1.9334053541152256	0.0	0.5416666666666666	1.0380952380952382	0.0	0.125	0.0	0.0	0.0	0.0	0.0	0.0	0.0	0.0
	# checklists reporting species - (Curlew Sandpiper)	0.0	0.0	0.0	0.0	0.0	0.0	0.0	0.0	0.0	0.0	0	0	0	0	0	0	3	19	11	28	3	0.0	0.0	0.0	0.0	0.0	4	2	2	4	3	2	1	1	60	0	4	7	0.0	1	0.0	0.0	0.0	0.0	0.0	0.0	0.0	0.0
	
High Count
	Curlew Sandpiper	0.0	0.0	0.0	0.0	0.0	0.0	0.0	0.0	0.0	0.0	1	1	1	1	1	1	1	1	1	1	1	0.0	0.0	0.0	0.0	0.0	1	1	1	1	1	1	1	1	1	1	1	1	0.0	1	0.0	0.0	0.0	0.0	0.0	0.0	0.0	0.0
	# checklists reporting species - (Curlew Sandpiper)	0.0	0.0	0.0	0.0	0.0	0.0	0.0	0.0	0.0	0.0	5	10	8	7	7	9	15	55	53	58	8	0.0	0.0	0.0	0.0	0.0	12	5	5	12	15	9	3	2	60	3	13	23	0.0	1	0.0	0.0	0.0	0.0	0.0	0.0	0.0	0.0
	
Totals
	Curlew Sandpiper	0.0	0.0	0.0	0.0	0.0	0.0	0.0	0.0	0.0	0.0	4	10	8	7	7	9	15	55	52	55	8	0.0	0.0	0.0	0.0	0.0	12	5	5	12	15	9	3	2	60	3	12	23	0.0	1	0.0	0.0	0.0	0.0	0.0	0.0	0.0	0.0
	# checklists reporting species - (Curlew Sandpiper)	0.0	0.0	0.0	0.0	0.0	0.0	0.0	0.0	0.0	0.0	4	10	8	7	7	9	15	55	52	55	8	0.0	0.0	0.0	0.0	0.0	12	5	5	12	15	9	3	2	60	3	12	23	0.0	1	0.0	0.0	0.0	0.0	0.0	0.0	0.0	0.0
	
Average Count
	Curlew Sandpiper	0.0	0.0	0.0	0.0	0.0	0.0	0.0	0.0	0.0	0.0	1.0	1.0	1.0	1.0	1.0	1.0	1.0	1.0	1.0	1.0	1.0	0.0	0.0	0.0	0.0	0.0	1.0	1.0	1.0	1.0	1.0	1.0	1.0	1.0	1.0	1.0	1.0	1.0	0.0	1.0	0.0	0.0	0.0	0.0	0.0	0.0	0.0	0.0
	# checklists reporting species - (Curlew Sandpiper)	0.0	0.0	0.0	0.0	0.0	0.0	0.0	0.0	0.0	0.0	4	10	8	7	7	9	15	55	52	55	8	0.0	0.0	0.0	0.0	0.0	12	5	5	12	15	9	3	2	60	3	12	23	0.0	1	0.0	0.0	0.0	0.0	0.0	0.0	0.0	0.0
	
