

	Week starting on...	1/1	1/8	1/15	1/22	2/1	2/8	2/15	2/22	3/1	3/8	3/15	3/22	4/1	4/8	4/15	4/22	5/1	5/8	5/15	5/22	6/1	6/8	6/15	6/22	7/1	7/8	7/15	7/22	8/1	8/8	8/15	8/22	9/1	9/8	9/15	9/22	10/1	10/8	10/15	10/22	11/1	11/8	11/15	11/22	12/1	12/8	12/15	12/22
Frequency (%)
	Mallard	24.814927817834377	24.490549491126444	21.54324184360435	21.047573282075923	20.250819055803213	14.671858247277243	13.530898839225443	23.045997398604705	24.415620771707182	30.741399644192136	34.11588771575799	37.52203411324583	40.52524911332545	41.61552758003997	41.347309038357736	41.625315628807954	37.959439279348715	35.68337915849664	35.85260045562503	32.549772965420885	24.032998968782227	19.030586597579365	15.907390557072084	14.598732840549102	15.471515151515153	19.671605413379513	24.651411544485615	27.62450538954837	29.50442350571819	30.912456042939105	33.60460221692156	34.32617967021689	36.06282843448634	34.49243176903746	33.38645187460161	34.439929288059325	33.626965019119105	35.03377465549851	36.62078178544462	36.51552322138567	36.85540401021573	35.84415584415584	34.0813554937593	32.59502035206428	31.53019972244011	28.20779220779221	26.260433546335648	24.437332020270407
	Total # checklists submitted - (Mallard)	62273	43331	38620	54106	37238	53163	75553	42285	42866	50027	55502	78855	59210	57034	57433	79603	83036	91289	82524	85890	53335	51722	49455	56820	41250	31182	26177	36645	27806	27015	28508	43847	34634	34222	34514	43557	35305	37010	34434	47284	36806	33495	30926	37834	33146	28875	32707	48741
	
Abundance
	Mallard	15.99129638848297	15.867208234289539	13.795727602278612	13.900861272317304	13.207664213974972	9.450501288490115	8.187021031593716	11.31143431476883	10.64701628330145	10.457193115717512	8.379842167849807	6.7278422420899116	4.549586218544165	3.5722376126521023	2.929883516445249	2.5622652412597513	1.7490726913627823	1.5551380779721544	1.776537734477243	2.2444987775061125	2.163701134339552	1.9137504350179808	1.76758669497523	1.747571277719113	1.9673454545454545	2.9101725354371113	4.669977461129999	5.146704871060172	5.8657124361648565	6.8713677586526005	7.700049109022029	8.546285948867654	9.278339204250159	9.082958330898252	8.554238859593209	8.596115434947311	8.743832318368502	9.6363685490408	12.28222106057966	12.332691819643008	12.998532847905233	13.441677862367518	13.748237728771906	14.36081302532114	13.472787063295723	14.15030303030303	16.04717644540924	13.860097248722841
	Total # checklists submitted - (Mallard)	62273	43331	38620	54106	37238	53163	75553	42285	42866	50027	55502	78855	59210	57034	57433	79603	83036	91289	82524	85890	53335	51722	49455	56820	41250	31182	26177	36645	27806	27015	28508	43847	34634	34222	34514	43557	35305	37010	34434	47284	36806	33495	30926	37834	33146	28875	32707	48741
	
Birds Per Party Hour
	Mallard	177.5902152883624	194.26575687699338	196.99127357679586	193.9988509763835	206.77280953874453	180.84877158469013	163.03843653424352	140.2485172123957	128.83688296243668	90.92851480199437	64.84690331110687	49.94339901526336	28.41359259639927	20.56170489374166	16.268071738812683	11.615943602807453	7.3465505903896045	6.288019078571022	7.280934477828643	11.757202603831354	16.5024147973403	20.049168917810746	28.53598643796195	24.94958872366606	22.86655766991498	26.069864432123694	27.981734825500364	28.839691430779677	30.57690315953167	32.22323756691375	36.24780896762818	36.58443223234741	38.95142448459254	38.67340309924914	34.064999323621386	36.59791658823423	39.56753052450937	40.73565624892914	55.188561969845566	56.22982574458633	62.16584546914864	67.79258873453425	80.40037073883369	92.70034864178521	113.49195229975062	124.25449379697758	113.21592932998271	121.15352733034219
	# checklists reporting species - (Mallard)	14584	9947	7766	10574	6914	7369	9688	9217	9902	14663	18094	28627	23133	22867	22861	32187	30270	30799	27906	26831	12448	9556	7661	8054	6138	5834	6145	9699	7848	7954	8997	14081	11525	10943	10691	13997	11236	12261	11990	16375	12938	11363	9975	11637	9819	7658	8156	11251
	
High Count
	Mallard	30000	4000	14000	3000	4000	2550	4561	4400	3000	1900	4500	7000	3200	700	1500	2000	600	500	450	1000	4072	1130	4100	775	400	800	617	600	428	3000	3000	5000	5000	5000	5000	5250	3250	8400	5800	5000	8000	10000	11000	5154	2500	15000	12500	5000
	# checklists reporting species - (Mallard)	16660	11324	8907	12201	8082	8333	10928	10430	11190	16393	20210	31648	25752	25518	25641	35462	33818	35178	31770	30129	13904	10630	8585	9029	7009	6624	6948	10968	8840	9038	10311	16162	13325	12526	12292	15956	12668	13831	13480	18515	14453	12753	11225	13118	11211	8644	9131	12761
	
Totals
	Mallard	1049952	727481	554564	779823	510955	519584	646585	504562	476896	545038	488619	571749	292662	216351	182574	213945	152023	149879	154941	206967	123652	106845	91595	104786	85366	94447	125902	197595	169113	193712	227938	390805	333374	321446	307775	386915	319982	374222	439517	611572	501754	474237	465089	568251	470830	445351	607315	709479
	# checklists reporting species - (Mallard)	15127	10299	8063	10984	7184	7627	10067	9590	10291	15186	18702	29656	24132	23892	23906	33255	31287	31834	28809	27824	12957	9924	7962	8351	6392	6075	6351	10023	8101	8245	9307	14595	12020	11363	11110	14430	11613	12682	12416	17013	13367	11717	10346	12089	10191	7940	8529	11705
	
Average Count
	Mallard	69.40913598201891	70.63608117292941	68.77886642688826	70.99626729788784	71.12402561247217	68.12429526681527	64.22817125260752	52.613347236704904	46.34107472548829	35.89082049255894	26.126564003849854	19.279370110601565	12.127548483341622	9.055374183827222	7.637162218689869	6.433468651330627	4.858982964170422	4.708142237858893	5.378215141101739	7.438434445083382	9.54325847032492	10.766324062877873	11.504019090680734	12.547718836067537	13.355131414267834	15.546831275720164	19.823964729963784	19.714157437892847	20.87557091717072	23.49448150394178	24.491028258300204	26.77663583418979	27.73494176372712	28.28883217460178	27.702520252025202	26.813236313236313	27.55377594075605	29.508121747358462	35.399242912371136	35.947334391347795	37.53676965661704	40.47426815737817	44.9535086023584	47.00562494830011	46.20056912962418	56.089546599496224	71.20588580138352	60.61332763776164
	# checklists reporting species - (Mallard)	15127	10299	8063	10984	7184	7627	10067	9590	10291	15186	18702	29656	24132	23892	23906	33255	31287	31834	28809	27824	12957	9924	7962	8351	6392	6075	6351	10023	8101	8245	9307	14595	12020	11363	11110	14430	11613	12682	12416	17013	13367	11717	10346	12089	10191	7940	8529	11705
	
