

	Week starting on...	1/1	1/8	1/15	1/22	2/1	2/8	2/15	2/22	3/1	3/8	3/15	3/22	4/1	4/8	4/15	4/22	5/1	5/8	5/15	5/22	6/1	6/8	6/15	6/22	7/1	7/8	7/15	7/22	8/1	8/8	8/15	8/22	9/1	9/8	9/15	9/22	10/1	10/8	10/15	10/22	11/1	11/8	11/15	11/22	12/1	12/8	12/15	12/22
Frequency (%)
	Parasitic Jaeger	0.0	0.0	0.0	0.0	0.0	0.0	0.0	0.0	0.0	0.0	0.0	0.0	0.0	0.0017533401129151034	0.0017411592638378632	0.0012562340615303444	0.0	0.004381688921994983	0.0012117686975910038	0.006985679357317499	0.009374707040404986	0.06186922392792235	0.07683752906682843	0.056318197817669835	0.02909090909090909	0.03527676223462254	0.034381327119226805	0.010915541001500887	0.010789038337049557	0.037016472330186935	0.024554511014452083	0.20525919675234336	0.35514234567188313	0.7480568055636725	0.49545112128411656	0.6359482976329867	0.283245999150262	0.2296676573898946	0.2671777893942034	0.27493443871076895	0.15758300277128728	0.07165248544558889	0.04526935264825713	0.013215626156367288	0.0030169552887226213	0.0	0.0	0.0
	Total # checklists submitted - (Parasitic Jaeger)	62273	43331	38620	54106	37238	53163	75553	42285	42866	50027	55502	78855	59210	57034	57433	79603	83036	91289	82524	85890	53335	51722	49455	56820	41250	31182	26177	36645	27806	27015	28508	43847	34634	34222	34514	43557	35305	37010	34434	47284	36806	33495	30926	37834	33146	28875	32707	48741
	
Abundance
	Parasitic Jaeger	0.0	0.0	0.0	0.0	0.0	0.0	0.0	0.0	0.0	0.0	0.0	0.0	0.0	1.7533401129151033E-5	1.741159263837863E-5	1.2562340615303443E-5	0.0	4.381688921994983E-5	1.2117686975910038E-5	6.985679357317499E-5	7.49976563232399E-5	9.860407563512625E-4	0.0012334445455464563	0.0013551566349876804	5.575757575757576E-4	9.941632993393625E-4	0.0011842457118844787	1.0915541001500886E-4	1.0789038337049557E-4	4.441976679622432E-4	2.806229830223095E-4	0.004971833876890095	0.009557082635560432	0.01566243936648939	0.009358521179811091	0.017769818858048073	0.004815181985554454	0.004404215077006214	0.004791775570656909	0.00537179595634887	0.0020920502092050207	7.165248544558889E-4	0.001390415831339326	1.3215626156367287E-4	3.016955288722621E-5	0.0	0.0	0.0
	Total # checklists submitted - (Parasitic Jaeger)	62273	43331	38620	54106	37238	53163	75553	42285	42866	50027	55502	78855	59210	57034	57433	79603	83036	91289	82524	85890	53335	51722	49455	56820	41250	31182	26177	36645	27806	27015	28508	43847	34634	34222	34514	43557	35305	37010	34434	47284	36806	33495	30926	37834	33146	28875	32707	48741
	
Birds Per Party Hour
	Parasitic Jaeger	0.0	0.0	0.0	0.0	0.0	0.0	0.0	0.0	0.0	0.0	0.0	0.0	0.0	1.3333333333333333	0.1111111111111111	0.0	0.03333333333333333	0.06222222222222222	0.21052631578947367	0.5482390141019943	0.18879325334724395	2.7828723259279085	2.070225538404996	2.2911857688737185	0.1400132275132275	0.05357142857142857	0.21666666666666667	0.041666666666666664	0.10500610500610501	0.11812278161926713	0.0879201680672269	1.2702284373495125	1.1628353321943132	1.2186014577136515	1.6592302271310346	1.6989755100727764	0.9781661616809845	0.945936524684835	0.8171030402083465	0.9294534899069918	0.5798046176638866	0.7893946264759198	0.670905944151829	1.5411462788708297	0.0	0.0	0.0	0.0
	# checklists reporting species - (Parasitic Jaeger)	0.0	0.0	0.0	0.0	0.0	0.0	0.0	0.0	0.0	0.0	0.0	0.0	0.0	1	1	0	2	5	1	7	6	37	44	35	12	12	5	8	3	9	8	98	161	301	214	331	130	107	108	139	68	35	19	7	5	0	1	1
	
High Count
	Parasitic Jaeger	0.0	0.0	0.0	0.0	0.0	0.0	0.0	0.0	0.0	0.0	0.0	0.0	0.0	1	1	1	1	1	2	1	2	4	4	5	7	10	11	3	2	2	2	8	35	50	12	19	9	12	23	26	6	3	15	3	2	3	2	1
	# checklists reporting species - (Parasitic Jaeger)	0.0	0.0	0.0	0.0	0.0	0.0	0.0	0.0	0.0	0.0	0.0	0.0	0.0	1	1	1	2	6	2	8	8	37	47	35	14	15	15	9	4	10	16	151	251	371	301	419	190	160	155	204	103	57	41	16	7	4	3	3
	
Totals
	Parasitic Jaeger	0.0	0.0	0.0	0.0	0.0	0.0	0.0	0.0	0.0	0.0	0.0	0.0	0.0	1	1	1	2	6	3	8	8	57	73	82	27	42	40	12	5	12	17	326	633	864	581	1163	340	327	395	457	147	62	115	25	8	8	5	3
	# checklists reporting species - (Parasitic Jaeger)	0.0	0.0	0.0	0.0	0.0	0.0	0.0	0.0	0.0	0.0	0.0	0.0	0.0	1	1	1	2	6	2	8	6	37	46	35	14	15	15	9	4	10	16	148	244	367	296	412	189	158	154	202	102	57	41	16	7	4	3	3
	
Average Count
	Parasitic Jaeger	0.0	0.0	0.0	0.0	0.0	0.0	0.0	0.0	0.0	0.0	0.0	0.0	0.0	1.0	1.0	1.0	1.0	1.0	1.5	1.0	1.3333333333333333	1.5405405405405406	1.5869565217391304	2.342857142857143	1.9285714285714286	2.8	2.6666666666666665	1.3333333333333333	1.25	1.2	1.0625	2.2027027027027026	2.5942622950819674	2.354223433242507	1.962837837837838	2.8228155339805827	1.7989417989417988	2.069620253164557	2.564935064935065	2.262376237623762	1.4411764705882353	1.087719298245614	2.8048780487804876	1.5625	1.1428571428571428	2.0	1.6666666666666667	1.0
	# checklists reporting species - (Parasitic Jaeger)	0.0	0.0	0.0	0.0	0.0	0.0	0.0	0.0	0.0	0.0	0.0	0.0	0.0	1	1	1	2	6	2	8	6	37	46	35	14	15	15	9	4	10	16	148	244	367	296	412	189	158	154	202	102	57	41	16	7	4	3	3
	
