

	Week starting on...	1/1	1/8	1/15	1/22	2/1	2/8	2/15	2/22	3/1	3/8	3/15	3/22	4/1	4/8	4/15	4/22	5/1	5/8	5/15	5/22	6/1	6/8	6/15	6/22	7/1	7/8	7/15	7/22	8/1	8/8	8/15	8/22	9/1	9/8	9/15	9/22	10/1	10/8	10/15	10/22	11/1	11/8	11/15	11/22	12/1	12/8	12/15	12/22
Frequency (%)
	Blue-gray Gnatcatcher	0.025693318131453438	0.011539082873693199	0.015535991714137753	0.0	0.0	0.0	0.0	0.0	0.0	0.0	0.0	0.0	0.0016889039013680122	0.20514079321106707	1.0795187435794753	3.6418225443764682	10.936220434510332	14.617314243775265	10.701129368426155	4.987775061124694	2.1899315646386053	1.6704690460539036	1.4396926498837326	1.2671594508975714	1.2169696969696968	1.305240202681034	1.5777209000267411	1.6346022649747578	1.906063439545422	2.3579492874329073	3.342921285253262	3.418705954797364	2.9450828665473234	2.016246858745836	1.0227733673291999	0.43161833918773107	0.19827219940518342	0.11348284247500676	0.06679444734855085	0.05287200744437865	0.08422539803292942	0.044782803403493054	0.07760460453986937	0.09250938309457102	0.15989863030229892	0.027705627705627702	0.09478093374506986	0.022568269013766643
	Total # checklists submitted - (Blue-gray Gnatcatcher)	62273	43331	38620	54106	37238	53163	75553	42285	42866	50027	55502	78855	59210	57034	57433	79603	83036	91289	82524	85890	53335	51722	49455	56820	41250	31182	26177	36645	27806	27015	28508	43847	34634	34222	34514	43557	35305	37010	34434	47284	36806	33495	30926	37834	33146	28875	32707	48741
	
Abundance
	Blue-gray Gnatcatcher	3.21166476643168E-4	1.1539082873693199E-4	2.0714655618850336E-4	0.0	0.0	0.0	0.0	0.0	0.0	0.0	0.0	0.0	1.688903901368012E-5	0.003611880632605113	0.021276966204098687	0.09081316030802859	0.3372633556529698	0.4105642519909299	0.24689787213416703	0.10010478519035976	0.03899878128808475	0.028807857391438846	0.027479526842584166	0.023284054910242873	0.0232	0.02905522416778911	0.03357909615311151	0.03364715513712648	0.037833561101920446	0.04949102350545993	0.07580328328890136	0.07332314639542044	0.06144251313737945	0.0348313950090585	0.017007591122443065	0.006267649287140987	0.002407590992777227	0.0014050256687381788	7.841087297438578E-4	5.287200744437865E-4	8.694234635657229E-4	4.77683236303926E-4	8.407165491819181E-4	0.0012158376063857905	0.00199119049055693	3.463203463203463E-4	0.0010701073164765952	2.4619929833199973E-4
	Total # checklists submitted - (Blue-gray Gnatcatcher)	62273	43331	38620	54106	37238	53163	75553	42285	42866	50027	55502	78855	59210	57034	57433	79603	83036	91289	82524	85890	53335	51722	49455	56820	41250	31182	26177	36645	27806	27015	28508	43847	34634	34222	34514	43557	35305	37010	34434	47284	36806	33495	30926	37834	33146	28875	32707	48741
	
Birds Per Party Hour
	Blue-gray Gnatcatcher	0.8337601118114397	1.2992890995260664	6.649915606110361	0.0	0.0	0.0	0.0	0.0	0.0	0.0	0.0	0.0	0.0	1.3442404149711633	1.3358536525914253	1.6310421171512692	1.8639319433609094	1.5237883349180126	1.3607802898865462	1.3849969617117244	1.9765037049228613	2.4026899697433413	1.9242312293726647	2.627713666313841	1.9870102634494198	1.9568762502985722	1.7311042762520994	1.6710649207620414	1.438470248169324	1.5230486819644842	1.2932482344497092	1.3902829195495552	1.1199822063376672	0.8390274999417624	0.8447145301424867	0.6979232973471292	0.4335156154020334	1.568208429998635	0.4979951519484212	0.41546087519926794	0.6891775495335768	1.4938798824170851	1.3237202098888972	1.5102507865114623	1.1978666500856288	1.866920589577258	0.816281940293776	0.9357839045523799
	# checklists reporting species - (Blue-gray Gnatcatcher)	18	5	7	0.0	0.0	0.0	0.0	0.0	0.0	0.0	0.0	0.0	2	127	631	2922	8637	12022	8111	4131	1164	864	714	728	495	407	423	602	548	650	957	1475	990	680	348	200	75	49	27	36	34	19	30	39	59	9	34	16
	
High Count
	Blue-gray Gnatcatcher	2	1	2	0.0	0.0	0.0	0.0	0.0	0.0	0.0	0.0	0.0	1	10	28	50	120	75	45	20	18	13	14	19	15	23	15	15	16	15	31	60	40	25	15	8	4	4	2	2	2	2	2	2	2	2	2	2
	# checklists reporting species - (Blue-gray Gnatcatcher)	21	5	7	0.0	0.0	0.0	0.0	0.0	0.0	0.0	0.0	0.0	3	147	760	3361	10098	14862	9793	4743	1306	997	838	868	617	466	460	677	612	722	1073	1689	1161	795	421	233	97	58	29	46	51	27	35	41	66	14	39	17
	
Totals
	Blue-gray Gnatcatcher	25	5	9	0.0	0.0	0.0	0.0	0.0	0.0	0.0	0.0	0.0	3	251	1534	8064	29964	40341	21884	9191	2255	1651	1536	1530	1104	985	962	1363	1193	1517	2393	3633	2415	1359	708	341	115	71	33	47	52	29	38	52	81	17	43	18
	# checklists reporting species - (Blue-gray Gnatcatcher)	21	5	7	0.0	0.0	0.0	0.0	0.0	0.0	0.0	0.0	0.0	3	143	722	3168	9087	12694	8543	4389	1263	954	803	833	583	440	444	649	589	697	1036	1611	1105	767	398	223	94	58	29	46	50	27	35	41	66	14	38	17
	
Average Count
	Blue-gray Gnatcatcher	1.1904761904761905	1.0	1.2857142857142858	0.0	0.0	0.0	0.0	0.0	0.0	0.0	0.0	0.0	1.0	1.7552447552447552	2.1246537396121883	2.5454545454545454	3.297457906899967	3.1779580904364266	2.5616294041905654	2.094098883572568	1.7854315122723674	1.730607966457023	1.912826899128269	1.836734693877551	1.8936535162950257	2.2386363636363638	2.1666666666666665	2.100154083204931	2.025466893039049	2.176470588235294	2.30984555984556	2.25512104283054	2.18552036199095	1.7718383311603652	1.778894472361809	1.5291479820627802	1.2234042553191489	1.2241379310344827	1.1379310344827587	1.0217391304347827	1.04	1.0740740740740742	1.0857142857142856	1.2682926829268293	1.2272727272727273	1.2142857142857142	1.131578947368421	1.0588235294117647
	# checklists reporting species - (Blue-gray Gnatcatcher)	21	5	7	0.0	0.0	0.0	0.0	0.0	0.0	0.0	0.0	0.0	3	143	722	3168	9087	12694	8543	4389	1263	954	803	833	583	440	444	649	589	697	1036	1611	1105	767	398	223	94	58	29	46	50	27	35	41	66	14	38	17
	
