

	Week starting on...	1/1	1/8	1/15	1/22	2/1	2/8	2/15	2/22	3/1	3/8	3/15	3/22	4/1	4/8	4/15	4/22	5/1	5/8	5/15	5/22	6/1	6/8	6/15	6/22	7/1	7/8	7/15	7/22	8/1	8/8	8/15	8/22	9/1	9/8	9/15	9/22	10/1	10/8	10/15	10/22	11/1	11/8	11/15	11/22	12/1	12/8	12/15	12/22
Frequency (%)
	Eastern Kingbird	0.0	0.0	0.0	0.0	0.0	0.0	0.0	0.0	0.0	0.0	0.0	0.0	0.0	0.003506680225830207	0.013929274110702905	0.4220946446741957	6.186473336865938	14.902124023704937	24.390480345111726	25.65374315985563	20.423736758226305	17.739066548083986	16.073197856637346	16.464273143259415	18.03151515151515	21.031364248604962	23.990526034304924	25.670623550279707	26.11306912177228	23.864519711271516	21.15897291988214	12.846945058955002	5.768897615060346	2.174040091169423	0.454887871588341	0.10560874256721078	0.02265967993202096	0.01621183463928668	0.014520532032293663	0.01057440148887573	0.0	0.0	0.0	0.0	0.0	0.0	0.0	0.0
	Total # checklists submitted - (Eastern Kingbird)	62273	43331	38620	54106	37238	53163	75553	42285	42866	50027	55502	78855	59210	57034	57433	79603	83036	91289	82524	85890	53335	51722	49455	56820	41250	31182	26177	36645	27806	27015	28508	43847	34634	34222	34514	43557	35305	37010	34434	47284	36806	33495	30926	37834	33146	28875	32707	48741
	
Abundance
	Eastern Kingbird	0.0	0.0	0.0	0.0	0.0	0.0	0.0	0.0	0.0	0.0	0.0	0.0	0.0	3.506680225830207E-5	1.9152751902216497E-4	0.00601736115473035	0.11134929428199818	0.34205654569553834	0.6367359798361689	0.6504133193619747	0.44981719321271213	0.3564247322222652	0.3096956829440906	0.30689897923266457	0.37825454545454545	0.50654223590533	0.6255491461970432	0.7221721926592987	0.7842911601812559	0.7099389228206552	0.7005401992423179	0.4106324263917714	0.16616619506842986	0.03804570159546491	0.00547603870892971	0.0012397548040498658	2.549213992352358E-4	1.621183463928668E-4	1.4520532032293664E-4	1.057440148887573E-4	0.0	0.0	0.0	0.0	0.0	0.0	0.0	0.0
	Total # checklists submitted - (Eastern Kingbird)	62273	43331	38620	54106	37238	53163	75553	42285	42866	50027	55502	78855	59210	57034	57433	79603	83036	91289	82524	85890	53335	51722	49455	56820	41250	31182	26177	36645	27806	27015	28508	43847	34634	34222	34514	43557	35305	37010	34434	47284	36806	33495	30926	37834	33146	28875	32707	48741
	
Birds Per Party Hour
	Eastern Kingbird	0.0	0.0	0.0	0.0	0.0	0.0	0.0	0.0	0.0	0.0	0.0	0.0	0.0	0.12603982858583312	0.4970820966664299	1.0526851784255296	1.5382743031476018	1.8497623375902088	2.3784837213508543	3.210951053893177	3.9799947736997954	4.18338443054759	4.226121649412662	4.561335420114396	3.9515449610973277	4.063773868326028	3.637440720254553	3.868583411724038	3.7731443866034016	3.6430319889019525	3.599828145852172	3.2455781184375874	2.5222122408449077	1.6083054183084855	0.9482193621564095	0.586895818177658	0.5504744455410705	0.4575433510145189	0.4949832564604789	2.388126663246524	12.048192771084338	0.0	0.0	0.0	0.0	0.0	0.0	0.0
	# checklists reporting species - (Eastern Kingbird)	0.0	0.0	0.0	0.0	0.0	0.0	0.0	0.0	0.0	0.0	0.0	0.0	0.0	2	10	375	4963	12325	19120	21618	10747	9021	7868	9225	7344	6478	6224	9437	7238	6399	5929	5525	1943	749	172	50	12	7	5	5	1	0.0	0.0	0.0	0.0	0.0	0.0	0.0
	
High Count
	Eastern Kingbird	0.0	0.0	0.0	0.0	0.0	0.0	0.0	0.0	0.0	0.0	0.0	0.0	0.0	1	3	10	100	200	200	100	70	50	36	35	40	200	100	60	200	275	400	930	715	24	9	4	2	2	1	1	1	0.0	0.0	0.0	0.0	0.0	0.0	0.0
	# checklists reporting species - (Eastern Kingbird)	0.0	0.0	0.0	0.0	0.0	0.0	0.0	0.0	0.0	0.0	0.0	0.0	0.0	3	19	491	6009	15426	22111	24121	11926	10047	8784	10471	8381	7242	6865	10355	7969	7078	6646	6208	2268	901	226	68	15	12	9	7	3	0.0	0.0	0.0	0.0	0.0	0.0	0.0
	
Totals
	Eastern Kingbird	0.0	0.0	0.0	0.0	0.0	0.0	0.0	0.0	0.0	0.0	0.0	0.0	0.0	3	24	665	10479	34455	56435	60143	25553	19709	16633	18979	17062	16854	17325	28459	23442	21413	22533	22837	6766	1638	284	78	16	13	9	7	3	0.0	0.0	0.0	0.0	0.0	0.0	0.0
	# checklists reporting species - (Eastern Kingbird)	0.0	0.0	0.0	0.0	0.0	0.0	0.0	0.0	0.0	0.0	0.0	0.0	0.0	3	19	471	5442	13238	19909	22534	11287	9496	8313	9876	7865	6843	6476	9832	7572	6704	6272	5888	2152	852	216	66	15	12	9	7	3	0.0	0.0	0.0	0.0	0.0	0.0	0.0
	
Average Count
	Eastern Kingbird	0.0	0.0	0.0	0.0	0.0	0.0	0.0	0.0	0.0	0.0	0.0	0.0	0.0	1.0	1.263157894736842	1.4118895966029723	1.9255788313120177	2.602734552047137	2.8346476467929076	2.66898908316322	2.2639319571188095	2.0755054759898903	2.000842054613256	1.9217294451194815	2.16935791481246	2.462954844366506	2.675262507720815	2.894528071602929	3.095879556259905	3.194063245823389	3.5926339285714284	3.8785665760869565	3.1440520446096656	1.9225352112676057	1.3148148148148149	1.1818181818181819	1.0666666666666667	1.0833333333333333	1.0	1.0	1.0	0.0	0.0	0.0	0.0	0.0	0.0	0.0
	# checklists reporting species - (Eastern Kingbird)	0.0	0.0	0.0	0.0	0.0	0.0	0.0	0.0	0.0	0.0	0.0	0.0	0.0	3	19	471	5442	13238	19909	22534	11287	9496	8313	9876	7865	6843	6476	9832	7572	6704	6272	5888	2152	852	216	66	15	12	9	7	3	0.0	0.0	0.0	0.0	0.0	0.0	0.0
	
