

	Week starting on...	1/1	1/8	1/15	1/22	2/1	2/8	2/15	2/22	3/1	3/8	3/15	3/22	4/1	4/8	4/15	4/22	5/1	5/8	5/15	5/22	6/1	6/8	6/15	6/22	7/1	7/8	7/15	7/22	8/1	8/8	8/15	8/22	9/1	9/8	9/15	9/22	10/1	10/8	10/15	10/22	11/1	11/8	11/15	11/22	12/1	12/8	12/15	12/22
Frequency (%)
	Sanderling	0.00481749714964752	0.00692344972421592	0.0	0.0	0.0	0.0	0.0	0.0	0.0	0.0	0.0	0.0	0.0016889039013680122	0.0	0.0	0.011306106553773098	0.12042969314514188	0.5499019597103704	0.6919199263244632	1.1456514146000698	0.5268585356707602	0.05413557093693207	0.018198362147406735	0.007039774727208729	0.0048484848484848485	0.08017445962414213	0.8633533254383619	1.3098649201801065	1.3234553693447457	1.7952989080140664	2.3396941209485056	3.737998038634342	5.026852226136167	5.034772953071124	3.833227096250797	2.4565511858025117	1.70797337487608	1.3320724128613888	1.3213684149387233	1.074359191269774	0.7960658588273651	0.5642633228840125	0.1907779861605122	0.055505629856742615	0.02715259759850359	0.02077922077922078	0.009172348426942244	0.006154982458299993
	Total # checklists submitted - (Sanderling)	62273	43331	38620	54106	37238	53163	75553	42285	42866	50027	55502	78855	59210	57034	57433	79603	83036	91289	82524	85890	53335	51722	49455	56820	41250	31182	26177	36645	27806	27015	28508	43847	34634	34222	34514	43557	35305	37010	34434	47284	36806	33495	30926	37834	33146	28875	32707	48741
	
Abundance
	Sanderling	4.8174971496475195E-5	6.92344972421592E-5	0.0	0.0	0.0	0.0	0.0	0.0	0.0	0.0	0.0	0.0	2.5333558520520183E-4	0.0	0.0	3.140585153825861E-4	0.0021556915072980395	0.012060598757791191	0.026731617468857546	0.10556525788799627	0.054785787944126745	0.002126754572522331	5.661712668082095E-4	8.799718409010911E-5	1.4545454545454546E-4	0.0032390481688153424	0.12900637964625433	0.2037658616455178	0.1418398906710782	0.18815472885434018	0.22432299705345868	0.44274408739480464	0.9654097129987873	0.9290807083162878	0.6577620675667845	0.30523222444153636	0.17337487607987537	0.14920291813023506	0.1452634024510658	0.19285593435411555	0.084958974080313	0.04460367218987909	0.010605962620448814	0.0014801501295131363	3.318650817594883E-4	2.077922077922078E-4	9.172348426942244E-5	8.206643277733325E-5
	Total # checklists submitted - (Sanderling)	62273	43331	38620	54106	37238	53163	75553	42285	42866	50027	55502	78855	59210	57034	57433	79603	83036	91289	82524	85890	53335	51722	49455	56820	41250	31182	26177	36645	27806	27015	28508	43847	34634	34222	34514	43557	35305	37010	34434	47284	36806	33495	30926	37834	33146	28875	32707	48741
	
Birds Per Party Hour
	Sanderling	0.5476496642377483	0.4512115150413023	0.0	0.0	0.0	0.0	0.0	0.0	0.0	0.0	0.0	0.0	22.5	0.0	0.95	0.34835239681769237	1.267181223571245	2.1359290319914765	7.034032243913726	9.799106729163693	8.248286423425213	3.5151390076190983	0.8499933988912945	0.1449438202247191	2.250750750750751	2.236851342917948	6.816773792499277	6.481936785065336	5.447299519179631	4.71164259287307	6.0628250418544285	7.225603117645092	10.941962418025899	11.165624413980767	10.702044011167333	10.103067511469535	9.65295406650799	10.301490210084598	8.460612709846334	7.892424298835086	5.804537468868646	4.2917602954811205	4.322889274726686	4.384533629909951	0.5296856901817406	0.5556355875683606	0.30358673688077886	23.69695136556618
	# checklists reporting species - (Sanderling)	2	3	0.0	0.0	0.0	0.0	0.0	0.0	0.0	0.0	0.0	0.0	2	0.0	4	13	134	517	619	1373	471	64	11	5	4	31	293	691	535	752	1040	2335	2182	2089	1674	1461	873	685	647	795	429	228	67	23	9	6	4	3
	
High Count
	Sanderling	1	1	0.0	0.0	0.0	0.0	0.0	0.0	0.0	0.0	0.0	0.0	30	0.0	1	8	11	25	260	200	500	85	12	7	5	37	200	381	414	340	153	323	388	400	400	500	310	196	600	400	250	87	85	25	3	1	1	70
	# checklists reporting species - (Sanderling)	3	3	0.0	0.0	0.0	0.0	0.0	0.0	0.0	0.0	0.0	0.0	2	0.0	5	15	158	698	893	1689	578	94	21	13	6	54	363	812	631	852	1225	2799	2682	2574	2075	1756	1017	825	793	989	536	319	116	41	15	7	8	5
	
Totals
	Sanderling	3	3	0.0	0.0	0.0	0.0	0.0	0.0	0.0	0.0	0.0	0.0	45	0.0	5	33	307	1530	3974	15897	7758	560	65	24	10	222	4346	10258	5960	7355	11561	30023	46706	45500	36137	25832	13729	11550	10013	14684	5141	2471	583	120	24	7	8	75
	# checklists reporting species - (Sanderling)	3	3	0.0	0.0	0.0	0.0	0.0	0.0	0.0	0.0	0.0	0.0	2	0.0	5	15	146	579	730	1600	566	93	20	13	6	50	356	802	615	830	1175	2683	2570	2424	1975	1672	983	801	767	962	517	310	113	39	15	7	8	5
	
Average Count
	Sanderling	1.0	1.0	0.0	0.0	0.0	0.0	0.0	0.0	0.0	0.0	0.0	0.0	22.5	0.0	1.0	2.2	2.1027397260273974	2.6424870466321244	5.443835616438356	9.935625	13.706713780918728	6.021505376344086	3.25	1.8461538461538463	1.6666666666666667	4.44	12.207865168539326	12.790523690773068	9.691056910569106	8.86144578313253	9.839148936170213	11.190085724934775	18.173540856031128	18.77062706270627	18.297215189873416	15.44976076555024	13.966429298067142	14.41947565543071	13.054758800521512	15.264033264033264	9.943907156673115	7.970967741935484	5.15929203539823	3.076923076923077	1.6	1.0	1.0	15.0
	# checklists reporting species - (Sanderling)	3	3	0.0	0.0	0.0	0.0	0.0	0.0	0.0	0.0	0.0	0.0	2	0.0	5	15	146	579	730	1600	566	93	20	13	6	50	356	802	615	830	1175	2683	2570	2424	1975	1672	983	801	767	962	517	310	113	39	15	7	8	5
	
