

	Week starting on...	1/1	1/8	1/15	1/22	2/1	2/8	2/15	2/22	3/1	3/8	3/15	3/22	4/1	4/8	4/15	4/22	5/1	5/8	5/15	5/22	6/1	6/8	6/15	6/22	7/1	7/8	7/15	7/22	8/1	8/8	8/15	8/22	9/1	9/8	9/15	9/22	10/1	10/8	10/15	10/22	11/1	11/8	11/15	11/22	12/1	12/8	12/15	12/22
Frequency (%)
	Gadwall	4.401586562394617	4.216380882047495	3.5629207664422577	3.2898384652349093	2.9056340297545518	1.687263698436883	1.7709422524585392	3.8122265578810453	3.9658470582746235	5.537010014592121	6.079060214046341	6.173356160040581	6.365478804256037	6.063050110460427	6.0157052565598175	5.641747170332776	4.564285370200877	4.08702034199082	3.4983762299452286	3.1016416346489697	1.7774444548607857	1.156181122153049	0.875543423314124	0.7550158394931362	0.7854545454545454	1.0999935860432302	1.3561523474806128	1.35352708418611	1.240739408760699	1.1808254673329632	1.4592395117160095	1.7720710652952312	2.5697291678697236	3.0448249663958857	3.239265225705511	4.224349702688431	5.1720719444837835	6.176708997568225	7.762676424464192	7.2603840622620766	7.40368418192686	6.654724585759069	6.13076375864968	5.508272981973886	6.187775297170096	4.883116883116883	4.093924847891889	3.9473954165897296
	Total # checklists submitted - (Gadwall)	62273	43331	38620	54106	37238	53163	75553	42285	42866	50027	55502	78855	59210	57034	57433	79603	83036	91289	82524	85890	53335	51722	49455	56820	41250	31182	26177	36645	27806	27015	28508	43847	34634	34222	34514	43557	35305	37010	34434	47284	36806	33495	30926	37834	33146	28875	32707	48741
	
Abundance
	Gadwall	0.5425304706694715	0.5271053056703053	0.3570170895908856	0.3443056222969726	0.26854288629894196	0.15143991121644754	0.16269373817055577	0.38796263450396123	0.4483273456818924	0.5875227377216303	0.8131959208677165	0.65233656711686	0.611771660192535	0.5862994003576814	0.4641582365538976	0.39901762496388327	0.36697336095187627	0.3053379925292204	0.1630798313217973	0.10697403655838864	0.054767038530045935	0.04102702911720351	0.030937215650591446	0.03324533614924322	0.0375030303030303	0.05759733179398371	0.0751040990182221	0.06685768863419293	0.061065956987700495	0.06348325004627059	0.08215237827978111	0.11093119255593313	0.14887105156782351	0.1888843434048273	0.26821000173842496	0.3644649539683633	0.6295708823112873	0.9312888408538232	1.576000464657025	1.4608747144911598	1.7603108188882248	1.3606209882071951	1.0799004074241738	0.7836601998202675	0.9624690762082906	0.6812121212121212	0.9771608524169139	0.6122361051271004
	Total # checklists submitted - (Gadwall)	62273	43331	38620	54106	37238	53163	75553	42285	42866	50027	55502	78855	59210	57034	57433	79603	83036	91289	82524	85890	53335	51722	49455	56820	41250	31182	26177	36645	27806	27015	28508	43847	34634	34222	34514	43557	35305	37010	34434	47284	36806	33495	30926	37834	33146	28875	32707	48741
	
Birds Per Party Hour
	Gadwall	25.156236009379164	21.632153569695852	18.255405973182942	19.569630444695807	18.545268238400602	18.25608312082038	24.28699126303436	24.07362030512877	23.158845070504906	19.947361362632673	24.869511096418854	17.58939038483668	15.315529014621408	15.260019540386814	11.418944672742777	10.750576999138852	10.969467543406253	10.0670885661829	5.941196152959652	4.791868567781382	4.5147668996350845	5.17574010946799	5.058389610011813	7.842389133396205	8.01562926069243	7.879649816278198	6.486488266313375	6.186264231902316	5.932779281680634	5.596964010124413	5.977396534544623	5.851805209207169	5.916939912421816	6.418096592248364	8.61287471176613	9.043151831945979	13.549586319694532	15.75765634089526	19.67084539531623	21.055786161061185	26.64137372824974	24.070842082512403	20.923497692015648	20.073027050809856	29.53624076103363	23.205924641265803	18.515842833301743	21.00903858231873
	# checklists reporting species - (Gadwall)	2591	1777	1334	1686	1033	862	1294	1571	1641	2670	3243	4641	3601	3313	3256	4310	3550	3480	2632	2515	915	580	443	408	308	343	331	448	321	307	381	698	819	963	1067	1730	1757	2178	2563	3283	2563	2059	1789	1954	1949	1343	1279	1875
	
High Count
	Gadwall	376	469	205	450	600	250	400	300	400	700	1150	1200	300	2000	425	300	235	156	61	59	63	75	85	93	160	79	185	286	450	195	60	400	400	200	167	497	400	1200	1100	2500	3127	1250	1000	475	1000	900	4500	700
	# checklists reporting species - (Gadwall)	2999	1959	1499	1912	1175	964	1435	1752	1820	2946	3609	5229	4047	3720	3748	4877	4178	4192	3217	2995	1077	664	520	487	377	384	389	541	380	345	444	832	968	1128	1240	1985	1962	2446	2869	3745	2921	2404	2062	2271	2254	1525	1432	2102
	
Totals
	Gadwall	37043	24437	14841	19719	11366	8510	12803	17944	20463	31942	48088	56085	37919	35244	28814	34156	31852	30012	14469	10129	3269	2254	1879	2075	2069	1959	2315	3488	2385	2152	2405	5583	6319	7202	10629	17977	23610	37108	57431	75825	71028	48479	37719	33309	34320	22298	34557	31192
	# checklists reporting species - (Gadwall)	2716	1848	1381	1758	1072	898	1335	1633	1704	2767	3350	4854	3750	3456	3434	4488	3738	3660	2811	2754	992	626	496	448	338	367	356	491	342	324	401	766	888	1033	1133	1811	1832	2270	2669	3422	2662	2160	1877	2060	2058	1399	1324	1946
	
Average Count
	Gadwall	13.63880706921944	13.223484848484848	10.746560463432296	11.216723549488055	10.602611940298507	9.476614699331849	9.590262172284644	10.988364972443355	12.008802816901408	11.543910372244309	14.354626865671642	11.554388133498145	10.111733333333333	10.197916666666666	8.390797903319744	7.610516934046346	8.521134296415195	8.2	5.147278548559232	3.677923021060276	3.2953629032258065	3.6006389776357826	3.788306451612903	4.631696428571429	6.121301775147929	5.337874659400545	6.502808988764045	7.103869653767821	6.973684210526316	6.6419753086419755	5.997506234413965	7.288511749347259	7.115990990990991	6.9719264278799615	9.381288614298324	9.926559911651022	12.887554585152838	16.347136563876653	21.517796927688273	22.15809468147282	26.682193839218634	22.443981481481483	20.09536494405967	16.169417475728157	16.676384839650147	15.938527519656898	26.100453172205437	16.028776978417266
	# checklists reporting species - (Gadwall)	2716	1848	1381	1758	1072	898	1335	1633	1704	2767	3350	4854	3750	3456	3434	4488	3738	3660	2811	2754	992	626	496	448	338	367	356	491	342	324	401	766	888	1033	1133	1811	1832	2270	2669	3422	2662	2160	1877	2060	2058	1399	1324	1946
	
