

	Week starting on...	1/1	1/8	1/15	1/22	2/1	2/8	2/15	2/22	3/1	3/8	3/15	3/22	4/1	4/8	4/15	4/22	5/1	5/8	5/15	5/22	6/1	6/8	6/15	6/22	7/1	7/8	7/15	7/22	8/1	8/8	8/15	8/22	9/1	9/8	9/15	9/22	10/1	10/8	10/15	10/22	11/1	11/8	11/15	11/22	12/1	12/8	12/15	12/22
Frequency (%)
	Red-eyed Vireo	0.0	0.0	0.0	0.0	0.0	0.0	0.0	0.0	0.0	0.0	0.0	0.0	0.0	0.0017533401129151034	0.00522347779151359	0.07411780963029031	1.274146153475601	7.712867924941669	21.66642431292715	34.3439282803586	38.623793006468546	40.01005374888828	39.31655039935295	37.0133755719817	36.14545454545455	32.56686549932654	30.49241700729648	25.14940646745804	21.96288570812055	21.24375347029428	22.253402553669147	23.684630647478734	23.124675174683837	19.817661153643854	13.750941646867936	7.330624239502262	3.1865174904404476	0.8376114563631452	0.21780798048440494	0.11208865578208273	0.0353203282073575	0.03881176294969398	0.01616762594580612	0.02378812708146112	0.0	0.0	0.0	0.0
	Total # checklists submitted - (Red-eyed Vireo)	62273	43331	38620	54106	37238	53163	75553	42285	42866	50027	55502	78855	59210	57034	57433	79603	83036	91289	82524	85890	53335	51722	49455	56820	41250	31182	26177	36645	27806	27015	28508	43847	34634	34222	34514	43557	35305	37010	34434	47284	36806	33495	30926	37834	33146	28875	32707	48741
	
Abundance
	Red-eyed Vireo	0.0	0.0	0.0	0.0	0.0	0.0	0.0	0.0	0.0	0.0	0.0	0.0	0.0	1.7533401129151033E-5	5.2234777915135894E-5	8.291144806100273E-4	0.017341875812900427	0.1446285970927494	0.5801706170326209	1.0687274420770754	1.1319771257148215	1.1145547349290437	1.0286927509857446	0.9124252023935234	0.9435151515151515	0.8927265730228978	0.8505176299805173	0.6488197571292127	0.5403510033805653	0.5381084582639275	0.5958678265749965	0.6859306223914977	0.6820465438586361	0.5405587049266554	0.296691197774816	0.12496269256376702	0.045206061464381816	0.009429883815185084	0.0022942440611023987	0.0011843329667540817	3.803727653100038E-4	3.881176294969398E-4	1.6167625945806118E-4	2.378812708146112E-4	0.0	0.0	0.0	0.0
	Total # checklists submitted - (Red-eyed Vireo)	62273	43331	38620	54106	37238	53163	75553	42285	42866	50027	55502	78855	59210	57034	57433	79603	83036	91289	82524	85890	53335	51722	49455	56820	41250	31182	26177	36645	27806	27015	28508	43847	34634	34222	34514	43557	35305	37010	34434	47284	36806	33495	30926	37834	33146	28875	32707	48741
	
Birds Per Party Hour
	Red-eyed Vireo	0.0	0.0	0.0	0.0	0.0	0.0	0.0	0.0	0.0	0.0	0.0	0.0	0.0	0.16666666666666666	0.16	0.44626768237231645	0.7668114589045132	1.2459648478705763	2.3863947134606476	5.088510675485551	8.782359674111195	10.955489794677787	11.774323440184215	11.24028741598869	9.569092807307733	7.633877520002933	4.258350875547784	3.405625545093146	2.9475783478827946	2.9409088352936217	2.7970607614838854	2.6976637934371324	2.311322606530273	2.200771838136487	1.7152275965691925	1.2230647563826424	1.0133499291100183	0.8225288719171194	0.7062770586784674	0.8531065038284099	0.5988783004714827	0.9775844893045225	0.857594263895118	1.5669191466332397	0.0	0.0	0.0	0.0
	# checklists reporting species - (Red-eyed Vireo)	0.0	0.0	0.0	0.0	0.0	0.0	0.0	0.0	0.0	0.0	0.0	0.0	0.0	2	5	74	935	6078	16803	28950	20422	20472	19326	20883	14827	9978	7807	9103	6053	5695	6352	10296	7950	6725	4754	3216	1168	306	83	60	13	14	10	12	1	0.0	0.0	0.0
	
High Count
	Red-eyed Vireo	0.0	0.0	0.0	0.0	0.0	0.0	0.0	0.0	0.0	0.0	0.0	0.0	0.0	1	1	3	40	70	900	200	180	171	135	97	50	100	41	50	33	50	250	90	200	300	40	33	16	4	3	3	2	1	1	1	1	0.0	0.0	0.0
	# checklists reporting species - (Red-eyed Vireo)	0.0	0.0	0.0	0.0	0.0	0.0	0.0	0.0	0.0	0.0	0.0	0.0	0.0	2	7	86	1239	8156	19784	32131	22205	22028	21208	23252	16442	11128	8641	9985	6588	6207	6937	11314	8683	7297	5187	3516	1261	376	117	82	25	16	11	12	1	0.0	0.0	0.0
	
Totals
	Red-eyed Vireo	0.0	0.0	0.0	0.0	0.0	0.0	0.0	0.0	0.0	0.0	0.0	0.0	0.0	2	7	93	1620	14638	52763	97261	63167	59941	53543	54986	41245	29264	23417	24962	15929	15307	18150	32444	25305	19954	11261	6038	1806	431	124	85	25	16	11	12	1	0.0	0.0	0.0
	# checklists reporting species - (Red-eyed Vireo)	0.0	0.0	0.0	0.0	0.0	0.0	0.0	0.0	0.0	0.0	0.0	0.0	0.0	2	7	82	1051	6686	17691	30126	21265	21196	20391	22294	15746	10605	8155	9507	6290	5943	6668	10834	8386	7071	5030	3416	1239	366	117	82	24	16	11	12	1	0.0	0.0	0.0
	
Average Count
	Red-eyed Vireo	0.0	0.0	0.0	0.0	0.0	0.0	0.0	0.0	0.0	0.0	0.0	0.0	0.0	1.0	1.0	1.1341463414634145	1.5413891531874406	2.1893508824409214	2.982476965688768	3.2284737436101705	2.9704679050082294	2.8279392338177014	2.6258153106762787	2.4664035166412486	2.619395402006859	2.7594530881659596	2.871489883507051	2.6256442621226466	2.5324324324324325	2.575635201076897	2.721955608878224	2.994646483293336	3.0175292153589317	2.8219488049780797	2.2387673956262426	1.7675644028103044	1.4576271186440677	1.1775956284153006	1.0598290598290598	1.0365853658536586	1.0416666666666667	1.0	1.0	1.0	1.0	0.0	0.0	0.0
	# checklists reporting species - (Red-eyed Vireo)	0.0	0.0	0.0	0.0	0.0	0.0	0.0	0.0	0.0	0.0	0.0	0.0	0.0	2	7	82	1051	6686	17691	30126	21265	21196	20391	22294	15746	10605	8155	9507	6290	5943	6668	10834	8386	7071	5030	3416	1239	366	117	82	24	16	11	12	1	0.0	0.0	0.0
	
