

	Week starting on...	1/1	1/8	1/15	1/22	2/1	2/8	2/15	2/22	3/1	3/8	3/15	3/22	4/1	4/8	4/15	4/22	5/1	5/8	5/15	5/22	6/1	6/8	6/15	6/22	7/1	7/8	7/15	7/22	8/1	8/8	8/15	8/22	9/1	9/8	9/15	9/22	10/1	10/8	10/15	10/22	11/1	11/8	11/15	11/22	12/1	12/8	12/15	12/22
Frequency (%)
	Osprey	0.0	0.0	0.0	0.0	0.0	0.0	0.0	0.0	0.0023328512107497782	0.005996761748655726	0.007206947497387481	0.4882379050155349	2.5840229690930587	5.587894939860434	6.414430727978688	6.462068012512091	5.837227226745026	5.141911949961112	5.499006349667975	5.373151705670043	4.477360082497421	4.141371176675303	4.094631483166515	4.2872228088701165	4.986666666666666	6.051568212430248	7.518050196737594	8.54959748942557	9.52312450550241	10.08328706274292	10.126981899817595	10.240153260200243	9.308771727204482	7.340307404593537	5.455757084081822	3.8776775260004137	2.1724968134825096	1.575249932450689	0.8421908578730325	0.5921664833770409	0.24180840080421673	0.1522615315718764	0.04850287783741836	0.007929375693820373	0.0	0.0034632034632034628	0.003057449475647415	0.0
	Total # checklists submitted - (Osprey)	62273	43331	38620	54106	37238	53163	75553	42285	42866	50027	55502	78855	59210	57034	57433	79603	83036	91289	82524	85890	53335	51722	49455	56820	41250	31182	26177	36645	27806	27015	28508	43847	34634	34222	34514	43557	35305	37010	34434	47284	36806	33495	30926	37834	33146	28875	32707	48741
	
Abundance
	Osprey	0.0	0.0	0.0	0.0	0.0	0.0	0.0	0.0	2.3328512107497783E-5	5.996761748655726E-5	7.206947497387481E-5	0.005630587787711623	0.03332207397399088	0.08212645088894344	0.09548517402886843	0.09292363353139957	0.07714726142877788	0.06592250983141452	0.07102176336580873	0.07176621259750844	0.06239805006093559	0.06057383705193148	0.061348700839146696	0.06640267511439633	0.07784242424242424	0.10095567955871977	0.12766932803606218	0.14957020057306591	0.15953391354383947	0.1583934851008699	0.15115055423039148	0.1411727142107784	0.13042097360974764	0.10595523347554205	0.07935910065480674	0.05110544803361113	0.02781475711655573	0.017995136449608214	0.010280536678863913	0.006619575332036207	0.0024995924577514536	0.0015524705179877593	4.8502877837418355E-4	7.929375693820373E-5	0.0	3.463203463203463E-5	3.057449475647415E-5	0.0
	Total # checklists submitted - (Osprey)	62273	43331	38620	54106	37238	53163	75553	42285	42866	50027	55502	78855	59210	57034	57433	79603	83036	91289	82524	85890	53335	51722	49455	56820	41250	31182	26177	36645	27806	27015	28508	43847	34634	34222	34514	43557	35305	37010	34434	47284	36806	33495	30926	37834	33146	28875	32707	48741
	
Birds Per Party Hour
	Osprey	0.0	0.0	0.0	0.0	0.0	0.0	0.0	0.0	1.7152658662092624	2.551313664525023	0.3739498787676845	5.423905083325968	5.1279534627972785	4.919290999064243	3.7444244230626635	3.2746799013852863	2.374688253377465	2.174143986918679	1.9757152716559347	2.518196800041338	2.7804327512767104	2.963571775641815	3.48787232858204	4.044767568952869	2.8340498862469015	3.9311677832061376	3.546957010667297	3.287938675606763	2.8299809515887637	2.7120383198942077	2.5102396317919475	2.097814716145349	1.5858192649049343	1.404090242922089	1.271544849262448	1.347231933962473	1.1277464828168378	1.1287661942799998	1.1117351065547385	1.2402291217688666	1.7695355837202282	0.6275996337261763	0.817181128579516	1.3943363273453093	7.462686567164179	2.0015015015015014	4.0	0.0
	# checklists reporting species - (Osprey)	1	0.0	0.0	0.0	1	0.0	0.0	0	1	3	8	492	1752	3479	3946	5553	5087	4903	4716	4810	2553	2259	2165	2617	2191	1965	2144	3407	2835	2891	3018	4729	3395	2639	2045	1863	863	648	327	341	107	53	22	8	2	2	1	0.0
	
High Count
	Osprey	1	0.0	0.0	0.0	1	0.0	0.0	1	1	1	1	3	40	16	17	54	10	10	8	12	10	23	20	13	20	15	12	17	19	9	13	26	21	53	25	21	27	5	10	3	3	2	1	1	1	1	1	0.0
	# checklists reporting species - (Osprey)	1	0.0	0.0	0.0	1	0.0	0.0	1	1	3	11	606	2122	4154	4591	6147	5599	5484	5266	5389	2869	2541	2482	2989	2597	2295	2449	3883	3181	3272	3401	5305	3808	3006	2353	2139	1022	758	399	414	151	74	32	15	5	5	3	0.0
	
Totals
	Osprey	1	0.0	0.0	0.0	1	0.0	0.0	1	1	3	11	703	2814	6081	6759	8807	7299	6902	6686	7095	3932	3647	3647	4509	3941	3717	4103	6622	5208	5021	5002	7244	5408	4429	3598	2881	1304	872	476	454	159	75	32	15	5	5	3	0.0
	# checklists reporting species - (Osprey)	1	0.0	0.0	0.0	1	0.0	0.0	1	1	3	11	602	2096	4085	4465	6006	5412	5193	4991	5146	2754	2436	2367	2856	2468	2193	2352	3731	3072	3163	3302	5127	3700	2907	2285	2067	1001	740	396	413	150	72	32	15	5	5	3	0.0
	
Average Count
	Osprey	1.0	0.0	0.0	0.0	1.0	0.0	0.0	1.0	1.0	1.0	1.0	1.1677740863787376	1.342557251908397	1.4886168910648714	1.5137737961926092	1.4663669663669663	1.348669623059867	1.3290968611592529	1.3396113003406132	1.3787407695297318	1.4277414669571533	1.4971264367816093	1.5407689057879173	1.578781512605042	1.596839546191248	1.694938440492476	1.7444727891156462	1.774859287054409	1.6953125	1.587417009168511	1.5148394912174439	1.412912034328067	1.4616216216216216	1.523563811489508	1.574617067833698	1.393807450411224	1.3026973026973028	1.1783783783783783	1.202020202020202	1.099273607748184	1.06	1.0416666666666667	1.0	1.0	1.0	1.0	1.0	0.0
	# checklists reporting species - (Osprey)	1	0.0	0.0	0.0	1	0.0	0.0	1	1	3	11	602	2096	4085	4465	6006	5412	5193	4991	5146	2754	2436	2367	2856	2468	2193	2352	3731	3072	3163	3302	5127	3700	2907	2285	2067	1001	740	396	413	150	72	32	15	5	5	3	0.0
	
