

	Week starting on...	1/1	1/8	1/15	1/22	2/1	2/8	2/15	2/22	3/1	3/8	3/15	3/22	4/1	4/8	4/15	4/22	5/1	5/8	5/15	5/22	6/1	6/8	6/15	6/22	7/1	7/8	7/15	7/22	8/1	8/8	8/15	8/22	9/1	9/8	9/15	9/22	10/1	10/8	10/15	10/22	11/1	11/8	11/15	11/22	12/1	12/8	12/15	12/22
Frequency (%)
	Virginia Rail	0.03372248004753264	0.023078165747386397	0.01294665976178146	0.007392895427494178	0.053708577259788386	0.02069108214359611	0.0066178708985745105	0.004729809625162587	0.039658470582746234	0.031982729326163875	0.010810421246081224	0.0215585568448418	0.16213477453132918	0.5365220745520216	0.9262967283617431	1.5640114066052788	1.955778216677104	1.9180843256033038	2.147254132131259	2.259867272092211	2.0099371894628293	1.803874560148486	1.548882822768173	1.3956353396691306	1.3745454545454545	1.5040728625489064	1.665584291553654	1.8556419702551508	1.8449255556354744	1.5065704238386082	1.1680931668303633	0.932789016352316	0.8055667840850032	0.5055227631348256	0.5765776206756679	0.44080170810661895	0.26341877920974366	0.18913807079167794	0.09583551141313817	0.05287200744437865	0.029886431560071723	0.03284072249589491	0.012934100756644895	0.0	0.006033910577445243	0.027705627705627702	0.0611489895129483	0.03692989474979996
	Total # checklists submitted - (Virginia Rail)	62273	43331	38620	54106	37238	53163	75553	42285	42866	50027	55502	78855	59210	57034	57433	79603	83036	91289	82524	85890	53335	51722	49455	56820	41250	31182	26177	36645	27806	27015	28508	43847	34634	34222	34514	43557	35305	37010	34434	47284	36806	33495	30926	37834	33146	28875	32707	48741
	
Abundance
	Virginia Rail	3.8539977197180156E-4	2.3078165747386398E-4	1.5535991714137753E-4	7.392895427494178E-5	9.399001020462968E-4	2.2572089611195756E-4	6.61787089857451E-5	4.729809625162587E-5	3.9658470582746235E-4	2.998380874327863E-4	1.0810421246081223E-4	2.663115845539281E-4	0.0017395710184090526	0.007206227864081075	0.012954224922953703	0.023001645666620604	0.02910785683318079	0.02739650998477363	0.030124569822112354	0.03411340086156712	0.03196775100778101	0.032133328177564674	0.027722171671216256	0.025747976064765928	0.023612121212121213	0.027676223462253863	0.03201283569545785	0.0443170964660936	0.04009925915270086	0.028206551915602444	0.019187596464150414	0.013364654366319246	0.01108737079170757	0.00672082286248612	0.007301384945239613	0.005923272952682692	0.0033139781900580656	0.002026479329910835	0.0011035604344543184	5.921664833770408E-4	3.260337988371461E-4	3.284072249589491E-4	9.700575567483671E-5	0.0	6.033910577445242E-5	5.194805194805195E-4	7.643623689118537E-4	4.923985966639995E-4
	Total # checklists submitted - (Virginia Rail)	62273	43331	38620	54106	37238	53163	75553	42285	42866	50027	55502	78855	59210	57034	57433	79603	83036	91289	82524	85890	53335	51722	49455	56820	41250	31182	26177	36645	27806	27015	28508	43847	34634	34222	34514	43557	35305	37010	34434	47284	36806	33495	30926	37834	33146	28875	32707	48741
	
Birds Per Party Hour
	Virginia Rail	2.1433884802876233	1.0849023768327744	1.8021801642416135	0.40579907896981066	1.3594465862124578	1.308252396350284	1.3815682654248922	0.07692307692307693	5.517903389246935	4.189435654160057	1.1415305509363531	1.2744123449513283	1.4789885741394584	2.559209133538008	2.768543875059079	2.247984187582571	1.9419682098588331	2.0390043978212935	2.2832774792529427	2.4400824644843033	2.8346406728525197	2.7306884296814604	3.49119391386451	2.885925319062495	2.764410885583014	2.299659024287803	2.553282985952709	2.5033603105519893	2.113952468866812	1.7433673395299452	1.6287759149377727	1.4530719654120672	1.3621326040814645	1.1229830173284963	1.2083649566477588	1.3287863912741025	1.09116866674091	1.3683069520634115	0.7417842301371841	1.1885382370963402	0.3928272762223986	1.736505234170704	0.47727173557325187	0.0	0.1384324738320143	0.0	0.20173502835648002	0.33643225203988636
	# checklists reporting species - (Virginia Rail)	20	12	6	10	22	14	8	2	20	17	5	17	101	321	571	1303	1667	1712	1757	1943	1115	962	820	806	581	485	438	698	527	428	346	416	281	170	206	188	96	67	35	27	15	12	4	3	3	6	22	20
	
High Count
	Virginia Rail	2	1	2	1	3	2	1	1	1	1	1	3	3	7	8	12	15	12	12	10	10	14	20	23	13	9	13	12	10	9	7	9	8	6	5	6	5	3	3	3	2	1	1	1	1	4	4	4
	# checklists reporting species - (Virginia Rail)	30	12	7	13	25	16	10	3	20	19	6	21	115	345	643	1471	1899	2064	2106	2279	1284	1129	988	970	685	570	487	766	558	467	383	460	317	210	238	219	112	85	42	32	18	17	6	4	3	12	25	26
	
Totals
	Virginia Rail	34	12	8	11	39	16	10	3	20	18	6	26	125	459	869	2131	2762	2864	2928	3377	1990	1947	1711	1710	1153	1008	923	1768	1208	865	620	654	440	266	296	291	144	89	50	34	19	17	5	4	3	19	33	32
	# checklists reporting species - (Virginia Rail)	30	12	7	11	24	15	10	3	20	18	6	21	115	342	633	1429	1815	1898	1945	2143	1243	1092	941	920	658	546	468	738	545	457	368	443	311	194	225	215	108	81	41	31	18	17	5	4	3	12	25	26
	
Average Count
	Virginia Rail	1.1333333333333333	1.0	1.1428571428571428	1.0	1.625	1.0666666666666667	1.0	1.0	1.0	1.0	1.0	1.2380952380952381	1.0869565217391304	1.3421052631578947	1.3728278041074249	1.4912526242127362	1.521763085399449	1.5089567966280295	1.5053984575835475	1.5758282781147923	1.6009654062751408	1.782967032967033	1.818278427205101	1.858695652173913	1.7522796352583587	1.8461538461538463	1.9722222222222223	2.3956639566395665	2.21651376146789	1.8927789934354486	1.684782608695652	1.4762979683972912	1.414790996784566	1.3711340206185567	1.3155555555555556	1.3534883720930233	1.3333333333333333	1.0987654320987654	1.2195121951219512	1.096774193548387	1.0555555555555556	1.0	1.0	1.0	1.0	1.5833333333333333	1.32	1.2307692307692308
	# checklists reporting species - (Virginia Rail)	30	12	7	11	24	15	10	3	20	18	6	21	115	342	633	1429	1815	1898	1945	2143	1243	1092	941	920	658	546	468	738	545	457	368	443	311	194	225	215	108	81	41	31	18	17	5	4	3	12	25	26
	
