

	Week starting on...	1/1	1/8	1/15	1/22	2/1	2/8	2/15	2/22	3/1	3/8	3/15	3/22	4/1	4/8	4/15	4/22	5/1	5/8	5/15	5/22	6/1	6/8	6/15	6/22	7/1	7/8	7/15	7/22	8/1	8/8	8/15	8/22	9/1	9/8	9/15	9/22	10/1	10/8	10/15	10/22	11/1	11/8	11/15	11/22	12/1	12/8	12/15	12/22
Frequency (%)
	American Goldfinch	25.067043501999258	26.477579561976416	27.850854479544278	26.252171663031827	25.790858800150385	27.23134510844008	29.73806466983442	24.081825706515314	22.84094620445108	21.650308833230056	21.62444596591114	24.16333777185974	27.113663232562068	30.830732545499174	33.31011787648216	38.04253608532342	45.256274387012866	48.52610938886394	50.27628326305075	44.39748515543137	37.328208493484574	36.897258420014694	37.326862804569814	39.16754663850757	41.76242424242424	47.816047719838366	54.200252129732206	56.329649338245325	57.50557433647414	55.79863039052378	55.24063420794163	51.4242707596871	48.149217531905066	44.98568172520601	41.7801471866489	36.71281309548407	31.732049284803853	29.88921912996487	27.467038392286693	30.479654851535404	33.35597456936369	33.59605911330049	31.539804695078576	30.90342020404927	28.814939962589754	29.98095238095238	33.943804078637605	31.28577583553887
	Total # checklists submitted - (American Goldfinch)	62273	43331	38620	54106	37238	53163	75553	42285	42866	50027	55502	78855	59210	57034	57433	79603	83036	91289	82524	85890	53335	51722	49455	56820	41250	31182	26177	36645	27806	27015	28508	43847	34634	34222	34514	43557	35305	37010	34434	47284	36806	33495	30926	37834	33146	28875	32707	48741
	
Abundance
	American Goldfinch	2.043871340709457	2.273914749255729	2.456317969963749	2.391232026022992	2.3400021483430904	2.4607339691138574	2.888263867748468	2.132245477119546	1.842672514347035	1.5121034641293702	1.2565853482757379	1.334436624183628	1.3026515791251478	1.4160325419924957	1.4920167847753034	1.662839340225871	2.146695409220097	2.3474350688472874	2.3171804565944454	1.6839329374781697	1.1974125808568483	1.1509415722516532	1.1798200384187645	1.2160506863780358	1.3899636363636363	1.7103457122698993	2.0180692974748826	2.1996179560649476	2.3685535495936128	2.403738663705349	2.5473200505121367	2.683718384382056	2.9581913726396025	2.9941265852375665	3.1971373935214698	3.5812613357210092	3.2793938535618183	2.282545258038368	2.031248184933496	2.598130445816767	2.7623485301309567	2.6488132557098076	2.216678522925694	2.14788285668975	1.7683280033789899	2.034701298701299	3.2484483443911087	2.8801830081450936
	Total # checklists submitted - (American Goldfinch)	62273	43331	38620	54106	37238	53163	75553	42285	42866	50027	55502	78855	59210	57034	57433	79603	83036	91289	82524	85890	53335	51722	49455	56820	41250	31182	26177	36645	27806	27015	28508	43847	34634	34222	34514	43557	35305	37010	34434	47284	36806	33495	30926	37834	33146	28875	32707	48741
	
Birds Per Party Hour
	American Goldfinch	18.59780189438744	21.00997935292601	21.92056186072658	22.107759751027896	20.588236890330077	19.744642855021546	19.461780102273835	20.498776651330708	18.417579456582864	15.294841959125744	12.640910070006019	11.289675609599763	9.337033650421388	8.226040355583804	7.910707122397291	6.715274288807689	6.680172454821044	6.52220321311722	5.6672878297195854	5.890757689032502	7.121306919649531	8.04149030567338	8.704835479695681	9.106505733304706	8.09253267435384	7.582615558022405	6.391893200735266	6.306229873760432	6.370467714866808	6.393007740669999	6.347273333269548	6.372944157131122	6.283333076325973	6.9442177255449185	6.977665292063166	7.508374040311662	7.684875760958586	7.147716717633399	7.424909096372574	8.09152655930305	9.214611767221294	9.05637476430795	10.023201096601763	10.751336155849394	10.759167247885031	12.339283073935652	12.157859053608686	14.591128151487908
	# checklists reporting species - (American Goldfinch)	15473	11368	10612	14050	9487	14514	22631	10040	9709	10719	11797	18890	15805	17193	18664	29791	36468	42247	39441	36665	19398	18601	18091	21754	16834	14489	13757	20105	15583	14715	15329	21759	15990	14800	13959	15402	10906	10776	9321	14212	12077	11068	9539	11450	9393	8536	10936	15039
	
High Count
	American Goldfinch	257	235	202	300	283	280	500	278	165	150	150	300	200	150	225	400	400	1500	880	400	95	75	100	200	100	150	77	150	75	100	450	900	1010	1294	2994	4044	4530	1550	1198	6015	700	1700	624	674	400	409	1129	405
	# checklists reporting species - (American Goldfinch)	16936	12311	11494	15166	10278	15271	23495	10839	10468	11571	12724	20350	17185	18762	20506	32307	40249	47684	44501	40758	21217	20181	19653	23721	18526	15999	15276	22228	17280	16326	16995	24132	17821	16443	15474	17050	12033	11796	10091	15400	13086	12029	10366	12429	10234	9245	11855	16350
	
Totals
	American Goldfinch	135647	104754	100553	136498	92270	136790	227533	94431	83429	79408	73736	111433	81594	85156	90564	139557	187763	226310	200293	151893	66801	62107	61005	72334	60240	55608	55368	84629	69221	68415	76524	122570	109478	109840	116029	171294	124879	92691	75150	129077	108902	95202	76147	87732	63178	63110	122547	153064
	# checklists reporting species - (American Goldfinch)	16330	11937	11136	14736	9942	14968	23159	10507	10196	11222	12330	19742	16517	17973	19524	30800	37625	43672	40687	37925	20043	19205	18720	22495	17508	15085	14394	21009	16294	15398	16024	22771	16795	15590	14651	16117	11431	11222	9716	14824	12611	11609	10013	12036	9887	9022	11579	15903
	
Average Count
	American Goldfinch	8.306613594611145	8.775571751696406	9.02954382183908	9.262893593919653	9.28082880708107	9.138829502939604	9.824819724513148	8.987436946797374	8.18252255786583	7.076100516841918	5.980210867802109	5.644463580184379	4.940001210873645	4.7379958827129585	4.63859864781807	4.531071428571429	4.990378737541528	5.182038834951456	4.922776316759653	4.005088991430455	3.332884298757671	3.233897422546212	3.2588141025641026	3.2155590131140253	3.440712816997944	3.6863109048723897	3.846602751146311	4.028225998381646	4.248250889898122	4.443109494739576	4.7755866200698955	5.3827236397171845	6.51848764513248	7.04554201411161	7.9195276772916525	10.6281566048272	10.924591024407313	8.259757618962752	7.73466447097571	8.707298974635727	8.635476964554753	8.200706348522697	7.604813742135224	7.28913260219342	6.390007080004046	6.99512303258701	10.583556438379826	9.624850657108722
	# checklists reporting species - (American Goldfinch)	16330	11937	11136	14736	9942	14968	23159	10507	10196	11222	12330	19742	16517	17973	19524	30800	37625	43672	40687	37925	20043	19205	18720	22495	17508	15085	14394	21009	16294	15398	16024	22771	16795	15590	14651	16117	11431	11222	9716	14824	12611	11609	10013	12036	9887	9022	11579	15903
	
