

	Week starting on...	1/1	1/8	1/15	1/22	2/1	2/8	2/15	2/22	3/1	3/8	3/15	3/22	4/1	4/8	4/15	4/22	5/1	5/8	5/15	5/22	6/1	6/8	6/15	6/22	7/1	7/8	7/15	7/22	8/1	8/8	8/15	8/22	9/1	9/8	9/15	9/22	10/1	10/8	10/15	10/22	11/1	11/8	11/15	11/22	12/1	12/8	12/15	12/22
Frequency (%)
	American Robin	7.977775279816293	8.218134822644297	8.54738477472812	9.261449746793332	9.909232504430959	7.952899573011305	8.654851561155745	13.335698238145916	17.14412354780012	30.287644671877185	43.4651003567439	52.78929681060174	58.78398919101503	62.94666339376512	63.305068514617034	65.7751592276673	67.90307818295679	67.43747877619428	66.96233822887888	64.13319361974618	60.55498265679198	59.581996055836974	58.02042260640987	58.26117564237945	57.415757575757574	60.1404656532615	61.04213622645835	57.440305635148036	52.380781126375595	45.87821580603369	41.05865020345166	35.24528474011905	32.791476583703876	30.56513353982818	32.53172625601206	35.629175563055306	38.78770712363688	40.99162388543637	40.71847592495789	37.80982996362406	30.258653480410803	22.70786684579788	17.564508827523767	13.112544272347623	10.354190550896035	9.804329004329004	12.553887547008285	9.66947744198929
	Total # checklists submitted - (American Robin)	62273	43331	38620	54106	37238	53163	75553	42285	42866	50027	55502	78855	59210	57034	57433	79603	83036	91289	82524	85890	53335	51722	49455	56820	41250	31182	26177	36645	27806	27015	28508	43847	34634	34222	34514	43557	35305	37010	34434	47284	36806	33495	30926	37834	33146	28875	32707	48741
	
Abundance
	American Robin	0.6855780193663386	0.6759363965752002	0.6720611082340756	0.8488522529848815	0.8972823459906547	0.6874894193329948	0.6091088375047979	0.7494856332032636	0.8698968879764849	1.5447858156595438	2.6097257756477243	4.0251981485004125	4.6597534200304	4.438562962443455	4.128706492782895	4.159705036242353	4.077062960643576	3.882088751109115	3.458557510542388	2.8863313540575155	2.488103496765726	2.3532732686284366	2.19427762612476	2.092045054558254	2.167006060606061	2.4222949137322813	2.541200290331207	2.412880338381771	2.145795871394663	1.8266148436054044	1.6396450119264767	1.4738294524140763	1.4472772420165156	1.3233008006545497	1.667844932491163	2.1040475698509997	3.015975074352075	3.676546879221832	5.2444386362316315	5.942602148718382	4.038281801880128	1.9123152709359605	1.2511802366940439	0.963154834276048	0.8028118023290894	0.7683809523809524	1.7251047176445409	0.938203976118668
	Total # checklists submitted - (American Robin)	62273	43331	38620	54106	37238	53163	75553	42285	42866	50027	55502	78855	59210	57034	57433	79603	83036	91289	82524	85890	53335	51722	49455	56820	41250	31182	26177	36645	27806	27015	28508	43847	34634	34222	34514	43557	35305	37010	34434	47284	36806	33495	30926	37834	33146	28875	32707	48741
	
Birds Per Party Hour
	American Robin	16.270363526454243	17.747483275071918	17.959040895138248	18.45899844197647	21.448378521621567	24.517531044257964	14.33610944780337	13.884851107993702	11.197972783916297	10.082969950264765	11.36269506918259	13.053632735227554	12.998460005643738	11.86750316978411	10.928560604395702	9.758854515225009	8.16091740036253	7.279829480298824	6.635226410359255	7.651635041851771	9.749547428833035	10.855181955138722	11.130881736270258	11.402208418026433	9.992191794545572	8.705904523323468	6.681955029235187	6.492756314044998	5.789455344575281	5.570301213327529	4.9865318348579235	5.219645954657118	4.752644163809422	5.02113360977377	5.927329581349768	7.060552774895548	10.056280828786972	10.755852929655079	15.403601806156065	19.297361901076126	15.409605448685376	11.322699559196765	10.887566412351328	12.287344727166126	13.848592951110597	12.928689833534845	13.733922874705259	14.332400703252066
	# checklists reporting species - (American Robin)	5037	3664	3396	5203	3831	4412	6714	5834	7563	15281	23974	41098	33756	34356	34653	50492	53124	57109	51434	52599	31525	30074	28181	32557	23276	18226	15524	20553	14169	12079	11393	14923	10915	10101	10956	15250	13468	14924	13892	17746	11141	7681	5459	5017	3462	2877	4150	4746
	
High Count
	American Robin	340	350	736	600	450	796	1200	400	300	1000	2720	9100	18050	1750	500	600	400	250	500	204	157	121	150	100	200	95	150	125	125	300	200	490	550	404	2000	400	1000	950	1800	10000	4500	2000	500	500	1375	500	5359	1194
	# checklists reporting species - (American Robin)	5621	4023	3741	5656	4176	4718	7225	6339	8171	16579	26192	45131	37748	38669	39295	56257	60444	66329	59422	59234	34768	32877	30861	35687	25769	20294	17429	22908	15895	13452	12674	16548	12122	11159	11953	16648	14756	16285	15050	19250	11961	8205	5818	5371	3803	3091	4529	5202
	
Totals
	American Robin	48571	33361	29468	53148	39235	40741	52357	36923	41524	83203	158129	355237	307671	269249	251190	347328	354649	370484	297482	259875	139355	127046	113921	125316	94148	79266	70136	93395	63108	52425	49127	67767	52460	47850	61077	97521	112297	143847	192933	308266	163561	68239	41358	39643	29468	24582	61505	52784
	# checklists reporting species - (American Robin)	5424	3922	3652	5516	4072	4644	7087	6207	7968	16110	25097	42988	35543	36084	36418	52286	54890	59003	53087	54375	32638	31078	29181	33733	24213	19034	16265	21508	14848	12631	11893	15638	11478	10627	11414	15913	14061	15564	14482	18527	11572	7992	5677	5221	3702	3025	4452	5056
	
Average Count
	American Robin	8.954830383480825	8.506119326874044	8.069003285870755	9.635242929659173	9.635314341846758	8.772825150732128	7.387752222379004	5.948606412115353	5.211345381526105	5.164680322780882	6.30071323265729	8.263631711175211	8.656303632220128	7.461728189779404	6.897413367016311	6.642848946180622	6.461085807979596	6.279070555734454	5.60366944826417	4.779310344827586	4.269716281634904	4.087972198983204	3.9039443473493027	3.714937894643228	3.8883244538058066	4.164442576442156	4.3120811558561325	4.342337734796355	4.250269396551724	4.150502731375188	4.130749180190028	4.33348254252462	4.570482662484753	4.502681848122706	5.351060101629578	6.128385596681958	7.986416328852855	9.242289899768696	13.32226211849192	16.638743455497384	14.13420324922226	8.538413413413414	7.2851858375902765	7.592989848687991	7.960021609940573	8.126280991735538	13.81513926325247	10.439873417721518
	# checklists reporting species - (American Robin)	5424	3922	3652	5516	4072	4644	7087	6207	7968	16110	25097	42988	35543	36084	36418	52286	54890	59003	53087	54375	32638	31078	29181	33733	24213	19034	16265	21508	14848	12631	11893	15638	11478	10627	11414	15913	14061	15564	14482	18527	11572	7992	5677	5221	3702	3025	4452	5056
	
