

	Week starting on...	1/1	1/8	1/15	1/22	2/1	2/8	2/15	2/22	3/1	3/8	3/15	3/22	4/1	4/8	4/15	4/22	5/1	5/8	5/15	5/22	6/1	6/8	6/15	6/22	7/1	7/8	7/15	7/22	8/1	8/8	8/15	8/22	9/1	9/8	9/15	9/22	10/1	10/8	10/15	10/22	11/1	11/8	11/15	11/22	12/1	12/8	12/15	12/22
Frequency (%)
	Western Grebe	0.0	0.0	0.0	0.0018482238568735445	0.005370857725978838	0.0	0.0026471483594298043	0.004729809625162587	0.1632995847524845	0.04997301457213105	0.054052106230406106	0.09891573140574472	0.19084614085458537	0.09468036609741558	0.015670433374540767	0.03014961747672826	0.006021484657257093	0.005477111152493729	0.004847074790364015	0.0034928396786587496	0.020624355488890973	0.0	0.0020220402386007482	0.0	0.0	0.0	0.0	0.0	0.0	0.0	0.0	0.0	0.07795807587919386	0.043831453450996434	0.020281624847887814	0.013775053378331842	0.02265967993202096	0.029721696838692246	0.03194517047104606	0.01057440148887573	0.09509319132750095	0.0477683236303926	0.05173640302657958	0.02114500185018766	0.04525432933083932	0.0069264069264069255	0.0	0.0
	Total # checklists submitted - (Western Grebe)	62273	43331	38620	54106	37238	53163	75553	42285	42866	50027	55502	78855	59210	57034	57433	79603	83036	91289	82524	85890	53335	51722	49455	56820	41250	31182	26177	36645	27806	27015	28508	43847	34634	34222	34514	43557	35305	37010	34434	47284	36806	33495	30926	37834	33146	28875	32707	48741
	
Abundance
	Western Grebe	0.0	0.0	0.0	1.8482238568735446E-5	5.3708577259788386E-5	0.0	2.6471483594298044E-5	4.729809625162587E-5	0.001632995847524845	4.997301457213104E-4	5.225036935605924E-4	9.891573140574472E-4	0.001942239486573214	9.468036609741558E-4	1.567043337454077E-4	3.014961747672826E-4	6.021484657257093E-5	5.477111152493729E-5	4.847074790364015E-5	3.4928396786587495E-5	2.0624355488890972E-4	0.0	2.0220402386007482E-5	0.0	0.0	0.0	0.0	0.0	0.0	0.0	0.0	0.0	7.795807587919386E-4	4.3831453450996437E-4	2.0281624847887813E-4	1.3775053378331842E-4	2.549213992352358E-4	2.9721696838692246E-4	2.9041064064587327E-4	1.057440148887573E-4	9.237624300385807E-4	4.77683236303926E-4	5.173640302657958E-4	2.1145001850187662E-4	4.5254329330839316E-4	6.926406926406926E-5	0.0	0.0
	Total # checklists submitted - (Western Grebe)	62273	43331	38620	54106	37238	53163	75553	42285	42866	50027	55502	78855	59210	57034	57433	79603	83036	91289	82524	85890	53335	51722	49455	56820	41250	31182	26177	36645	27806	27015	28508	43847	34634	34222	34514	43557	35305	37010	34434	47284	36806	33495	30926	37834	33146	28875	32707	48741
	
Birds Per Party Hour
	Western Grebe	0.0	0.0	5.9880239520958085	0.5	1.303352246351693	0.0	1.5	1.1524143799191662	2.4180085888880005	1.1269615935123145	0.9654835892306588	2.0601178189110545	2.2340644449716516	1.7040868860215685	1.1990260747700041	0.8583036857458178	0.9423493240483085	0.28921797869576515	3.7511368240961684	0.7081459270364817	2.582893362045593	0.3333333333333333	0.0	0.5	0.0	0.0	0.0	0.0	0.0	0.0	0.0	0.0	0.8502775050722048	1.129978209781693	0.6760955499308596	1.0007904378266455	0.9640402712034651	2.899722520497594	2.5690311398661825	0.8650793650793651	2.5991039179230904	6.451730872006475	3.7087759558423743	2.603725480114267	3.262953986089436	4.571299042293961	0.0	0.0
	# checklists reporting species - (Western Grebe)	0.0	0.0	1	1	3	0	3	2	91	30	34	89	129	73	12	40	8	5	6	4	19	3	0	2	0	0	0.0	0.0	0.0	0.0	0.0	0	33	17	8	7	11	15	15	9	40	19	19	10	16	2	0.0	0.0
	
High Count
	Western Grebe	0.0	0.0	1	1	1	1	1	1	1	1	1	1	2	1	2	1	1	1	1	1	1	2	1	2	1	2	0.0	0.0	0.0	0.0	0.0	1	1	1	1	1	2	2	1	1	1	1	1	1	1	1	0.0	0.0
	# checklists reporting species - (Western Grebe)	0.0	0.0	1	1	3	2	12	9	100	49	57	114	150	84	27	61	31	22	7	5	19	10	5	8	1	1	0.0	0.0	0.0	0.0	0.0	2	33	17	8	7	21	17	21	11	60	34	30	15	16	2	0.0	0.0
	
Totals
	Western Grebe	0.0	0.0	1	1	3	2	12	9	99	48	55	114	151	84	28	60	31	22	7	5	19	14	5	13	1	2	0.0	0.0	0.0	0.0	0.0	2	33	17	8	7	27	18	20	11	58	34	30	15	16	2	0.0	0.0
	# checklists reporting species - (Western Grebe)	0.0	0.0	1	1	3	2	12	9	99	48	55	114	149	84	27	60	31	22	7	5	19	10	5	8	1	1	0.0	0.0	0.0	0.0	0.0	2	33	17	8	7	19	17	20	11	58	34	30	15	16	2	0.0	0.0
	
Average Count
	Western Grebe	0.0	0.0	1.0	1.0	1.0	1.0	1.0	1.0	1.0	1.0	1.0	1.0	1.0134228187919463	1.0	1.037037037037037	1.0	1.0	1.0	1.0	1.0	1.0	1.4	1.0	1.625	1.0	2.0	0.0	0.0	0.0	0.0	0.0	1.0	1.0	1.0	1.0	1.0	1.4210526315789473	1.0588235294117647	1.0	1.0	1.0	1.0	1.0	1.0	1.0	1.0	0.0	0.0
	# checklists reporting species - (Western Grebe)	0.0	0.0	1	1	3	2	12	9	99	48	55	114	149	84	27	60	31	22	7	5	19	10	5	8	1	1	0.0	0.0	0.0	0.0	0.0	2	33	17	8	7	19	17	20	11	58	34	30	15	16	2	0.0	0.0
	
