

	Week starting on...	1/1	1/8	1/15	1/22	2/1	2/8	2/15	2/22	3/1	3/8	3/15	3/22	4/1	4/8	4/15	4/22	5/1	5/8	5/15	5/22	6/1	6/8	6/15	6/22	7/1	7/8	7/15	7/22	8/1	8/8	8/15	8/22	9/1	9/8	9/15	9/22	10/1	10/8	10/15	10/22	11/1	11/8	11/15	11/22	12/1	12/8	12/15	12/22
Frequency (%)
	Common Tern	0.0016058323832158399	0.0	0.0	0.0	0.0	0.0	0.0	0.0	0.0	0.0	0.0	0.0	0.0016889039013680122	0.09994038643616088	0.649452405411523	2.040124115925279	5.483163928898309	7.906757659739946	8.06432068246813	7.361741762719758	4.477360082497421	3.145663354085302	3.186735416034779	3.2101372756071807	3.8181818181818183	5.1696491565646845	6.4522290560415625	7.288852503752217	7.0955908796662595	6.163242642976124	6.015855198540761	4.330969051474446	3.6005081711612865	3.223072877096605	1.8659094860056786	1.2971508597929151	1.2151253363546242	0.9862199405566063	1.0280536678863912	0.7803908298790289	0.35048633374993204	0.12240632930288102	0.06467050378322448	0.060791880319289525	0.0030169552887226213	0.0	0.0	0.0
	Total # checklists submitted - (Common Tern)	62273	43331	38620	54106	37238	53163	75553	42285	42866	50027	55502	78855	59210	57034	57433	79603	83036	91289	82524	85890	53335	51722	49455	56820	41250	31182	26177	36645	27806	27015	28508	43847	34634	34222	34514	43557	35305	37010	34434	47284	36806	33495	30926	37834	33146	28875	32707	48741
	
Abundance
	Common Tern	1.60583238321584E-5	0.0	0.0	0.0	0.0	0.0	0.0	0.0	0.0	0.0	0.0	0.0	1.688903901368012E-5	0.0025423431637269	0.02166002124214302	0.10219464090549352	0.48662026109157475	1.0648599502678306	0.9902816150453202	0.8296192804750262	0.47032905221711824	0.33432581880051043	0.37618036598928317	0.3733192537838789	0.3362909090909091	0.5750753639920467	0.8224013446919051	1.0210669941328967	1.2391210530101417	1.3989265223024245	2.149852672933913	2.254361757930987	2.1434717329791533	1.7939921687803169	2.6101581966738134	1.077415799986225	2.003200679790398	0.5113753039718995	2.9408723935645003	0.7375222062431266	0.4433244579688094	0.006060606060606061	0.002037120869171571	0.001744462652640482	6.033910577445242E-5	0.0	0.0	0.0
	Total # checklists submitted - (Common Tern)	62273	43331	38620	54106	37238	53163	75553	42285	42866	50027	55502	78855	59210	57034	57433	79603	83036	91289	82524	85890	53335	51722	49455	56820	41250	31182	26177	36645	27806	27015	28508	43847	34634	34222	34514	43557	35305	37010	34434	47284	36806	33495	30926	37834	33146	28875	32707	48741
	
Birds Per Party Hour
	Common Tern	0.0	0.0	0.0	0.0	0.0	0.0	0.0	0.0	0.0	0.0	0.0	0.0	3.228714859437751	2.876542879380159	7.611634955696491	6.103131318210894	9.73328335205866	11.224334983831975	11.522290015152544	13.059556654318538	16.443193712977305	15.806682313007354	17.959246310998587	14.64778025433314	11.304846412124977	18.635563981404967	19.307963262786508	19.28611790715085	18.07239538513171	30.094132457160743	23.273907905922965	116.06958723819228	39.65807845666086	59.76886308533095	81.81043694740863	52.9177351840648	374.17519525909154	29.4489392722248	44.055594065273255	22.269120111954862	44.78442086803265	4.882883196300165	2.5456109779183826	2.9491297725522982	2.0	0.0	0.0	0.0
	# checklists reporting species - (Common Tern)	1	0.0	0.0	0.0	0.0	0.0	0.0	0.0	0.0	0.0	0.0	0.0	4	61	362	1579	4222	6245	5892	5962	2280	1591	1548	1793	1555	1547	1630	2632	1873	1588	1579	1702	1141	1062	643	579	423	377	374	416	148	54	23	28	2	0.0	0	0.0
	
High Count
	Common Tern	1	0.0	0.0	0.0	0.0	0.0	0.0	0.0	0.0	0.0	0.0	0.0	8	35	200	450	2000	4000	8000	2000	1000	300	2500	2200	2500	1000	600	1200	2000	10000	12000	12000	8000	50000	50000	21025	11000	3700	9000	3000	9000	60	7	6	2	0.0	1	0.0
	# checklists reporting species - (Common Tern)	1	0.0	0.0	0.0	0.0	0.0	0.0	0.0	0.0	0.0	0.0	0.0	6	97	507	1941	5177	8210	7466	7182	2699	1901	1842	2126	1853	1895	1965	3091	2244	1881	1941	2161	1445	1263	790	663	501	439	424	451	163	62	27	33	3	0.0	1	0.0
	
Totals
	Common Tern	1	0.0	0.0	0.0	0.0	0.0	0.0	0.0	0.0	0.0	0.0	0.0	13	252	2024	10486	47347	119358	107549	81891	27875	19837	20782	23129	18406	21015	25053	46278	40117	40894	68699	141077	91927	127762	113650	54593	87547	26861	105466	36937	16742	370	77	89	4	0.0	1	0.0
	# checklists reporting species - (Common Tern)	1	0.0	0.0	0.0	0.0	0.0	0.0	0.0	0.0	0.0	0.0	0.0	6	92	472	1762	4521	6712	6284	6372	2457	1716	1677	1931	1673	1714	1794	2875	2048	1727	1721	1938	1323	1178	738	629	473	415	416	449	163	61	27	33	3	0.0	1	0.0
	
Average Count
	Common Tern	1.0	0.0	0.0	0.0	0.0	0.0	0.0	0.0	0.0	0.0	0.0	0.0	2.1666666666666665	2.739130434782609	4.288135593220339	5.951191827468786	10.472683034726831	17.782777115613825	17.114735837046467	12.851694915254237	11.345136345136345	11.56002331002331	12.392367322599881	11.977731745209736	11.001793185893604	12.260793465577596	13.964882943143813	16.096695652173914	19.58837890625	23.679212507237985	39.91807088901801	72.79514963880288	69.48374905517763	108.45670628183362	153.99728997289972	86.7933227344992	185.08879492600423	64.72530120481927	253.52403846153845	82.26503340757239	102.71165644171779	6.065573770491803	2.8518518518518516	2.696969696969697	1.3333333333333333	0.0	1.0	0.0
	# checklists reporting species - (Common Tern)	1	0.0	0.0	0.0	0.0	0.0	0.0	0.0	0.0	0.0	0.0	0.0	6	92	472	1762	4521	6712	6284	6372	2457	1716	1677	1931	1673	1714	1794	2875	2048	1727	1721	1938	1323	1178	738	629	473	415	416	449	163	61	27	33	3	0.0	1	0.0
	
