

	Week starting on...	1/1	1/8	1/15	1/22	2/1	2/8	2/15	2/22	3/1	3/8	3/15	3/22	4/1	4/8	4/15	4/22	5/1	5/8	5/15	5/22	6/1	6/8	6/15	6/22	7/1	7/8	7/15	7/22	8/1	8/8	8/15	8/22	9/1	9/8	9/15	9/22	10/1	10/8	10/15	10/22	11/1	11/8	11/15	11/22	12/1	12/8	12/15	12/22
Frequency (%)
	American Black Duck	9.554702680134247	9.623595116660127	8.58881408596582	8.52031198018704	8.18518717439175	5.789740985271711	4.776779214591081	8.002837885775097	8.09965940372323	9.21702280768385	8.96364094987568	8.800963794306005	7.8787366998817765	6.508398499140863	5.0110563613253705	3.3654510508397926	1.9088106363504986	1.4284305885703645	1.4686636614802966	1.7394341599720573	1.4530795912627732	1.2567186110359228	0.9442927914265493	0.9010911650827174	1.2581818181818183	1.7093194791867101	2.5671390915689347	3.2501023331968892	4.067467453067683	4.593744216176198	5.363406763013891	5.931990786142723	6.692845181035977	6.846473029045644	6.67265457495509	7.776017632068324	8.554029174337913	9.17589840583626	11.125631643143405	11.414008967092462	12.239852198011194	11.35990446335274	10.790273556231003	10.331976529047946	10.568394376395341	9.627705627705629	9.744091478888311	9.310436798588457
	Total # checklists submitted - (American Black Duck)	62273	43331	38620	54106	37238	53163	75553	42285	42866	50027	55502	78855	59210	57034	57433	79603	83036	91289	82524	85890	53335	51722	49455	56820	41250	31182	26177	36645	27806	27015	28508	43847	34634	34222	34514	43557	35305	37010	34434	47284	36806	33495	30926	37834	33146	28875	32707	48741
	
Abundance
	American Black Duck	1.019976554847205	0.8819321040363712	0.6443811496633869	0.7221565075962001	0.6519147107793114	0.4488460019186276	0.37312879700342805	0.6008277166844035	0.6494891055848458	0.6217242688947968	0.5818709235703218	0.6270876926003424	0.4635534538084783	0.36097766244696144	0.22910173593578603	0.1248068540130397	0.044366298954670265	0.027768953543143203	0.030136687509088267	0.038374665269530796	0.033823943001781195	0.026990448938556125	0.02369831159640077	0.03345652939105949	0.03692121212121212	0.06099672888204734	0.1913511861557856	0.22128530495292673	0.30097820614255916	0.3498796964649269	0.38813666339273184	0.6226651766369421	0.41109892013628224	0.3566711472152417	0.31140986266442605	0.4108639254310444	0.4891375159325875	0.6661172656038908	0.9902712435383633	0.9974621436426698	1.1850785198065532	1.1810120913569189	1.3739571881264956	1.0733202939155257	1.0261871719061124	0.9151168831168831	1.1031889198031002	1.2614021050040007
	Total # checklists submitted - (American Black Duck)	62273	43331	38620	54106	37238	53163	75553	42285	42866	50027	55502	78855	59210	57034	57433	79603	83036	91289	82524	85890	53335	51722	49455	56820	41250	31182	26177	36645	27806	27015	28508	43847	34634	34222	34514	43557	35305	37010	34434	47284	36806	33495	30926	37834	33146	28875	32707	48741
	
Birds Per Party Hour
	American Black Duck	17.906824663004784	18.331616303368136	18.488902767618523	18.371577794093035	20.68208169427822	18.348041558271152	19.496394718015782	15.896613742668793	15.05067762782154	13.301083186671127	13.116169015793764	15.260908223049155	12.145497070338937	12.400596932451382	9.127703539095897	7.3698632255337255	3.582601607648476	2.0508981292507227	2.533078881066632	2.4971868424834116	2.881291538504485	3.504151101128749	4.394880220008646	4.401122014629041	4.8201894825923	4.472431995380993	4.8055082053252605	4.264370352989089	4.221718984633097	4.377711427914711	4.902404328787199	22.214521153718877	3.970280797935864	4.78184919069156	3.9656101132687667	4.525166749824305	6.118007318814058	6.298975627774431	8.689218220628304	9.415605894793096	11.469130227489	10.480537978005977	13.515329995858483	14.883443371771948	15.731806381655103	16.898166191350665	12.859252024237335	14.144490275267929
	# checklists reporting species - (American Black Duck)	5637	4000	3140	4375	2927	2979	3483	3244	3334	4438	4770	6644	4508	3605	2738	2623	1512	1241	1140	1453	738	628	460	498	489	503	654	1187	1092	1218	1475	2445	2169	2151	2130	3164	2870	3215	3649	5151	4322	3638	3195	3688	3324	2632	3001	4289
	
High Count
	American Black Duck	3000	764	300	510	1000	400	500	466	2000	1100	600	540	500	500	500	300	40	30	70	60	120	30	30	75	35	50	200	245	222	333	450	11233	418	500	222	2000	500	2500	1000	600	2000	2400	5000	5000	3000	1000	7500	2500
	# checklists reporting species - (American Black Duck)	6426	4444	3534	4918	3259	3286	3857	3616	3710	4907	5316	7485	5091	4112	3206	3017	1783	1501	1387	1728	874	724	551	589	601	616	757	1327	1249	1386	1704	2856	2501	2528	2515	3657	3258	3659	4151	5853	4830	4089	3596	4185	3792	2959	3432	4841
	
Totals
	American Black Duck	70667	40523	26366	42045	26573	25849	30214	27378	30093	32948	36270	54813	31607	23176	15727	11068	4095	2849	2739	3816	2097	1548	1375	2079	1748	2152	5274	8605	8775	9940	11751	28700	14854	13300	11856	20165	18590	27767	36912	51229	47379	44974	52227	49981	44474	28536	49505	67277
	# checklists reporting species - (American Black Duck)	5951	4176	3302	4590	3052	3108	3643	3385	3515	4637	5031	7065	4804	3860	2960	2784	1607	1313	1217	1583	786	668	508	534	545	560	694	1253	1156	1293	1574	2637	2337	2348	2314	3407	3057	3450	3919	5521	4578	3854	3412	3952	3533	2792	3257	4565
	
Average Count
	American Black Duck	11.874810956141825	9.703783524904214	7.984857662023017	9.160130718954248	8.706749672346003	8.316924066924066	8.293713972001099	8.088035450516987	8.56130867709815	7.105456113866724	7.209302325581396	7.758386411889597	6.5793089092422985	6.0041450777202074	5.313175675675676	3.9755747126436782	2.5482265090230243	2.16984006092917	2.250616269515201	2.410612760581175	2.66793893129771	2.317365269461078	2.706692913385827	3.893258426966292	3.2073394495412844	3.842857142857143	7.599423631123919	6.8675179569034315	7.590830449826989	7.687548337200309	7.46569250317662	10.883579825559348	6.356011981172443	5.664395229982964	5.123595505617978	5.918696800704432	6.081125286228328	8.048405797101449	9.418729267670324	9.278934975547909	10.349279161205766	11.669434353918007	15.306858147713951	12.647014170040485	12.58816869515992	10.220630372492836	15.199570156585816	14.737568455640744
	# checklists reporting species - (American Black Duck)	5951	4176	3302	4590	3052	3108	3643	3385	3515	4637	5031	7065	4804	3860	2960	2784	1607	1313	1217	1583	786	668	508	534	545	560	694	1253	1156	1293	1574	2637	2337	2348	2314	3407	3057	3450	3919	5521	4578	3854	3412	3952	3533	2792	3257	4565
	
