

	Week starting on...	1/1	1/8	1/15	1/22	2/1	2/8	2/15	2/22	3/1	3/8	3/15	3/22	4/1	4/8	4/15	4/22	5/1	5/8	5/15	5/22	6/1	6/8	6/15	6/22	7/1	7/8	7/15	7/22	8/1	8/8	8/15	8/22	9/1	9/8	9/15	9/22	10/1	10/8	10/15	10/22	11/1	11/8	11/15	11/22	12/1	12/8	12/15	12/22
Frequency (%)
	Lapland Longspur	0.5186838597787162	0.454639865223512	0.5282237182806836	0.5248955753520866	0.5881089209946828	0.4871809341083084	0.4142787182507644	0.42804777107721415	0.2916064013437223	0.20788774062006515	0.14413894994774962	0.1293513410690508	0.12328998479986489	0.1683206508398499	0.27684432295022027	0.2550155144906599	0.13488125632255887	0.11063764528037331	0.11027095148078135	0.06519967400162999	0.035623886753538954	0.06380263717566993	0.09503589121423517	0.06687785990848293	0.04606060606060606	0.03527676223462254	0.019100737288459336	0.0	0.0	0.0	0.007015574575557738	0.006841973225078113	0.06929606744817231	0.22207936415171528	0.2810453728921597	0.8333907293890764	1.1584761365245717	0.9916238854363685	1.0048208166347214	1.0384062262075966	0.7553116339727218	0.5373936408419167	0.40095712345599177	0.2960300259026273	0.19308513847824776	0.3047619047619048	0.6420643898859572	0.39597053815063293
	Total # checklists submitted - (Lapland Longspur)	62273	43331	38620	54106	37238	53163	75553	42285	42866	50027	55502	78855	59210	57034	57433	79603	83036	91289	82524	85890	53335	51722	49455	56820	41250	31182	26177	36645	27806	27015	28508	43847	34634	34222	34514	43557	35305	37010	34434	47284	36806	33495	30926	37834	33146	28875	32707	48741
	
Abundance
	Lapland Longspur	0.0347020378012943	0.03177863423415107	0.03539616778871051	0.03648393893468377	0.04602825071163865	0.023042341478095668	0.01917858986406893	0.030152536360411493	0.01241076844118882	0.02626581645911208	0.05823213577889085	0.027366685688922705	0.011619658841411924	0.044552372269172774	0.15724409311719742	0.07322588344660377	0.0416807167975336	0.02680498198030431	0.009391207406330279	0.07405984398649436	0.0033748945345457955	0.001894744982792622	0.0035992316247093316	0.0031326997536078845	0.001406060606060606	0.0010262330831890194	0.001948275203422852	0.0	0.0	0.0	0.017644170057527712	1.596460419184893E-4	0.004995091528555755	0.02074688796680498	0.09514979428637654	4.0729848244828615	0.2350375300948874	0.1861659011078087	0.1425335424289946	0.09603671432196938	0.04716622289844047	0.029705926257650395	0.022667011576020177	0.01686313897552466	0.008568153019972245	0.01606926406926407	0.02806738618644327	0.02927719989331364
	Total # checklists submitted - (Lapland Longspur)	62273	43331	38620	54106	37238	53163	75553	42285	42866	50027	55502	78855	59210	57034	57433	79603	83036	91289	82524	85890	53335	51722	49455	56820	41250	31182	26177	36645	27806	27015	28508	43847	34634	34222	34514	43557	35305	37010	34434	47284	36806	33495	30926	37834	33146	28875	32707	48741
	
Birds Per Party Hour
	Lapland Longspur	17.244428852517686	27.880824014194506	16.718026501198544	12.8330973778754	20.16714668692108	13.423773380381377	11.70464457998244	11.016620468845899	8.470001508796162	20.014586972484175	42.542518702228286	37.39096352059422	16.497363740964712	59.31637089983592	66.76584721583814	49.14894990693673	37.408015822932676	11.208410466248965	10.23455089793848	8.060866692840987	2.6694444444444443	14.490877460937702	19.478584031798	9.690984647048422	6.60633360966304	8.862994836488813	0.3	0.0	0.0	0.0	0.25	14.705882352941176	0.8456904574031581	1.5852145220658698	4.7318037048011155	19.025969297960675	12.278331455703402	10.85753412885506	14.320735212883882	7.8711364249874265	4.768146641944704	5.349900423373172	9.639720095467036	7.941211672670982	8.920828234634122	15.64376830438915	3.9617865591002857	9.011783574804738
	# checklists reporting species - (Lapland Longspur)	347	202	208	283	241	265	324	186	141	112	75	119	82	104	173	231	114	114	107	46	10	37	39	37	15	7	3	0	0.0	0.0	2	4	23	71	98	368	427	386	365	530	287	197	133	117	73	99	213	199
	
High Count
	Lapland Longspur	600	360	260	300	100	100	120	200	85	300	1600	300	200	500	700	755	1000	550	250	4000	50	14	49	33	20	16	26	1	0.0	0.0	500	500	35	65	1500	25000	2000	1500	1500	1014	200	240	350	225	150	75	69	400
	# checklists reporting species - (Lapland Longspur)	430	267	258	359	299	318	373	225	169	141	111	142	108	136	214	273	149	134	138	64	20	37	48	41	20	16	6	1	0.0	0.0	2	6	31	81	119	467	501	483	436	620	359	238	151	139	90	116	246	258
	
Totals
	Lapland Longspur	2730	2195	1671	2841	2177	1393	1734	1478	799	1693	3959	3124	1195	5609	10240	10131	5392	2699	1140	6391	185	103	180	182	59	38	54	1	0.0	0.0	503	678	181	722	3384	188883	9289	8309	5774	5595	2224	1600	1163	1048	662	636	1094	1937
	# checklists reporting species - (Lapland Longspur)	420	261	247	343	293	311	364	219	164	137	108	138	105	129	207	265	143	127	127	56	12	37	40	37	20	11	6	1	0.0	0.0	2	6	30	80	113	446	483	458	422	609	343	233	150	136	89	112	239	249
	
Average Count
	Lapland Longspur	6.5	8.409961685823754	6.765182186234818	8.282798833819243	7.4300341296928325	4.479099678456592	4.763736263736264	6.748858447488584	4.871951219512195	12.357664233576642	36.657407407407405	22.63768115942029	11.380952380952381	43.48062015503876	49.468599033816425	38.23018867924528	37.70629370629371	21.251968503937007	8.976377952755906	114.125	15.416666666666666	2.7837837837837838	4.5	4.918918918918919	2.95	3.4545454545454546	9.0	1.0	0.0	0.0	251.5	113.0	6.033333333333333	9.025	29.946902654867255	423.50448430493276	19.231884057971016	18.141921397379914	13.682464454976303	9.187192118226601	6.48396501457726	6.866952789699571	7.753333333333333	7.705882352941177	7.438202247191011	5.678571428571429	4.577405857740586	7.779116465863454
	# checklists reporting species - (Lapland Longspur)	420	261	247	343	293	311	364	219	164	137	108	138	105	129	207	265	143	127	127	56	12	37	40	37	20	11	6	1	0.0	0.0	2	6	30	80	113	446	483	458	422	609	343	233	150	136	89	112	239	249
	
