

	Week starting on...	1/1	1/8	1/15	1/22	2/1	2/8	2/15	2/22	3/1	3/8	3/15	3/22	4/1	4/8	4/15	4/22	5/1	5/8	5/15	5/22	6/1	6/8	6/15	6/22	7/1	7/8	7/15	7/22	8/1	8/8	8/15	8/22	9/1	9/8	9/15	9/22	10/1	10/8	10/15	10/22	11/1	11/8	11/15	11/22	12/1	12/8	12/15	12/22
Frequency (%)
	Snow Bunting	3.913413517897002	3.611732939465971	3.521491455204557	3.9348685912837764	4.269831892153177	3.7394428455880973	3.273198946434953	3.261203736549604	2.7411001726309894	1.8190177304255701	1.264819285791503	1.01578847251284	0.7937848336429657	0.5733422169232388	0.46140720491703374	0.20225368390638546	0.05780625270966809	0.025194711301471148	0.010905918278319035	0.020957038071952497	0.011249648448485985	0.015467305981980588	0.008088160954402993	0.0017599436818021823	0.0024242424242424242	0.0	0.0038201474576918665	0.0	0.0	0.0	0.0	0.0	0.005774672287347693	0.0	0.023178999826157502	0.06428358243221526	0.0849737997450786	0.1621183463928668	1.0570947319509787	4.92767109381609	5.740911807857414	4.555903866248694	3.6344823126172154	2.857218375006608	2.3230555723164183	2.735930735930736	4.069465252086709	3.7914691943127963
	Total # checklists submitted - (Snow Bunting)	62273	43331	38620	54106	37238	53163	75553	42285	42866	50027	55502	78855	59210	57034	57433	79603	83036	91289	82524	85890	53335	51722	49455	56820	41250	31182	26177	36645	27806	27015	28508	43847	34634	34222	34514	43557	35305	37010	34434	47284	36806	33495	30926	37834	33146	28875	32707	48741
	
Abundance
	Snow Bunting	3.191591861641482	3.1004361773326257	3.2627136198860693	3.391638635271504	3.1877651861002203	2.7014088745932323	2.3400923854777442	2.4167908241693272	1.5236084542527877	1.0076558658324504	0.8539512089654426	0.5161372138735654	0.3104880932274954	0.3021355682575306	0.20512597287273868	0.05534967275102697	0.0056481526085071536	0.015576904117692164	0.006095196548882749	0.03378740249155897	0.0024374238305052967	3.866826495495147E-4	0.0	0.0	2.4242424242424244E-5	0.0	3.8201474576918666E-5	0.0	0.0	0.0	0.0	0.0	3.753536986776E-4	0.0	0.003071217476965869	0.00436210023647175	0.0052967001841099	0.04542015671440151	0.25910437358424815	1.2092674054648507	1.5419496821170462	1.9175697865353039	2.0001940115113497	1.7750964740709414	1.8844204428890363	2.237991341991342	3.5938484116549976	3.4806425801686465
	Total # checklists submitted - (Snow Bunting)	62273	43331	38620	54106	37238	53163	75553	42285	42866	50027	55502	78855	59210	57034	57433	79603	83036	91289	82524	85890	53335	51722	49455	56820	41250	31182	26177	36645	27806	27015	28508	43847	34634	34222	34514	43557	35305	37010	34434	47284	36806	33495	30926	37834	33146	28875	32707	48741
	
Birds Per Party Hour
	Snow Bunting	291.28077289371083	294.7719605341976	341.45591361720255	295.885329880142	250.14684043127892	275.91652223937905	231.41422827260396	248.91958973380176	215.9467977892217	210.22035370212842	257.6055046055706	157.18021637059724	208.72480146260213	194.58164801649693	157.0770175293781	45.7508223775326	15.158465796657143	2.189986800762218	40.27167664998534	12.05833231096389	1.5357142857142858	0.23273809523809524	0.0	0.0	0.34281796366129585	0.0	0.125	0.0	0.0	0.0	0.0	0.0	0.8110300081103001	6.0	0.0	0.44579324061392944	2.3405858190711233	5.298837038358953	12.933645851093733	28.913357071895256	57.36490610905659	108.59005263826026	137.00961983530806	220.19864480832655	299.3611281045045	288.15178875019325	228.3426347877586	207.8970339312998
	# checklists reporting species - (Snow Bunting)	2624	1709	1478	2421	1780	2185	2629	1494	1245	943	753	894	457	342	282	175	49	36	15	15	7	7	0	8	1	0.0	1	0.0	0.0	0.0	0.0	0.0	2	1	8	25	28	56	373	2492	2217	1609	1193	1186	824	835	1332	1916
	
High Count
	Snow Bunting	4000	7300	3000	3000	2500	4000	3500	10000	5000	2500	2000	2700	3000	1500	1000	600	100	750	700	880	125	13	1	1	1	0.0	2	0.0	0.0	0.0	0.0	0.0	12	6	75	45	50	200	2500	1500	2000	11200	5600	2500	4100	12000	10000	5000
	# checklists reporting species - (Snow Bunting)	3139	2053	1791	2804	2106	2501	2997	1737	1468	1150	917	1053	604	407	351	221	67	39	17	21	10	10	4	9	1	0.0	2	0.0	0.0	0.0	0.0	0.0	3	1	9	34	39	92	541	3132	2640	1911	1422	1397	986	1030	1657	2373
	
Totals
	Snow Bunting	259078	183553	163645	240633	154721	187455	208329	128850	88893	63678	59693	55030	29412	22245	15124	5462	664	2039	1547	3045	172	34	0	8	1	0.0	3	0.0	0.0	0.0	0.0	0.0	25	6	156	203	301	1913	13544	75855	72325	92718	81063	89922	75890	101546	155108	228368
	# checklists reporting species - (Snow Bunting)	3021	1975	1718	2684	2029	2419	2901	1669	1393	1090	878	1021	581	389	335	212	65	36	17	18	8	7	0	8	1	0.0	2	0.0	0.0	0.0	0.0	0.0	3	1	9	33	39	88	502	2992	2544	1847	1370	1348	940	983	1600	2268
	
Average Count
	Snow Bunting	85.7590201919894	92.93822784810126	95.25320139697322	89.65461997019374	76.25480532281912	77.49276560562215	71.81282316442606	77.20191731575794	63.814070351758794	58.420183486238535	67.9874715261959	53.89813907933399	50.62306368330465	57.18508997429306	45.146268656716416	25.764150943396228	10.215384615384615	56.638888888888886	91.0	169.16666666666666	21.5	4.857142857142857	0.0	1.0	1.0	0.0	1.5	0.0	0.0	0.0	0.0	0.0	8.333333333333334	6.0	17.333333333333332	6.151515151515151	7.717948717948718	21.738636363636363	26.9800796812749	25.352606951871657	28.429638364779873	50.19924201407688	59.17007299270073	66.70771513353115	80.73404255319149	103.30213631739572	96.9425	100.69135802469135
	# checklists reporting species - (Snow Bunting)	3021	1975	1718	2684	2029	2419	2901	1669	1393	1090	878	1021	581	389	335	212	65	36	17	18	8	7	0	8	1	0.0	2	0.0	0.0	0.0	0.0	0.0	3	1	9	33	39	88	502	2992	2544	1847	1370	1348	940	983	1600	2268
	
