

	Week starting on...	1/1	1/8	1/15	1/22	2/1	2/8	2/15	2/22	3/1	3/8	3/15	3/22	4/1	4/8	4/15	4/22	5/1	5/8	5/15	5/22	6/1	6/8	6/15	6/22	7/1	7/8	7/15	7/22	8/1	8/8	8/15	8/22	9/1	9/8	9/15	9/22	10/1	10/8	10/15	10/22	11/1	11/8	11/15	11/22	12/1	12/8	12/15	12/22
Frequency (%)
	American Wigeon	1.193133460729369	0.9392813459186263	0.9554634904194719	0.8390936310205892	0.8781352381975402	0.4382747399507176	0.5029581882916628	2.3223365259548303	2.3538468716465264	4.811401843004778	6.032215055313322	6.463762602244626	6.311433879412262	5.552828137602132	4.972750857520937	4.766152029446126	3.1793438990317453	2.317913439735346	1.8188648150840967	1.4343928280358598	0.9074716415112029	0.6689609837206605	0.5419067839450005	0.4575853572685674	0.6278787878787878	0.6446026553781028	0.9588570118806585	0.9769409196343294	0.9997842192332591	0.8846936886914677	0.9997193770169777	1.4755855588751796	2.5119824449962467	3.915609841622348	4.308396592687026	5.569713249305508	6.146438181560685	6.554985139151581	7.655224487425219	6.782421114964893	5.97185241536706	5.135094790267204	3.760589794994503	2.9840883861077336	2.8449888372654315	1.9220779220779223	1.4981502430672333	1.1735499887158656
	Total # checklists submitted - (American Wigeon)	62273	43331	38620	54106	37238	53163	75553	42285	42866	50027	55502	78855	59210	57034	57433	79603	83036	91289	82524	85890	53335	51722	49455	56820	41250	31182	26177	36645	27806	27015	28508	43847	34634	34222	34514	43557	35305	37010	34434	47284	36806	33495	30926	37834	33146	28875	32707	48741
	
Abundance
	American Wigeon	0.06972524207923177	0.04451778172670836	0.03726048679440704	0.04280486452519129	0.03104355765615769	0.016421195192144914	0.021812502481701586	0.27288636632375546	0.2830681659123781	0.6590041377656066	0.9690641778674642	0.9466742755690825	0.6915892585711872	0.6393028719711049	0.4695035954938798	0.37704609122771754	0.1731899417120285	0.08194853706361117	0.061679026707382095	0.04536034462684829	0.040179994375175776	0.04473918255287885	0.042988575472651905	0.026786342837029214	0.035927272727272724	0.03736129818485023	0.09485426137448906	0.05100286532951289	0.04844278213335251	0.052859522487506944	0.06152658902764136	0.06584258900266837	0.13844776808916093	0.28332651510724094	0.373732398447007	0.7251188098353881	1.5348534201954398	1.5218049175898405	2.0992042748446305	1.9232932915996954	1.5387436830951475	1.0044782803403494	0.6359050637004462	0.4001691600148015	0.525613950401255	0.2726926406926407	0.22050325618369157	0.08489772470815125
	Total # checklists submitted - (American Wigeon)	62273	43331	38620	54106	37238	53163	75553	42285	42866	50027	55502	78855	59210	57034	57433	79603	83036	91289	82524	85890	53335	51722	49455	56820	41250	31182	26177	36645	27806	27015	28508	43847	34634	34222	34514	43557	35305	37010	34434	47284	36806	33495	30926	37834	33146	28875	32707	48741
	
Birds Per Party Hour
	American Wigeon	6.545754187989715	7.622061940816611	5.594771553916313	7.5321770768696465	5.5908145343553795	7.3999425965867776	9.136994599026096	32.50500664575787	28.91408178681103	30.254176607506775	37.020765835706925	25.985383331682925	22.692262134311584	21.490805156948493	18.6246313700998	15.460844805129712	11.068982210788793	6.036847668449766	4.485044774080396	4.749474144134615	7.313955519536461	9.4203987581114	10.656191606242425	7.925691338245634	7.863332331021709	8.469569211854841	9.369842464764675	4.977106623132384	6.636030889953756	7.955645752148004	8.537457317346737	9.697073728444382	4.917773574724134	6.093807069588921	7.67773112420121	18.583745477613864	38.24816180114107	30.817016158751525	37.055360146360556	37.73566894411813	37.91645032068979	31.21843185888708	25.124684431883335	24.328019220531434	23.908315280077005	14.447919746651893	7.166970855633401	7.155847598174919
	# checklists reporting species - (American Wigeon)	704	414	361	438	324	234	388	984	1002	2370	3261	4894	3587	3024	2722	3722	2481	1976	1408	1184	476	353	264	277	248	199	260	355	270	226	282	631	817	1267	1396	2348	2105	2323	2529	3076	2080	1632	1101	1077	898	527	470	558
	
High Count
	American Wigeon	610	75	60	300	190	100	90	450	1000	500	1200	4000	910	850	500	683	340	158	80	40	102	270	306	72	150	71	300	190	80	100	172	100	150	300	300	1000	2000	2000	2500	3000	3500	2000	3500	1000	2100	1000	600	600
	# checklists reporting species - (American Wigeon)	859	469	414	522	375	268	432	1087	1119	2617	3686	5610	4098	3466	3223	4231	2949	2445	1735	1422	575	410	336	330	308	246	303	413	311	264	321	733	968	1500	1668	2683	2366	2648	2872	3536	2393	1869	1294	1249	1075	617	539	645
	
Totals
	American Wigeon	4952	2280	1588	2544	1375	944	1868	12528	14271	36664	58557	85536	46916	40971	30046	33938	16054	8483	5641	4317	2387	2494	2270	1776	1671	1324	2713	2040	1405	1481	1922	3257	5332	11360	14523	36189	58926	59344	79789	97703	64016	37149	29778	17636	20410	8783	7859	4933
	# checklists reporting species - (American Wigeon)	791	453	392	494	353	257	422	1042	1074	2512	3449	5268	3852	3241	2975	3934	2628	2112	1504	1312	534	396	318	308	285	231	288	393	291	241	303	701	916	1417	1545	2492	2225	2460	2682	3268	2189	1709	1185	1153	977	574	507	607
	
Average Count
	American Wigeon	6.260429835651075	5.033112582781457	4.051020408163265	5.149797570850202	3.895184135977337	3.6731517509727625	4.42654028436019	12.023032629558541	13.287709497206704	14.595541401273886	16.97796462742824	16.236902050113894	12.179646936656283	12.6414686825054	10.099495798319328	8.626842907981699	6.10882800608828	4.01657196969697	3.7506648936170213	3.2903963414634148	4.4700374531835205	6.297979797979798	7.138364779874214	5.766233766233766	5.863157894736842	5.731601731601732	9.42013888888889	5.190839694656488	4.828178694158075	6.145228215767635	6.343234323432343	4.646219686162625	5.820960698689956	8.016937191249118	9.4	14.52207062600321	26.483595505617977	24.12357723577236	29.749813571961223	29.8968788249694	29.24440383736866	21.737273259215915	25.129113924050632	15.295750216825672	20.89048106448311	15.301393728222996	15.500986193293885	8.126853377265238
	# checklists reporting species - (American Wigeon)	791	453	392	494	353	257	422	1042	1074	2512	3449	5268	3852	3241	2975	3934	2628	2112	1504	1312	534	396	318	308	285	231	288	393	291	241	303	701	916	1417	1545	2492	2225	2460	2682	3268	2189	1709	1185	1153	977	574	507	607
	
