

	Week starting on...	1/1	1/8	1/15	1/22	2/1	2/8	2/15	2/22	3/1	3/8	3/15	3/22	4/1	4/8	4/15	4/22	5/1	5/8	5/15	5/22	6/1	6/8	6/15	6/22	7/1	7/8	7/15	7/22	8/1	8/8	8/15	8/22	9/1	9/8	9/15	9/22	10/1	10/8	10/15	10/22	11/1	11/8	11/15	11/22	12/1	12/8	12/15	12/22
Frequency (%)
	Northern Shrike	2.244953671735744	2.0331864023447417	2.136198860693941	1.9831441984253133	1.9603630699822763	1.4163986231025338	1.2322475613145738	1.5679318907413975	1.4440348994541128	1.389249805105243	1.2305862851789124	1.0994863990869317	0.7904070258402297	0.5417820948907669	0.2785854822140581	0.08039897993794204	0.00963437545161135	0.0	0.0012117686975910038	0.0034928396786587496	0.0	0.0	0.0020220402386007482	0.0017599436818021823	0.007272727272727273	0.016034891924828425	0.019100737288459336	0.05184881975712921	0.06113788390994749	0.04812141402924301	0.024554511014452083	0.011403288708463521	0.005774672287347693	0.008766290690199288	0.014486874891348438	0.034437633445829605	0.07930887976207336	0.2485814644690624	0.6679444734855086	1.1927924879451823	1.5703961310655872	1.3882669055082848	1.4841880618250016	1.686313897552466	1.8192240390997407	2.0952380952380953	2.8006237196930317	3.065181264233397
	Total # checklists submitted - (Northern Shrike)	62273	43331	38620	54106	37238	53163	75553	42285	42866	50027	55502	78855	59210	57034	57433	79603	83036	91289	82524	85890	53335	51722	49455	56820	41250	31182	26177	36645	27806	27015	28508	43847	34634	34222	34514	43557	35305	37010	34434	47284	36806	33495	30926	37834	33146	28875	32707	48741
	
Abundance
	Northern Shrike	0.023477269442615578	0.02146269414506935	0.023045054375971	0.020737071674121168	0.020462967935979376	0.014765908620657225	0.012904848252220295	0.016459737495565802	0.014790276676153595	0.01437223899094489	0.01264819285791503	0.01133726459958151	0.008140516804593819	0.005750955570361539	0.002890324377970853	7.788651181488134E-4	9.63437545161135E-5	0.0	1.2117686975910038E-5	3.4928396786587495E-5	0.0	0.0	0.0	0.0	7.272727272727273E-5	1.6034891924828425E-4	1.9100737288459336E-4	7.913767226088143E-4	8.631230669639646E-4	5.922635572829909E-4	4.910902202890417E-4	1.1403288708463521E-4	1.1549344574695386E-4	8.766290690199288E-5	2.607637480442719E-4	3.902931790527355E-4	9.063871972808384E-4	0.0025128343690894355	0.007027937503630133	0.012583537771762118	0.017035265989240884	0.01439020749365577	0.01545625040419065	0.017761801554157637	0.018916309660290835	0.022025974025974025	0.03295930534747913	0.035206499661475966
	Total # checklists submitted - (Northern Shrike)	62273	43331	38620	54106	37238	53163	75553	42285	42866	50027	55502	78855	59210	57034	57433	79603	83036	91289	82524	85890	53335	51722	49455	56820	41250	31182	26177	36645	27806	27015	28508	43847	34634	34222	34514	43557	35305	37010	34434	47284	36806	33495	30926	37834	33146	28875	32707	48741
	
Birds Per Party Hour
	Northern Shrike	3.7713282733199907	4.037289709066389	3.7311246133106537	3.646820699740151	3.71379378897123	3.0850170303719655	2.9495111623117403	3.9510738547384507	3.538709492271713	3.285635638729733	2.905899533432199	2.681665347525483	2.4788944982231014	3.0574795541923265	3.8983121643074616	3.2822643170123333	0.7140881467189402	0.0	0.07142857142857142	0.25	0.0	0.0	0.0	0.0	0.11764705882352941	14.275601737701068	0.09472524098974643	0.292075146028225	0.1458052991854175	0.16016656175774902	0.1433058608058608	0.10043859649122808	0.3	0.3958333333333333	0.0	0.16201313490347197	0.3278051381656854	0.8488261959584674	1.5994028412019123	1.8693719015314672	2.2138156477108355	2.2047358811133044	3.266964318574798	2.7355366384064648	3.1690089465286047	2.7809073747500532	2.467284695840746	2.688671227139663
	# checklists reporting species - (Northern Shrike)	1587	1002	926	1243	826	867	1056	749	715	802	759	937	543	330	175	66	7	0	1	2	0.0	0.0	0	0	1	5	5	20	18	13	8	5	1	2	5	18	22	105	267	611	617	510	520	729	690	688	949	1609
	
High Count
	Northern Shrike	25	50	8	6	25	7	5	5	4	7	4	4	3	7	3	1	1	1	1	2	0.0	0.0	1	1	1	1	1	4	3	3	4	4	3	1	5	3	2	3	40	5	40	4	4	5	40	6	12	12
	# checklists reporting species - (Northern Shrike)	2024	1294	1218	1582	1084	1112	1292	947	899	1009	959	1177	686	439	219	79	11	1	1	5	0.0	0.0	1	1	4	7	5	20	18	13	8	6	2	3	7	23	37	152	346	822	835	708	687	947	909	888	1294	2051
	
Totals
	Northern Shrike	2158	1403	1281	1643	1145	1145	1334	975	915	1026	979	1198	696	462	230	77	11	1	1	5	0.0	0.0	0	0	3	7	5	31	25	16	15	9	4	3	11	26	41	155	408	877	1087	739	712	978	989	924	1573	2343
	# checklists reporting species - (Northern Shrike)	1967	1265	1192	1561	1064	1090	1263	927	878	987	935	1147	668	426	210	77	11	1	1	4	0.0	0.0	0	0	3	7	5	20	18	13	8	6	2	3	6	22	37	145	342	811	824	690	673	927	892	870	1262	1984
	
Average Count
	Northern Shrike	1.0971021860701575	1.1090909090909091	1.0746644295302012	1.0525304292120437	1.0761278195488722	1.0504587155963303	1.056215360253365	1.051779935275081	1.042141230068337	1.0395136778115501	1.0470588235294118	1.0444638186573671	1.0419161676646707	1.0845070422535212	1.0952380952380953	1.0	1.0	1.0	1.0	1.25	0.0	0.0	0.0	0.0	1.0	1.0	1.0	1.55	1.3888888888888888	1.2307692307692308	1.875	1.5	2.0	1.0	1.8333333333333333	1.1818181818181819	1.1081081081081081	1.0689655172413792	1.1929824561403508	1.0813810110974107	1.3191747572815533	1.0710144927536231	1.0579494799405647	1.0550161812297734	1.108744394618834	1.0620689655172413	1.246434231378764	1.1809475806451613
	# checklists reporting species - (Northern Shrike)	1967	1265	1192	1561	1064	1090	1263	927	878	987	935	1147	668	426	210	77	11	1	1	4	0.0	0.0	0	0	3	7	5	20	18	13	8	6	2	3	6	22	37	145	342	811	824	690	673	927	892	870	1262	1984
	
