

	Week starting on...	1/1	1/8	1/15	1/22	2/1	2/8	2/15	2/22	3/1	3/8	3/15	3/22	4/1	4/8	4/15	4/22	5/1	5/8	5/15	5/22	6/1	6/8	6/15	6/22	7/1	7/8	7/15	7/22	8/1	8/8	8/15	8/22	9/1	9/8	9/15	9/22	10/1	10/8	10/15	10/22	11/1	11/8	11/15	11/22	12/1	12/8	12/15	12/22
Frequency (%)
	Herring Gull	17.387953045461117	15.570838429761602	13.591403417918176	12.42560898976084	11.157956925721038	7.5315539002689835	6.928910830807513	12.607307555870875	13.544534129613215	16.601035440861935	15.530971856870025	14.801851499587851	14.109103192028375	13.35519164007434	13.279821705291383	13.146489453915052	12.877547088010019	13.60843036948592	12.522417720905436	11.40062871114216	7.82038061310584	6.504002165422837	6.312809624911536	6.003167898627244	6.778181818181818	8.524148547238791	9.878901325591167	11.106562969027152	12.882111774437172	14.366092911345548	15.430756278939246	16.78336032111661	18.36923254605301	18.76570627081994	18.244770238164225	18.302454255343573	17.27800594816598	18.068089705485004	18.99576000464657	20.355722866085777	21.588871379666358	21.513658755038065	21.981504235918	23.46830892847703	24.337778314125387	21.818181818181817	19.634940532607697	18.38493260294208
	Total # checklists submitted - (Herring Gull)	62273	43331	38620	54106	37238	53163	75553	42285	42866	50027	55502	78855	59210	57034	57433	79603	83036	91289	82524	85890	53335	51722	49455	56820	41250	31182	26177	36645	27806	27015	28508	43847	34634	34222	34514	43557	35305	37010	34434	47284	36806	33495	30926	37834	33146	28875	32707	48741
	
Abundance
	Herring Gull	12.396817240216466	9.293692737301239	9.084464008285861	7.57367020293498	7.294698963424459	4.236329778229219	3.4722909745476684	4.800378384770013	4.474571921802827	4.303975853039359	4.409390652589096	2.552000507260161	2.0333389630130045	1.9971946558193359	1.7818327442411157	1.4316420235418263	1.3235102846957947	1.27952984477867	1.4058576898841548	1.453510303877052	0.9170525921064967	0.6763466223270562	0.7481953290870488	0.6268919394579373	0.7466181818181818	0.8529279712654737	0.9069030064560492	1.2036839950880065	1.4377112853341005	1.968498982047011	2.5427950049109023	2.9235523524984606	3.4104059594618006	3.685319385190813	3.986324390102567	4.310925913171247	4.348959070953123	5.464793299108349	6.627635476563861	5.217748075458929	7.4169972287127095	7.690401552470518	12.179298971738989	14.07210445630914	20.80932842575273	13.127688311688312	13.327575136820863	17.79729591103999
	Total # checklists submitted - (Herring Gull)	62273	43331	38620	54106	37238	53163	75553	42285	42866	50027	55502	78855	59210	57034	57433	79603	83036	91289	82524	85890	53335	51722	49455	56820	41250	31182	26177	36645	27806	27015	28508	43847	34634	34222	34514	43557	35305	37010	34434	47284	36806	33495	30926	37834	33146	28875	32707	48741
	
Birds Per Party Hour
	Herring Gull	127.76039211826227	136.11310972388844	136.9430348465196	126.06354696334228	124.74925444174247	105.53761592429417	96.51499771067989	98.4802328768204	63.409968471909586	53.85332750486737	49.056634901386474	41.59113643710292	30.724567699551724	27.461007947164575	28.206183443376826	21.240396626853634	15.685255434815184	15.020767644817377	16.03433257743183	19.77200109040409	17.175589338270882	15.78495385187274	23.309587004569963	19.29098065336993	22.313709118699645	19.193399497499218	15.921992333600462	16.35718034370056	14.550320815343888	20.701280231568784	21.74682854705885	23.41690524364231	23.485764265948276	27.468597332911713	33.75962200428616	42.17186365291295	45.32802266321868	48.783663389722406	44.714272022955846	54.67087026979309	66.12653213188985	64.5608856874861	92.18919867912675	119.78061569210668	159.96854056226192	126.16103827305315	100.68721396775581	127.28440501786547
	# checklists reporting species - (Herring Gull)	10187	6275	4810	6062	3795	3699	4808	5030	5413	7771	8039	10787	7742	7035	7012	9677	9474	10452	8802	8744	3926	3202	2998	3258	2676	2480	2517	3920	3427	3728	4092	6727	5775	5741	5746	7273	5624	6172	6062	8896	7348	6714	6269	8110	7275	5798	6053	8470
	
High Count
	Herring Gull	50000	10000	10000	5000	8000	5000	5000	5000	8000	3500	10000	6500	2050	8500	5000	5000	2850	2000	2000	5650	1000	3350	4500	5900	4500	1000	1500	9000	4800	5385	4000	16000	5000	3000	6000	30500	5000	15000	10000	20000	5000	10000	10000	8600	60000	8000	8288	35000
	# checklists reporting species - (Herring Gull)	11749	7188	5647	7146	4454	4258	5556	5731	6193	8858	9183	12498	8988	8216	8215	11305	11529	13669	11263	10787	4623	3744	3490	3847	3214	3011	2949	4611	4050	4375	4900	8138	6959	6933	6847	8604	6564	7196	7020	10339	8497	7696	7273	9519	8766	6700	6933	9678
	
Totals
	Herring Gull	863008	457858	379956	446202	289826	238163	276203	216885	215078	227093	262354	240076	131824	132692	121096	135763	120000	129484	125137	136602	52316	39159	40128	39960	33915	28621	27858	61466	57003	59851	82105	169034	124528	138013	149456	250580	167414	230281	242128	265032	296810	286227	425383	632710	786315	418921	521406	944297
	# checklists reporting species - (Herring Gull)	10727	6569	5096	6457	4021	3922	5081	5348	5732	8156	8423	11361	8154	7400	7380	10037	9884	10970	9247	9210	4130	3380	3161	3469	2879	2698	2680	4199	3640	3954	4381	7233	6156	6092	6086	7610	5906	6486	6352	9299	7664	7000	6553	8499	7646	6100	6502	8997
	
Average Count
	Herring Gull	80.45194369348373	69.69980210077637	74.5596546310832	69.10360848691343	72.07809002735638	60.724885262621115	54.3599685101358	40.554412864622286	37.52233077459874	27.843673369298674	31.147334678855515	21.13159052900273	16.166789305862153	17.931351351351353	16.408672086720866	13.526252864401714	12.140833670578713	11.803463992707384	13.532713312425651	14.831921824104235	12.66731234866828	11.585502958579882	12.69471686175261	11.519169789564716	11.7801319902744	10.608228317272053	10.394776119402986	14.638247201714695	15.660164835164835	15.136823469903895	18.74115498744579	23.36983271118485	20.228719948018195	22.65479317137229	24.557344725599737	32.92772667542707	28.34642736200474	35.50431699044095	38.1183879093199	28.501129153672437	38.72781837160752	40.88957142857143	64.91423775370059	74.44522885045299	102.84004708344233	68.67557377049181	80.19163334358659	104.9568745137268
	# checklists reporting species - (Herring Gull)	10727	6569	5096	6457	4021	3922	5081	5348	5732	8156	8423	11361	8154	7400	7380	10037	9884	10970	9247	9210	4130	3380	3161	3469	2879	2698	2680	4199	3640	3954	4381	7233	6156	6092	6086	7610	5906	6486	6352	9299	7664	7000	6553	8499	7646	6100	6502	8997
	
