

	Week starting on...	1/1	1/8	1/15	1/22	2/1	2/8	2/15	2/22	3/1	3/8	3/15	3/22	4/1	4/8	4/15	4/22	5/1	5/8	5/15	5/22	6/1	6/8	6/15	6/22	7/1	7/8	7/15	7/22	8/1	8/8	8/15	8/22	9/1	9/8	9/15	9/22	10/1	10/8	10/15	10/22	11/1	11/8	11/15	11/22	12/1	12/8	12/15	12/22
Frequency (%)
	Eastern Meadowlark	0.09313827822651871	0.07615794696637511	0.08544795442775764	0.14046501312238938	0.1772383049573017	0.060192238963188684	0.037060077032017254	0.11351543100390209	0.17729669201698314	0.8395466448118015	2.3638787791430937	3.68524507006531	4.891065698361763	6.420731493495108	6.480594780004527	6.695727547956736	6.253913965027218	4.940354259549343	5.774077844021133	7.43858423565025	8.035998875035155	8.259541394377635	7.501769285208776	6.897219288982752	5.997575757575758	5.342825989352832	4.17542117125721	3.282848956201392	2.2369272818816084	1.6324264297612436	1.1645853795425847	0.7959495518507538	0.695848010625397	0.578575185553153	0.7967781190241641	1.4555639736437314	1.645659255063022	1.8562550661983246	1.5101353313585408	0.8945943659588868	0.48361680160843346	0.24481265860576204	0.1907779861605122	0.026431252312734577	0.06033910577445242	0.0380952380952381	0.10701073164765952	0.16002954391579985
	Total # checklists submitted - (Eastern Meadowlark)	62273	43331	38620	54106	37238	53163	75553	42285	42866	50027	55502	78855	59210	57034	57433	79603	83036	91289	82524	85890	53335	51722	49455	56820	41250	31182	26177	36645	27806	27015	28508	43847	34634	34222	34514	43557	35305	37010	34434	47284	36806	33495	30926	37834	33146	28875	32707	48741
	
Abundance
	Eastern Meadowlark	0.003773706100557224	0.002446285569222958	0.0021232522009321593	0.004676006357890067	0.0034910575218862453	0.0013167052273197525	6.35315606263153E-4	0.002885183871349178	0.00347594830401717	0.014592120255062267	0.04580015134589745	0.07794052374611629	0.10530315825029556	0.1391801381632009	0.15207285010359897	0.15810961898420914	0.13595308059155065	0.0993876589731512	0.11757791672725511	0.16306904179764817	0.18850660916846348	0.19798151656935153	0.17345061166717218	0.15543822597676873	0.14206060606060605	0.1316143929189917	0.10872139664591053	0.08552326374675945	0.060814212759836006	0.035720895798630393	0.02623824891258594	0.018724200059297102	0.016631056187561357	0.011688387586932383	0.020976994842672538	0.04029203113162064	0.054439881036680356	0.05749797352067009	0.04870186443631295	0.037750613315286355	0.01127533554311797	0.006329302881027019	0.00404190648645153	5.550562985674262E-4	9.352561395040126E-4	7.619047619047619E-4	0.002996300486134467	0.006770480704129994
	Total # checklists submitted - (Eastern Meadowlark)	62273	43331	38620	54106	37238	53163	75553	42285	42866	50027	55502	78855	59210	57034	57433	79603	83036	91289	82524	85890	53335	51722	49455	56820	41250	31182	26177	36645	27806	27015	28508	43847	34634	34222	34514	43557	35305	37010	34434	47284	36806	33495	30926	37834	33146	28875	32707	48741
	
Birds Per Party Hour
	Eastern Meadowlark	6.524140358055012	7.156090024639358	3.5924645337079046	9.517600838691	4.352735232624543	6.826272787289959	4.669399478851645	5.712473145652254	5.212433439695302	3.5206688978992404	4.6977797003226724	4.896105758699497	5.48732884883867	4.8121846626706075	5.975122717070913	5.168452086445341	4.713199241172411	3.8908227707226546	4.031560996308454	5.05375058472664	7.166675850023895	8.200197078446326	9.359659910566453	9.131220410682486	8.14702691917176	6.532036338454722	5.160281457442372	5.166532311481874	3.942590253770635	3.3352627742888385	4.907366116146285	4.795206967300236	5.056633038848638	3.7569164565877875	3.5650563954687717	5.886296354058029	5.886411405643714	5.011782137078929	3.8741932830220724	3.5994497572063695	1.8120946844447752	2.3738279655043306	3.46326448781471	1.6942794519727449	2.3164048128849988	2.1976555296218856	2.1592212410591998	2.2441196449446403
	# checklists reporting species - (Eastern Meadowlark)	62	36	37	86	79	43	38	53	86	430	1379	3048	2983	3652	3636	5346	5047	4267	4505	6143	4200	4256	3750	3929	2505	1627	1066	1206	624	444	318	333	238	196	272	623	584	694	521	447	187	93	70	19	18	15	36	76
	
High Count
	Eastern Meadowlark	47	15	30	40	14	18	22	17	15	31	31	50	50	150	135	97	50	70	75	100	60	40	80	67	37	35	75	50	25	50	45	25	25	26	30	43	75	175	50	500	60	40	20	7	25	17	15	112
	# checklists reporting species - (Eastern Meadowlark)	109	48	52	108	93	54	46	76	126	561	1604	3587	3418	4181	4243	6001	5864	5162	5412	7201	4833	4795	4188	4445	2824	1878	1238	1406	728	527	386	407	290	234	335	742	702	829	622	555	250	116	82	22	27	27	63	102
	
Totals
	Eastern Meadowlark	384	147	168	405	204	139	135	185	260	1008	3030	7243	7067	8990	9617	13839	12330	9993	10433	15296	10807	10944	9332	9660	6312	4383	3115	3537	1902	1152	931	940	639	483	835	2117	2296	2874	2121	2295	680	338	154	35	65	64	138	516
	# checklists reporting species - (Eastern Meadowlark)	106	47	51	107	93	53	46	74	125	532	1560	3427	3279	4005	3983	5684	5387	4590	4829	6565	4523	4529	3965	4175	2668	1773	1142	1300	681	486	348	373	266	221	309	708	659	788	598	543	237	115	82	22	26	26	63	99
	
Average Count
	Eastern Meadowlark	3.6226415094339623	3.127659574468085	3.2941176470588234	3.7850467289719627	2.193548387096774	2.6226415094339623	2.9347826086956523	2.5	2.08	1.894736842105263	1.9423076923076923	2.1135103589145023	2.155230253125953	2.244694132334582	2.4145116746171227	2.434729064039409	2.288843512158901	2.1771241830065358	2.1604887140194657	2.32993145468393	2.389343356179527	2.4164274674321042	2.35359394703657	2.31377245508982	2.365817091454273	2.472081218274112	2.727670753064799	2.7207692307692306	2.79295154185022	2.3703703703703702	2.675287356321839	2.520107238605898	2.4022556390977443	2.18552036199095	2.7022653721682848	2.9901129943502824	3.4840667678300457	3.6472081218274113	3.5468227424749164	4.226519337016574	2.869198312236287	2.9391304347826086	1.8780487804878048	1.5909090909090908	2.5	2.4615384615384617	2.1904761904761907	5.212121212121212
	# checklists reporting species - (Eastern Meadowlark)	106	47	51	107	93	53	46	74	125	532	1560	3427	3279	4005	3983	5684	5387	4590	4829	6565	4523	4529	3965	4175	2668	1773	1142	1300	681	486	348	373	266	221	309	708	659	788	598	543	237	115	82	22	26	26	63	99
	
