

	Week starting on...	1/1	1/8	1/15	1/22	2/1	2/8	2/15	2/22	3/1	3/8	3/15	3/22	4/1	4/8	4/15	4/22	5/1	5/8	5/15	5/22	6/1	6/8	6/15	6/22	7/1	7/8	7/15	7/22	8/1	8/8	8/15	8/22	9/1	9/8	9/15	9/22	10/1	10/8	10/15	10/22	11/1	11/8	11/15	11/22	12/1	12/8	12/15	12/22
Frequency (%)
	LeConte's Sparrow	0.0	0.0	0.0	0.0	0.0	0.0	0.0	0.0	0.0	0.0	0.0	0.0	0.0	0.0	0.01741159263837863	0.01507480873836413	0.055397658846765264	0.10187426743638334	0.04604721050845815	0.07567819303760624	0.16311990250304678	0.1372723405900777	0.14558689717925388	0.14255543822597677	0.29818181818181816	0.3591815791161568	0.6799862474691524	0.7095101650975577	0.7228655685823203	0.5293355543216731	0.3051774940367616	0.20297853901065066	0.13570479875267077	0.17532581380398574	0.09271599930463001	0.08953784695915697	0.13312561960062314	0.13239664955417454	0.1597258523552303	0.027493443871076894	0.013584741618214421	0.0029855202268995375	0.0	0.005286250462546915	0.0	0.0	0.0	0.0
	Total # checklists submitted - (LeConte's Sparrow)	62273	43331	38620	54106	37238	53163	75553	42285	42866	50027	55502	78855	59210	57034	57433	79603	83036	91289	82524	85890	53335	51722	49455	56820	41250	31182	26177	36645	27806	27015	28508	43847	34634	34222	34514	43557	35305	37010	34434	47284	36806	33495	30926	37834	33146	28875	32707	48741
	
Abundance
	LeConte's Sparrow	0.0	0.0	0.0	0.0	0.0	0.0	0.0	0.0	0.0	0.0	0.0	0.0	0.0	0.0	1.7411592638378633E-4	1.507480873836413E-4	5.539765884676526E-4	0.0010187426743638334	6.30119722747322E-4	0.0015135638607521248	0.0031124027374144557	0.0034801438459456323	0.003781215246183399	0.00376627947905667	0.007733333333333333	0.01253928548521583	0.03739924361080338	0.030045026606631192	0.02560598431993095	0.015435868961687952	0.008944857583836115	0.00508586676397473	0.003176069758041231	0.0035941791829817078	0.001361766239786753	0.0023876759189108525	0.0013595807959212577	0.0015941637395298568	0.0016262995876168904	2.960832416885204E-4	1.3584741618214422E-4	2.9855202268995374E-5	0.0	5.2862504625469154E-5	0.0	0.0	0.0	0.0
	Total # checklists submitted - (LeConte's Sparrow)	62273	43331	38620	54106	37238	53163	75553	42285	42866	50027	55502	78855	59210	57034	57433	79603	83036	91289	82524	85890	53335	51722	49455	56820	41250	31182	26177	36645	27806	27015	28508	43847	34634	34222	34514	43557	35305	37010	34434	47284	36806	33495	30926	37834	33146	28875	32707	48741
	
Birds Per Party Hour
	LeConte's Sparrow	0.0	0.0	0.0	0.0	0.0	0.0	0.0	0.0	0.0	1.0	0.0	0.0	0.0	0.08333333333333333	0.5521842187107711	2.179789805577181	0.8179851732100913	0.8429651268474274	3.258755680854545	2.2392426785625377	5.351732854021253	4.054000972692055	8.60916006992895	5.833952041864889	20.005658902802754	18.92085927813523	3.2072773876843037	0.9576366917108855	0.977845792903051	0.45106081964652034	0.36450317102953855	0.34355633941033836	0.4912048886256538	0.5697644518852114	0.48178804455410196	0.35087429825814664	0.4502405286951654	0.4564287939596123	1.2136872017119908	0.39220556878124074	1.1176313430777716	0.37777777777777777	0.0	0.6330834582708645	0.0	0.0	2.3980815347721824	0.0
	# checklists reporting species - (LeConte's Sparrow)	0.0	0	0.0	0.0	0.0	0.0	0.0	0.0	0.0	1	0.0	1	0.0	3	13	15	64	114	42	60	87	64	67	71	112	102	179	261	193	138	87	91	49	59	39	40	55	63	66	18	8	3	0.0	3	0	0.0	1	0.0
	
High Count
	LeConte's Sparrow	0.0	1	0.0	0.0	0.0	0.0	0.0	0.0	0.0	1	0.0	1	0.0	1	1	1	2	35	5	12	10	17	16	34	23	50	81	32	19	15	9	12	14	10	7	11	5	4	2	3	1	1	0.0	1	1	0.0	1	0.0
	# checklists reporting species - (LeConte's Sparrow)	0.0	1	0.0	0.0	0.0	0.0	0.0	0.0	0.0	1	0.0	1	0.0	3	14	26	78	151	63	88	119	86	87	95	137	126	192	281	202	145	90	99	55	67	44	53	60	74	70	18	10	4	0.0	3	1	0.0	1	0.0
	
Totals
	LeConte's Sparrow	0.0	1	0.0	0.0	0.0	0.0	0.0	0.0	0.0	1	0.0	1	0.0	3	14	25	77	181	76	147	203	198	210	232	368	424	999	1134	713	419	259	233	118	133	59	135	67	86	71	21	10	4	0.0	3	1	0.0	1	0.0
	# checklists reporting species - (LeConte's Sparrow)	0.0	1	0.0	0.0	0.0	0.0	0.0	0.0	0.0	1	0.0	1	0.0	3	14	25	76	142	49	76	104	81	80	89	130	121	184	276	202	145	90	98	55	67	43	52	59	72	70	18	10	4	0.0	3	1	0.0	1	0.0
	
Average Count
	LeConte's Sparrow	0.0	1.0	0.0	0.0	0.0	0.0	0.0	0.0	0.0	1.0	0.0	1.0	0.0	1.0	1.0	1.0	1.013157894736842	1.2746478873239437	1.5510204081632653	1.9342105263157894	1.9519230769230769	2.4444444444444446	2.625	2.606741573033708	2.830769230769231	3.5041322314049586	5.429347826086956	4.108695652173913	3.5297029702970297	2.889655172413793	2.8777777777777778	2.377551020408163	2.1454545454545455	1.9850746268656716	1.372093023255814	2.5961538461538463	1.1355932203389831	1.1944444444444444	1.0142857142857142	1.1666666666666667	1.0	1.0	0.0	1.0	1.0	0.0	1.0	0.0
	# checklists reporting species - (LeConte's Sparrow)	0.0	1	0.0	0.0	0.0	0.0	0.0	0.0	0.0	1	0.0	1	0.0	3	14	25	76	142	49	76	104	81	80	89	130	121	184	276	202	145	90	98	55	67	43	52	59	72	70	18	10	4	0.0	3	1	0.0	1	0.0
	
