

	Week starting on...	1/1	1/8	1/15	1/22	2/1	2/8	2/15	2/22	3/1	3/8	3/15	3/22	4/1	4/8	4/15	4/22	5/1	5/8	5/15	5/22	6/1	6/8	6/15	6/22	7/1	7/8	7/15	7/22	8/1	8/8	8/15	8/22	9/1	9/8	9/15	9/22	10/1	10/8	10/15	10/22	11/1	11/8	11/15	11/22	12/1	12/8	12/15	12/22
Frequency (%)
	Snowy Owl	3.7560419443418493	3.5078811936027328	3.4023821853961675	3.1826414815362436	2.9512863204253716	2.0728702292948102	1.904623244609744	2.4878798628355208	2.3095226986422803	1.7930317628480619	1.4215703938596809	0.9828165620442584	0.5911163654788043	0.3997615457446435	0.30122055264395037	0.30777734507493437	0.1228382870080447	0.11063764528037331	0.037564829625321115	0.06170683432297125	0.052498359426267925	0.013533892734233017	0.01213224143160449	0.042238648363252376	0.016969696969696968	0.016034891924828425	0.015280589830767466	0.05457770500750444	0.050348845572897934	0.04812141402924301	0.03858566016556756	0.025087235158619745	0.03753536986776	0.005844193793466191	0.0028973749782696878	0.009183368918887894	0.00283245999150262	0.0054039448797622265	0.02323285125166986	0.0782505710176804	0.27169483236428843	0.5911330049261084	0.9506564056133997	1.461648252894222	2.2415977795209074	2.943722943722944	3.0391047787935306	3.7504359779241296
	Total # checklists submitted - (Snowy Owl)	62273	43331	38620	54106	37238	53163	75553	42285	42866	50027	55502	78855	59210	57034	57433	79603	83036	91289	82524	85890	53335	51722	49455	56820	41250	31182	26177	36645	27806	27015	28508	43847	34634	34222	34514	43557	35305	37010	34434	47284	36806	33495	30926	37834	33146	28875	32707	48741
	
Abundance
	Snowy Owl	0.07189311579657315	0.061134061064826564	0.05753495598135681	0.055206446604812776	0.05008324829475267	0.035024359046705415	0.03387026325890435	0.045169681920302705	0.03830541688051136	0.03090331221140584	0.02407120464127419	0.01734829750808446	0.009846309744975511	0.007048427253918715	0.004875245938746017	0.004283758149818474	0.001288597716653018	0.0011611475643286706	3.877659832291212E-4	6.403539410874374E-4	5.437330083434892E-4	1.3533892734233016E-4	1.213224143160449E-4	4.2238648363252375E-4	1.9393939393939395E-4	1.6034891924828425E-4	1.5280589830767466E-4	5.457770500750444E-4	5.034884557289794E-4	4.812141402924301E-4	3.858566016556756E-4	2.5087235158619746E-4	3.753536986776E-4	5.8441937934661916E-5	2.8973749782696876E-5	1.3775053378331842E-4	2.83245999150262E-5	5.4039448797622264E-5	2.6136957658128593E-4	9.516961339988157E-4	0.0048361680160843344	0.009404388714733543	0.013580805794477138	0.023655970819897447	0.03632414167622036	0.05073593073593074	0.05546213348824411	0.0707617816622556
	Total # checklists submitted - (Snowy Owl)	62273	43331	38620	54106	37238	53163	75553	42285	42866	50027	55502	78855	59210	57034	57433	79603	83036	91289	82524	85890	53335	51722	49455	56820	41250	31182	26177	36645	27806	27015	28508	43847	34634	34222	34514	43557	35305	37010	34434	47284	36806	33495	30926	37834	33146	28875	32707	48741
	
Birds Per Party Hour
	Snowy Owl	5.770986499968799	5.926806501680747	5.236991157866834	5.44490964337053	5.702161757030437	5.24123740782904	5.260726662089714	5.525396522344725	5.469263316443085	4.61565291117047	4.879300175630237	6.0758404164834525	5.361735932652743	6.280562937713316	4.222534690179378	5.469074426495761	8.34560220979691	4.764119058521883	6.708683233785046	8.957556531232427	8.711808225261297	10.560213859962802	7.619507525361889	4.093999167776853	6.546681220120057	2.048980075067659	3.519657357892652	9.04581596951071	12.123292568127928	5.111040561051866	3.522391909961047	1.52550806460248	6.6672188804957315	0.07407407407407407	12.048192771084338	0.4442945194069632	0.17140898183064793	0.10713520462824085	0.7446485808276547	1.4049591763302476	6.460989840021611	2.7204865202460518	4.199679993413584	5.522269446489951	4.868515145106509	5.554458344216619	4.412160393041305	4.741719792534797
	# checklists reporting species - (Snowy Owl)	2848	1890	1554	2172	1397	1451	1757	1282	1235	1104	966	996	451	307	276	359	173	201	80	107	53	26	20	44	7	11	9	44	21	18	22	16	11	3	1	5	2	2	10	51	102	226	379	761	985	1059	1220	2325
	
High Count
	Snowy Owl	42	24	22	33	47	23	37	40	31	40	37	41	44	57	11	25	2	3	3	2	2	1	1	2	2	1	1	1	1	1	1	1	1	1	1	2	1	1	2	5	13	14	11	16	17	15	41	47
	# checklists reporting species - (Snowy Owl)	3308	2196	1896	2530	1670	1761	2085	1542	1466	1313	1121	1166	537	364	313	386	188	219	93	114	57	29	21	49	8	11	10	44	23	25	25	16	19	5	1	5	2	5	18	78	163	338	512	951	1202	1281	1506	2729
	
Totals
	Snowy Owl	5744	3603	2945	4075	2557	2685	3390	2589	2321	2125	1876	2002	868	643	475	544	195	226	99	117	60	29	21	54	9	11	10	44	23	25	25	16	19	5	1	7	2	5	20	90	257	479	718	1453	1786	2021	2477	4643
	# checklists reporting species - (Snowy Owl)	3265	2168	1869	2492	1646	1738	2059	1520	1448	1293	1105	1151	534	361	311	386	187	218	90	112	57	29	21	48	8	11	10	44	23	25	25	16	19	5	1	5	2	5	18	78	161	333	507	942	1182	1262	1492	2691
	
Average Count
	Snowy Owl	1.7592649310872894	1.66190036900369	1.575708935259497	1.6352327447833066	1.5534629404617255	1.54487917146145	1.6464303059737737	1.7032894736842106	1.602900552486188	1.6434648105181748	1.697737556561086	1.7393570807993048	1.6254681647940075	1.7811634349030472	1.527331189710611	1.4093264248704662	1.0427807486631016	1.036697247706422	1.1	1.0446428571428572	1.0526315789473684	1.0	1.0	1.125	1.125	1.0	1.0	1.0	1.0	1.0	1.0	1.0	1.0	1.0	1.0	1.4	1.0	1.0	1.1111111111111112	1.1538461538461537	1.5962732919254659	1.4384384384384385	1.4161735700197238	1.5424628450106157	1.5109983079526226	1.6014263074484945	1.6601876675603218	1.7253808992939428
	# checklists reporting species - (Snowy Owl)	3265	2168	1869	2492	1646	1738	2059	1520	1448	1293	1105	1151	534	361	311	386	187	218	90	112	57	29	21	48	8	11	10	44	23	25	25	16	19	5	1	5	2	5	18	78	161	333	507	942	1182	1262	1492	2691
	
