

	Week starting on...	1/1	1/8	1/15	1/22	2/1	2/8	2/15	2/22	3/1	3/8	3/15	3/22	4/1	4/8	4/15	4/22	5/1	5/8	5/15	5/22	6/1	6/8	6/15	6/22	7/1	7/8	7/15	7/22	8/1	8/8	8/15	8/22	9/1	9/8	9/15	9/22	10/1	10/8	10/15	10/22	11/1	11/8	11/15	11/22	12/1	12/8	12/15	12/22
Frequency (%)
	Forster's Tern	0.0	0.0	0.0	0.0	0.0	0.0	0.0	0.0	0.0	0.0	0.0	0.010145203221102024	0.1536902550244891	0.8030297717151172	1.337210314627479	1.875557453864804	2.5759911363745847	3.2325910022017985	1.6964761766274052	0.6764466177669112	0.3656135745757945	0.2977456401531263	0.23657870791628755	0.2974304822245688	0.4	0.407286254890642	0.4087557779730297	0.3520261972984036	0.40638711069553335	0.4738108458263927	0.41742668724568543	0.25999498255296827	0.21655021077553852	0.2688329144994448	0.17963724865272063	0.13545469155359643	0.13312561960062314	0.0810591731964334	0.13068478829064298	0.09305473310210642	0.02445253491278596	0.01194208090759815	0.0032335251891612237	0.0	0.0	0.0	0.0	0.0
	Total # checklists submitted - (Forster's Tern)	62273	43331	38620	54106	37238	53163	75553	42285	42866	50027	55502	78855	59210	57034	57433	79603	83036	91289	82524	85890	53335	51722	49455	56820	41250	31182	26177	36645	27806	27015	28508	43847	34634	34222	34514	43557	35305	37010	34434	47284	36806	33495	30926	37834	33146	28875	32707	48741
	
Abundance
	Forster's Tern	0.0	0.0	0.0	0.0	0.0	0.0	0.0	0.0	0.0	0.0	0.0	1.5217804831653035E-4	0.0032426954906265835	0.02512536381807343	0.06000034823185277	0.11370174490911146	0.13578447902114746	0.15269090470922017	0.06411468178954001	0.02520665968098731	0.03659885628574107	0.009048373999458644	0.022100899807906176	0.014783526927138331	0.02821818181818182	0.02273747674940671	0.02124001986476678	0.024041479055805705	0.01999568438466518	0.026133629465111975	0.05896590430756279	0.012224325495472895	0.01204019171911994	0.009964350417859856	0.006345251202410616	0.002089216429046996	0.0026341877920974368	0.0015401242907322344	0.0016843817157460648	0.002580153963285678	2.9886431560071725E-4	1.194208090759815E-4	3.233525189161224E-5	0.0	0.0	0.0	0.0	0.0
	Total # checklists submitted - (Forster's Tern)	62273	43331	38620	54106	37238	53163	75553	42285	42866	50027	55502	78855	59210	57034	57433	79603	83036	91289	82524	85890	53335	51722	49455	56820	41250	31182	26177	36645	27806	27015	28508	43847	34634	34222	34514	43557	35305	37010	34434	47284	36806	33495	30926	37834	33146	28875	32707	48741
	
Birds Per Party Hour
	Forster's Tern	0.0	0.0	0.0	0.0	0.0	0.0	0.0	0.0	0.0	0.0	0.0	3.857538956674131	4.132634780717432	7.562461706608884	8.663423100919479	9.629537675670475	7.756250778776813	6.564370559595322	6.220335000476681	5.615923315948722	7.251940926334732	7.245941865058508	9.047252358950944	43.556367104841655	12.38434330400081	7.553666774253458	9.021039119336372	9.823063025199787	3.6483032187023086	6.790332291582504	10.77991419040453	7.622474371498967	5.606383303912692	3.472957609962175	1.8076536738929248	2.084962739910833	1.6497001954880444	2.6037653549577704	1.7531751983592854	2.1603493559078313	1.4876967233286782	0.585	0.0	0.8	0.0	0.0	0.0	0.0
	# checklists reporting species - (Forster's Tern)	0.0	0.0	0.0	0.0	0.0	0.0	0.0	0.0	0.0	0.0	1	13	113	514	804	1500	2003	2502	1206	641	222	166	145	198	194	165	135	145	121	145	117	116	78	95	81	77	52	35	50	53	10	5	1	1	0.0	0.0	0.0	0.0
	
High Count
	Forster's Tern	0.0	0.0	0.0	0.0	0.0	0.0	0.0	0.0	0.0	0.0	1	3	12	42	257	220	500	700	220	130	835	139	1000	240	250	920	600	200	50	70	800	45	50	108	100	13	6	200	4	35	3	1	1	1	0.0	0.0	0.0	0.0
	# checklists reporting species - (Forster's Tern)	0.0	0.0	0.0	0.0	0.0	0.0	0.0	0.0	0.0	0.0	1	19	141	592	952	1747	2554	3594	1716	786	270	208	163	225	220	186	151	179	142	170	143	158	117	124	107	98	69	47	64	62	10	10	1	1	0.0	0.0	0.0	0.0
	
Totals
	Forster's Tern	0.0	0.0	0.0	0.0	0.0	0.0	0.0	0.0	0.0	0.0	1	26	287	1850	4911	11300	13554	16944	6716	2956	2218	840	2626	1962	2406	3600	2120	1413	730	890	1720	690	491	410	314	161	133	285	82	145	12	10	1	1	0.0	0.0	0.0	0.0
	# checklists reporting species - (Forster's Tern)	0.0	0.0	0.0	0.0	0.0	0.0	0.0	0.0	0.0	0.0	1	19	134	568	906	1618	2172	2772	1316	707	257	196	157	216	208	176	143	168	130	164	134	144	104	116	101	94	69	45	64	61	10	10	1	1	0.0	0.0	0.0	0.0
	
Average Count
	Forster's Tern	0.0	0.0	0.0	0.0	0.0	0.0	0.0	0.0	0.0	0.0	1.0	1.368421052631579	2.1417910447761193	3.257042253521127	5.420529801324503	6.983930778739184	6.240331491712707	6.112554112554113	5.103343465045593	4.181046676096181	8.630350194552529	4.285714285714286	16.726114649681527	9.083333333333334	11.567307692307692	20.454545454545453	14.825174825174825	8.410714285714286	5.615384615384615	5.426829268292683	12.835820895522389	4.791666666666667	4.721153846153846	3.5344827586206895	3.108910891089109	1.7127659574468086	1.9275362318840579	6.333333333333333	1.28125	2.377049180327869	1.2	1.0	1.0	1.0	0.0	0.0	0.0	0.0
	# checklists reporting species - (Forster's Tern)	0.0	0.0	0.0	0.0	0.0	0.0	0.0	0.0	0.0	0.0	1	19	134	568	906	1618	2172	2772	1316	707	257	196	157	216	208	176	143	168	130	164	134	144	104	116	101	94	69	45	64	61	10	10	1	1	0.0	0.0	0.0	0.0
	
