

	Week starting on...	1/1	1/8	1/15	1/22	2/1	2/8	2/15	2/22	3/1	3/8	3/15	3/22	4/1	4/8	4/15	4/22	5/1	5/8	5/15	5/22	6/1	6/8	6/15	6/22	7/1	7/8	7/15	7/22	8/1	8/8	8/15	8/22	9/1	9/8	9/15	9/22	10/1	10/8	10/15	10/22	11/1	11/8	11/15	11/22	12/1	12/8	12/15	12/22
Frequency (%)
	Black Vulture	0.15415990878872063	0.10385174586323878	0.10098394614189539	0.06468783499057405	0.04296686180783071	0.018810074675996463	0.03044220613344275	0.056757715501951043	0.034992768161246676	0.04997301457213105	0.07026773809952795	0.07101642254771416	0.043911501435568316	0.04383350282287758	0.047011300123622306	0.03391831966131929	0.012042969314514186	0.028480977992967386	0.029082448742184092	0.005821399464431249	0.0	0.007733652990990294	0.0040440804772014964	0.007039774727208729	0.014545454545454545	0.012827913539862741	0.015280589830767466	0.010915541001500887	0.0035963461123498523	0.014806588932074772	0.017538936438894343	0.006841973225078113	0.0028873361436738466	0.0	0.008692124934809062	0.018366737837775787	0.00283245999150262	0.03782761415833558	0.08131497938084452	0.0782505710176804	0.04890506982557192	0.07165248544558889	0.12610748237728772	0.24052439604588466	0.36203463464671454	0.12121212121212122	0.03363194423212156	0.08822141523563325
	Total # checklists submitted - (Black Vulture)	62273	43331	38620	54106	37238	53163	75553	42285	42866	50027	55502	78855	59210	57034	57433	79603	83036	91289	82524	85890	53335	51722	49455	56820	41250	31182	26177	36645	27806	27015	28508	43847	34634	34222	34514	43557	35305	37010	34434	47284	36806	33495	30926	37834	33146	28875	32707	48741
	
Abundance
	Black Vulture	0.0033561896809211054	0.002492441900717731	0.0024598653547384776	0.0021809041511107827	0.0013158601428648155	5.078720162519045E-4	7.941445078289413E-4	0.0011588033581648339	6.765268511174357E-4	0.0010794171147580306	9.7293791214731E-4	0.0012427873945849977	6.755615605472049E-4	7.013360451660413E-4	5.571709644281162E-4	4.899312839968343E-4	1.2042969314514186E-4	3.5053511375959866E-4	3.635306092773012E-4	5.821399464431249E-5	0.0	1.1600479486485442E-4	4.0440804772014964E-5	1.0559662090813094E-4	1.9393939393939395E-4	1.9241870309794111E-4	2.674103220384307E-4	1.637331150225133E-4	1.438538444939941E-4	2.5911530631130854E-4	2.4554511014452084E-4	9.122630966770817E-5	2.8873361436738465E-5	0.0	2.0281624847887813E-4	4.3621002364717496E-4	5.66491998300524E-5	6.754931099702783E-4	0.0012197246907126678	9.728449369765671E-4	0.0013584741618214422	0.0021495745633676668	0.0036538834637521826	0.008272981973885922	0.012610873106860557	0.002909090909090909	7.032133793989055E-4	0.0016823618719353317
	Total # checklists submitted - (Black Vulture)	62273	43331	38620	54106	37238	53163	75553	42285	42866	50027	55502	78855	59210	57034	57433	79603	83036	91289	82524	85890	53335	51722	49455	56820	41250	31182	26177	36645	27806	27015	28508	43847	34634	34222	34514	43557	35305	37010	34434	47284	36806	33495	30926	37834	33146	28875	32707	48741
	
Birds Per Party Hour
	Black Vulture	16.20682685484696	13.567445215046297	8.386667060698343	14.179563072764974	16.433525130451248	24.527290060140622	8.296243432383664	10.388667048263546	11.820655402905357	15.066122823421384	6.3356397652951415	4.046942752516184	2.9234619456851725	3.4134142399120058	3.8568266957734116	2.3908904079532696	1.568756633412165	0.8555200047582113	2.7445302969479393	0.3052111959484925	0.0	10.955442516878225	0.774899546175205	1.4591551191334817	4.237237914971701	5.003444517113582	8.846874547128715	4.40036231884058	12.618296529968454	3.469773200255381	2.5254112272881337	2.672705314009662	1.996007984031936	0.0	6.05	9.415597054791178	2.9940119760479043	6.809170884253272	5.019412129198189	4.4718926380058726	9.89094167755845	8.431846900677922	13.089853316341092	16.488102797970626	18.074015174257415	12.512542991624365	11.919465445792326	10.652388325920318
	# checklists reporting species - (Black Vulture)	112	55	45	39	22	10	24	28	16	29	52	71	33	27	36	43	18	39	36	6	3	6	3	12	8	5	6	4	1	6	8	6	3	2	4	10	2	17	35	52	21	28	40	113	155	41	16	56
	
High Count
	Black Vulture	8	9	8	13	8	5	6	8	4	6	4	8	4	6	4	4	1	3	5	3	1	2	3	2	2	2	2	3	4	3	3	3	1	1	5	5	2	3	6	9	11	10	12	11	11	8	8	8
	# checklists reporting species - (Black Vulture)	128	66	54	58	32	17	33	35	26	44	69	101	51	46	44	70	27	64	53	18	4	8	5	13	9	7	11	6	4	7	15	20	8	5	6	12	3	19	35	54	27	36	42	121	166	44	16	79
	
Totals
	Black Vulture	261	147	121	143	91	34	70	61	41	81	84	149	65	64	52	88	27	67	59	20	4	10	7	15	11	9	14	8	7	10	19	23	8	5	10	23	4	32	49	68	63	89	127	429	519	108	44	131
	# checklists reporting species - (Black Vulture)	128	66	54	58	32	17	33	35	26	44	69	101	51	46	43	68	27	61	52	18	4	8	5	13	9	7	11	6	4	7	15	20	8	5	6	12	3	19	35	54	26	35	42	121	164	44	16	79
	
Average Count
	Black Vulture	2.0390625	2.227272727272727	2.240740740740741	2.4655172413793105	2.84375	2.0	2.121212121212121	1.7428571428571429	1.5769230769230769	1.8409090909090908	1.2173913043478262	1.4752475247524752	1.2745098039215685	1.391304347826087	1.2093023255813953	1.2941176470588236	1.0	1.098360655737705	1.1346153846153846	1.1111111111111112	1.0	1.25	1.4	1.1538461538461537	1.2222222222222223	1.2857142857142858	1.2727272727272727	1.3333333333333333	1.75	1.4285714285714286	1.2666666666666666	1.15	1.0	1.0	1.6666666666666667	1.9166666666666667	1.3333333333333333	1.6842105263157894	1.4	1.2592592592592593	2.423076923076923	2.5428571428571427	3.0238095238095237	3.5454545454545454	3.1646341463414633	2.4545454545454546	2.75	1.6582278481012658
	# checklists reporting species - (Black Vulture)	128	66	54	58	32	17	33	35	26	44	69	101	51	46	43	68	27	61	52	18	4	8	5	13	9	7	11	6	4	7	15	20	8	5	6	12	3	19	35	54	26	35	42	121	164	44	16	79
	
