

	Week starting on...	1/1	1/8	1/15	1/22	2/1	2/8	2/15	2/22	3/1	3/8	3/15	3/22	4/1	4/8	4/15	4/22	5/1	5/8	5/15	5/22	6/1	6/8	6/15	6/22	7/1	7/8	7/15	7/22	8/1	8/8	8/15	8/22	9/1	9/8	9/15	9/22	10/1	10/8	10/15	10/22	11/1	11/8	11/15	11/22	12/1	12/8	12/15	12/22
Frequency (%)
	Field Sparrow	0.24087485748237597	0.2330894740486026	0.2330398757120663	0.2532066683916756	0.19335087813523819	0.1260275003291763	0.09662091511918786	0.1513539080052028	0.15396817990948536	0.13992444080196692	0.194587582429462	0.4679474985733308	1.381523391319034	4.043202300382228	5.818954259746139	8.528573043729509	10.35574931355075	8.165277306137652	7.655954631379962	7.439748515543136	6.982281803693635	6.703143729940837	6.229905975128905	5.797254487856389	5.4399999999999995	5.493553973446219	5.455170569583986	4.917451221176149	3.6790620729338994	2.5652415324819544	2.5501613582152376	1.774351723036924	1.507189466997748	1.5370229676816083	1.587761488091789	2.077737217898386	3.019402350941793	3.393677384490678	3.0928733228785505	1.6897893579223418	0.7145574091180786	0.4299149126735334	0.25544848994373665	0.19559126711423588	0.23532251252036443	0.18354978354978355	0.5778579508973614	0.33236905274819967
	Total # checklists submitted - (Field Sparrow)	62273	43331	38620	54106	37238	53163	75553	42285	42866	50027	55502	78855	59210	57034	57433	79603	83036	91289	82524	85890	53335	51722	49455	56820	41250	31182	26177	36645	27806	27015	28508	43847	34634	34222	34514	43557	35305	37010	34434	47284	36806	33495	30926	37834	33146	28875	32707	48741
	
Abundance
	Field Sparrow	0.004689030558990253	0.0036232720223396643	0.0038063179699637495	0.004953239936421099	0.003061388903807938	0.0019186276169516393	0.0013368099215120511	0.001797327657561783	0.002566136331824756	0.0021788234353449136	0.002792692155237649	0.008242977617145394	0.028390474581996283	0.09394396324999123	0.14474256960284157	0.21036895594387145	0.24920516402524207	0.1639299367941373	0.15540933546604624	0.15404587262777972	0.1460579356895097	0.1538610262557519	0.13677080173895462	0.12129531854980641	0.12266666666666666	0.12728497209928805	0.12327615845971654	0.12138081593668987	0.08250017981730562	0.061114195817138624	0.07176932790795566	0.04764294022396059	0.03632268868741699	0.03784115481269359	0.038506113461204146	0.055949675138324495	0.07202945758391163	0.07533099162388544	0.0719347156879828	0.039463666356484225	0.011927403140792263	0.00883713987162263	0.004300588501584427	0.004757625416292224	0.0050986544379412295	0.0036363636363636364	0.018100100895832697	0.00705771321885066
	Total # checklists submitted - (Field Sparrow)	62273	43331	38620	54106	37238	53163	75553	42285	42866	50027	55502	78855	59210	57034	57433	79603	83036	91289	82524	85890	53335	51722	49455	56820	41250	31182	26177	36645	27806	27015	28508	43847	34634	34222	34514	43557	35305	37010	34434	47284	36806	33495	30926	37834	33146	28875	32707	48741
	
Birds Per Party Hour
	Field Sparrow	3.2426148505847396	3.520515805309672	4.118721894744899	3.740315248133579	2.5842133249431223	3.039705494237473	1.9553475537991412	2.4494771198187406	3.5795280703442995	3.2636534976497784	1.5511088351341724	1.63253347432875	2.3970520192747733	2.344780899937061	2.957808086033718	2.6287736167830587	2.5381888201523806	2.2003157907811395	2.2735513704077093	2.6590273387494605	3.7243930734845003	4.184167445726303	4.391299054234201	5.018135070534279	4.269458485702216	3.670461752346686	2.8456010702333154	3.1831417585314563	2.4645395251764466	2.2703103430318308	2.4516428089195217	2.1273453385229186	1.9199922854888043	1.7978009606688319	1.955340171025703	2.1259384745797933	1.917192055898204	1.7149347029505986	1.7458044744148915	1.582155094749982	1.2979327252910873	1.2845816119073024	1.8235017540217218	2.7835212674090033	2.0498327585850764	1.9961508563475585	1.3434115616252023	2.204257434253431
	# checklists reporting species - (Field Sparrow)	145	96	89	140	75	68	68	59	60	69	102	398	846	2353	3369	6812	8380	6914	5982	6211	3724	3435	3061	3283	2234	1683	1442	1828	1026	708	729	770	532	533	549	917	1065	1246	1086	833	267	148	82	76	80	64	196	151
	
High Count
	Field Sparrow	25	8	8	27	10	9	12	7	14	8	6	90	185	300	200	200	400	40	30	23	23	40	29	28	24	30	20	25	21	30	46	36	25	14	20	40	39	75	23	80	25	30	12	18	10	7	41	32
	# checklists reporting species - (Field Sparrow)	198	121	103	168	86	80	80	70	72	82	129	456	967	2581	3782	7524	9455	8290	6963	6985	4183	3907	3440	3788	2570	1948	1584	1954	1099	752	776	832	560	568	604	995	1157	1381	1188	927	331	166	92	89	102	75	221	201
	
Totals
	Field Sparrow	383	196	167	356	130	119	121	90	117	127	189	933	2088	5792	9110	18087	22098	16046	13577	13992	8376	8551	7228	7482	5471	4233	3449	4688	2374	1741	2149	2210	1391	1401	1489	2596	2766	3198	2747	2126	560	326	159	201	216	157	658	403
	# checklists reporting species - (Field Sparrow)	194	121	101	166	86	79	80	70	72	81	127	440	934	2501	3623	7160	8760	7301	6263	6493	3999	3708	3249	3592	2452	1851	1501	1877	1053	729	753	802	550	556	583	964	1134	1332	1168	901	323	162	92	89	100	75	218	198
	
Average Count
	Field Sparrow	1.9742268041237114	1.6198347107438016	1.6534653465346534	2.144578313253012	1.5116279069767442	1.5063291139240507	1.5125	1.2857142857142858	1.625	1.5679012345679013	1.4881889763779528	2.1204545454545456	2.235546038543897	2.315873650539784	2.514490753519183	2.5261173184357544	2.5226027397260276	2.197781125873168	2.167810953217308	2.154936085014631	2.094523630907727	2.3060949298813376	2.2246845183133273	2.0829621380846324	2.2312398042414356	2.286871961102107	2.2978014656895405	2.497602557272243	2.254510921177588	2.3882030178326477	2.853917662682603	2.7556109725685785	2.5290909090909093	2.5197841726618706	2.554030874785592	2.6929460580912865	2.439153439153439	2.400900900900901	2.351883561643836	2.3596004439511655	1.7337461300309598	2.0123456790123457	1.7282608695652173	2.258426966292135	2.16	2.0933333333333333	3.018348623853211	2.0353535353535355
	# checklists reporting species - (Field Sparrow)	194	121	101	166	86	79	80	70	72	81	127	440	934	2501	3623	7160	8760	7301	6263	6493	3999	3708	3249	3592	2452	1851	1501	1877	1053	729	753	802	550	556	583	964	1134	1332	1168	901	323	162	92	89	100	75	218	198
	
