

	Week starting on...	1/1	1/8	1/15	1/22	2/1	2/8	2/15	2/22	3/1	3/8	3/15	3/22	4/1	4/8	4/15	4/22	5/1	5/8	5/15	5/22	6/1	6/8	6/15	6/22	7/1	7/8	7/15	7/22	8/1	8/8	8/15	8/22	9/1	9/8	9/15	9/22	10/1	10/8	10/15	10/22	11/1	11/8	11/15	11/22	12/1	12/8	12/15	12/22
Frequency (%)
	Magnolia Warbler	0.0	0.0	0.0	0.0	0.0	0.0	0.0	0.0	0.0	0.0	0.0	0.0	0.0	0.0	0.0017411592638378632	0.043968192153562055	2.798786068693097	13.986351039007985	20.441326159662644	9.998835720107113	6.509796568857223	7.182630215382235	6.838540086947731	5.9327701513551565	6.892121212121212	4.133795138220768	2.2959086220728118	1.5718379042161275	1.4025749838164425	2.087729039422543	4.398765258874702	10.408921933085502	15.045908644684413	16.080299222722225	12.33702265747233	7.897697270243589	3.3423027899730915	0.7565522831667117	0.2032874484521113	0.04652736655105321	0.013584741618214421	0.01194208090759815	0.012934100756644895	0.0026431252312734575	0.0	0.0	0.0	0.0
	Total # checklists submitted - (Magnolia Warbler)	62273	43331	38620	54106	37238	53163	75553	42285	42866	50027	55502	78855	59210	57034	57433	79603	83036	91289	82524	85890	53335	51722	49455	56820	41250	31182	26177	36645	27806	27015	28508	43847	34634	34222	34514	43557	35305	37010	34434	47284	36806	33495	30926	37834	33146	28875	32707	48741
	
Abundance
	Magnolia Warbler	0.0	0.0	0.0	0.0	0.0	0.0	0.0	0.0	0.0	0.0	0.0	0.0	0.0	0.0	1.741159263837863E-5	4.7736894338153087E-4	0.05043595548918541	0.388677715825565	0.5575711308225486	0.23407847246478053	0.12245242336176994	0.1338501991415645	0.11194014760893742	0.0851636747624076	0.11006060606060607	0.0654864986209993	0.041792413187149026	0.027152408241233456	0.021398259368481623	0.033277808624838055	0.07696085309386838	0.26731589390380184	0.4508286654732344	0.4396879200514289	0.28823086283826854	0.153798470969075	0.05378841523863476	0.00953796271278033	0.002323285125166986	4.8642246848828357E-4	1.3584741618214422E-4	1.194208090759815E-4	1.2934100756644895E-4	2.6431252312734577E-5	0.0	0.0	0.0	0.0
	Total # checklists submitted - (Magnolia Warbler)	62273	43331	38620	54106	37238	53163	75553	42285	42866	50027	55502	78855	59210	57034	57433	79603	83036	91289	82524	85890	53335	51722	49455	56820	41250	31182	26177	36645	27806	27015	28508	43847	34634	34222	34514	43557	35305	37010	34434	47284	36806	33495	30926	37834	33146	28875	32707	48741
	
Birds Per Party Hour
	Magnolia Warbler	0.0	0.0	0.0	0.0	0.0	0.0	0.0	0.0	0.0	0.0	0.0	0.0	0.0	0.0	0.25	0.814595178215448	1.265991092932105	1.5336322635343491	1.8176519969463043	2.625776145734412	9.101719458079929	11.736295527335837	12.506592070797705	10.916048518931017	11.524786385745193	8.345483997025285	2.935728469904047	1.4669873446414428	1.0932567360145635	1.2527427267496882	1.3031486037436297	1.6642133923502855	1.970903513465685	1.8547348114735658	1.5942362972578457	1.4238332406216965	1.1909575048959082	0.7776446898089937	0.6655183773846668	1.3155916656564963	0.3418807963617024	0.5718850985916387	0.7483829638420076	0.5	0.0	0.0	0.0	0.0
	# checklists reporting species - (Magnolia Warbler)	0.0	0.0	0.0	0.0	0.0	0.0	0.0	0.0	0.0	0.0	0.0	0.0	0.0	0.0	1	31	2228	12138	17019	9349	3545	3638	3349	3286	2773	1227	566	546	389	541	1258	4511	5139	5511	4262	3465	1228	286	69	22	4	4	4	1	0.0	0.0	0.0	0.0
	
High Count
	Magnolia Warbler	0.0	0.0	0.0	0.0	0.0	0.0	0.0	0.0	0.0	0.0	0.0	0.0	0.0	0.0	1	4	63	500	450	250	42	38	26	23	40	25	20	35	13	30	40	160	230	200	125	125	50	15	5	2	1	1	1	1	0.0	0.0	0.0	0.0
	# checklists reporting species - (Magnolia Warbler)	0.0	0.0	0.0	0.0	0.0	0.0	0.0	0.0	0.0	0.0	0.0	0.0	0.0	0.0	2	45	2849	15289	20012	10839	3905	3918	3560	3582	2976	1388	693	652	467	662	1472	5157	5723	6061	4743	3829	1354	351	96	30	8	7	4	1	0.0	0.0	0.0	0.0
	
Totals
	Magnolia Warbler	0.0	0.0	0.0	0.0	0.0	0.0	0.0	0.0	0.0	0.0	0.0	0.0	0.0	0.0	2	51	4889	41363	54916	26067	7180	7120	5741	5054	4703	2151	1188	1065	697	1059	2575	14229	17485	16990	11493	7703	2190	455	108	32	8	7	4	1	0.0	0.0	0.0	0.0
	# checklists reporting species - (Magnolia Warbler)	0.0	0.0	0.0	0.0	0.0	0.0	0.0	0.0	0.0	0.0	0.0	0.0	0.0	0.0	2	42	2463	13026	17946	9965	3712	3732	3420	3380	2833	1287	606	581	421	611	1391	4932	5513	5857	4558	3697	1314	347	95	30	8	7	4	1	0.0	0.0	0.0	0.0
	
Average Count
	Magnolia Warbler	0.0	0.0	0.0	0.0	0.0	0.0	0.0	0.0	0.0	0.0	0.0	0.0	0.0	0.0	1.0	1.2142857142857142	1.9849776695087291	3.175418393981268	3.060069096177421	2.6158554942298045	1.9342672413793103	1.9078242229367632	1.6786549707602338	1.495266272189349	1.6600776561948465	1.6713286713286712	1.9603960396039604	1.8330464716006885	1.655581947743468	1.7332242225859247	1.8511861969805894	2.8850364963503647	3.1715944132051517	2.900802458596551	2.5215006581834136	2.0835812821206385	1.6666666666666667	1.3112391930835734	1.1368421052631579	1.0666666666666667	1.0	1.0	1.0	1.0	0.0	0.0	0.0	0.0
	# checklists reporting species - (Magnolia Warbler)	0.0	0.0	0.0	0.0	0.0	0.0	0.0	0.0	0.0	0.0	0.0	0.0	0.0	0.0	2	42	2463	13026	17946	9965	3712	3732	3420	3380	2833	1287	606	581	421	611	1391	4932	5513	5857	4558	3697	1314	347	95	30	8	7	4	1	0.0	0.0	0.0	0.0
	
