

	Week starting on...	1/1	1/8	1/15	1/22	2/1	2/8	2/15	2/22	3/1	3/8	3/15	3/22	4/1	4/8	4/15	4/22	5/1	5/8	5/15	5/22	6/1	6/8	6/15	6/22	7/1	7/8	7/15	7/22	8/1	8/8	8/15	8/22	9/1	9/8	9/15	9/22	10/1	10/8	10/15	10/22	11/1	11/8	11/15	11/22	12/1	12/8	12/15	12/22
Frequency (%)
	Dunlin	0.030510815281100955	0.01846253259790912	0.010357327809425169	0.0018482238568735445	0.0	0.0	0.0013235741797149021	0.0	0.0023328512107497782	0.001998920582885242	0.0	0.05199416650814787	0.1807127174463773	0.3822281446154925	0.58677067191336	1.0275994623318216	2.1412399441206222	4.265574165562116	5.557171247152343	5.510536733030621	1.3949564076122623	0.5452225358648157	0.28308563340410475	0.2393523407250968	0.15515151515151515	0.10903726508883331	0.5539213813653207	0.6167280665848001	0.6725167230094224	0.6181750879141218	0.7646976287357935	0.5496385157479416	0.5803545648784432	0.8678627783297295	1.2603581155473143	1.7769818858048074	2.6200254921399235	3.0316130775466092	4.37648835453331	3.8850351070129427	3.1109058305711024	1.716674130467234	0.808381297290306	0.2960300259026273	0.22325469136547396	0.14545454545454545	0.13147032745283885	0.05949816376356661
	Total # checklists submitted - (Dunlin)	62273	43331	38620	54106	37238	53163	75553	42285	42866	50027	55502	78855	59210	57034	57433	79603	83036	91289	82524	85890	53335	51722	49455	56820	41250	31182	26177	36645	27806	27015	28508	43847	34634	34222	34514	43557	35305	37010	34434	47284	36806	33495	30926	37834	33146	28875	32707	48741
	
Abundance
	Dunlin	3.693414481396432E-4	3.2309432046340956E-4	1.0357327809425168E-4	1.8482238568735446E-5	0.0	0.0	1.3235741797149022E-5	0.0	2.3328512107497783E-5	1.998920582885242E-5	0.0	0.002523619301249128	0.017074818442830604	0.09425956447031596	0.15412741803492766	0.5171036267477357	0.9849222024182283	1.6659290823647974	2.168193495225631	2.957818139480731	0.10377800693728322	0.013166544217160975	0.008492569002123142	0.006810982048574446	0.004436363636363637	0.0027580014110704892	2.657714787790809	3.4031382180379315	3.519060634395454	2.2527484730705165	0.7431247369159534	0.6983830136611399	1.5212507940174396	2.524662497808427	0.16300631627745263	2.1996234818743257	0.5311428976065713	0.5036746825182383	1.29380844514143	1.9609593097030709	1.3251915448568168	0.3659053590088073	0.12190389963137813	0.01575302637838981	0.006003741024558016	0.0037748917748917747	0.0021402146329531904	8.001477195789992E-4
	Total # checklists submitted - (Dunlin)	62273	43331	38620	54106	37238	53163	75553	42285	42866	50027	55502	78855	59210	57034	57433	79603	83036	91289	82524	85890	53335	51722	49455	56820	41250	31182	26177	36645	27806	27015	28508	43847	34634	34222	34514	43557	35305	37010	34434	47284	36806	33495	30926	37834	33146	28875	32707	48741
	
Birds Per Party Hour
	Dunlin	0.6546807153440324	2.7334887665622665	1.3136554221459882	0.0	0.0	0.0	10.5	0.0	0.8	12.048192771084338	0.0	10.902155011809693	13.30117799873889	35.95543485043984	40.513528257355006	90.99157002722667	62.28214766744159	61.498076748584275	53.891662411964916	48.95668973134232	9.789191843561172	5.917032382708681	5.316240607222322	8.035664258207785	9.03556815462978	4.999906131188822	69.01746319760304	87.31306434855809	66.07995131268358	45.954724943927474	14.244680188333328	17.449153235397485	30.984975075203774	43.787621543254254	3.23463924445036	11.4853020410835	6.843971747565921	10.25218672123721	20.177857508873853	27.88958775289828	41.100317532818835	21.487497156841567	17.44115006464472	4.1722275341724355	3.080728865962926	2.050045065947907	0.7857030839549781	2.152788138195715
	# checklists reporting species - (Dunlin)	22	7	6	1	0.0	0.0	2	0.0	1	1	0.0	54	127	271	373	918	1746	3638	4501	5198	878	332	159	164	66	31	141	239	195	174	224	247	206	262	447	826	982	1177	1573	1962	1223	629	284	168	109	54	57	35
	
High Count
	Dunlin	4	4	1	1	0.0	0.0	20	0.0	1	1	0.0	30	98	300	325	550	900	2000	7000	10000	400	25	40	35	30	40	19420	12219	19850	11187	4764	4575	5351	12700	1800	12000	3000	1500	3000	3000	3719	1200	400	100	29	28	5	30
	# checklists reporting species - (Dunlin)	34	9	8	2	0.0	0.0	3	0.0	1	1	0.0	60	147	315	490	1072	2263	4975	5833	6349	1110	404	195	179	80	47	162	246	199	178	238	300	279	389	625	1082	1186	1452	1873	2399	1514	842	400	245	159	75	68	47
	
Totals
	Dunlin	51	18	8	2	0.0	0.0	22	0.0	1	1	0.0	258	1266	7917	11436	50917	94844	184137	246793	377666	9849	1139	508	532	209	140	69607	127206	97868	60873	21224	30784	53182	86644	6642	102640	22141	25930	61666	131780	76384	26401	6818	1673	547	188	115	98
	# checklists reporting species - (Dunlin)	32	9	8	2	0.0	0.0	3	0.0	1	1	0.0	60	143	304	465	1002	1907	4008	4983	5918	1058	388	184	177	80	47	158	246	199	178	237	296	269	372	599	1023	1135	1387	1818	2306	1454	812	387	242	154	73	68	47
	
Average Count
	Dunlin	1.59375	2.0	1.0	1.0	0.0	0.0	7.333333333333333	0.0	1.0	1.0	0.0	4.3	8.853146853146853	26.042763157894736	24.593548387096774	50.815369261477045	49.73466177241741	45.94236526946108	49.526991772024886	63.81649205812774	9.309073724007561	2.935567010309278	2.760869565217391	3.005649717514124	2.6125	2.978723404255319	440.5506329113924	517.0975609756098	491.79899497487435	341.9831460674157	89.55274261603375	104.0	197.70260223048328	232.91397849462365	11.088480801335558	100.33235581622678	19.50748898678414	18.695025234318674	33.91969196919692	57.14657415437988	52.533700137551584	32.51354679802956	17.617571059431526	6.913223140495868	3.551948051948052	2.5753424657534247	1.6911764705882353	2.0851063829787235
	# checklists reporting species - (Dunlin)	32	9	8	2	0.0	0.0	3	0.0	1	1	0.0	60	143	304	465	1002	1907	4008	4983	5918	1058	388	184	177	80	47	158	246	199	178	237	296	269	372	599	1023	1135	1387	1818	2306	1454	812	387	242	154	73	68	47
	
