

	Week starting on...	1/1	1/8	1/15	1/22	2/1	2/8	2/15	2/22	3/1	3/8	3/15	3/22	4/1	4/8	4/15	4/22	5/1	5/8	5/15	5/22	6/1	6/8	6/15	6/22	7/1	7/8	7/15	7/22	8/1	8/8	8/15	8/22	9/1	9/8	9/15	9/22	10/1	10/8	10/15	10/22	11/1	11/8	11/15	11/22	12/1	12/8	12/15	12/22
Frequency (%)
	Orchard Oriole	0.0	0.0	0.0	0.0	0.0	0.0	0.0	0.0	0.0	0.0	0.0	0.0	0.0	0.0	0.0034823185276757263	0.18215393892189993	3.2985692952454357	8.464327575063809	7.016140759051911	3.7908953312376292	2.116808849723446	1.6666022195584083	1.3021939136588818	1.6684266103484688	1.1854545454545455	1.1705471105124752	1.1842457118844787	0.7586300996043117	0.7228655685823203	0.6292800296131779	0.41742668724568543	0.2189431432024996	0.05774672287347693	0.0029220968967330957	0.0057947499565393756	0.006887526689165921	0.0	0.0	0.0029041064064587326	0.0	0.002716948323642884	0.005971040453799075	0.0032335251891612237	0.0	0.0	0.0	0.0	0.0
	Total # checklists submitted - (Orchard Oriole)	62273	43331	38620	54106	37238	53163	75553	42285	42866	50027	55502	78855	59210	57034	57433	79603	83036	91289	82524	85890	53335	51722	49455	56820	41250	31182	26177	36645	27806	27015	28508	43847	34634	34222	34514	43557	35305	37010	34434	47284	36806	33495	30926	37834	33146	28875	32707	48741
	
Abundance
	Orchard Oriole	0.0	0.0	0.0	0.0	0.0	0.0	0.0	0.0	0.0	0.0	0.0	0.0	0.0	0.0	3.482318527675726E-5	0.00342951898797784	0.07133050724986753	0.2394921622539408	0.17180456594445254	0.06741180579811387	0.03311146526671042	0.0249410308959437	0.02202001819836215	0.030077437521999296	0.022593939393939395	0.02183952280161632	0.02269167589868969	0.01612771182971756	0.01413364022153492	0.011327040533037201	0.006559562228146485	0.0034437931899559833	6.640873130449847E-4	2.9220968967330958E-5	5.794749956539375E-5	6.887526689165921E-5	0.0	0.0	2.9041064064587326E-5	0.0	2.7169483236428842E-5	5.971040453799075E-5	3.233525189161224E-5	0.0	0.0	0.0	0.0	0.0
	Total # checklists submitted - (Orchard Oriole)	62273	43331	38620	54106	37238	53163	75553	42285	42866	50027	55502	78855	59210	57034	57433	79603	83036	91289	82524	85890	53335	51722	49455	56820	41250	31182	26177	36645	27806	27015	28508	43847	34634	34222	34514	43557	35305	37010	34434	47284	36806	33495	30926	37834	33146	28875	32707	48741
	
Birds Per Party Hour
	Orchard Oriole	0.0	0.0	0.0	0.0	0.0	0.0	0.0	0.0	0.0	0.0	0.0	0.0	0.0	0.0	0.4284490145672665	1.3810442363957374	1.5211328778231465	1.6149775874628503	1.4323961420945015	1.5477400711392666	2.7570936136148245	3.597841910118643	2.592717148515427	5.5782236915122185	2.19284416507908	2.3584101003380464	2.7381434343623785	1.9787557650850462	1.4768975662676753	1.1865079379195032	1.0502469529812968	0.9054730043307162	0.26660789071727253	0.75	1.25	0.4257130693912303	0.0	0.0	0.9233610341643582	0.0	0.46860356138706655	0.672654268808115	0.5882352941176471	0.0	0.0	0.0	0.0	0.0
	# checklists reporting species - (Orchard Oriole)	0.0	0.0	0.0	0.0	0.0	0.0	0.0	0.0	0.0	0.0	0.0	0.0	0.0	0.0	2	170	2623	6679	5267	3236	1153	872	669	998	518	388	323	301	212	184	136	116	26	3	2	3	0.0	0.0	1	0.0	1	2	1	0.0	0.0	0.0	0.0	0.0
	
High Count
	Orchard Oriole	0.0	0.0	0.0	0.0	0.0	0.0	0.0	0.0	0.0	0.0	0.0	0.0	0.0	0.0	1	29	60	190	100	50	20	14	20	19	20	12	60	120	30	14	40	9	4	1	1	1	0.0	0.0	1	0.0	1	1	1	0.0	0.0	0.0	0.0	0.0
	# checklists reporting species - (Orchard Oriole)	0.0	0.0	0.0	0.0	0.0	0.0	0.0	0.0	0.0	0.0	0.0	0.0	0.0	0.0	4	207	3284	9060	6758	3845	1331	1017	814	1143	626	438	356	335	230	207	152	137	31	3	3	5	0.0	0.0	1	0.0	1	2	1	0.0	0.0	0.0	0.0	0.0
	
Totals
	Orchard Oriole	0.0	0.0	0.0	0.0	0.0	0.0	0.0	0.0	0.0	0.0	0.0	0.0	0.0	0.0	4	358	6709	24594	15845	6524	2000	1465	1283	1968	1135	808	766	903	511	405	279	225	40	3	3	5	0.0	0.0	1	0.0	1	2	1	0.0	0.0	0.0	0.0	0.0
	# checklists reporting species - (Orchard Oriole)	0.0	0.0	0.0	0.0	0.0	0.0	0.0	0.0	0.0	0.0	0.0	0.0	0.0	0.0	4	195	2867	7369	5717	3574	1303	978	784	1114	605	426	346	327	226	203	146	129	30	3	3	5	0.0	0.0	1	0.0	1	2	1	0.0	0.0	0.0	0.0	0.0
	
Average Count
	Orchard Oriole	0.0	0.0	0.0	0.0	0.0	0.0	0.0	0.0	0.0	0.0	0.0	0.0	0.0	0.0	1.0	1.8358974358974358	2.3400767352633416	3.3374949111141268	2.771558509707889	1.825405707890319	1.5349194167306217	1.4979550102249488	1.6364795918367347	1.7666068222621185	1.8760330578512396	1.8967136150234742	2.213872832369942	2.761467889908257	2.2610619469026547	1.9950738916256157	1.9109589041095891	1.744186046511628	1.3333333333333333	1.0	1.0	1.0	0.0	0.0	1.0	0.0	1.0	1.0	1.0	0.0	0.0	0.0	0.0	0.0
	# checklists reporting species - (Orchard Oriole)	0.0	0.0	0.0	0.0	0.0	0.0	0.0	0.0	0.0	0.0	0.0	0.0	0.0	0.0	4	195	2867	7369	5717	3574	1303	978	784	1114	605	426	346	327	226	203	146	129	30	3	3	5	0.0	0.0	1	0.0	1	2	1	0.0	0.0	0.0	0.0	0.0
	
