

	Week starting on...	1/1	1/8	1/15	1/22	2/1	2/8	2/15	2/22	3/1	3/8	3/15	3/22	4/1	4/8	4/15	4/22	5/1	5/8	5/15	5/22	6/1	6/8	6/15	6/22	7/1	7/8	7/15	7/22	8/1	8/8	8/15	8/22	9/1	9/8	9/15	9/22	10/1	10/8	10/15	10/22	11/1	11/8	11/15	11/22	12/1	12/8	12/15	12/22
Frequency (%)
	Blue Jay	29.9166572993111	29.276961067134383	30.093215950284822	30.950356707204374	30.382942155862292	33.15839963884656	35.50223022249282	30.185645027787633	30.737647552839082	29.616007356027747	30.04396237973406	30.11349946103608	29.34132747846648	29.654241329733143	29.430815036651403	32.4736504905594	43.15838913242449	46.60364337433864	47.77276913382774	41.23297240656654	34.583294272054	32.303468543366456	30.013143261550905	29.23442449841605	28.812121212121212	29.539477903918925	32.77686518699622	34.67867376176832	37.76163417967345	37.83823801591708	42.05836958046864	45.29842406550049	51.42056938268753	54.1844427561218	59.9785594251608	60.80308561195674	59.01147146296558	57.64388003242367	52.99413370505896	50.3404957279418	48.0546650002717	46.14420062695925	42.394748755092806	40.33937727969551	35.651360646835215	36.04502164502165	37.643317944170974	36.156418620873595
	Total # checklists submitted - (Blue Jay)	62273	43331	38620	54106	37238	53163	75553	42285	42866	50027	55502	78855	59210	57034	57433	79603	83036	91289	82524	85890	53335	51722	49455	56820	41250	31182	26177	36645	27806	27015	28508	43847	34634	34222	34514	43557	35305	37010	34434	47284	36806	33495	30926	37834	33146	28875	32707	48741
	
Abundance
	Blue Jay	1.2632280442567405	1.13103782511366	1.2321853961677887	1.3002809300262448	1.3104892851388368	1.4212140022195887	1.546847908091009	1.169019746955185	1.189100919143377	1.0402582605393087	0.9301826961190588	0.863217297571492	0.791183921634859	0.7572149945646457	0.7502655267877353	1.498322927527857	3.0560841080976924	2.7072265004546003	2.797004507779555	1.4817673768774013	0.8228555357645073	0.6961061057190364	0.6076028712971389	0.5586765223512847	0.5888969696969697	0.6494131229555513	0.7560453833517974	0.8677036430618092	1.017298424800403	1.0250601517675366	1.2322505963238388	1.4665541542180764	1.9893457296298436	4.358453626322249	22.448745436634407	62.90885506348004	56.92590284662229	38.68659821669819	7.4582970320032524	3.0089036460536334	1.7772374069445198	1.5390655321689803	1.43080256095195	1.3834117460485278	1.2681469860616665	1.4157922077922078	2.001161830800746	1.7435629141790279
	Total # checklists submitted - (Blue Jay)	62273	43331	38620	54106	37238	53163	75553	42285	42866	50027	55502	78855	59210	57034	57433	79603	83036	91289	82524	85890	53335	51722	49455	56820	41250	31182	26177	36645	27806	27015	28508	43847	34634	34222	34514	43557	35305	37010	34434	47284	36806	33495	30926	37834	33146	28875	32707	48741
	
Birds Per Party Hour
	Blue Jay	8.997747107197348	8.516242990846452	8.661634694822743	9.107656589718674	8.899182387513946	8.921354108232046	8.287974512045324	8.245223612882532	8.407649372025887	7.110810733183155	6.168269076994138	5.565032333107491	4.868984207655655	4.191164779027584	3.947699377056432	4.695661029843901	6.735115014499136	5.784438198398202	5.413319225582906	4.564754668442675	5.585362219741676	6.26607692667003	6.310003735674203	6.560429894057459	5.240171573151402	4.659423352989401	3.763701965707164	4.049033492302077	4.119718594244511	4.067660815065685	4.380058495662772	4.645140413185495	4.909199751131176	6.358695728305258	15.492184986805963	32.189768483203956	29.389285258630164	17.50420752604922	7.9376099703322	6.1514596165925495	5.860865983716727	5.958551907699763	6.327663867467625	6.520654605304022	6.906281856549913	6.908035762017952	6.969968655672894	7.320943893932916
	# checklists reporting species - (Blue Jay)	18670	12689	11617	16773	11277	17769	27101	12755	13191	14802	16615	23689	17328	16663	16672	25693	35017	40623	37753	34473	18205	16471	14720	16351	11801	9089	8486	12612	10489	10181	11907	19539	17437	18217	20566	26275	20724	21176	18220	23766	17721	15516	13024	15158	11787	10363	12231	17498
	
High Count
	Blue Jay	321	180	105	85	156	120	100	100	150	90	130	110	80	70	460	4500	4800	1500	2500	900	215	225	200	25	28	30	46	50	45	75	84	52	830	50000	50000	81920	158300	99715	11410	4070	555	83	80	90	72	238	474	245
	# checklists reporting species - (Blue Jay)	20333	13663	12513	17952	12216	18686	28216	13707	14109	15819	17805	25429	18723	18025	18151	27611	38419	45951	42353	38023	19728	17782	15935	17836	12918	10009	9378	13919	11493	11197	13063	21483	19235	19969	22537	28864	22737	23166	19726	25761	19043	16659	14035	16307	12760	11147	13217	19025
	
Totals
	Blue Jay	83815	51978	50539	74372	51954	79003	121881	52319	53955	54771	54491	72480	49922	45708	46084	125532	276402	262991	241344	134571	46191	37768	31606	33368	25820	21488	21102	33918	30222	29656	37439	67884	73424	157768	864877	3218443	2255279	1548507	287512	151987	69847	54863	46734	55147	44682	43572	75458	91882
	# checklists reporting species - (Blue Jay)	19638	13270	12143	17499	11833	18322	27798	13349	13766	15413	17240	24633	18029	17342	17376	26504	36126	42026	38921	35650	18770	16989	15172	16870	12219	9463	8841	13179	10938	10634	12430	20430	18290	19087	21523	27536	21708	22142	19015	24838	18442	16187	13638	15838	12371	10860	12914	18482
	
Average Count
	Blue Jay	4.2680008147469195	3.9169555388093444	4.161986329572593	4.250071432653295	4.390602552184569	4.311920096059382	4.384524066479603	3.9193197992358977	3.919439198024117	3.5535586842276	3.1607308584686775	2.9423943490439655	2.7689833046758	2.63568215892054	2.6521639042357275	4.7363416842740715	7.651054642086033	6.257816589730167	6.200868425785566	3.774782608695652	2.4608950452850293	2.223085525928542	2.083179541260216	1.9779490219324245	2.1131025452164662	2.2707386663848674	2.386834068544282	2.5736398816298656	2.7630279758639604	2.7887906714312583	3.0119871279163313	3.3227606461086636	4.014434117003828	8.265730601980405	40.183849835060165	116.88128268448577	103.89160678091027	69.93528136573029	15.120273468314489	6.119131975199291	3.7873874850883853	3.3893247667881634	3.4267487901451825	3.481942164414699	3.6118341282030557	4.012154696132597	5.843115998141552	4.971431663239909
	# checklists reporting species - (Blue Jay)	19638	13270	12143	17499	11833	18322	27798	13349	13766	15413	17240	24633	18029	17342	17376	26504	36126	42026	38921	35650	18770	16989	15172	16870	12219	9463	8841	13179	10938	10634	12430	20430	18290	19087	21523	27536	21708	22142	19015	24838	18442	16187	13638	15838	12371	10860	12914	18482
	
