

	Week starting on...	1/1	1/8	1/15	1/22	2/1	2/8	2/15	2/22	3/1	3/8	3/15	3/22	4/1	4/8	4/15	4/22	5/1	5/8	5/15	5/22	6/1	6/8	6/15	6/22	7/1	7/8	7/15	7/22	8/1	8/8	8/15	8/22	9/1	9/8	9/15	9/22	10/1	10/8	10/15	10/22	11/1	11/8	11/15	11/22	12/1	12/8	12/15	12/22
Frequency (%)
	Black Tern	0.0	0.0	0.0	0.0	0.0	0.0	0.0	0.0	0.0	0.0	0.0	0.0	0.0	0.0017533401129151034	0.00522347779151359	0.028893383415197923	0.6226215135603835	2.4964672633066414	2.76404439920508	2.05844685062289	1.462454298303178	1.038242914040447	0.9645131938125568	1.0665258711721226	1.2	1.1994099159771663	1.2377277762921648	1.0997407559012142	0.8918938358627634	0.6922080325744957	0.5998316262101866	0.49262207220562415	0.4735231275625108	0.2279235579451815	0.08692124934809063	0.08265032026999104	0.03115705990652882	0.00810591731964334	0.017424638438752395	0.008459521191100583	0.002716948323642884	0.0	0.0	0.0	0.0	0.0	0.0	0.0
	Total # checklists submitted - (Black Tern)	62273	43331	38620	54106	37238	53163	75553	42285	42866	50027	55502	78855	59210	57034	57433	79603	83036	91289	82524	85890	53335	51722	49455	56820	41250	31182	26177	36645	27806	27015	28508	43847	34634	34222	34514	43557	35305	37010	34434	47284	36806	33495	30926	37834	33146	28875	32707	48741
	
Abundance
	Black Tern	0.0	0.0	0.0	0.0	0.0	0.0	0.0	0.0	0.0	0.0	0.0	0.0	0.0	3.506680225830207E-5	5.2234777915135894E-5	0.0013441704458374685	0.02744592706777783	0.10981607860749926	0.16842373127817362	0.15034346256840145	0.09095340770600918	0.06562004562855264	0.06612071580224446	0.061633227736712426	0.09221818181818182	0.10323263421204541	0.1308018489513695	0.1682903533906399	0.19348342084442208	0.22565241532481956	0.04121650063140171	0.04155358405364107	0.022723335450713172	0.01896440885979779	0.0019702149852233878	0.0010101705810776683	5.098427984704716E-4	8.10591731964334E-5	1.7424638438752395E-4	8.459521191100583E-5	2.7169483236428842E-5	0.0	0.0	0.0	0.0	0.0	0.0	0.0
	Total # checklists submitted - (Black Tern)	62273	43331	38620	54106	37238	53163	75553	42285	42866	50027	55502	78855	59210	57034	57433	79603	83036	91289	82524	85890	53335	51722	49455	56820	41250	31182	26177	36645	27806	27015	28508	43847	34634	34222	34514	43557	35305	37010	34434	47284	36806	33495	30926	37834	33146	28875	32707	48741
	
Birds Per Party Hour
	Black Tern	0.0	0.0	0.0	0.0	0.0	0.0	0.0	0.0	0.0	0.0	0.0	0.0	0.0	4.0	1.9958245994379833	1.787336766946353	3.384313683528618	4.8698815945309635	7.9390941180178665	8.208607199147227	6.791272924328083	7.325676601731701	8.976408064419076	7.225509001828729	7.405993006561194	8.639485664085733	8.271799813620756	5.234158586154868	5.339293306376425	33.11314165567336	81.97172700281554	49.88825901269661	68.89155717580742	2.0630165572318133	0.6372551748584617	1.780108362499127	28.37787408477078	0.07407407407407407	0.38836656660949115	2.34466188852451	1.0	0.0	0.0	0.0	0.0	0.0	0.0	0.0
	# checklists reporting species - (Black Tern)	0.0	0.0	0.0	0.0	0.0	0.0	0.0	0.0	0.0	0.0	0.0	0.0	0.0	1	4	27	445	1827	1891	1681	745	538	514	630	519	396	342	408	247	187	155	202	189	89	43	51	15	3	8	5	1	1	1	0.0	2	0.0	0.0	0.0
	
High Count
	Black Tern	0.0	0.0	0.0	0.0	0.0	0.0	0.0	0.0	0.0	0.0	0.0	0.0	0.0	2	1	50	210	150	200	250	200	150	200	120	250	206	900	2000	1500	5000	3000	6000	1500	330	50	4	1000	2	1	1	1	1	1	0.0	1	0.0	0.0	0.0
	# checklists reporting species - (Black Tern)	0.0	0.0	0.0	0.0	0.0	0.0	0.0	0.0	0.0	0.0	0.0	0.0	0.0	1	5	60	741	2944	2879	2296	973	702	653	842	710	548	456	563	323	263	251	302	238	117	57	59	16	6	9	5	1	2	1	0.0	2	0.0	0.0	0.0
	
Totals
	Black Tern	0.0	0.0	0.0	0.0	0.0	0.0	0.0	0.0	0.0	0.0	0.0	0.0	0.0	2	5	221	3273	12836	16407	15358	5765	3968	4151	4780	4617	4636	6660	15992	6126	6654	7446	10127	5733	1216	187	77	1324	7	9	5	1	2	1	0.0	2	0.0	0.0	0.0
	# checklists reporting species - (Black Tern)	0.0	0.0	0.0	0.0	0.0	0.0	0.0	0.0	0.0	0.0	0.0	0.0	0.0	1	5	58	591	2203	2199	1975	882	638	589	755	620	476	392	488	286	228	206	268	223	108	55	59	16	6	9	5	1	2	1	0.0	2	0.0	0.0	0.0
	
Average Count
	Black Tern	0.0	0.0	0.0	0.0	0.0	0.0	0.0	0.0	0.0	0.0	0.0	0.0	0.0	2.0	1.0	3.810344827586207	5.538071065989848	5.826600090785293	7.461118690313779	7.77620253164557	6.536281179138322	6.219435736677116	7.047538200339559	6.33112582781457	7.446774193548387	9.739495798319327	16.989795918367346	32.77049180327869	21.41958041958042	29.18421052631579	36.14563106796116	37.78731343283582	25.708520179372197	11.25925925925926	3.4	1.305084745762712	82.75	1.1666666666666667	1.0	1.0	1.0	1.0	1.0	0.0	1.0	0.0	0.0	0.0
	# checklists reporting species - (Black Tern)	0.0	0.0	0.0	0.0	0.0	0.0	0.0	0.0	0.0	0.0	0.0	0.0	0.0	1	5	58	591	2203	2199	1975	882	638	589	755	620	476	392	488	286	228	206	268	223	108	55	59	16	6	9	5	1	2	1	0.0	2	0.0	0.0	0.0
	
