

	Week starting on...	1/1	1/8	1/15	1/22	2/1	2/8	2/15	2/22	3/1	3/8	3/15	3/22	4/1	4/8	4/15	4/22	5/1	5/8	5/15	5/22	6/1	6/8	6/15	6/22	7/1	7/8	7/15	7/22	8/1	8/8	8/15	8/22	9/1	9/8	9/15	9/22	10/1	10/8	10/15	10/22	11/1	11/8	11/15	11/22	12/1	12/8	12/15	12/22
Frequency (%)
	Double-crested Cormorant	1.2702134151237294	1.1008285061503313	0.7379596064215432	0.6320925590507522	0.5639400612277781	0.33858134416793634	0.36398289942159806	0.4020338181388199	0.44324173004245787	0.53770963679613	0.94411012215776	3.0156616574725765	7.828069582840737	13.565592453624154	17.6675430501628	21.355979046015854	23.159834288742232	23.070687596534086	20.75032717754835	15.986727209221097	10.13030842786163	7.865125091837129	7.0670306339096145	7.19288982752552	8.02909090909091	10.380989032133924	13.160407991748482	15.590121435393641	17.906207293389915	20.11104941699056	22.74098498667041	24.756539786074303	26.447999076052437	25.805037695049972	24.3929999420525	23.53697453910967	21.489873955530378	21.680626857606054	20.192251844107567	16.13019203113104	11.777970982991903	7.807135393342291	5.383819439953437	4.0624834804673045	3.240209980088095	2.015584415584416	1.4370012535542849	1.1920149360907655
	Total # checklists submitted - (Double-crested Cormorant)	62273	43331	38620	54106	37238	53163	75553	42285	42866	50027	55502	78855	59210	57034	57433	79603	83036	91289	82524	85890	53335	51722	49455	56820	41250	31182	26177	36645	27806	27015	28508	43847	34634	34222	34514	43557	35305	37010	34434	47284	36806	33495	30926	37834	33146	28875	32707	48741
	
Abundance
	Double-crested Cormorant	0.05748879931912707	0.06136484272230043	0.046789228379078195	0.03260266883524932	0.030560180460819594	0.014446137351165284	0.03356584119756992	0.03157147924796027	0.024704894321840153	0.027864952925420274	0.045187560808619506	0.28683025806860696	1.3469008613409896	3.603780201283445	6.195967475144951	9.586384935241135	10.414073413940942	8.753617631916223	10.679656827104843	12.815915706135755	6.774107059154401	4.215730250183674	4.12261652006875	3.4478176698345653	3.8284363636363636	5.162690013469309	9.548191160178783	12.446200027288853	13.09364885276559	17.430834721451046	19.008629156727935	21.31172030013456	19.519835999307038	15.198673368008883	11.930318131772614	9.391670684390569	9.233791247698626	8.058794920291813	6.213103328105942	3.1589967007867354	1.0658859968483398	0.4080011942080908	0.24322576472870724	0.16728339588729715	0.09940867676341036	0.06192207792207792	0.058244412511083254	0.05266613323485361
	Total # checklists submitted - (Double-crested Cormorant)	62273	43331	38620	54106	37238	53163	75553	42285	42866	50027	55502	78855	59210	57034	57433	79603	83036	91289	82524	85890	53335	51722	49455	56820	41250	31182	26177	36645	27806	27015	28508	43847	34634	34222	34514	43557	35305	37010	34434	47284	36806	33495	30926	37834	33146	28875	32707	48741
	
Birds Per Party Hour
	Double-crested Cormorant	14.009233025081613	12.895999121722776	15.101755340421919	13.526991704185564	17.447003412158736	12.87369024084605	17.15482898630874	21.438829154693913	13.432730442593064	14.713958679968309	10.921136962199071	18.39940483255149	32.30539522055859	33.335918999197446	35.15156499790116	40.33392727083751	33.137598122099206	31.035859862983838	40.148749126413755	60.84020390093631	78.32784636881404	146.3519226523778	102.07091304651215	83.64743818345308	112.84812914187839	80.28123064046514	88.33757850220849	131.07921666976628	77.17071757180331	128.68052878365273	76.10730756989958	77.38972939597537	67.82731871178468	65.58036770960165	45.51034491522965	45.57437316655673	55.08050799881959	42.905479892273476	39.48523125780494	24.314507461012205	20.42621626990139	8.723976731595865	10.959347666329776	15.58374182654256	8.123004254214568	6.902810604321746	6.072832119702893	6.9239462482955005
	# checklists reporting species - (Double-crested Cormorant)	820	487	289	354	211	193	273	176	199	286	543	2407	4580	7456	9700	16255	17814	18691	15049	12480	5118	3861	3398	4007	3264	3132	3383	5612	4861	5245	6176	10194	8609	8320	7983	9794	7309	7843	6769	7465	4288	2611	1630	1530	1111	594	469	601
	
High Count
	Double-crested Cormorant	68	85	72	69	76	34	120	79	60	75	200	1200	2400	3900	5270	8000	10000	7080	8000	10000	6000	6000	8344	9090	10940	10000	5000	20000	13610	15000	15000	20000	7900	10000	13000	10000	10000	8000	5000	8000	6700	500	200	150	113	50	133	134
	# checklists reporting species - (Double-crested Cormorant)	949	550	318	388	241	210	304	204	229	310	610	2672	5154	8453	11097	18379	20801	22898	18488	15067	5936	4497	3913	4559	3755	3595	3864	6431	5573	6063	7249	11982	10040	9634	9194	11135	8155	8683	7507	8244	4666	2840	1794	1710	1276	669	533	703
	
Totals
	Double-crested Cormorant	4197	3071	1948	1865	1375	929	2666	1512	1306	1527	3182	26918	90263	219797	376688	791233	899864	842552	927010	1137314	381924	237298	224958	239191	172479	176942	265856	488624	403412	522171	585180	1039354	734807	570819	466978	439204	365744	334943	232442	162931	49143	14799	7927	6817	3946	2061	2105	3226
	# checklists reporting species - (Double-crested Cormorant)	902	524	305	374	228	204	288	195	223	304	585	2562	4838	7899	10261	16880	18393	19438	15622	12996	5323	4048	3558	4185	3411	3289	3547	5910	5124	5509	6511	10794	9088	8738	8400	10234	7631	8174	7098	7817	4481	2730	1721	1641	1232	650	520	684
	
Average Count
	Double-crested Cormorant	4.6529933481153	5.8606870229007635	6.386885245901639	4.9866310160427805	6.030701754385965	4.553921568627451	9.256944444444445	7.753846153846154	5.856502242152466	5.0230263157894735	5.4393162393162395	10.50663544106167	18.657089706490286	27.825927332573745	36.710651983237504	46.87399289099526	48.924264665905504	43.34561168844532	59.340033286390984	87.51261926746692	71.74976517001691	58.62104743083004	63.22596964586847	57.15436081242533	50.56552330694811	53.79811492854971	74.95235410205808	82.67749576988156	78.72989851678376	94.78507896169904	89.87559514667485	96.28997591254401	80.85464348591549	65.32604715037766	55.592619047619046	42.91616181356263	47.928711833311496	40.976633227306095	32.747534516765285	20.843162338493027	10.966971658112028	5.420879120879121	4.606042998256828	4.154174283973187	3.2029220779220777	3.170769230769231	4.048076923076923	4.716374269005848
	# checklists reporting species - (Double-crested Cormorant)	902	524	305	374	228	204	288	195	223	304	585	2562	4838	7899	10261	16880	18393	19438	15622	12996	5323	4048	3558	4185	3411	3289	3547	5910	5124	5509	6511	10794	9088	8738	8400	10234	7631	8174	7098	7817	4481	2730	1721	1641	1232	650	520	684
	
