

	Week starting on...	1/1	1/8	1/15	1/22	2/1	2/8	2/15	2/22	3/1	3/8	3/15	3/22	4/1	4/8	4/15	4/22	5/1	5/8	5/15	5/22	6/1	6/8	6/15	6/22	7/1	7/8	7/15	7/22	8/1	8/8	8/15	8/22	9/1	9/8	9/15	9/22	10/1	10/8	10/15	10/22	11/1	11/8	11/15	11/22	12/1	12/8	12/15	12/22
Frequency (%)
	Red-necked Grebe	0.46890305589902526	0.22155039117490943	0.17348524080787156	0.09795586441429788	0.08861915247865085	0.1410755600699735	0.1230923987134859	0.3310866737613811	0.6811925535389353	1.3072940612069481	1.6359770819069581	2.1266882252235115	2.788380341158588	2.777290738857524	2.7179496108509045	2.4898559099531425	2.011175875523869	1.1819605867081466	1.2020745480102757	1.4972639422517173	0.6112308990344052	0.4968872046711264	0.4812455767869781	0.4364660330869412	0.46545454545454545	0.5772561092938233	0.6494250678076173	0.6931368535953063	0.9098755664245127	0.7292245049046826	0.8839623965202751	0.8666499418432276	1.2877519200785357	1.376307638361288	1.3849452396129107	1.5290309249948344	1.9940518340178446	2.4398811132126452	3.156763663820642	3.5868369850266473	3.097321088952888	2.427227944469324	1.9562827394425404	1.6730982713960987	1.3003077294394496	0.9281385281385282	0.5472834561408872	0.6093432633716994
	Total # checklists submitted - (Red-necked Grebe)	62273	43331	38620	54106	37238	53163	75553	42285	42866	50027	55502	78855	59210	57034	57433	79603	83036	91289	82524	85890	53335	51722	49455	56820	41250	31182	26177	36645	27806	27015	28508	43847	34634	34222	34514	43557	35305	37010	34434	47284	36806	33495	30926	37834	33146	28875	32707	48741
	
Abundance
	Red-necked Grebe	0.007338653991296388	0.0025847545637072765	0.0020455722423614706	0.0013861678926551583	0.0011815886997153446	0.001580046272783703	0.0019059468187894591	0.013811044105474755	0.039961741240143706	0.08177584104583525	0.13451767503873735	0.46395282480502187	1.1121769971288633	1.4047760984675808	1.2110981491477026	0.5640993429895859	0.22629943638903607	0.08202521661974609	0.07187000145412244	0.10683432297124229	0.03622386800412487	0.028034492092339817	0.0329794762915782	0.037029215065117915	0.039248484848484845	0.035116413315374254	0.05535393666195515	0.05389548369491063	0.08598863554628497	0.05830094392004442	0.07471586922968991	0.08203525896868658	0.12900617889934746	0.17062123780024546	0.13887118270846613	0.1268912000367335	0.15734315252797054	0.20253985409348824	0.20195155950514027	0.20920395905591743	0.15318154648698581	0.13321391252425735	0.1519433486386859	0.13538087434582652	0.15591624932118506	0.10202597402597402	0.017702632463998533	0.016577419421021318
	Total # checklists submitted - (Red-necked Grebe)	62273	43331	38620	54106	37238	53163	75553	42285	42866	50027	55502	78855	59210	57034	57433	79603	83036	91289	82524	85890	53335	51722	49455	56820	41250	31182	26177	36645	27806	27015	28508	43847	34634	34222	34514	43557	35305	37010	34434	47284	36806	33495	30926	37834	33146	28875	32707	48741
	
Birds Per Party Hour
	Red-necked Grebe	2.8666193666912467	2.037487779015571	1.531341592601551	2.4316320126301627	3.800893213088974	3.842406751202635	5.279624139341527	6.921875642873975	8.875076078252762	6.216947394872795	8.414747877454793	28.89129630375135	39.97083055367972	51.7342364508118	38.218247534576705	22.580210750614135	8.98993226779904	5.3598749322636685	4.640724193050989	5.362986523841773	7.266390787345948	7.752494486149671	8.508697821542809	8.858823769777326	9.71979168134441	7.585131068476341	8.224001700830543	13.324384969418123	10.759026404283741	10.443709292148668	7.605296103871554	10.266920498769723	12.247698633707396	12.634296930108137	9.261161393080446	7.678433588128163	9.45421588101211	10.291984187795398	10.801329804356499	6.40828609162819	5.150345095589675	6.084534909933432	9.579692742711918	14.00575798839623	20.129078042979344	19.52072684609198	4.06683740105288	4.250282479602801
	# checklists reporting species - (Red-necked Grebe)	302	93	71	52	38	78	95	142	287	677	899	1620	1545	1477	1486	1946	1660	1075	986	1287	336	266	250	269	200	180	179	263	254	201	245	378	442	471	478	677	731	916	1126	1716	1159	829	614	655	445	279	177	308
	
High Count
	Red-necked Grebe	24	12	4	11	6	9	30	105	325	728	300	1000	2000	2500	5000	1008	500	100	146	50	50	70	53	51	56	79	70	62	79	100	156	264	162	200	500	350	400	500	430	400	100	120	300	700	700	1140	70	350
	# checklists reporting species - (Red-necked Grebe)	362	122	80	65	52	101	125	168	341	761	1018	1910	1876	1858	1826	2279	1875	1218	1142	1484	412	321	309	326	261	227	222	315	305	250	310	457	518	553	555	787	833	1060	1295	1958	1345	932	716	737	530	325	215	368
	
Totals
	Red-necked Grebe	559	141	94	95	69	124	251	643	1887	4510	8184	43549	79405	96720	79215	53232	20150	8073	6515	10447	2531	1883	1997	2426	1960	1335	1717	2416	2770	2153	3007	4478	5432	6949	5911	6448	6724	8358	8208	11716	7115	4908	5238	5389	5569	3144	631	1334
	# checklists reporting species - (Red-necked Grebe)	353	118	79	60	52	101	123	166	333	740	977	1817	1761	1739	1694	2126	1758	1136	1053	1369	382	296	284	300	241	208	204	295	287	233	278	423	490	523	520	740	789	1017	1254	1867	1290	895	681	706	510	307	210	355
	
Average Count
	Red-necked Grebe	1.5835694050991502	1.194915254237288	1.1898734177215189	1.5833333333333333	1.3269230769230769	1.2277227722772277	2.040650406504065	3.8734939759036147	5.666666666666667	6.094594594594595	8.376663254861821	23.96752889378096	45.090857467348094	55.618171362852216	46.76210153482881	25.03857008466604	11.46188850967008	7.106514084507042	6.187084520417854	7.631117604090577	6.62565445026178	6.361486486486487	7.03169014084507	8.086666666666666	8.132780082987551	6.418269230769231	8.416666666666666	8.189830508474577	9.651567944250871	9.240343347639485	10.816546762589928	10.58628841607565	11.085714285714285	13.2868068833652	11.367307692307692	8.713513513513513	8.522179974651458	8.218289085545722	6.545454545454546	6.275307980717729	5.515503875968992	5.4837988826815645	7.691629955947136	7.6331444759206795	10.919607843137255	10.241042345276872	3.0047619047619047	3.7577464788732393
	# checklists reporting species - (Red-necked Grebe)	353	118	79	60	52	101	123	166	333	740	977	1817	1761	1739	1694	2126	1758	1136	1053	1369	382	296	284	300	241	208	204	295	287	233	278	423	490	523	520	740	789	1017	1254	1867	1290	895	681	706	510	307	210	355
	
