

	Week starting on...	1/1	1/8	1/15	1/22	2/1	2/8	2/15	2/22	3/1	3/8	3/15	3/22	4/1	4/8	4/15	4/22	5/1	5/8	5/15	5/22	6/1	6/8	6/15	6/22	7/1	7/8	7/15	7/22	8/1	8/8	8/15	8/22	9/1	9/8	9/15	9/22	10/1	10/8	10/15	10/22	11/1	11/8	11/15	11/22	12/1	12/8	12/15	12/22
Frequency (%)
	Barn Swallow	0.012846659065726719	0.01384689944843184	0.005178663904712584	0.0	0.0	0.0	0.0	0.0	0.0	0.0	0.0018017368743468703	0.04818971530023461	0.48640432359398744	2.698390433776344	7.03254226664113	15.224300591686243	23.987186280649357	27.93764856664001	27.448984537831418	25.16823844452206	20.05249835942627	18.41189435830014	17.611970478212516	18.306934178106303	19.100606060606058	22.150599704957987	23.26469801734347	24.5927138763815	26.476300079119614	24.434573385156394	24.13006875263084	17.46755764362442	11.30392100248311	5.709777336216469	1.9238569855710725	0.7691071469568611	0.33423027899730917	0.19724398811132127	0.14810942672939537	0.0782505710176804	0.03260337988371461	0.02089864158829676	0.006467050378322447	0.0026431252312734575	0.0	0.013852813852813851	0.00611489895129483	0.004103321638866663
	Total # checklists submitted - (Barn Swallow)	62273	43331	38620	54106	37238	53163	75553	42285	42866	50027	55502	78855	59210	57034	57433	79603	83036	91289	82524	85890	53335	51722	49455	56820	41250	31182	26177	36645	27806	27015	28508	43847	34634	34222	34514	43557	35305	37010	34434	47284	36806	33495	30926	37834	33146	28875	32707	48741
	
Abundance
	Barn Swallow	1.60583238321584E-4	2.0770349172647757E-4	7.767995857068877E-5	0.0	0.0	0.0	0.0	0.0	0.0	0.0	3.6034737486937405E-5	5.579861771606113E-4	0.007616956595169735	0.06822246379352667	0.3521668727038462	1.0937401856713942	2.0788814490100678	2.6667835117045864	2.001442004750133	1.4159855629293283	0.9339083153651448	0.7630215382235799	0.7227985036902235	0.8237240408306934	1.0179151515151514	1.4896735296004104	1.7762539634029872	2.3756037658616456	5.125260735093145	14.26348325004627	10.304055002104672	4.264351038839601	2.0411445400473522	0.892905148734732	0.15376369009677232	0.03427692448974906	0.0067695793796912615	0.005187787084571738	0.0024684904454899226	0.0011420353607985787	7.335760473835787E-4	2.38841618151963E-4	6.467050378322448E-5	2.6431252312734577E-5	0.0	2.077922077922078E-4	9.172348426942244E-5	8.206643277733325E-5
	Total # checklists submitted - (Barn Swallow)	62273	43331	38620	54106	37238	53163	75553	42285	42866	50027	55502	78855	59210	57034	57433	79603	83036	91289	82524	85890	53335	51722	49455	56820	41250	31182	26177	36645	27806	27015	28508	43847	34634	34222	34514	43557	35305	37010	34434	47284	36806	33495	30926	37834	33146	28875	32707	48741
	
Birds Per Party Hour
	Barn Swallow	9.174746891758652	18.726060256267314	18.072289156626507	0.0	0.0	0.0	0.0	0.0	0.0	0.0	0.0	1.0891850795171787	1.7180797478276857	4.2955498362933255	8.489580455404392	11.65068601159583	10.689031204012018	11.402611126260746	9.370860587012444	9.583320297866486	11.137222962738058	11.578123719717698	12.426490556322753	14.551129564257616	14.394967821360414	14.591892626471266	13.148716734783381	15.243687242293078	23.77159736591878	119.31875420466584	59.863918049511405	38.15329636632667	12.506727847168198	12.41961961543628	5.962982147234762	2.7908620493908667	1.8241676552815653	2.9170875223211254	1.7262121627994516	1.728711760032951	0.6637260666098731	0.18049570264077808	0.027271735573251882	0.8333333333333334	0.0	3.253003003003003	2.033333333333333	6.130881094952951
	# checklists reporting species - (Barn Swallow)	9	5	2	0.0	0.0	0.0	0.0	0.0	0.0	0.0	0	52	306	1586	3858	11644	18091	22048	19894	19848	10190	9136	8516	10058	7594	6603	5797	8618	7007	6339	6454	7188	3657	1844	611	324	120	79	56	49	15	12	4	2	0	2	3	2
	
High Count
	Barn Swallow	2	2	2	0.0	0.0	0.0	0.0	0.0	0.0	0.0	2	3	10	100	430	2200	4000	7500	2800	600	150	225	160	200	500	520	2300	5000	16870	75000	40000	20000	12500	5000	200	115	18	75	10	4	11	3	1	1	1	2	2	2
	# checklists reporting species - (Barn Swallow)	13	6	2	0.0	0.0	0.0	0.0	0.0	0.0	0.0	2	58	370	1860	4621	13346	21626	27800	24532	23398	11643	10299	9577	11401	8710	7527	6672	9912	8067	7300	7567	8294	4254	2134	735	405	158	105	72	72	21	18	7	2	1	6	5	4
	
Totals
	Barn Swallow	16	9	3	0.0	0.0	0.0	0.0	0.0	0.0	0.0	4	65	564	4692	23394	97407	187908	262040	177658	129274	52849	41797	38844	50282	45234	49692	50639	98538	159133	412217	304757	205004	79356	33257	5593	1716	311	239	125	100	43	24	7	2	1	9	7	8
	# checklists reporting species - (Barn Swallow)	12	6	2	0.0	0.0	0.0	0.0	0.0	0.0	0.0	2	58	364	1790	4332	12289	18837	23023	20661	20729	10639	9499	8887	10508	7959	6914	6095	9099	7383	6706	6882	7638	3938	1985	664	381	146	103	72	71	21	18	7	2	1	6	5	4
	
Average Count
	Barn Swallow	1.3333333333333333	1.5	1.5	0.0	0.0	0.0	0.0	0.0	0.0	0.0	2.0	1.1206896551724137	1.5494505494505495	2.6212290502793296	5.400277008310249	7.926356904548784	9.975473801560758	11.381661816444424	8.598712550215382	6.236383810121087	4.9674781464423345	4.400147383935151	4.370878811747496	4.78511610201751	5.683377308707124	7.187156494070003	8.308285479901558	10.829541707879986	21.553975348774213	61.46987772144348	44.28320255739611	26.84001047394606	20.15134586084307	16.754156171284635	8.423192771084338	4.503937007874016	2.1301369863013697	2.320388349514563	1.7361111111111112	1.408450704225352	2.0476190476190474	1.3333333333333333	1.0	1.0	1.0	1.5	1.4	2.0
	# checklists reporting species - (Barn Swallow)	12	6	2	0.0	0.0	0.0	0.0	0.0	0.0	0.0	2	58	364	1790	4332	12289	18837	23023	20661	20729	10639	9499	8887	10508	7959	6914	6095	9099	7383	6706	6882	7638	3938	1985	664	381	146	103	72	71	21	18	7	2	1	6	5	4
	
