

	Week starting on...	1/1	1/8	1/15	1/22	2/1	2/8	2/15	2/22	3/1	3/8	3/15	3/22	4/1	4/8	4/15	4/22	5/1	5/8	5/15	5/22	6/1	6/8	6/15	6/22	7/1	7/8	7/15	7/22	8/1	8/8	8/15	8/22	9/1	9/8	9/15	9/22	10/1	10/8	10/15	10/22	11/1	11/8	11/15	11/22	12/1	12/8	12/15	12/22
Frequency (%)
	Northern Rough-winged Swallow	0.016058323832158397	0.0	0.0	0.0	0.0	0.0	0.0	0.0	0.0	0.0	0.007206947497387481	0.013949654429015282	0.059111636547880424	0.8784233965704668	3.2542266641129665	6.714571058879691	8.991280890216292	9.892758163634173	8.66778149386845	7.2779136104319475	4.820474360176244	3.9615637446347782	3.4556667677686788	3.37909186906019	3.7890909090909095	4.711051247514591	4.427550903464874	3.8613726292809387	3.3985470761706105	2.687395891171571	2.571208081941911	1.6375122585353614	1.2646532309291447	0.7568230962538718	0.38535087210986846	0.3673347567555158	0.20393711938818865	0.19184004323155904	0.15391763954231283	0.07190593012435496	0.04618812150192903	0.0238841618151963	0.029101726702451012	0.02114500185018766	0.02715259759850359	0.0069264069264069255	0.003057449475647415	0.006154982458299993
	Total # checklists submitted - (Northern Rough-winged Swallow)	62273	43331	38620	54106	37238	53163	75553	42285	42866	50027	55502	78855	59210	57034	57433	79603	83036	91289	82524	85890	53335	51722	49455	56820	41250	31182	26177	36645	27806	27015	28508	43847	34634	34222	34514	43557	35305	37010	34434	47284	36806	33495	30926	37834	33146	28875	32707	48741
	
Abundance
	Northern Rough-winged Swallow	1.60583238321584E-4	0.0	0.0	0.0	0.0	0.0	0.0	0.0	0.0	0.0	7.206947497387481E-5	2.536300805275506E-4	0.0011484546529302482	0.017743801942700844	0.1075688193199032	0.26623368466012587	0.3553880244713136	0.38948832827613405	0.3077044253792836	0.23317033414832924	0.14866410424674228	0.1070144232628282	0.09556162167627136	0.10404787046814502	0.14332121212121213	0.21406580719645948	0.19799824273216945	0.18046118160731342	0.20146730921383874	0.1892282065519156	0.14196015153641084	0.09590165803817821	0.15002598602529307	0.08149728244988604	0.07252129570609028	0.06876047478017311	0.02891941651324175	0.050283707106187514	0.006824650055178022	0.01998561881397513	0.00353203282073575	0.004030452306314375	0.0038802302269934684	6.607813078183645E-4	6.335606106317505E-4	1.038961038961039E-4	6.11489895129483E-5	6.154982458299993E-5
	Total # checklists submitted - (Northern Rough-winged Swallow)	62273	43331	38620	54106	37238	53163	75553	42285	42866	50027	55502	78855	59210	57034	57433	79603	83036	91289	82524	85890	53335	51722	49455	56820	41250	31182	26177	36645	27806	27015	28508	43847	34634	34222	34514	43557	35305	37010	34434	47284	36806	33495	30926	37834	33146	28875	32707	48741
	
Birds Per Party Hour
	Northern Rough-winged Swallow	7.665791552683882	0.0	0.0	0.0	0.0	0.0	0.0	0.0	0.0	0.0	1.8567122193076393	8.095519944332194	4.731310541125771	2.854583973763568	5.908089400932455	5.764312404925664	4.50781746252988	4.55676131151833	4.112269304152817	4.281318188232584	4.920114509874647	5.172744163380437	5.980638703751841	6.879732354470419	6.8052647926129275	7.7807825600451475	6.126377360398424	5.830775863047961	7.136579295786936	5.125645568053463	6.986299022338251	4.764761074972663	7.29795795932904	7.208491972435285	8.494823006340424	10.679325449473312	12.8777641567037	15.985272069660342	21.132911556233267	32.46086460191451	6.158838876952245	4.722759343914129	7.578597645257462	3.452127443109331	8.782548606002852	0.5	4.0	2.8254183846713556
	# checklists reporting species - (Northern Rough-winged Swallow)	11	0.0	0.0	0.0	0.0	0.0	0.0	0.0	0.0	0.0	4	12	37	542	1839	5180	6914	8027	6398	5799	2440	1980	1667	1888	1508	1390	1120	1335	860	693	660	656	398	238	126	159	86	80	61	43	25	17	14	7	18	1	1	5
	
High Count
	Northern Rough-winged Swallow	1	0.0	0.0	0.0	0.0	0.0	0.0	0.0	0.0	0.0	1	6	26	80	100	300	400	500	1000	200	82	150	40	63	140	150	60	700	800	500	500	250	585	500	350	250	245	753	95	300	40	120	57	90	3	2	2	1
	# checklists reporting species - (Northern Rough-winged Swallow)	13	0.0	0.0	0.0	0.0	0.0	0.0	0.0	0.0	0.0	4	12	54	615	2180	5872	8168	9896	7839	6971	2842	2321	1992	2213	1795	1639	1273	1534	1034	819	797	791	486	292	161	195	112	101	79	60	39	20	18	14	18	3	2	5
	
Totals
	Northern Rough-winged Swallow	13	0.0	0.0	0.0	0.0	0.0	0.0	0.0	0.0	0.0	4	21	92	1364	7247	23106	32012	38359	27391	21747	8436	5926	5151	6374	6431	7367	5677	8013	5922	5939	4685	4796	6503	3048	2975	3810	2158	2488	728	1545	217	154	169	124	43	4	4	5
	# checklists reporting species - (Northern Rough-winged Swallow)	13	0.0	0.0	0.0	0.0	0.0	0.0	0.0	0.0	0.0	4	12	52	597	2063	5457	7277	8388	6739	6161	2601	2115	1846	2047	1622	1483	1159	1383	895	726	692	705	438	265	146	186	106	96	77	60	38	19	17	9	18	3	2	5
	
Average Count
	Northern Rough-winged Swallow	1.0	0.0	0.0	0.0	0.0	0.0	0.0	0.0	0.0	0.0	1.0	1.75	1.7692307692307692	2.284757118927973	3.5128453708191953	4.234194612424409	4.399065548989968	4.5730805913209345	4.064549636444577	3.529784125953579	3.243367935409458	2.8018912529550826	2.7903575297941496	3.113825109916952	3.9648581997533907	4.967633175994606	4.898188093183779	5.793926247288503	6.616759776536313	8.180440771349863	6.770231213872832	6.802836879432624	14.84703196347032	11.50188679245283	20.376712328767123	20.483870967741936	20.358490566037737	25.916666666666668	9.454545454545455	25.75	5.7105263157894735	8.105263157894736	9.941176470588236	13.777777777777779	2.388888888888889	1.3333333333333333	2.0	1.0
	# checklists reporting species - (Northern Rough-winged Swallow)	13	0.0	0.0	0.0	0.0	0.0	0.0	0.0	0.0	0.0	4	12	52	597	2063	5457	7277	8388	6739	6161	2601	2115	1846	2047	1622	1483	1159	1383	895	726	692	705	438	265	146	186	106	96	77	60	38	19	17	9	18	3	2	5
	
