

	Week starting on...	1/1	1/8	1/15	1/22	2/1	2/8	2/15	2/22	3/1	3/8	3/15	3/22	4/1	4/8	4/15	4/22	5/1	5/8	5/15	5/22	6/1	6/8	6/15	6/22	7/1	7/8	7/15	7/22	8/1	8/8	8/15	8/22	9/1	9/8	9/15	9/22	10/1	10/8	10/15	10/22	11/1	11/8	11/15	11/22	12/1	12/8	12/15	12/22
Frequency (%)
	Eastern Towhee	0.2248165336502176	0.19616440885278438	0.27446918694976696	0.27908180238790525	0.31688060583275146	0.22948291104715685	0.17735894008179687	0.1844625753813409	0.20762375775673028	0.20988666120295038	0.22161363554466504	0.6023714412529326	1.3409896976862017	3.141985482343865	4.972750857520937	7.228370790045602	10.189556337010455	9.674769139764923	8.237603606223644	5.792292467109093	4.996718852535858	4.816132400139206	4.418157921342634	3.9141147483280534	3.895757575757576	3.922134564813033	4.41991060854949	3.705826170009551	2.9094440048910304	2.3579492874329073	2.2484916514662547	1.8404907975460123	1.6631056187561357	1.5399450645783415	1.6920669873094978	2.247629542897812	3.0363971108908085	3.3396379356930557	2.663065574722658	1.2372049741984603	0.48089985328479057	0.22391401701746527	0.20047856172799589	0.16651688957022784	0.16894949616846677	0.2632034632034632	0.40969822973675357	0.30364580127613305
	Total # checklists submitted - (Eastern Towhee)	62273	43331	38620	54106	37238	53163	75553	42285	42866	50027	55502	78855	59210	57034	57433	79603	83036	91289	82524	85890	53335	51722	49455	56820	41250	31182	26177	36645	27806	27015	28508	43847	34634	34222	34514	43557	35305	37010	34434	47284	36806	33495	30926	37834	33146	28875	32707	48741
	
Abundance
	Eastern Towhee	0.002376631927159443	0.0021231912487595485	0.003210771620921802	0.003400731896647322	0.0034104946559965627	0.0025393600812595226	0.0020118327531666513	0.0019865200425682864	0.002122894601782298	0.0024586723169488477	0.002612518467802962	0.007824487984274936	0.020689072791758148	0.0518462671388996	0.09087110197969808	0.1415650163938545	0.21012572859964354	0.1891684649848284	0.16867820270466774	0.11775526836651531	0.09796568857223212	0.10243223386566645	0.08803963198867658	0.07618796198521648	0.07532121212121212	0.08100827400423322	0.09130152423883561	0.08118433619866285	0.06031072430410703	0.04767721636128077	0.04290023852953557	0.03290989121262572	0.03158745741179188	0.026970954356846474	0.031407544764443414	0.04130220171269831	0.05203229004390313	0.04974331261821129	0.03633037114479874	0.015607816597580577	0.005732760962886486	0.002268995372443648	0.0021341266248464078	0.0021937939419569698	0.0019610209376697036	0.002909090909090909	0.004739046687253493	0.0037750559077573296
	Total # checklists submitted - (Eastern Towhee)	62273	43331	38620	54106	37238	53163	75553	42285	42866	50027	55502	78855	59210	57034	57433	79603	83036	91289	82524	85890	53335	51722	49455	56820	41250	31182	26177	36645	27806	27015	28508	43847	34634	34222	34514	43557	35305	37010	34434	47284	36806	33495	30926	37834	33146	28875	32707	48741
	
Birds Per Party Hour
	Eastern Towhee	2.031093832671068	1.8593271326048884	2.229465137580474	3.249250363756779	3.0613156015314296	2.5656160446864873	2.1143974538388504	3.331485643876443	1.5823311144069765	2.013731123873444	1.2906000379555802	1.5844582866044015	1.717030948197536	1.929407239027437	1.9815643577671618	1.9924788145127559	1.8298103912319421	1.5662112280906078	1.9571305628917264	2.401170455509279	3.1369338299524974	3.5894738683479295	3.577813493085523	4.10168965125514	3.283559286460574	3.05654856039741	2.5599158900148655	2.8949719418512805	2.266736932630312	2.1987751221338523	2.180905760683291	1.6319228252202782	1.649582750653104	1.5332273253269528	1.483489736765344	1.9327262615526046	1.5902589709822326	1.2547025616194456	1.0737907780518967	0.993864464984611	0.7038115719222268	0.971072860037492	2.884295484701185	2.1894602493608484	1.1913192310415903	1.7152211498957592	0.8528822172666467	1.6148531455139241
	# checklists reporting species - (Eastern Towhee)	159	93	114	162	129	122	146	74	91	114	131	507	830	1837	2922	5836	8199	7953	6249	4827	2634	2465	2195	2215	1625	1224	1144	1394	823	633	641	783	576	512	591	969	1084	1242	937	619	183	77	67	68	67	85	148	154
	
High Count
	Eastern Towhee	7	5	4	4	2	2	5	4	2	6	6	15	12	32	24	60	100	36	60	25	38	22	29	30	22	17	20	23	16	15	9	17	15	10	10	16	30	25	10	5	6	2	3	14	4	4	5	6
	# checklists reporting species - (Eastern Towhee)	242	147	168	231	181	174	198	117	120	142	173	595	952	2083	3296	6472	9407	10005	7506	5492	2929	2750	2434	2505	1849	1358	1289	1519	900	687	693	875	621	566	647	1072	1214	1408	1048	711	244	121	92	121	125	140	230	257
	
Totals
	Eastern Towhee	265	160	186	267	190	188	218	126	123	165	198	769	1418	3341	5802	12365	18663	18713	14754	10751	5530	5681	4695	4717	3425	2701	2546	3200	1788	1356	1302	1531	1152	970	1160	1946	2006	2048	1420	877	290	122	96	144	137	148	263	299
	# checklists reporting species - (Eastern Towhee)	239	147	165	230	181	173	198	114	120	141	170	589	916	2005	3175	6187	8601	8505	6563	5053	2761	2598	2301	2344	1742	1286	1208	1447	861	652	659	817	595	540	625	1038	1179	1364	1027	686	239	119	91	121	125	140	228	255
	
Average Count
	Eastern Towhee	1.108786610878661	1.08843537414966	1.1272727272727272	1.1608695652173913	1.0497237569060773	1.0867052023121386	1.101010101010101	1.105263157894737	1.025	1.1702127659574468	1.1647058823529413	1.3056027164685908	1.5480349344978166	1.6663341645885288	1.8274015748031496	1.998545336996929	2.1698639693058945	2.200235155790711	2.2480572908730765	2.127646942410449	2.002897500905469	2.186682063125481	2.0404172099087354	2.012372013651877	1.9661308840413318	2.1003110419906688	2.107615894039735	2.21147201105736	2.076655052264808	2.079754601226994	1.975720789074355	1.8739290085679314	1.9361344537815126	1.7962962962962963	1.856	1.8747591522157996	1.7014418999151824	1.501466275659824	1.382667964946446	1.2784256559766765	1.213389121338912	1.0252100840336134	1.054945054945055	1.1900826446280992	1.096	1.0571428571428572	1.1535087719298245	1.1725490196078432
	# checklists reporting species - (Eastern Towhee)	239	147	165	230	181	173	198	114	120	141	170	589	916	2005	3175	6187	8601	8505	6563	5053	2761	2598	2301	2344	1742	1286	1208	1447	861	652	659	817	595	540	625	1038	1179	1364	1027	686	239	119	91	121	125	140	228	255
	
