

	Week starting on...	1/1	1/8	1/15	1/22	2/1	2/8	2/15	2/22	3/1	3/8	3/15	3/22	4/1	4/8	4/15	4/22	5/1	5/8	5/15	5/22	6/1	6/8	6/15	6/22	7/1	7/8	7/15	7/22	8/1	8/8	8/15	8/22	9/1	9/8	9/15	9/22	10/1	10/8	10/15	10/22	11/1	11/8	11/15	11/22	12/1	12/8	12/15	12/22
Frequency (%)
	Rusty Blackbird	0.3452539623914056	0.26078327294546627	0.3573278094251683	0.5064133367833512	0.4323540469412965	0.2990801873483438	0.2408905007081122	0.3003429111978243	0.43391032519945877	0.5976772542826874	0.8378076465712947	1.266882252235115	1.959128525586894	3.2699793105866672	3.677328365225567	4.727208773538686	4.538995134640397	2.4756542409271654	0.8021908778052445	0.1466992665036675	0.12749601574950784	0.12567186110359227	0.18602770195126883	0.19183386131643787	0.23757575757575758	0.22769546533256366	0.10696412881537228	0.09551098376313276	0.1582392289433935	0.19988895058300943	0.15434264066227024	0.14140077998494766	0.18767684933880002	0.5814972824498861	1.7471171118966216	4.766168468902817	6.684605579946183	7.435828154552823	7.091827844572225	5.348532273073344	3.643427702005108	2.1197193610986718	1.0088598590183018	0.5391975471797854	0.3469498582031014	0.2909090909090909	0.7888219647170331	0.41238382470609963
	Total # checklists submitted - (Rusty Blackbird)	62273	43331	38620	54106	37238	53163	75553	42285	42866	50027	55502	78855	59210	57034	57433	79603	83036	91289	82524	85890	53335	51722	49455	56820	41250	31182	26177	36645	27806	27015	28508	43847	34634	34222	34514	43557	35305	37010	34434	47284	36806	33495	30926	37834	33146	28875	32707	48741
	
Abundance
	Rusty Blackbird	0.0222728951552037	0.020216473194710486	0.019808389435525636	0.014878202047832034	0.020704656533648422	0.014389707127137295	0.015260810292112821	0.012628591699184108	0.02241870013530537	0.029524057009215024	0.06405174588303124	0.08372328958214444	0.12502955581827394	0.23580671178595225	0.43999094597182803	0.7310905367888145	0.3335300351654704	0.12710184140476946	0.023762784159759586	0.003457911281872162	0.002418674416424487	0.0019140791152700979	0.002952178748357092	0.003220696937697994	0.004436363636363637	0.004329420819703675	0.003476334186499599	0.006576613453404284	0.0078040710637991804	0.008846936886914677	0.011014452083625649	0.004789381257554679	0.016890916440492003	0.028490444743147682	0.0992930405053022	0.40301214500539523	0.66486333380541	0.8795730883544988	0.9818202938955684	1.05003806784536	0.8137260229310439	0.6400059710404538	0.30323999223953957	0.08262409472960829	0.06462318228443854	0.02174891774891775	0.096982297367536	0.03709402761535463
	Total # checklists submitted - (Rusty Blackbird)	62273	43331	38620	54106	37238	53163	75553	42285	42866	50027	55502	78855	59210	57034	57433	79603	83036	91289	82524	85890	53335	51722	49455	56820	41250	31182	26177	36645	27806	27015	28508	43847	34634	34222	34514	43557	35305	37010	34434	47284	36806	33495	30926	37834	33146	28875	32707	48741
	
Birds Per Party Hour
	Rusty Blackbird	24.49722111318398	32.23237135746798	18.124531170475287	5.1053762386886845	10.843796780159883	10.380295208319017	8.316575623622455	5.433555029142876	9.419140172585507	9.414813843175281	9.628452215776475	13.23454122952573	11.003227935903546	12.265120485337592	17.449129147244417	25.23013315606921	11.641607893108402	8.119369071031416	5.287350446008702	2.1573999344567287	3.6422178619507104	5.6395876534010405	10.20540531064944	9.337588743695	10.560602572704074	10.280653130573898	4.789842440919018	1.3106158923497473	1.1940261183677539	1.0046715045386632	1.1516486950635705	0.9982108307881922	1.8939948205660038	6.3586964456704616	4.5842370024912045	8.136924233333932	12.377672792061897	14.305598968822302	14.300499584632183	17.291850153240734	18.019059732499947	14.88111699108624	109.2950326757246	18.1615535414481	16.230645506625173	7.220141227627834	5.676418615800159	14.77773931577707
	# checklists reporting species - (Rusty Blackbird)	215	113	135	281	156	167	176	128	174	301	477	1020	1172	1862	2117	3788	3734	2136	641	109	65	67	96	108	89	57	31	36	42	45	40	64	55	194	628	2129	2434	2814	2476	2559	1347	712	324	215	105	84	246	197
	
High Count
	Rusty Blackbird	350	155	100	175	260	75	250	80	150	250	4000	1500	500	250	2000	5250	3000	305	150	50	10	10	5	8	8	14	17	56	90	30	72	26	200	150	200	400	410	1500	2124	5155	5000	3000	1300	900	600	100	290	250
	# checklists reporting species - (Rusty Blackbird)	295	153	176	323	197	197	215	158	223	356	547	1156	1353	2103	2425	4225	4248	2570	775	146	78	79	109	128	108	85	37	41	50	58	48	75	83	236	730	2433	2711	3134	2735	2842	1513	782	353	247	162	111	301	259
	
Totals
	Rusty Blackbird	2324	1075	1049	1130	1235	1076	1350	766	1179	2178	8037	11145	8962	15202	30227	69399	35447	12916	2261	317	136	124	163	212	194	146	112	258	221	250	321	224	627	1111	4127	21798	29064	39722	40548	56796	45496	23308	10938	6262	3089	745	3507	2461
	# checklists reporting species - (Rusty Blackbird)	284	151	168	319	190	196	211	153	219	347	522	1113	1301	2016	2305	4012	4003	2318	703	122	72	72	99	115	98	67	36	39	44	50	46	72	75	227	707	2356	2615	3022	2644	2746	1449	759	345	240	158	110	293	251
	
Average Count
	Rusty Blackbird	8.183098591549296	7.119205298013245	6.244047619047619	3.542319749216301	6.5	5.489795918367347	6.398104265402844	5.006535947712418	5.383561643835616	6.276657060518732	15.39655172413793	10.013477088948788	6.888547271329746	7.540674603174603	13.113665943600868	17.297856430707878	8.855108668498627	5.5720448662640205	3.2162162162162162	2.598360655737705	1.8888888888888888	1.7222222222222223	1.6464646464646464	1.8434782608695652	1.9795918367346939	2.1791044776119404	3.111111111111111	6.615384615384615	5.0227272727272725	5.0	6.978260869565218	3.111111111111111	8.36	4.894273127753304	5.837340876944837	9.252122241086587	11.11434034416826	13.14427531436135	15.335854765506808	20.68317552804079	31.398205659075224	30.708827404479578	31.704347826086956	26.091666666666665	19.550632911392405	6.7727272727272725	11.969283276450511	9.804780876494023
	# checklists reporting species - (Rusty Blackbird)	284	151	168	319	190	196	211	153	219	347	522	1113	1301	2016	2305	4012	4003	2318	703	122	72	72	99	115	98	67	36	39	44	50	46	72	75	227	707	2356	2615	3022	2644	2746	1449	759	345	240	158	110	293	251
	
