

	Week starting on...	1/1	1/8	1/15	1/22	2/1	2/8	2/15	2/22	3/1	3/8	3/15	3/22	4/1	4/8	4/15	4/22	5/1	5/8	5/15	5/22	6/1	6/8	6/15	6/22	7/1	7/8	7/15	7/22	8/1	8/8	8/15	8/22	9/1	9/8	9/15	9/22	10/1	10/8	10/15	10/22	11/1	11/8	11/15	11/22	12/1	12/8	12/15	12/22
Frequency (%)
	Blue-headed Vireo	0.025693318131453438	0.00923126629895456	0.020714655618850338	0.0	0.0	0.0	0.0	0.0	0.0	0.0	0.0	0.0	0.0033778078027360244	0.02630010169372655	0.4004666306827085	2.597892039244752	10.108868442603208	11.469070753321867	9.001017885705977	2.972406566538596	2.6942908034123936	3.1765979660492634	3.1260742088767564	2.9514255543822596	3.231515151515151	2.1550894746969402	1.9100737288459335	1.5554645927138764	1.341437099906495	1.2289468813622062	1.2207099761470463	1.5303213446758046	2.2665588727839694	3.6000233767751735	5.954105580344208	7.617604518217508	7.800594816598215	4.998649013780059	2.1926003368763434	0.7571271466035022	0.21735586589143074	0.09852216748768472	0.06467050378322448	0.02114500185018766	0.009050865866167863	0.048484848484848485	0.021402146329531906	0.006154982458299993
	Total # checklists submitted - (Blue-headed Vireo)	62273	43331	38620	54106	37238	53163	75553	42285	42866	50027	55502	78855	59210	57034	57433	79603	83036	91289	82524	85890	53335	51722	49455	56820	41250	31182	26177	36645	27806	27015	28508	43847	34634	34222	34514	43557	35305	37010	34434	47284	36806	33495	30926	37834	33146	28875	32707	48741
	
Abundance
	Blue-headed Vireo	2.569331813145344E-4	9.23126629895456E-5	2.0714655618850336E-4	0.0	0.0	0.0	0.0	0.0	0.0	0.0	0.0	0.0	3.377807802736024E-5	2.4546761580811443E-4	0.005014538679853046	0.03994824315666495	0.1811623873982369	0.19316675612614884	0.1344578546846978	0.04350913959715916	0.04175494515796381	0.05444491705657167	0.045738550197148925	0.03966913058782119	0.04533333333333334	0.03101148098261818	0.02697024105130458	0.022103970528039297	0.018952744012083723	0.017471774939848233	0.015504419811982601	0.020936438068739023	0.030894496737310158	0.04801005201332476	0.08793533059048501	0.11846545905365383	0.1293017986120946	0.07341259119156984	0.02901202300052274	0.009347770916166145	0.0024180840080421672	0.0010449320794148381	6.467050378322447E-4	2.1145001850187662E-4	9.050865866167863E-5	4.8484848484848484E-4	2.1402146329531905E-4	6.154982458299993E-5
	Total # checklists submitted - (Blue-headed Vireo)	62273	43331	38620	54106	37238	53163	75553	42285	42866	50027	55502	78855	59210	57034	57433	79603	83036	91289	82524	85890	53335	51722	49455	56820	41250	31182	26177	36645	27806	27015	28508	43847	34634	34222	34514	43557	35305	37010	34434	47284	36806	33495	30926	37834	33146	28875	32707	48741
	
Birds Per Party Hour
	Blue-headed Vireo	0.9173257946378591	1.4791357273672385	0.7402189041301871	0.0	0.0	0.0	0.0	0.0	0.0	0.0	0.0	0.0	1.2857142857142858	0.7329198777172732	0.8659001195390894	1.280130703180995	1.3635048284538114	1.0502944744985543	1.208113645592222	2.1700689393761716	5.077556062531101	6.1773906082248295	7.246014629789206	7.203479661562479	6.778125737288516	4.554768349000019	2.24094899520005	1.8859468223286213	1.3538761381733262	1.4673167211330354	1.3557403614867716	1.1640325546754087	1.1269970808874707	1.2348647273784974	1.3408990129640304	1.4898453192107441	1.480564861620482	1.2524836170520965	1.2486778033409778	0.7644863455993196	0.659608563259198	0.39416241812746194	0.5745330450884369	1.1258274217835085	0.5004257189156527	1.1336681727514435	1.2170401227005	1.1659871862557944
	# checklists reporting species - (Blue-headed Vireo)	18	6	8	0.0	0.0	0.0	0.0	0.0	0.0	0.0	0.0	0.0	2	20	252	2147	8330	9815	7205	2534	1435	1626	1523	1677	1379	677	523	599	389	334	350	672	797	1208	2067	3331	2826	1907	791	385	96	42	30	10	3	15	9	3
	
High Count
	Blue-headed Vireo	1	1	1	0.0	0.0	0.0	0.0	0.0	0.0	0.0	0.0	0.0	1	4	13	45	40	59	84	12	11	15	16	18	10	15	7	10	8	8	8	11	15	11	46	100	150	45	45	13	3	2	1	1	1	1	1	1
	# checklists reporting species - (Blue-headed Vireo)	18	6	8	0.0	0.0	0.0	0.0	0.0	0.0	0.0	0.0	0.0	2	24	310	2470	9498	11870	8240	2917	1546	1758	1683	1847	1478	746	584	657	414	373	404	758	895	1401	2312	3659	3068	2107	884	466	118	54	33	12	8	19	10	3
	
Totals
	Blue-headed Vireo	18	6	8	0.0	0.0	0.0	0.0	0.0	0.0	0.0	0.0	0.0	2	28	391	3822	16541	19305	12085	4125	2340	2925	2399	2417	2031	1041	795	925	575	519	505	1027	1197	1849	3537	5850	5530	3288	1271	575	135	56	33	12	8	19	10	3
	# checklists reporting species - (Blue-headed Vireo)	18	6	8	0.0	0.0	0.0	0.0	0.0	0.0	0.0	0.0	0.0	2	23	296	2366	8809	10432	7537	2703	1488	1681	1599	1737	1423	711	550	632	402	353	385	725	862	1344	2249	3560	3003	2065	871	456	118	54	33	12	8	19	10	3
	
Average Count
	Blue-headed Vireo	1.0	1.0	1.0	0.0	0.0	0.0	0.0	0.0	0.0	0.0	0.0	0.0	1.0	1.2173913043478262	1.320945945945946	1.6153846153846154	1.8777386763537292	1.850555981595092	1.6034231126442882	1.5260821309655939	1.5725806451612903	1.7400356930398573	1.5003126954346466	1.3914795624640184	1.427266338721012	1.4641350210970465	1.4454545454545455	1.4636075949367089	1.4303482587064678	1.4702549575070822	1.3116883116883118	1.416551724137931	1.388631090487239	1.3757440476190477	1.5726989773232547	1.6432584269662922	1.8414918414918415	1.5922518159806296	1.4592422502870264	1.2609649122807018	1.1440677966101696	1.037037037037037	1.0	1.0	1.0	1.0	1.0	1.0
	# checklists reporting species - (Blue-headed Vireo)	18	6	8	0.0	0.0	0.0	0.0	0.0	0.0	0.0	0.0	0.0	2	23	296	2366	8809	10432	7537	2703	1488	1681	1599	1737	1423	711	550	632	402	353	385	725	862	1344	2249	3560	3003	2065	871	456	118	54	33	12	8	19	10	3
	
