

	Week starting on...	1/1	1/8	1/15	1/22	2/1	2/8	2/15	2/22	3/1	3/8	3/15	3/22	4/1	4/8	4/15	4/22	5/1	5/8	5/15	5/22	6/1	6/8	6/15	6/22	7/1	7/8	7/15	7/22	8/1	8/8	8/15	8/22	9/1	9/8	9/15	9/22	10/1	10/8	10/15	10/22	11/1	11/8	11/15	11/22	12/1	12/8	12/15	12/22
Frequency (%)
	Pine Siskin	2.2513770012686076	2.497057533867208	2.954427757638529	3.334195837799874	3.9422095708684677	4.766472922897504	5.678133230976931	6.624098380040204	6.601968926421872	6.154676474703661	5.77456668228172	5.658487096569653	5.331869616618815	5.221446856261178	5.268747932373374	4.767408263507657	4.832843585914543	4.49780367842785	4.069119286510591	2.8408429386424494	2.0024374238305054	1.3959243648737483	1.0716813264583964	0.8183738120380148	0.913939393939394	0.7921236610865242	1.000878633915269	0.8923454768726975	1.024958642019708	0.9661299278178789	0.8909779710958329	0.8962984924852326	0.8806375238205232	1.0168897200631173	1.2661528655038536	2.775673255733866	4.0730774677807675	5.644420426911646	6.618458500319452	7.52474409948397	6.047926968429061	5.135094790267204	3.8672961262368237	3.380557170798752	2.841971881976709	2.566233766233766	3.088023970403889	3.1451960361912965
	Total # checklists submitted - (Pine Siskin)	62273	43331	38620	54106	37238	53163	75553	42285	42866	50027	55502	78855	59210	57034	57433	79603	83036	91289	82524	85890	53335	51722	49455	56820	41250	31182	26177	36645	27806	27015	28508	43847	34634	34222	34514	43557	35305	37010	34434	47284	36806	33495	30926	37834	33146	28875	32707	48741
	
Abundance
	Pine Siskin	0.25656383986639475	0.22692760379405044	0.2928016571724495	0.33707906701659707	0.36752779418873194	0.5169760923950868	0.5901817267348749	0.6752749201844626	0.642373909392059	0.48311911567753413	0.4194443443479514	0.4931836915858221	0.4287113663232562	0.45653469860083457	0.28460989326693714	0.22168762483825988	0.22277084637988342	0.22330182168716933	0.24827928844942077	0.16387239492373967	0.0992406487297272	0.053516878697652835	0.03550702658982914	0.02713833157338965	0.02833939393939394	0.025623757295875824	0.028039882339458304	0.028216673488879792	0.04646479177156009	0.04593744216176198	0.0490037884102708	0.04349214313407987	0.05754460934341976	0.05528607328619017	0.09312163180158776	0.21883968133709852	0.5764339328706982	0.8241015941637395	0.9530986815356914	1.2363167244733948	0.7172200184752486	0.46624869383490075	0.3168854685377999	0.3035100703071312	0.23773607675134253	0.23144588744588745	0.3685143852997829	0.4212675160542459
	Total # checklists submitted - (Pine Siskin)	62273	43331	38620	54106	37238	53163	75553	42285	42866	50027	55502	78855	59210	57034	57433	79603	83036	91289	82524	85890	53335	51722	49455	56820	41250	31182	26177	36645	27806	27015	28508	43847	34634	34222	34514	43557	35305	37010	34434	47284	36806	33495	30926	37834	33146	28875	32707	48741
	
Birds Per Party Hour
	Pine Siskin	21.553214060606685	20.18880855648813	22.611192644469938	19.8064211472882	19.952207625616573	20.75436039208757	17.487685502334255	19.5140500707226	18.094329883901462	14.69937890058363	13.990282582323111	21.307376704488085	17.070458516133396	18.153054179901442	9.528192154095331	7.466730315309495	7.4044278217106765	7.919739315070884	8.802610601467055	11.620880963172679	9.821252159394179	9.884242232572593	10.416731085807552	12.997871226253741	12.189234530217911	6.4329145940574675	4.025548739271462	2.6148185362911884	4.737007719134223	4.7002331914141875	12.402528063858682	5.773520550963242	7.341359110855129	4.519490093369237	4.362116330552654	6.325404437952837	12.557059137498234	13.45091509916278	13.18314318321718	13.37650006244049	11.523250025348055	10.978823326849312	10.224468165573608	11.535940034164987	11.16661546180274	11.069727233390703	13.984009509238277	15.35940633111427
	# checklists reporting species - (Pine Siskin)	1408	1094	1148	1820	1457	2553	4350	2821	2857	3103	3227	4486	3166	2931	3009	3798	4050	4087	3259	2384	1023	676	510	450	347	209	241	321	270	238	237	382	307	349	448	1234	1477	2197	2348	3619	2231	1768	1227	1333	958	753	1013	1539
	
High Count
	Pine Siskin	700	250	700	2000	212	357	500	400	260	500	2700	500	300	2000	500	300	150	370	240	200	250	64	80	96	60	120	50	46	100	90	60	55	139	175	445	450	1500	1170	1591	1435	1505	1040	200	456	200	200	492	432
	# checklists reporting species - (Pine Siskin)	1671	1289	1333	2093	1676	2803	4622	3136	3176	3443	3594	5042	3573	3374	3449	4352	4598	4701	3857	2798	1198	801	604	529	429	291	305	391	326	301	289	451	358	408	501	1365	1661	2410	2630	4142	2581	1987	1392	1491	1113	847	1198	1771
	
Totals
	Pine Siskin	20233	12109	14110	21406	15520	30103	47618	32070	30391	27929	28886	44394	28506	31232	18708	20946	21376	23383	23279	15977	6261	2945	1942	1647	1318	1009	858	1236	1683	1495	1568	2188	2298	2208	3469	12020	25132	39772	42529	69678	33964	19400	11704	13180	9698	7815	15800	24686
	# checklists reporting species - (Pine Siskin)	1612	1224	1272	2016	1606	2730	4548	3035	3085	3349	3489	4907	3459	3240	3319	4162	4406	4413	3576	2600	1125	750	569	496	385	255	281	359	298	283	268	423	335	386	480	1318	1616	2367	2551	4000	2487	1930	1343	1449	1073	827	1161	1720
	
Average Count
	Pine Siskin	12.551488833746898	9.892973856209151	11.092767295597485	10.618055555555555	9.663760896637609	11.026739926739927	10.470096745822339	10.566721581548599	9.851215559157213	8.339504329650643	8.279163083978217	9.047075606276747	8.241110147441457	9.639506172839507	5.636637541428141	5.032676597789524	4.8515660463004995	5.298663041015183	6.509787472035794	6.145	5.565333333333333	3.9266666666666667	3.413005272407733	3.3205645161290325	3.4233766233766234	3.9568627450980394	3.0533807829181496	3.4428969359331476	5.647651006711409	5.282685512367491	5.850746268656716	5.1725768321513	6.859701492537313	5.72020725388601	7.227083333333334	9.119878603945372	15.551980198019802	16.80270384452894	16.671501372010976	17.4195	13.656614394853237	10.05181347150259	8.71481757259866	9.095928226363009	9.038210624417522	9.44981862152358	13.608957795004306	14.352325581395348
	# checklists reporting species - (Pine Siskin)	1612	1224	1272	2016	1606	2730	4548	3035	3085	3349	3489	4907	3459	3240	3319	4162	4406	4413	3576	2600	1125	750	569	496	385	255	281	359	298	283	268	423	335	386	480	1318	1616	2367	2551	4000	2487	1930	1343	1449	1073	827	1161	1720
	
