

	Week starting on...	1/1	1/8	1/15	1/22	2/1	2/8	2/15	2/22	3/1	3/8	3/15	3/22	4/1	4/8	4/15	4/22	5/1	5/8	5/15	5/22	6/1	6/8	6/15	6/22	7/1	7/8	7/15	7/22	8/1	8/8	8/15	8/22	9/1	9/8	9/15	9/22	10/1	10/8	10/15	10/22	11/1	11/8	11/15	11/22	12/1	12/8	12/15	12/22
Frequency (%)
	Olive-sided Flycatcher	0.0	0.0	0.0	0.0	0.0	0.0	0.0	0.0	0.0	0.0	0.0	0.0	0.0	0.0	0.0	0.0	0.037333204874993975	0.26947386870269147	0.7743201977606515	1.3005006403539412	1.1080903721758695	1.0401763272881945	0.827014457587706	0.5807814149947201	0.5527272727272727	0.42011416843050475	0.4049356305153379	0.3165506890435257	0.38840538013378406	0.9587266333518416	1.5469341939104813	2.018382101398043	1.4754287694173356	0.7539009993571387	0.31581387263139593	0.08265032026999104	0.016994759949015722	0.0054039448797622265	0.0	0.0	0.0	0.0	0.0	0.0	0.0	0.0	0.0	0.0
	Total # checklists submitted - (Olive-sided Flycatcher)	62273	43331	38620	54106	37238	53163	75553	42285	42866	50027	55502	78855	59210	57034	57433	79603	83036	91289	82524	85890	53335	51722	49455	56820	41250	31182	26177	36645	27806	27015	28508	43847	34634	34222	34514	43557	35305	37010	34434	47284	36806	33495	30926	37834	33146	28875	32707	48741
	
Abundance
	Olive-sided Flycatcher	0.0	0.0	0.0	0.0	0.0	0.0	0.0	0.0	0.0	0.0	0.0	0.0	0.0	0.0	0.0	0.0	3.733320487499398E-4	0.0026509217978069647	0.007537201299016044	0.014204214693212248	0.012374613293334584	0.011523142956575538	0.008957638257001315	0.005825413586765224	0.005551515151515152	0.004650118658200243	0.004813385796691752	0.004393505253104107	0.005178738401783788	0.012141402924301313	0.019117440718394836	0.023171482655597875	0.01579372870589594	0.007772777745310035	0.0032740337254447472	8.265032026999105E-4	1.6994759949015721E-4	5.4039448797622264E-5	0.0	0.0	0.0	0.0	0.0	0.0	0.0	0.0	0.0	0.0
	Total # checklists submitted - (Olive-sided Flycatcher)	62273	43331	38620	54106	37238	53163	75553	42285	42866	50027	55502	78855	59210	57034	57433	79603	83036	91289	82524	85890	53335	51722	49455	56820	41250	31182	26177	36645	27806	27015	28508	43847	34634	34222	34514	43557	35305	37010	34434	47284	36806	33495	30926	37834	33146	28875	32707	48741
	
Birds Per Party Hour
	Olive-sided Flycatcher	0.0	0.0	0.0	0.0	0.0	0.0	0.0	0.0	0.0	0.0	0.0	0.0	0.0	0.0	0.0	0.0	1.0233635079414816	0.6343411474570634	0.8143480462573128	1.5984466877183798	4.054726986348456	6.491106207190078	8.444437481889402	7.70242165698214	6.882918380651896	4.462828325904848	1.6453912365015237	1.5265914747398925	0.784582023561481	1.4178610008461534	1.285808823342239	1.1702780548782326	1.018421884027471	1.0743690194133368	0.7671282140708439	2.3903408999175326	0.8419554806328813	0.22549019607843138	0.0	0.0	0.0	0.0	0.0	0.0	0.0	0.0	0.0	0.0
	# checklists reporting species - (Olive-sided Flycatcher)	0.0	0.0	0.0	0.0	0.0	0.0	0.0	0.0	0.0	0.0	0.0	0.0	0.0	0.0	0.0	1	34	247	636	1201	624	535	415	324	225	117	115	120	132	285	461	941	530	276	111	38	8	2	0.0	0.0	0	0.0	0.0	0.0	0.0	0.0	0.0	0.0
	
High Count
	Olive-sided Flycatcher	0.0	0.0	0.0	0.0	0.0	0.0	0.0	0.0	0.0	0.0	0.0	0.0	0.0	0.0	0.0	1	1	3	3	8	5	6	4	3	3	6	4	5	7	7	12	6	4	5	3	1	1	1	0.0	0.0	1	0.0	0.0	0.0	0.0	0.0	0.0	0.0
	# checklists reporting species - (Olive-sided Flycatcher)	0.0	0.0	0.0	0.0	0.0	0.0	0.0	0.0	0.0	0.0	0.0	0.0	0.0	0.0	0.0	1	43	346	856	1472	747	620	487	389	270	154	145	150	167	334	563	1120	626	326	135	49	10	2	0.0	0.0	1	0.0	0.0	0.0	0.0	0.0	0.0	0.0
	
Totals
	Olive-sided Flycatcher	0.0	0.0	0.0	0.0	0.0	0.0	0.0	0.0	0.0	0.0	0.0	0.0	0.0	0.0	0.0	1	41	328	824	1560	806	681	510	369	269	172	162	201	219	416	689	1276	679	341	139	49	9	2	0.0	0.0	1	0.0	0.0	0.0	0.0	0.0	0.0	0.0
	# checklists reporting species - (Olive-sided Flycatcher)	0.0	0.0	0.0	0.0	0.0	0.0	0.0	0.0	0.0	0.0	0.0	0.0	0.0	0.0	0.0	1	41	311	770	1386	699	586	451	344	237	132	127	139	161	329	554	1087	609	323	130	49	9	2	0.0	0.0	1	0.0	0.0	0.0	0.0	0.0	0.0	0.0
	
Average Count
	Olive-sided Flycatcher	0.0	0.0	0.0	0.0	0.0	0.0	0.0	0.0	0.0	0.0	0.0	0.0	0.0	0.0	0.0	1.0	1.0	1.0546623794212218	1.07012987012987	1.1255411255411256	1.1530758226037197	1.1621160409556315	1.130820399113082	1.072674418604651	1.1350210970464134	1.303030303030303	1.2755905511811023	1.4460431654676258	1.360248447204969	1.2644376899696048	1.243682310469314	1.173873045078197	1.1149425287356323	1.0557275541795665	1.0692307692307692	1.0	1.0	1.0	0.0	0.0	1.0	0.0	0.0	0.0	0.0	0.0	0.0	0.0
	# checklists reporting species - (Olive-sided Flycatcher)	0.0	0.0	0.0	0.0	0.0	0.0	0.0	0.0	0.0	0.0	0.0	0.0	0.0	0.0	0.0	1	41	311	770	1386	699	586	451	344	237	132	127	139	161	329	554	1087	609	323	130	49	9	2	0.0	0.0	1	0.0	0.0	0.0	0.0	0.0	0.0	0.0
	
