

	Week starting on...	1/1	1/8	1/15	1/22	2/1	2/8	2/15	2/22	3/1	3/8	3/15	3/22	4/1	4/8	4/15	4/22	5/1	5/8	5/15	5/22	6/1	6/8	6/15	6/22	7/1	7/8	7/15	7/22	8/1	8/8	8/15	8/22	9/1	9/8	9/15	9/22	10/1	10/8	10/15	10/22	11/1	11/8	11/15	11/22	12/1	12/8	12/15	12/22
Frequency (%)
	Golden-winged Warbler	0.0	0.0	0.0	0.0	0.0	0.0	0.0	0.0	0.0	0.0	0.0	0.0	0.0	0.0	0.0	0.010049872492242755	0.5997398718628065	1.5281140115457503	1.7061703262081334	1.6998486436139246	1.3687072278991281	1.0962453114728743	0.875543423314124	0.4998240056318198	0.2690909090909091	0.2405233788724264	0.17572678305382586	0.2046663937781416	0.1834136517298425	0.2258004812141403	0.294654132173425	0.2759595867448172	0.16169082404573543	0.1285722634562562	0.06663962450020282	0.009183368918887894	0.0	0.0	0.0	0.0	0.0	0.0	0.0	0.0	0.0	0.0	0.0	0.0
	Total # checklists submitted - (Golden-winged Warbler)	62273	43331	38620	54106	37238	53163	75553	42285	42866	50027	55502	78855	59210	57034	57433	79603	83036	91289	82524	85890	53335	51722	49455	56820	41250	31182	26177	36645	27806	27015	28508	43847	34634	34222	34514	43557	35305	37010	34434	47284	36806	33495	30926	37834	33146	28875	32707	48741
	
Abundance
	Golden-winged Warbler	0.0	0.0	0.0	0.0	0.0	0.0	0.0	0.0	0.0	0.0	0.0	0.0	0.0	0.0	0.0	1.1306106553773098E-4	0.006455031552579604	0.01706667835117046	0.025713731762881102	0.029281639306089183	0.022443048654729538	0.018464096515989327	0.013466787989080983	0.007884547694473778	0.004193939393939394	0.0041370021166057345	0.002635901745807388	0.0029744849229089917	0.0025534057397683953	0.002887284841754581	0.0035779430335344466	0.0028964353319497343	0.0017035283247675693	0.001314943603529893	6.084487454366344E-4	1.3775053378331842E-4	0.0	0.0	0.0	0.0	0.0	0.0	0.0	0.0	0.0	0.0	0.0	0.0
	Total # checklists submitted - (Golden-winged Warbler)	62273	43331	38620	54106	37238	53163	75553	42285	42866	50027	55502	78855	59210	57034	57433	79603	83036	91289	82524	85890	53335	51722	49455	56820	41250	31182	26177	36645	27806	27015	28508	43847	34634	34222	34514	43557	35305	37010	34434	47284	36806	33495	30926	37834	33146	28875	32707	48741
	
Birds Per Party Hour
	Golden-winged Warbler	0.0	0.0	0.0	0.0	0.0	0.0	0.0	0.0	0.0	0.0	0.0	0.0	0.0	0.0	0.1	0.2974224224224224	0.8109509477638399	0.869552247150918	1.7353798761706007	2.5642918004034883	2.503811027907699	2.9641559804122855	3.3569088710271586	4.255364987954406	2.38729443712515	2.932315724763617	1.593368525120984	1.1035468044114398	0.7435543047971577	0.8783929482525528	1.6999788119656747	0.8320502828037855	0.8246194709856469	0.5748396548373702	0.45785660445914483	0.16759352881698686	0.0	0.0	0.0	0.0	0.0	0.0	0.0	0.0	0.0	0.0	0.0	0.0
	# checklists reporting species - (Golden-winged Warbler)	0.0	0.0	0.0	0.0	0.0	0.0	0.0	0.0	0.0	0.0	0.0	0.0	0	0.0	2	15	467	1267	1445	1490	738	596	464	291	114	75	50	71	53	62	91	131	65	47	19	4	0.0	0.0	0.0	1	0.0	0.0	0.0	0.0	0.0	0.0	0.0	0.0
	
High Count
	Golden-winged Warbler	0.0	0.0	0.0	0.0	0.0	0.0	0.0	0.0	0.0	0.0	0.0	0.0	2	0.0	1	2	8	11	15	12	12	12	8	10	10	5	4	8	4	8	3	4	6	3	1	3	0.0	0.0	0.0	1	0.0	0.0	0.0	0.0	0.0	0.0	0.0	0.0
	# checklists reporting species - (Golden-winged Warbler)	0.0	0.0	0.0	0.0	0.0	0.0	0.0	0.0	0.0	0.0	0.0	0.0	1	0.0	2	23	652	1897	1847	1813	869	662	536	345	136	84	54	87	58	77	127	198	81	58	33	10	0.0	0.0	0.0	1	0.0	0.0	0.0	0.0	0.0	0.0	0.0	0.0
	
Totals
	Golden-winged Warbler	0.0	0.0	0.0	0.0	0.0	0.0	0.0	0.0	0.0	0.0	0.0	0.0	2	0.0	2	26	701	2069	2620	2998	1377	1122	808	525	196	142	80	123	79	99	149	217	91	61	31	14	0.0	0.0	0.0	1	0.0	0.0	0.0	0.0	0.0	0.0	0.0	0.0
	# checklists reporting species - (Golden-winged Warbler)	0.0	0.0	0.0	0.0	0.0	0.0	0.0	0.0	0.0	0.0	0.0	0.0	1	0.0	2	23	597	1605	1682	1694	825	643	516	321	127	81	52	80	58	76	124	192	81	56	31	10	0.0	0.0	0.0	1	0.0	0.0	0.0	0.0	0.0	0.0	0.0	0.0
	
Average Count
	Golden-winged Warbler	0.0	0.0	0.0	0.0	0.0	0.0	0.0	0.0	0.0	0.0	0.0	0.0	2.0	0.0	1.0	1.1304347826086956	1.1742043551088777	1.2890965732087227	1.5576694411414982	1.769775678866588	1.6690909090909092	1.744945567651633	1.565891472868217	1.6355140186915889	1.5433070866141732	1.7530864197530864	1.5384615384615385	1.5375	1.3620689655172413	1.3026315789473684	1.2016129032258065	1.1302083333333333	1.123456790123457	1.0892857142857142	1.0	1.4	0.0	0.0	0.0	1.0	0.0	0.0	0.0	0.0	0.0	0.0	0.0	0.0
	# checklists reporting species - (Golden-winged Warbler)	0.0	0.0	0.0	0.0	0.0	0.0	0.0	0.0	0.0	0.0	0.0	0.0	1	0.0	2	23	597	1605	1682	1694	825	643	516	321	127	81	52	80	58	76	124	192	81	56	31	10	0.0	0.0	0.0	1	0.0	0.0	0.0	0.0	0.0	0.0	0.0	0.0
	
