

	Week starting on...	1/1	1/8	1/15	1/22	2/1	2/8	2/15	2/22	3/1	3/8	3/15	3/22	4/1	4/8	4/15	4/22	5/1	5/8	5/15	5/22	6/1	6/8	6/15	6/22	7/1	7/8	7/15	7/22	8/1	8/8	8/15	8/22	9/1	9/8	9/15	9/22	10/1	10/8	10/15	10/22	11/1	11/8	11/15	11/22	12/1	12/8	12/15	12/22
Frequency (%)
	White-breasted Nuthatch	24.904854431294464	26.17987122383513	26.752977731745208	27.098658189479906	26.972447499865726	28.09660854353592	27.828147128505815	23.887903511883646	23.531470162833017	21.646310992064286	20.372238838240065	19.259400164859553	19.3717277486911	18.52579163306098	17.401145682795605	17.80083665188498	18.5473770412833	17.706404933781727	16.556395715185886	11.127022936313889	7.9497515702634285	7.229032133328178	8.3793347487615	9.605772615276312	12.002424242424242	12.754153037008532	14.932956412117507	15.682903533906401	17.0898367258865	16.761058671108646	18.587764837940227	19.586288685656942	21.64058439683548	21.299164280287535	22.474937706437967	22.26966962830314	23.82382098852854	25.36341529316401	25.146657373526164	26.65595127315794	27.001032440362984	27.702642185400805	27.24244971868331	27.573082412644712	26.50696916671695	28.173160173160174	32.43036658819213	30.255842104183333
	Total # checklists submitted - (White-breasted Nuthatch)	62273	43331	38620	54106	37238	53163	75553	42285	42866	50027	55502	78855	59210	57034	57433	79603	83036	91289	82524	85890	53335	51722	49455	56820	41250	31182	26177	36645	27806	27015	28508	43847	34634	34222	34514	43557	35305	37010	34434	47284	36806	33495	30926	37834	33146	28875	32707	48741
	
Abundance
	White-breasted Nuthatch	0.4682286062980746	0.47074842491518776	0.4729155877783532	0.4830887517096071	0.48216875234975026	0.49421590203713106	0.4883724008312046	0.42674707343029444	0.41972658983810013	0.3846322985587783	0.35575294583978956	0.3243294654746053	0.3310758317851714	0.30411684258512467	0.2716034335660683	0.2736957149856161	0.273351317500843	0.2531739859128701	0.23132664437012262	0.14615205495401096	0.10190306552920221	0.09790804686593713	0.12498230714791224	0.1454945441745864	0.18715151515151515	0.19767814764928485	0.23188295068189632	0.2514940646745804	0.280622887146659	0.27777160836572273	0.3118773677564193	0.3429425046183319	0.38713403014378933	0.3694407106539653	0.4017500144868749	0.39408131873177676	0.42169664353491004	0.4530397189948662	0.4445025265725736	0.4834404872684206	0.4995652882682171	0.4884012539184953	0.48027549634611655	0.4908283554474811	0.4770711398057081	0.5336450216450217	0.8124254746690311	0.6820336062042223
	Total # checklists submitted - (White-breasted Nuthatch)	62273	43331	38620	54106	37238	53163	75553	42285	42866	50027	55502	78855	59210	57034	57433	79603	83036	91289	82524	85890	53335	51722	49455	56820	41250	31182	26177	36645	27806	27015	28508	43847	34634	34222	34514	43557	35305	37010	34434	47284	36806	33495	30926	37834	33146	28875	32707	48741
	
Birds Per Party Hour
	White-breasted Nuthatch	3.526552753223901	3.5385022134180977	3.2627982891982	3.413407128263994	3.3978796412156727	3.5816614581843984	3.1394760947919944	3.3525442261290275	3.331786103766714	3.1146348323517	3.0903368322965563	2.9315099529208135	2.4567132346480918	2.288899031126591	2.083654975773338	1.9175734150461392	1.7192199816765938	1.5813378527661512	1.4062332525050991	1.7442521007386957	2.473898643102842	2.7413718493633126	3.1407049524333073	3.620856160036206	3.2177259145725583	2.6216934802194936	2.0597581947713524	2.1596064966850936	2.092363593986943	2.059609730310185	2.098378958680124	2.0318342525496984	1.9325672707235815	1.9950278403131625	2.0286822999344634	2.133855958633752	2.2985855793905245	2.4930734805820074	2.7198728260662732	2.8904179221814275	2.9732489842207603	3.115825585785415	3.2521079549602794	3.3359789608287738	3.186489527337566	3.2855829465947544	3.019242646278379	3.0613853260206088
	# checklists reporting species - (White-breasted Nuthatch)	15503	11328	10303	14704	9993	15078	21230	10102	10124	10865	11281	15177	11520	10568	9956	14230	15487	16098	13621	9494	4208	3706	4179	5491	4954	3963	3897	5745	4781	4541	5334	8642	7484	7222	7789	9666	8455	9391	8655	12671	10050	9366	8412	10454	8779	8135	10556	14673
	
High Count
	White-breasted Nuthatch	35	18	21	20	17	35	22	25	20	25	21	20	25	20	23	21	15	15	19	12	20	9	13	20	14	15	15	21	12	14	30	21	20	30	30	215	275	57	50	30	29	25	20	25	22	101	226	42
	# checklists reporting species - (White-breasted Nuthatch)	16688	12066	10970	15573	10651	15708	21990	10727	10719	11490	11940	16140	12295	11330	10698	15114	16489	17366	14629	10284	4609	4031	4568	6048	5426	4309	4197	6219	5152	4923	5729	9270	8017	7782	8335	10386	9141	10125	9313	13616	10693	9992	8992	11109	9364	8649	11322	15780
	
Totals
	White-breasted Nuthatch	30816	21374	19155	27404	18778	27389	38258	18925	18865	20191	20627	26849	20715	18381	16446	22926	23943	24375	20126	13250	5785	5311	6665	8948	8237	6500	6346	9735	8266	7956	9418	15905	14114	13300	14648	18650	16123	17852	16323	24200	19393	17352	15625	19488	16560	16339	30705	35453
	# checklists reporting species - (White-breasted Nuthatch)	16164	11754	10704	15218	10374	15416	21667	10459	10491	11241	11660	15748	11993	11010	10364	14659	15907	16446	13955	9817	4403	3835	4368	5765	5206	4127	4012	5977	4977	4731	5524	8958	7759	7539	8094	10077	8858	9849	9078	13266	10459	9763	8795	10866	9136	8464	11106	15393
	
Average Count
	White-breasted Nuthatch	1.9064587973273943	1.8184447847541263	1.789517937219731	1.8007622552240767	1.8101021785232312	1.7766606123508044	1.7657266811279826	1.8094464097906109	1.7982079877990658	1.796192509563206	1.7690394511149228	1.7049149098298197	1.727257566914033	1.6694822888283378	1.586839058278657	1.5639538849853332	1.5051863959263216	1.4821233126596134	1.4422070942314582	1.349699500865845	1.3138769021121963	1.384876140808344	1.5258699633699633	1.552124891587164	1.582212831348444	1.574993942330991	1.581754735792622	1.6287435168144555	1.660839863371509	1.6816740646797717	1.7049239681390298	1.7755079258763116	1.8190488465008376	1.7641597028783658	1.8097356066221892	1.8507492309219014	1.8201625649130728	1.8125698040410194	1.7980832782551224	1.824212271973466	1.8541925614303472	1.7773225442999079	1.7765776009096077	1.7934842628382108	1.8126094570928195	1.9304111531190926	2.764721772015127	2.303189761579939
	# checklists reporting species - (White-breasted Nuthatch)	16164	11754	10704	15218	10374	15416	21667	10459	10491	11241	11660	15748	11993	11010	10364	14659	15907	16446	13955	9817	4403	3835	4368	5765	5206	4127	4012	5977	4977	4731	5524	8958	7759	7539	8094	10077	8858	9849	9078	13266	10459	9763	8795	10866	9136	8464	11106	15393
	
