

	Week starting on...	1/1	1/8	1/15	1/22	2/1	2/8	2/15	2/22	3/1	3/8	3/15	3/22	4/1	4/8	4/15	4/22	5/1	5/8	5/15	5/22	6/1	6/8	6/15	6/22	7/1	7/8	7/15	7/22	8/1	8/8	8/15	8/22	9/1	9/8	9/15	9/22	10/1	10/8	10/15	10/22	11/1	11/8	11/15	11/22	12/1	12/8	12/15	12/22
Frequency (%)
	Pine Warbler	0.051386636262906876	0.030001615471602315	0.07509062661833248	0.0665360588474476	0.053708577259788386	0.011286044805597879	0.017206464336293727	0.01891923850065035	0.011664256053748892	0.011993523497311451	0.009008684371734351	0.027899308858030564	0.1672014862354332	1.6481397061401972	5.000609405742344	7.933118098564125	8.809432053567127	6.372071114811203	6.537492123503466	5.7527069507509605	5.587325396081373	5.604965005220216	5.48579516732383	5.571981696585709	5.905454545454545	5.641074979154641	4.687320930587921	2.597898758357211	1.8377328634107748	1.6213214880621878	1.7538936438894346	2.458549045544735	3.3983946411041175	3.6000233767751735	3.3812365996407254	2.6379227219505474	1.5068687154793938	0.5430964604161038	0.18005459720044142	0.07613569071990525	0.040754224854643264	0.02985520226899537	0.03556877708077346	0.039646878469101865	0.06033910577445242	0.06233766233766234	0.07337878741553795	0.014361625736033319
	Total # checklists submitted - (Pine Warbler)	62273	43331	38620	54106	37238	53163	75553	42285	42866	50027	55502	78855	59210	57034	57433	79603	83036	91289	82524	85890	53335	51722	49455	56820	41250	31182	26177	36645	27806	27015	28508	43847	34634	34222	34514	43557	35305	37010	34434	47284	36806	33495	30926	37834	33146	28875	32707	48741
	
Abundance
	Pine Warbler	5.138663626290688E-4	3.0001615471602315E-4	8.026929052304505E-4	7.392895427494179E-4	6.176486384875665E-4	1.1286044805597878E-4	1.8530038516008628E-4	1.8919238500650349E-4	1.1664256053748891E-4	1.1993523497311452E-4	9.008684371734351E-5	2.7899308858030564E-4	0.0021449079547373752	0.02324928989725427	0.08623961833788937	0.14675326306797482	0.1554265619731201	0.10198380965943322	0.10389704813145267	0.09224589591337758	0.08932220868097872	0.09392521557557712	0.09143665958952583	0.08854276663146779	0.09912727272727273	0.0923930472708614	0.0763265462046835	0.040769545640605816	0.02776379198734086	0.028317601332593003	0.027150273607408446	0.04162200378589185	0.05627418144020327	0.06048740576237508	0.05397809584516428	0.04091190853364557	0.021583345135249964	0.00764658200486355	0.002032874484521113	7.402081042213011E-4	4.3471173178286147E-4	2.985520226899537E-4	3.556877708077346E-4	3.964687846910187E-4	6.033910577445242E-4	6.233766233766234E-4	7.337878741553796E-4	1.436162573603332E-4
	Total # checklists submitted - (Pine Warbler)	62273	43331	38620	54106	37238	53163	75553	42285	42866	50027	55502	78855	59210	57034	57433	79603	83036	91289	82524	85890	53335	51722	49455	56820	41250	31182	26177	36645	27806	27015	28508	43847	34634	34222	34514	43557	35305	37010	34434	47284	36806	33495	30926	37834	33146	28875	32707	48741
	
Birds Per Party Hour
	Pine Warbler	1.6759013388438468	1.8870777568850572	1.7382434764968526	1.4507654597139246	1.5902480044670295	1.2192025530155026	1.4336070460130972	2.7052310574250646	1.2083333333333333	2.0471970220850033	0.7546476650940036	2.014641138736064	1.9323473821664028	2.198784529829437	2.3543778286673427	2.0357073496716582	1.9046661377878868	1.7988468646449316	1.7184704913643956	2.3281819222722326	3.8098502558810226	4.277817501924646	4.452648285081992	4.934062498665642	3.9809412356338845	3.4101932342468775	2.175218682977359	1.9319403402418065	1.7422520024875545	1.7752824488453942	2.0930146737285855	1.7689833882651926	1.9272497788163387	2.147166631251593	1.8148847367253123	1.964144505191966	1.6164375907396233	1.3155732920672425	0.954374588873556	0.8377296696039314	0.5468092363792318	0.5194967172050475	1.2271484915177238	0.9256076791957303	1.1940296273640822	1.373609981334025	1.314698161937898	0.85490828951239
	# checklists reporting species - (Pine Warbler)	43	17	33	43	21	7	13	8	8	7	6	25	108	1020	2953	6539	7406	5805	5385	4848	2930	2914	2725	3163	2481	1741	1241	1001	507	443	504	1087	1189	1233	1201	1160	553	217	70	36	19	10	12	16	23	21	31	10
	
High Count
	Pine Warbler	2	2	2	2	2	2	2	1	2	1	2	4	6	11	17	47	28	20	21	20	29	18	20	16	23	15	21	15	6	35	12	30	25	50	15	16	30	25	4	1	2	1	1	1	1	1	1	1
	# checklists reporting species - (Pine Warbler)	53	19	38	46	25	7	13	9	10	8	8	37	134	1124	3366	7201	8145	6508	5982	5505	3385	3326	3133	3851	3021	1989	1380	1077	557	486	581	1212	1315	1377	1334	1276	612	237	83	51	22	13	13	18	26	34	38	17
	
Totals
	Pine Warbler	53	22	42	51	29	8	14	9	11	8	9	38	164	1565	5700	13108	14015	10093	9310	8581	5204	5330	5015	5812	4765	3144	2197	1672	833	842	895	2025	2173	2293	2098	1947	856	338	92	50	22	13	13	18	26	34	37	17
	# checklists reporting species - (Pine Warbler)	52	19	38	46	25	7	13	9	10	8	8	33	133	1109	3271	6979	7827	6086	5690	5220	3242	3178	3000	3685	2912	1914	1313	1048	531	469	561	1166	1275	1328	1294	1247	604	232	82	50	21	13	13	18	26	34	37	17
	
Average Count
	Pine Warbler	1.0192307692307692	1.1578947368421053	1.105263157894737	1.108695652173913	1.16	1.1428571428571428	1.0769230769230769	1.0	1.1	1.0	1.125	1.1515151515151516	1.2330827067669172	1.4111812443642922	1.7425863650259859	1.8782060467115633	1.7905966526127508	1.6583963194216234	1.6362038664323375	1.6438697318007662	1.6051819864281307	1.6771554436752674	1.6716666666666666	1.5772048846675712	1.6363324175824177	1.6426332288401253	1.6732673267326732	1.5954198473282444	1.5687382297551788	1.7953091684434968	1.5953654188948307	1.7367066895368781	1.704313725490196	1.7266566265060241	1.6213292117465223	1.5613472333600642	1.4172185430463575	1.456896551724138	1.1219512195121952	1.0	1.0476190476190477	1.0	1.0	1.0	1.0	1.0	1.0	1.0
	# checklists reporting species - (Pine Warbler)	52	19	38	46	25	7	13	9	10	8	8	33	133	1109	3271	6979	7827	6086	5690	5220	3242	3178	3000	3685	2912	1914	1313	1048	531	469	561	1166	1275	1328	1294	1247	604	232	82	50	21	13	13	18	26	34	37	17
	
