

	Week starting on...	1/1	1/8	1/15	1/22	2/1	2/8	2/15	2/22	3/1	3/8	3/15	3/22	4/1	4/8	4/15	4/22	5/1	5/8	5/15	5/22	6/1	6/8	6/15	6/22	7/1	7/8	7/15	7/22	8/1	8/8	8/15	8/22	9/1	9/8	9/15	9/22	10/1	10/8	10/15	10/22	11/1	11/8	11/15	11/22	12/1	12/8	12/15	12/22
Frequency (%)
	Greater White-fronted Goose	0.20875820981805918	0.18693314255382984	0.19419989642672192	0.2698406831035375	0.20946345131317473	0.2595790305287512	0.19588897859780552	0.4091285325765638	0.47123594457145523	0.5836848102024906	0.5495297466757955	0.43497558810474923	0.275291335922986	0.152540589823614	0.07312868908119026	0.11431729959926133	0.04937617418950816	0.00766795561349122	0.008482380883137026	0.004657119571544999	0.0	0.0	0.0	0.0	0.0	0.0	0.0	0.01637331150225133	0.0	0.0	0.0	0.0	0.0028873361436738466	0.02629887207059786	0.026076374804427187	0.1285671648644305	0.09913609970259171	0.1242907322345312	0.2729860022071209	0.2432112342441418	0.24180840080421673	0.2686968204209583	0.22958028843044687	0.14801501295131364	0.12067821154890485	0.14545454545454545	0.1651022716849604	0.19695943866559978
	Total # checklists submitted - (Greater White-fronted Goose)	62273	43331	38620	54106	37238	53163	75553	42285	42866	50027	55502	78855	59210	57034	57433	79603	83036	91289	82524	85890	53335	51722	49455	56820	41250	31182	26177	36645	27806	27015	28508	43847	34634	34222	34514	43557	35305	37010	34434	47284	36806	33495	30926	37834	33146	28875	32707	48741
	
Abundance
	Greater White-fronted Goose	0.00562041334125544	0.004454085989245574	0.0048420507509062665	0.01103389642553506	0.01350770718083678	0.024396666854767414	0.021058065199264092	0.045737259075322216	0.03063033639714459	0.03997841165770484	0.028575546827141363	0.017741424132902164	0.014153014693463943	0.006101623592944559	0.0010795187435794751	0.0020853485421403715	9.634375451611349E-4	8.763377843989966E-5	8.482380883137027E-5	4.6571195715449996E-5	0.0	0.0	0.0	0.0	0.0	0.0	0.0	1.637331150225133E-4	0.0	0.0	0.0	0.0	2.8873361436738465E-5	2.629887207059786E-4	2.607637480442719E-4	0.0019285074729664578	0.002662512392012463	0.005755201296946771	0.059940756229308244	0.01027831824718721	0.01244362332228441	0.010867293625914315	0.014971221625816464	0.0036475128191573716	0.003861702769564955	0.0035324675324675324	0.0030268749808909407	0.00638066514843766
	Total # checklists submitted - (Greater White-fronted Goose)	62273	43331	38620	54106	37238	53163	75553	42285	42866	50027	55502	78855	59210	57034	57433	79603	83036	91289	82524	85890	53335	51722	49455	56820	41250	31182	26177	36645	27806	27015	28508	43847	34634	34222	34514	43557	35305	37010	34434	47284	36806	33495	30926	37834	33146	28875	32707	48741
	
Birds Per Party Hour
	Greater White-fronted Goose	7.764368307795734	5.23229618889343	11.479776234626941	15.494603338713107	23.460134109973698	35.77864614282136	35.74938432720432	34.64408090494321	15.695714866942327	19.217981490404725	13.354194253507426	9.844500093173378	11.974679952236134	9.33962986769466	3.4502244583283677	4.394853563943112	3.1318911230546007	2.8046068345161848	1.6985048255289106	2.7839111914201196	0.0	0.0	0.0	0.0	0.0	0.0	0.0	5.385410059854505	1.9976047904191616	2.6002400960384153	0.5998800239952009	0.0	0.46904315196998125	1.2384357938408481	1.379427306678312	4.299927240946352	2.149553498459353	13.20267290299247	50.199059717625765	7.240280600297819	19.965740337510415	7.639430914300388	14.109418452663036	6.053842962732723	10.504049821782994	9.663377250400115	3.0366286243842553	16.944795116692365
	# checklists reporting species - (Greater White-fronted Goose)	143	84	87	164	87	160	166	199	226	339	350	396	178	94	45	99	43	11	10	12	0.0	0.0	0.0	0.0	0.0	0.0	0.0	13	5	2	1	0.0	4	8	6	63	42	52	103	132	97	105	74	72	49	49	74	104
	
High Count
	Greater White-fronted Goose	15	11	14	34	35	58	51	143	130	106	175	76	72	47	36	6	6	2	2	1	0.0	0.0	0.0	0.0	0.0	0.0	0.0	1	1	1	1	0.0	1	1	1	15	30	34	140	70	50	70	68	24	28	12	37	11
	# checklists reporting species - (Greater White-fronted Goose)	169	112	114	192	113	185	191	220	242	368	381	444	215	130	68	117	47	11	11	13	0.0	0.0	0.0	0.0	0.0	0.0	0.0	13	5	2	2	0.0	5	10	11	87	60	69	122	164	121	147	126	129	90	89	104	146
	
Totals
	Greater White-fronted Goose	423	251	252	739	597	1440	1903	2268	1625	2573	2212	1972	1102	485	172	208	87	12	12	13	0.0	0.0	0.0	0.0	0.0	0.0	0.0	13	5	2	2	0.0	5	9	11	139	124	253	2320	567	611	521	562	302	250	181	171	410
	# checklists reporting species - (Greater White-fronted Goose)	169	112	114	192	110	183	190	219	242	366	378	439	211	126	67	117	46	11	11	13	0.0	0.0	0.0	0.0	0.0	0.0	0.0	13	5	2	2	0.0	5	9	11	87	60	69	121	162	121	145	126	129	87	87	103	145
	
Average Count
	Greater White-fronted Goose	2.502958579881657	2.2410714285714284	2.210526315789474	3.8489583333333335	5.427272727272728	7.868852459016393	10.01578947368421	10.356164383561644	6.714876033057851	7.030054644808743	5.851851851851852	4.492027334851937	5.222748815165877	3.8492063492063493	2.5671641791044775	1.7777777777777777	1.891304347826087	1.0909090909090908	1.0909090909090908	1.0	0.0	0.0	0.0	0.0	0.0	0.0	0.0	1.0	1.0	1.0	1.0	0.0	1.0	1.0	1.0	1.5977011494252873	2.066666666666667	3.6666666666666665	19.173553719008265	3.5	5.049586776859504	3.593103448275862	4.4603174603174605	2.3410852713178296	2.8735632183908044	2.0804597701149423	1.6601941747572815	2.8275862068965516
	# checklists reporting species - (Greater White-fronted Goose)	169	112	114	192	110	183	190	219	242	366	378	439	211	126	67	117	46	11	11	13	0.0	0.0	0.0	0.0	0.0	0.0	0.0	13	5	2	2	0.0	5	9	11	87	60	69	121	162	121	145	126	129	87	87	103	145
	
