

	Week starting on...	1/1	1/8	1/15	1/22	2/1	2/8	2/15	2/22	3/1	3/8	3/15	3/22	4/1	4/8	4/15	4/22	5/1	5/8	5/15	5/22	6/1	6/8	6/15	6/22	7/1	7/8	7/15	7/22	8/1	8/8	8/15	8/22	9/1	9/8	9/15	9/22	10/1	10/8	10/15	10/22	11/1	11/8	11/15	11/22	12/1	12/8	12/15	12/22
Frequency (%)
	Gyrfalcon	0.05299246864612271	0.10154392928850016	0.12687726566545832	0.1201345506967804	0.09399001020462967	0.06395425389838798	0.03044220613344275	0.11824524062906468	0.08398264358699202	0.0719611409838687	0.054052106230406106	0.019022256039566292	0.00844451950684006	0.003506680225830207	0.01044695558302718	0.0012562340615303444	0.0012042969314514187	0.0010954222304987457	0.0012117686975910038	0.0023285597857724996	0.0	0.0	0.0	0.0	0.0	0.0	0.0	0.0	0.0	0.0	0.003507787287778869	0.0	0.0	0.0	0.0	0.006887526689165921	0.008497379974507861	0.0054039448797622265	0.017424638438752395	0.061331528635479235	0.043471173178286145	0.035826242722794444	0.022634676324128564	0.04493312893164878	0.021118687021058347	0.017316017316017316	0.0397468431834164	0.06975646786073326
	Total # checklists submitted - (Gyrfalcon)	62273	43331	38620	54106	37238	53163	75553	42285	42866	50027	55502	78855	59210	57034	57433	79603	83036	91289	82524	85890	53335	51722	49455	56820	41250	31182	26177	36645	27806	27015	28508	43847	34634	34222	34514	43557	35305	37010	34434	47284	36806	33495	30926	37834	33146	28875	32707	48741
	
Abundance
	Gyrfalcon	5.62041334125544E-4	0.0010615956243797743	0.001320559295701709	0.0012198277455365393	9.936086793060851E-4	6.395425389838798E-4	3.044220613344275E-4	0.0011824524062906468	8.398264358699202E-4	7.196114098386871E-4	5.405210623040611E-4	1.9022256039566293E-4	8.444519506840061E-5	3.506680225830207E-5	1.0446955583027179E-4	1.2562340615303443E-5	1.2042969314514187E-5	1.0954222304987458E-5	1.2117686975910038E-5	2.3285597857724998E-5	0.0	0.0	0.0	0.0	0.0	0.0	0.0	0.0	0.0	0.0	3.507787287778869E-5	0.0	0.0	0.0	0.0	6.887526689165921E-5	8.497379974507861E-5	5.4039448797622264E-5	1.7424638438752395E-4	8.459521191100584E-4	6.248981144378634E-4	6.269592476489029E-4	2.586820151328979E-4	4.4933128931648784E-4	2.1118687021058348E-4	1.7316017316017316E-4	5.197664108600606E-4	6.975646786073327E-4
	Total # checklists submitted - (Gyrfalcon)	62273	43331	38620	54106	37238	53163	75553	42285	42866	50027	55502	78855	59210	57034	57433	79603	83036	91289	82524	85890	53335	51722	49455	56820	41250	31182	26177	36645	27806	27015	28508	43847	34634	34222	34514	43557	35305	37010	34434	47284	36806	33495	30926	37834	33146	28875	32707	48741
	
Birds Per Party Hour
	Gyrfalcon	1.2742228377700509	2.8599796100663393	2.1106954116140093	3.530242749974845	3.2528472983622283	1.8721757468336875	3.9440343656463135	1.848816962463982	2.333206468376586	2.409246498722918	1.129126941776841	2.569448282214283	4.661968991310308	0.2763347763347763	1.7669809817533109	1.125	0.0	2.0	0.3333333333333333	2.1666666666666665	0.0	0.0	0.0	0.0	0.0	0.0	0.0	0.0	0.0	0.0	0.0	0.0	0.0	0.0	0.0	0.07857142857142857	1.5	0.7692307692307693	0.22826385456143242	0.33621148749732727	0.13637234849163102	0.1396924817443176	3.1123340881682497	5.579182155067364	6.159495710231165	3.0200006887141275	1.5273637999883078	2.104109732705406
	# checklists reporting species - (Gyrfalcon)	56	53	61	77	46	47	31	58	41	45	42	23	9	6	8	2	1	1	1	2	0.0	0.0	0.0	0.0	0.0	0.0	0.0	0.0	0.0	0.0	1	0.0	0.0	0	0.0	5	2	1	7	28	22	15	11	24	9	6	9	51
	
High Count
	Gyrfalcon	2	2	3	3	3	2	2	2	1	2	1	2	1	1	1	1	1	1	1	1	0.0	0.0	0.0	0.0	0.0	0.0	0.0	0.0	0.0	0.0	1	0.0	0.0	1	0.0	1	1	1	1	3	6	7	2	1	2	2	5	2
	# checklists reporting species - (Gyrfalcon)	137	116	121	185	116	119	91	123	83	79	70	36	12	11	12	3	3	2	1	3	0.0	0.0	0.0	0.0	0.0	0.0	0.0	0.0	0.0	0.0	1	0.0	0.0	1	0.0	7	7	3	8	35	25	26	33	60	45	45	54	129
	
Totals
	Gyrfalcon	138	117	126	190	120	119	92	124	83	81	70	37	12	11	12	3	3	2	1	3	0.0	0.0	0.0	0.0	0.0	0.0	0.0	0.0	0.0	0.0	1	0.0	0.0	1	0.0	7	7	3	8	46	32	35	34	60	44	47	59	129
	# checklists reporting species - (Gyrfalcon)	136	114	120	184	115	118	90	123	83	79	70	36	12	11	12	3	3	2	1	3	0.0	0.0	0.0	0.0	0.0	0.0	0.0	0.0	0.0	0.0	1	0.0	0.0	1	0.0	7	7	3	8	35	25	26	33	60	42	45	53	128
	
Average Count
	Gyrfalcon	1.0147058823529411	1.0263157894736843	1.05	1.0326086956521738	1.0434782608695652	1.0084745762711864	1.0222222222222221	1.008130081300813	1.0	1.0253164556962024	1.0	1.0277777777777777	1.0	1.0	1.0	1.0	1.0	1.0	1.0	1.0	0.0	0.0	0.0	0.0	0.0	0.0	0.0	0.0	0.0	0.0	1.0	0.0	0.0	1.0	0.0	1.0	1.0	1.0	1.0	1.3142857142857143	1.28	1.3461538461538463	1.0303030303030303	1.0	1.0476190476190477	1.0444444444444445	1.1132075471698113	1.0078125
	# checklists reporting species - (Gyrfalcon)	136	114	120	184	115	118	90	123	83	79	70	36	12	11	12	3	3	2	1	3	0.0	0.0	0.0	0.0	0.0	0.0	0.0	0.0	0.0	0.0	1	0.0	0.0	1	0.0	7	7	3	8	35	25	26	33	60	42	45	53	128
	
