

	Week starting on...	1/1	1/8	1/15	1/22	2/1	2/8	2/15	2/22	3/1	3/8	3/15	3/22	4/1	4/8	4/15	4/22	5/1	5/8	5/15	5/22	6/1	6/8	6/15	6/22	7/1	7/8	7/15	7/22	8/1	8/8	8/15	8/22	9/1	9/8	9/15	9/22	10/1	10/8	10/15	10/22	11/1	11/8	11/15	11/22	12/1	12/8	12/15	12/22
Frequency (%)
	American Crow	30.955630851251748	29.853915210819043	29.91455204557224	31.334787269434074	32.52054353080187	28.82267742602938	31.028549495056453	42.49497457727326	46.69201698315681	51.006456513482725	51.872004612446396	51.519878257561345	49.49332882958959	46.33727250412035	44.69904062124562	43.41921786867329	40.41740931644106	37.94323522001555	39.32552954292085	40.36674816625917	39.8518796287616	38.57932794555508	36.65150136487716	35.94684970080957	35.010909090909095	36.793663010711306	38.22439546166482	39.12402783462955	40.386966841688846	38.419396631501016	39.746737757822366	39.64695418158597	40.852919096841255	41.169423178072584	41.83809468621429	43.10673370525978	43.21767455034697	44.03944879762226	42.73392577104025	41.3628288638863	38.020974841058525	35.30676220331393	34.80889866132057	33.575619812866734	31.756471369094307	32.90735930735931	35.89445684410065	33.77649207033093
	Total # checklists submitted - (American Crow)	62273	43331	38620	54106	37238	53163	75553	42285	42866	50027	55502	78855	59210	57034	57433	79603	83036	91289	82524	85890	53335	51722	49455	56820	41250	31182	26177	36645	27806	27015	28508	43847	34634	34222	34514	43557	35305	37010	34434	47284	36806	33495	30926	37834	33146	28875	32707	48741
	
Abundance
	American Crow	14.283622115523581	3.7502711684475316	4.213904712584153	4.697427272391232	4.294940652022128	3.3223294396478753	4.001310338437918	5.037933073193804	5.219754584052629	3.6969436504287683	3.4413714821087527	2.7041278295605857	2.321702415132579	1.7886348493880844	1.5563177963888357	1.3337185784455359	1.1099402668722	0.976470330488887	0.9959284571760942	1.0149609966235884	1.0487109777819443	1.0053168864313058	0.9172985542412294	0.8866420274551214	0.9416242424242425	1.0831890193060099	1.1825648470030943	1.2785918952108064	1.5453139610156081	1.3377753100129557	1.4162691174407185	1.6231213081852807	1.635791418836981	1.7504529250189935	1.8701396534739525	2.463691255136947	2.608695652173913	3.6643069440691707	8.118458500319452	19.928665087556045	12.549475628973537	8.883445290341841	7.345825518980793	6.3948036157953165	5.288632112472093	6.560865800865801	14.244932277494115	10.43823475103096
	Total # checklists submitted - (American Crow)	62273	43331	38620	54106	37238	53163	75553	42285	42866	50027	55502	78855	59210	57034	57433	79603	83036	91289	82524	85890	53335	51722	49455	56820	41250	31182	26177	36645	27806	27015	28508	43847	34634	34222	34514	43557	35305	37010	34434	47284	36806	33495	30926	37834	33146	28875	32707	48741
	
Birds Per Party Hour
	American Crow	60.89267292491265	42.41429031633568	48.5188811980942	47.20215417979389	42.614939500614334	37.964995714178414	26.62361864528389	44.933628527255685	33.42955526030941	21.130070520327997	16.373912641778357	13.919387899387303	11.29878210388154	8.635155436556259	7.1407600135752425	5.464437889397133	4.322171136926531	3.890577445462867	3.7035728904981964	5.597081579889562	8.559506930026869	10.527157190479201	10.421645224116439	10.695639992049987	8.9472716837495	8.013101625898026	5.872125660663438	6.582297201570307	7.144702054111221	6.121441895834434	6.628419055358011	8.612837392739136	7.312070368099994	7.641481825825651	7.4394151132041495	9.53378649716962	12.375242186470704	17.419045144950122	26.582301366064247	39.12746701636009	39.05766641879302	45.58869227448846	37.223337194002724	41.93842421813649	89.72441120125829	52.795045031876235	46.955180907853226	67.90951397229189
	# checklists reporting species - (American Crow)	19370	12860	11464	16802	11967	15288	23437	17760	19883	25197	28318	39803	28364	25362	24500	33421	32017	32464	30430	32957	20689	19479	17677	19978	14019	11023	9676	13848	10915	10105	10929	16711	13508	13507	14104	18358	14967	15904	14457	19136	13787	11606	10537	12478	10245	9275	11569	16250
	
High Count
	American Crow	125000	8000	9300	8000	10000	25000	47235	10000	9000	5000	8000	1000	950	500	270	500	150	150	200	200	125	110	200	120	160	300	150	500	250	300	600	1100	750	500	1000	10000	3000	4000	20242	70000	24000	125000	16000	16000	20000	55000	117149	50000
	# checklists reporting species - (American Crow)	21554	14125	12650	18485	13243	16647	25307	19652	21850	27580	31108	43795	31488	28306	27533	36821	35844	37280	34760	36990	22722	21156	19325	21843	15619	12372	10910	15633	12296	11406	12320	18844	15268	15104	15598	20317	16528	17601	15893	21018	15027	12636	11525	13586	11429	10217	12702	17942
	
Totals
	American Crow	950726	184546	185818	295671	194296	235703	349950	237421	255533	211559	207609	231540	145950	109910	94976	112432	97169	94423	86304	91626	58653	54254	48118	53377	41133	35657	33030	50999	46069	39032	43818	75676	62279	65724	70175	116211	105544	149455	329101	1139375	516990	462329	267170	273818	196384	267109	823332	551569
	# checklists reporting species - (American Crow)	20648	13652	12240	17906	12804	16249	24774	19079	21160	26675	29897	41901	29933	26739	25869	34771	33349	33773	31571	34242	21464	20129	18328	20741	14665	11632	10180	14663	11536	10682	11582	17714	14363	14297	14775	19229	15707	16743	15206	20114	14404	12153	11082	13115	10952	9898	12353	17344
	
Average Count
	American Crow	46.044459511817124	13.517872839144447	15.181209150326797	16.51239807885625	15.174632927210247	14.505692658009723	14.125696294502301	12.444100843859742	12.076228733459358	7.930984067478913	6.944141552664147	5.525882437173337	4.8758894865198945	4.110475335652044	3.67142139240017	3.2334991803514423	2.9137005607364537	2.795813223580967	2.7336479680719648	2.675836691782022	2.7326220648527766	2.6953152168513093	2.6253819292885203	2.573501759799431	2.8048414592567337	3.0654229711141676	3.244597249508841	3.478074063970538	3.993498613037448	3.653997378768021	3.783284406838197	4.272101162921983	4.336071851284551	4.597048331817864	4.749576988155669	6.043528004576421	6.719551792194563	8.92641701009377	21.6428383532816	56.64586854926917	35.8921133018606	38.04237636797499	24.108464176141492	20.878231033168127	17.931336742147554	26.986158819963627	66.65036833157937	31.801718173431734
	# checklists reporting species - (American Crow)	20648	13652	12240	17906	12804	16249	24774	19079	21160	26675	29897	41901	29933	26739	25869	34771	33349	33773	31571	34242	21464	20129	18328	20741	14665	11632	10180	14663	11536	10682	11582	17714	14363	14297	14775	19229	15707	16743	15206	20114	14404	12153	11082	13115	10952	9898	12353	17344
	
