

	Week starting on...	1/1	1/8	1/15	1/22	2/1	2/8	2/15	2/22	3/1	3/8	3/15	3/22	4/1	4/8	4/15	4/22	5/1	5/8	5/15	5/22	6/1	6/8	6/15	6/22	7/1	7/8	7/15	7/22	8/1	8/8	8/15	8/22	9/1	9/8	9/15	9/22	10/1	10/8	10/15	10/22	11/1	11/8	11/15	11/22	12/1	12/8	12/15	12/22
Frequency (%)
	Arctic Tern	0.0	0.0	0.0	0.0	0.0	0.0	0.0	0.0	0.0	0.0	0.0	0.0	0.0	0.0	0.0	0.0	0.0012042969314514187	0.0032862666914962374	0.007270612185546023	0.09314239143089999	0.16124496109496578	0.1237384478558447	0.07077140835102619	0.06511791622668076	0.1503030303030303	0.19241870309794112	0.1260648661038316	0.12552872151726022	0.15464288283104366	0.19988895058300943	0.08067910761891399	0.06157775902570302	0.02598602529306462	0.0029220968967330957	0.0	0.004591684459443947	0.00566491998300524	0.0	0.0	0.008459521191100583	0.0	0.0029855202268995375	0.0032335251891612237	0.0	0.0	0.0	0.0	0.0
	Total # checklists submitted - (Arctic Tern)	62273	43331	38620	54106	37238	53163	75553	42285	42866	50027	55502	78855	59210	57034	57433	79603	83036	91289	82524	85890	53335	51722	49455	56820	41250	31182	26177	36645	27806	27015	28508	43847	34634	34222	34514	43557	35305	37010	34434	47284	36806	33495	30926	37834	33146	28875	32707	48741
	
Abundance
	Arctic Tern	0.0	0.0	0.0	0.0	0.0	0.0	0.0	0.0	0.0	0.0	0.0	0.0	0.0	0.0	0.0	0.0	2.4085938629028374E-5	1.7526755687979933E-4	8.482380883137027E-5	0.007893817673768774	0.008849723446142307	0.005548896021035536	0.003700333636639369	0.005966209081309398	0.006715151515151515	0.00875505099095632	0.005271803491614776	0.002783462955382726	0.003632309573473351	0.007884508606329816	0.0029114634488564615	0.0019157525030218715	4.6197378298781544E-4	2.9220968967330958E-5	0.0	4.591684459443947E-5	5.66491998300524E-5	0.0	0.0	1.480416208442602E-4	0.0	5.971040453799075E-5	3.233525189161224E-5	0.0	0.0	0.0	0.0	0.0
	Total # checklists submitted - (Arctic Tern)	62273	43331	38620	54106	37238	53163	75553	42285	42866	50027	55502	78855	59210	57034	57433	79603	83036	91289	82524	85890	53335	51722	49455	56820	41250	31182	26177	36645	27806	27015	28508	43847	34634	34222	34514	43557	35305	37010	34434	47284	36806	33495	30926	37834	33146	28875	32707	48741
	
Birds Per Party Hour
	Arctic Tern	0.0	0.0	0.0	0.0	0.0	0.0	0.0	0.0	0.0	0.0	0.0	0.0	0.0	0.0	0.0	0.0	2.0	1.7597619612111146	0.33384274608928965	4.934392587445873	3.479291805160905	13.062813033678175	2.745496262435228	2.8267261017867957	7.889343692834444	1.09863469449824	0.19593860688283704	0.22451105817181707	0.2492366699165813	0.42376533804515304	0.331188391510989	0.589920637783884	0.18240405764814613	0.0	0.0	0.36086164614507227	0.1	0.5	0.0	1.6521157490051106	0.0	0.5333333333333333	0.29985007496251875	0.0	0.0	0.0	0.0	0.0
	# checklists reporting species - (Arctic Tern)	0.0	0.0	0.0	0.0	0.0	0.0	0.0	0.0	0.0	0.0	0.0	0.0	0.0	0.0	0.0	0.0	1	3	8	117	113	82	42	47	26	18	30	49	41	44	23	27	9	1	0.0	3	5	1	0.0	4	0.0	3	5	0.0	0.0	0.0	0.0	0.0
	
High Count
	Arctic Tern	0.0	0.0	0.0	0.0	0.0	0.0	0.0	0.0	0.0	0.0	0.0	0.0	0.0	0.0	0.0	0.0	2	14	4	100	200	50	20	140	20	24	18	10	6	13	18	20	4	1	0.0	1	1	1	0.0	4	0.0	2	1	0.0	0.0	0.0	0.0	0.0
	# checklists reporting species - (Arctic Tern)	0.0	0.0	0.0	0.0	0.0	0.0	0.0	0.0	0.0	0.0	0.0	0.0	0.0	0.0	0.0	0.0	1	3	12	148	124	97	57	53	77	121	40	55	44	54	26	33	10	1	0.0	5	13	2	0.0	4	0.0	8	12	0.0	0.0	0.0	0.0	0.0
	
Totals
	Arctic Tern	0.0	0.0	0.0	0.0	0.0	0.0	0.0	0.0	0.0	0.0	0.0	0.0	0.0	0.0	0.0	0.0	2	16	19	1055	613	404	232	385	292	444	164	139	106	213	95	137	17	1	0.0	5	13	2	0.0	7	0.0	9	12	0.0	0.0	0.0	0.0	0.0
	# checklists reporting species - (Arctic Tern)	0.0	0.0	0.0	0.0	0.0	0.0	0.0	0.0	0.0	0.0	0.0	0.0	0.0	0.0	0.0	0.0	1	3	12	147	122	94	55	51	74	108	38	55	43	54	25	33	10	1	0.0	5	13	2	0.0	4	0.0	8	12	0.0	0.0	0.0	0.0	0.0
	
Average Count
	Arctic Tern	0.0	0.0	0.0	0.0	0.0	0.0	0.0	0.0	0.0	0.0	0.0	0.0	0.0	0.0	0.0	0.0	2.0	5.333333333333333	1.5833333333333333	7.1768707482993195	5.024590163934426	4.297872340425532	4.218181818181818	7.549019607843137	3.945945945945946	4.111111111111111	4.315789473684211	2.5272727272727273	2.4651162790697674	3.9444444444444446	3.8	4.151515151515151	1.7	1.0	0.0	1.0	1.0	1.0	0.0	1.75	0.0	1.125	1.0	0.0	0.0	0.0	0.0	0.0
	# checklists reporting species - (Arctic Tern)	0.0	0.0	0.0	0.0	0.0	0.0	0.0	0.0	0.0	0.0	0.0	0.0	0.0	0.0	0.0	0.0	1	3	12	147	122	94	55	51	74	108	38	55	43	54	25	33	10	1	0.0	5	13	2	0.0	4	0.0	8	12	0.0	0.0	0.0	0.0	0.0
	
