

	Week starting on...	1/1	1/8	1/15	1/22	2/1	2/8	2/15	2/22	3/1	3/8	3/15	3/22	4/1	4/8	4/15	4/22	5/1	5/8	5/15	5/22	6/1	6/8	6/15	6/22	7/1	7/8	7/15	7/22	8/1	8/8	8/15	8/22	9/1	9/8	9/15	9/22	10/1	10/8	10/15	10/22	11/1	11/8	11/15	11/22	12/1	12/8	12/15	12/22
Frequency (%)
	Blue-winged Warbler	0.0	0.0	0.0	0.0	0.0	0.0	0.0	0.0	0.0	0.0	0.0	0.0	0.0	0.0	0.013929274110702905	0.2072786201525068	2.521797774459271	3.4472937593795527	2.6586205225146626	1.9082547444405635	1.528077247586013	1.1097792042071073	0.875543423314124	0.5825413586765223	0.3806060606060606	0.25014431402732346	0.22156855254612828	0.19102196752626552	0.1582392289433935	0.20359059781602812	0.3542865160656658	0.36718589641252536	0.47929779984985854	0.21623517035824907	0.0695369994784725	0.018366737837775787	0.00283245999150262	0.0027019724398811133	0.0	0.004229760595550291	0.0	0.0	0.0	0.0	0.0	0.0	0.0	0.0
	Total # checklists submitted - (Blue-winged Warbler)	62273	43331	38620	54106	37238	53163	75553	42285	42866	50027	55502	78855	59210	57034	57433	79603	83036	91289	82524	85890	53335	51722	49455	56820	41250	31182	26177	36645	27806	27015	28508	43847	34634	34222	34514	43557	35305	37010	34434	47284	36806	33495	30926	37834	33146	28875	32707	48741
	
Abundance
	Blue-winged Warbler	0.0	0.0	0.0	0.0	0.0	0.0	0.0	0.0	0.0	0.0	0.0	0.0	0.0	0.0	1.567043337454077E-4	0.0023868447169076543	0.03199816946866419	0.04261192476640121	0.03813436091318889	0.03300733496332518	0.02377425705446705	0.016608019798151658	0.01397229804873117	0.009380499824005632	0.00576969696969697	0.004201141684305048	0.00343813271192268	0.002592440987856461	0.0020139538229159175	0.00277623542476402	0.004945980075768205	0.004812187834971606	0.006438759600392678	0.0023668984863538076	6.663962450020282E-4	2.0662580067497762E-4	2.83245999150262E-5	2.7019724398811132E-5	0.0	4.2297605955502916E-5	0.0	0.0	0.0	0.0	0.0	0.0	0.0	0.0
	Total # checklists submitted - (Blue-winged Warbler)	62273	43331	38620	54106	37238	53163	75553	42285	42866	50027	55502	78855	59210	57034	57433	79603	83036	91289	82524	85890	53335	51722	49455	56820	41250	31182	26177	36645	27806	27015	28508	43847	34634	34222	34514	43557	35305	37010	34434	47284	36806	33495	30926	37834	33146	28875	32707	48741
	
Birds Per Party Hour
	Blue-winged Warbler	0.0	0.0	0.0	0.0	0.0	0.0	0.0	0.0	0.0	0.0	0.0	0.0	0.0	0.0	0.8011528468932693	0.4740291848622032	0.8371934800118326	0.8214641098795886	1.1832663194307698	1.6812535598750291	1.8647905564649168	2.2492275920417786	1.9112184972471251	2.3261473241612443	1.5094314103947994	1.421910186613097	1.4681482051649652	1.1112387314407413	1.1905760629667905	0.8679104012049387	0.8246095897543889	0.7823868866845345	0.49324722892444384	0.5827185757456121	1.1125020273041364	0.44294728120949556	0.0	0.0	0.0	0.4444444444444444	0.0	0.0	0.0	0.0	0.0	0.0	0.0	0.0
	# checklists reporting species - (Blue-winged Warbler)	0.0	0.0	0.0	0.0	0.0	0.0	0.0	0.0	0.0	0.0	0.0	0.0	0.0	0.0	12	195	2023	2834	2165	1733	859	608	450	352	171	74	61	70	45	56	104	180	166	83	21	7	1	1	0.0	2	0.0	0.0	0.0	0.0	0.0	0.0	0.0	0.0
	
High Count
	Blue-winged Warbler	0.0	0.0	0.0	0.0	0.0	0.0	0.0	0.0	0.0	0.0	0.0	0.0	0.0	0.0	2	4	11	23	13	21	15	14	9	8	10	5	5	5	6	7	8	6	5	3	2	2	1	1	0.0	1	0.0	0.0	0.0	0.0	0.0	0.0	0.0	0.0
	# checklists reporting species - (Blue-winged Warbler)	0.0	0.0	0.0	0.0	0.0	0.0	0.0	0.0	0.0	0.0	0.0	0.0	0.0	0.0	13	245	2524	3937	2700	1937	970	718	504	413	222	87	66	80	54	67	126	222	199	92	33	9	2	3	0.0	2	0.0	0.0	0.0	0.0	0.0	0.0	0.0	0.0
	
Totals
	Blue-winged Warbler	0.0	0.0	0.0	0.0	0.0	0.0	0.0	0.0	0.0	0.0	0.0	0.0	0.0	0.0	15	284	3107	4736	3712	3238	1485	1030	792	621	318	141	101	107	66	95	179	280	258	105	31	10	2	3	0.0	2	0.0	0.0	0.0	0.0	0.0	0.0	0.0	0.0
	# checklists reporting species - (Blue-winged Warbler)	0.0	0.0	0.0	0.0	0.0	0.0	0.0	0.0	0.0	0.0	0.0	0.0	0.0	0.0	13	232	2250	3284	2420	1856	942	695	485	399	216	84	63	80	51	65	124	215	193	92	30	8	2	3	0.0	2	0.0	0.0	0.0	0.0	0.0	0.0	0.0	0.0
	
Average Count
	Blue-winged Warbler	0.0	0.0	0.0	0.0	0.0	0.0	0.0	0.0	0.0	0.0	0.0	0.0	0.0	0.0	1.1538461538461537	1.2241379310344827	1.3808888888888888	1.4421437271619975	1.5338842975206612	1.7446120689655173	1.5764331210191083	1.4820143884892085	1.6329896907216495	1.556390977443609	1.4722222222222223	1.6785714285714286	1.6031746031746033	1.3375	1.2941176470588236	1.4615384615384615	1.4435483870967742	1.302325581395349	1.3367875647668395	1.141304347826087	1.0333333333333334	1.25	1.0	1.0	0.0	1.0	0.0	0.0	0.0	0.0	0.0	0.0	0.0	0.0
	# checklists reporting species - (Blue-winged Warbler)	0.0	0.0	0.0	0.0	0.0	0.0	0.0	0.0	0.0	0.0	0.0	0.0	0.0	0.0	13	232	2250	3284	2420	1856	942	695	485	399	216	84	63	80	51	65	124	215	193	92	30	8	2	3	0.0	2	0.0	0.0	0.0	0.0	0.0	0.0	0.0	0.0
	
