

	Week starting on...	1/1	1/8	1/15	1/22	2/1	2/8	2/15	2/22	3/1	3/8	3/15	3/22	4/1	4/8	4/15	4/22	5/1	5/8	5/15	5/22	6/1	6/8	6/15	6/22	7/1	7/8	7/15	7/22	8/1	8/8	8/15	8/22	9/1	9/8	9/15	9/22	10/1	10/8	10/15	10/22	11/1	11/8	11/15	11/22	12/1	12/8	12/15	12/22
Frequency (%)
	Black-capped Chickadee	49.6651839480995	51.25199049179571	52.257897462454686	52.85365763501275	53.36752779418873	56.795139476703724	58.93611107434516	50.547475464112566	50.5015630103112	48.09602814480181	47.34604158408706	45.881681567433894	46.208410741428814	46.954448223866464	46.82325492312781	46.99697247591171	46.39072209644009	43.10596019235614	42.49066938102855	35.33356618931191	29.262210555920127	27.092919840686747	27.238904054190677	28.354452657514962	32.303030303030305	35.7289461869027	40.692210719333765	41.86928639650703	44.767316406530966	45.14528965389598	46.31331556054441	48.28380504937624	50.672749321476005	50.3009759803635	50.625832995306254	50.570516794085904	52.40050984279847	53.885436368549044	53.54300981587965	54.671770577785296	55.19752214312884	56.169577548887894	55.037832244713194	54.48538351747105	51.93085138478247	54.73939393939394	58.58990430183141	57.07515233581584
	Total # checklists submitted - (Black-capped Chickadee)	62273	43331	38620	54106	37238	53163	75553	42285	42866	50027	55502	78855	59210	57034	57433	79603	83036	91289	82524	85890	53335	51722	49455	56820	41250	31182	26177	36645	27806	27015	28508	43847	34634	34222	34514	43557	35305	37010	34434	47284	36806	33495	30926	37834	33146	28875	32707	48741
	
Abundance
	Black-capped Chickadee	3.329356221797569	3.1348457224619786	3.195261522527188	3.295882157246886	3.2519469359256674	3.26785546338619	3.3495956480880973	2.86167671751212	2.8292819483973313	2.5216583045155616	2.34251017981334	2.123010589055862	2.098834656308056	2.0288775116597115	1.9529712882837393	1.8895142142884063	1.7344404836456477	1.430468073919092	1.289055305123358	0.8964955175224124	0.6724477360082497	0.6287846564324658	0.6481852188858558	0.7257303766279479	0.9424	1.1067603104355077	1.3708599151927265	1.4946650293355164	1.7407753722218227	1.8609291134554877	2.044022730461625	2.5090200013683948	2.879655829531674	2.8130442405470166	2.80758532769311	2.7455518056799137	2.8704432799886703	3.341340178330181	3.2276529012023	3.581253701040521	3.594278106830408	3.284669353634871	3.200834249498804	3.2275995136649573	3.1441802932480543	3.649246753246753	6.13223468982175	4.98537165835744
	Total # checklists submitted - (Black-capped Chickadee)	62273	43331	38620	54106	37238	53163	75553	42285	42866	50027	55502	78855	59210	57034	57433	79603	83036	91289	82524	85890	53335	51722	49455	56820	41250	31182	26177	36645	27806	27015	28508	43847	34634	34222	34514	43557	35305	37010	34434	47284	36806	33495	30926	37834	33146	28875	32707	48741
	
Birds Per Party Hour
	Black-capped Chickadee	13.027754933417267	12.89967063142296	12.372739372867661	12.885270592451615	12.406841356257116	12.180192606919979	10.78236531945976	11.375116954973985	11.193423732260507	10.02113220330806	9.555341588929789	8.36460235505562	7.609036614279689	6.8360555544018915	6.399662368067765	5.683346732153818	4.916356040646212	4.237405103499346	3.5746671319912324	3.836715960157935	5.145923389004153	6.02642656642668	6.721648029727175	7.5755565695762686	6.788721085051337	6.293136176238086	5.35306919687346	5.2687941722976674	5.437891953764451	5.568140112846827	5.780824994229266	5.984387272647094	6.055140041041191	6.453013846810283	6.514223643969566	6.7692213911146055	7.172019532454815	7.620850883259911	8.229078930253397	8.930853695919405	9.820265926158642	9.647434244539939	10.470374870984244	11.146238419318296	11.54069633883818	11.495356607781714	12.140586181798337	11.615079631657652
	# checklists reporting species - (Black-capped Chickadee)	30501	21900	19885	28152	19466	30254	44698	21093	21424	23656	25781	35572	26778	26006	25956	36488	37456	37961	33736	29228	15177	13742	13226	15786	13078	10806	10422	15069	12181	11987	12926	20530	16993	16712	17223	21561	18155	19604	18099	25463	20137	18619	16737	20351	16946	15589	18883	27360
	
High Count
	Black-capped Chickadee	451	129	100	100	200	110	250	113	120	300	100	100	200	200	200	350	500	180	100	50	50	48	40	37	62	50	100	103	100	75	100	400	300	299	200	415	545	5000	750	1425	3000	640	265	150	115	1154	1794	868
	# checklists reporting species - (Black-capped Chickadee)	33468	23732	21644	30535	21194	31926	46814	22846	23127	25589	27951	38636	29280	28595	28778	39846	41082	42165	37495	32352	16632	14926	14431	17283	14462	12010	11549	16688	13527	13253	14380	22878	18874	18471	18856	23746	19972	21601	19825	27911	21865	20277	18192	22050	18491	16898	20441	29838
	
Totals
	Black-capped Chickadee	221444	142735	129775	187438	127151	181647	263568	126535	127333	131794	136206	175883	130518	121727	117868	158380	150552	136894	111238	80503	37330	33897	33563	43176	40976	36010	37598	57723	51189	52788	61537	116021	104280	100722	101867	126217	106739	131600	118413	182699	144138	116421	104010	127899	109492	112988	237705	264250
	# checklists reporting species - (Black-capped Chickadee)	32010	22861	20782	29421	20366	31135	45804	22029	22338	24633	26759	37053	27920	27164	27162	37717	38581	39034	34696	30249	15711	14202	13680	16323	13596	11280	10856	15745	12732	12497	13528	21530	17817	17497	17907	22442	18950	20518	18917	26644	20990	19452	17524	21286	17753	16331	19864	28711
	
Average Count
	Black-capped Chickadee	6.9179631365198375	6.243602642054153	6.2445866615340195	6.370891540056422	6.2432976529509965	5.834173759434719	5.754257270107415	5.744019247355759	5.700286507296982	5.350302439816506	5.090100526925521	4.74679513129841	4.6747134670487105	4.481188337505522	4.339444812605846	4.1991674841583375	3.902231668437832	3.5070451401342417	3.2060756283145033	2.661344176666997	2.3760422633823435	2.386776510350655	2.45343567251462	2.6451020033082155	3.0138275963518684	3.1923758865248226	3.4633382461311717	3.6661162273737693	4.020499528746465	4.224053772905497	4.548861620342993	5.388806316767301	5.85283717797609	5.756529690804138	5.688669235494499	5.624142233312539	5.632664907651715	6.413880495174968	6.259607760215679	6.857040984837112	6.8669842782277275	5.985040098704504	5.935288746861447	6.008597200037584	6.167520982369177	6.918621027493724	11.966623036649215	9.203789488349413
	# checklists reporting species - (Black-capped Chickadee)	32010	22861	20782	29421	20366	31135	45804	22029	22338	24633	26759	37053	27920	27164	27162	37717	38581	39034	34696	30249	15711	14202	13680	16323	13596	11280	10856	15745	12732	12497	13528	21530	17817	17497	17907	22442	18950	20518	18917	26644	20990	19452	17524	21286	17753	16331	19864	28711
	
