

	Week starting on...	1/1	1/8	1/15	1/22	2/1	2/8	2/15	2/22	3/1	3/8	3/15	3/22	4/1	4/8	4/15	4/22	5/1	5/8	5/15	5/22	6/1	6/8	6/15	6/22	7/1	7/8	7/15	7/22	8/1	8/8	8/15	8/22	9/1	9/8	9/15	9/22	10/1	10/8	10/15	10/22	11/1	11/8	11/15	11/22	12/1	12/8	12/15	12/22
Frequency (%)
	Greater Scaup	6.388001220432611	6.773441646857909	6.043500776799586	6.09544227996895	6.19528438691659	4.597182250813535	3.8079229150397733	6.389972803594655	6.406009424718892	6.754352649569233	6.261035638355375	5.4720689873819035	5.1545347069751735	4.576217694708419	4.323298452109414	3.546348755700162	3.0589142058866035	2.256569794827416	1.0942271339246765	0.45057631854697866	0.16874472672728977	0.1604732995630486	0.12334445455464563	0.16367476240760295	0.0993939393939394	0.14752100570842153	0.24830958474997133	0.23468413153226908	0.33086384233618643	0.33684989820470107	0.31920864318787706	0.29876616416174423	0.3897903793959693	0.672082286248612	1.1560526163296054	1.903253208439516	2.6738422319784734	3.3882734396109155	4.164488586861823	5.048219270789273	5.99087105363256	5.135094790267204	5.141305050766346	4.831632922767881	5.303807397574368	5.118614718614719	5.176261962271074	5.338421452165528
	Total # checklists submitted - (Greater Scaup)	62273	43331	38620	54106	37238	53163	75553	42285	42866	50027	55502	78855	59210	57034	57433	79603	83036	91289	82524	85890	53335	51722	49455	56820	41250	31182	26177	36645	27806	27015	28508	43847	34634	34222	34514	43557	35305	37010	34434	47284	36806	33495	30926	37834	33146	28875	32707	48741
	
Abundance
	Greater Scaup	10.212371332680295	7.692068034432623	6.577446918694977	5.668890696041104	5.145845641548956	3.7902300472132873	3.3211255674824294	6.570840723660873	5.460248215368824	6.778999340356208	7.821934344708299	6.139357047745863	3.4480662050329336	3.93453028018375	2.0685320286246585	1.8226574375337612	1.2509995664531046	0.2976481284711192	0.07340894770006301	0.01472814064501106	0.004087372269616574	0.003228800123738448	0.00305328076028713	0.006388595564941922	0.0025696969696969696	0.00865884163940735	0.006990869847576116	0.009987720016373311	0.017154570955908797	0.015435868961687952	0.009927038024414199	0.022008347207334595	0.027776173702142404	0.03170475132955409	0.13162774526279192	0.41279243290401085	1.6764197705707407	6.267089975682248	5.482168786664343	6.795385331190254	8.94125957724284	9.166651739065532	9.46792343012352	9.292911138129725	11.167380679418331	9.682077922077923	12.144403338734827	9.355675919656962
	Total # checklists submitted - (Greater Scaup)	62273	43331	38620	54106	37238	53163	75553	42285	42866	50027	55502	78855	59210	57034	57433	79603	83036	91289	82524	85890	53335	51722	49455	56820	41250	31182	26177	36645	27806	27015	28508	43847	34634	34222	34514	43557	35305	37010	34434	47284	36806	33495	30926	37834	33146	28875	32707	48741
	
Birds Per Party Hour
	Greater Scaup	225.06024474670502	235.2823998774738	182.46478186228634	171.58563186268793	158.6891428724108	183.37109493398793	140.29939910272387	226.53695826430456	128.53899654871182	172.92256403362722	152.49311373193456	152.859928066231	95.45769148780023	108.84117636650595	62.0286123705518	60.60039087471604	41.04288136879271	14.062977379111187	6.968780441999288	3.866356472296614	2.5018390110274216	2.447356839093236	3.9204365303342747	10.699865323161664	7.350773578901775	3.5665514905542786	0.9503734483777915	1.567917567073232	1.0628788753776888	0.9858608421066046	1.256396884841288	1.7314817034728307	2.191596378935207	3.899686969537737	4.5804089322982104	11.400151922977992	58.59176844314852	97.04578472534139	104.41394565283112	179.0874047434643	165.2994014818102	211.4436512040541	167.47150110784676	230.26655615253148	269.3434987397946	281.0063156166778	225.15945203495747	205.94639200523494
	# checklists reporting species - (Greater Scaup)	3641	2726	2121	3008	2082	2271	2621	2492	2517	3091	3117	3851	2747	2359	2232	2588	2229	1813	853	381	99	92	62	97	46	46	67	93	92	94	92	133	141	228	422	834	929	1232	1370	2262	2100	1591	1445	1691	1607	1360	1601	2456
	
High Count
	Greater Scaup	100000	20000	24000	10000	30000	9000	5857	18000	11525	15212	13150	23000	10000	50000	11500	8000	8000	1000	301	75	60	15	30	125	33	186	50	96	106	64	47	3000	294	120	2000	5000	10000	75000	20000	25000	115000	20000	38000	60000	25000	32000	50000	30000
	# checklists reporting species - (Greater Scaup)	4305	3123	2493	3535	2481	2583	3051	2884	2930	3624	3726	4660	3331	2838	2718	3089	2803	2320	1065	493	145	104	85	118	60	64	83	120	108	108	103	162	168	268	502	944	1092	1401	1611	2638	2392	1868	1726	1987	1920	1583	1793	2815
	
Totals
	Greater Scaup	869194	439370	283779	354305	259689	218420	273894	313279	259586	390359	510473	599067	230846	248437	171173	169618	107315	28974	6675	1590	385	209	206	421	176	346	217	418	525	442	301	4025	1048	1204	5225	26024	96924	292304	274052	399302	562852	354798	322575	380130	415325	343098	430451	568562
	# checklists reporting species - (Greater Scaup)	3802	2822	2200	3130	2163	2346	2709	2598	2608	3208	3255	4076	2910	2501	2400	2724	2345	1947	924	454	138	101	82	112	60	63	82	119	107	108	103	162	165	256	480	899	1022	1327	1502	2401	2192	1665	1538	1758	1698	1424	1653	2558
	
Average Count
	Greater Scaup	228.6149395055234	155.6945428773919	128.99045454545455	113.1964856230032	120.05963938973647	93.10315430520033	101.10520487264674	120.5846805234796	99.53450920245399	121.68298004987531	156.8273425499232	146.97423945044162	79.32852233676977	99.33506597361055	71.32208333333334	62.26798825256975	45.76332622601279	14.88135593220339	7.224025974025974	3.502202643171806	2.789855072463768	2.0693069306930694	2.5121951219512195	3.7589285714285716	2.933333333333333	5.492063492063492	2.6463414634146343	3.5126050420168067	4.906542056074766	4.092592592592593	2.9223300970873787	24.84567901234568	6.351515151515152	4.703125	10.885416666666666	28.947719688542826	94.8375733855186	220.27430293896006	182.45805592543275	166.30653894210747	256.7755474452555	213.0918918918919	209.73667100130038	216.22866894197952	244.59658421672555	240.93960674157304	260.40592861464006	222.26817826426895
	# checklists reporting species - (Greater Scaup)	3802	2822	2200	3130	2163	2346	2709	2598	2608	3208	3255	4076	2910	2501	2400	2724	2345	1947	924	454	138	101	82	112	60	63	82	119	107	108	103	162	165	256	480	899	1022	1327	1502	2401	2192	1665	1538	1758	1698	1424	1653	2558
	
