

	Week starting on...	1/1	1/8	1/15	1/22	2/1	2/8	2/15	2/22	3/1	3/8	3/15	3/22	4/1	4/8	4/15	4/22	5/1	5/8	5/15	5/22	6/1	6/8	6/15	6/22	7/1	7/8	7/15	7/22	8/1	8/8	8/15	8/22	9/1	9/8	9/15	9/22	10/1	10/8	10/15	10/22	11/1	11/8	11/15	11/22	12/1	12/8	12/15	12/22
Frequency (%)
	Stilt Sandpiper	0.0	0.0	0.0	0.0	0.0	0.0	0.0	0.0	0.0	0.0	0.0	0.0	0.0	0.0	0.0	0.026380915292137232	0.048171877258056744	0.06462991159942601	0.10542387669041733	0.0442426359296775	0.011249648448485985	0.03286802521170875	0.03639672429481347	0.14431538190777896	0.08484848484848485	0.20203963825283816	0.7449287542499141	0.9250920998772002	0.8343522980651658	1.377012770682954	1.788971516767223	2.4722329919948915	2.4426863775480743	1.3850739290514873	0.9474416178941878	0.6290607709438207	0.4192040787423878	0.2918130235071602	0.24394493814253354	0.06344640893325439	0.008150844970928653	0.0029855202268995375	0.0	0.0	0.0	0.0	0.0	0.0
	Total # checklists submitted - (Stilt Sandpiper)	62273	43331	38620	54106	37238	53163	75553	42285	42866	50027	55502	78855	59210	57034	57433	79603	83036	91289	82524	85890	53335	51722	49455	56820	41250	31182	26177	36645	27806	27015	28508	43847	34634	34222	34514	43557	35305	37010	34434	47284	36806	33495	30926	37834	33146	28875	32707	48741
	
Abundance
	Stilt Sandpiper	0.0	0.0	0.0	0.0	0.0	0.0	0.0	0.0	0.0	0.0	0.0	0.0	0.0	0.0	0.0	2.7637149353667575E-4	4.8171877258056746E-4	7.229786721291722E-4	0.0013208278803741942	4.657119571544999E-4	1.499953126464798E-4	4.0601678202699046E-4	5.257304620361945E-4	0.0041006687785990845	0.009527272727272728	0.0029504201141684304	0.01264468808496008	0.020030017737754126	0.018233474789613752	0.0277623542476402	0.03055282727655395	0.04828152439163455	0.048131893515043024	0.02998071416048156	0.019557281103320393	0.01375209495603462	0.006882877779351366	0.006349635233720616	0.00662136260672591	8.036545131545554E-4	5.4338966472857684E-5	1.194208090759815E-4	0.0	0.0	0.0	0.0	0.0	0.0
	Total # checklists submitted - (Stilt Sandpiper)	62273	43331	38620	54106	37238	53163	75553	42285	42866	50027	55502	78855	59210	57034	57433	79603	83036	91289	82524	85890	53335	51722	49455	56820	41250	31182	26177	36645	27806	27015	28508	43847	34634	34222	34514	43557	35305	37010	34434	47284	36806	33495	30926	37834	33146	28875	32707	48741
	
Birds Per Party Hour
	Stilt Sandpiper	0.0	0.0	0.0	0.0	0.0	0.0	0.0	0.0	0.0	0.0	0.0	0.0	0.0	0.0	0.0	2.1528101618388176	4.060411525868619	1.3481858085084406	1.1281861193167	1.8254007936431795	2.177264312184223	11.188219544846051	7.0568072900500525	12.787552549185508	105.07699127616182	1.4506983950684724	1.5188088227151233	2.101899315703183	2.0772415858844715	2.2591605743608865	1.7569825155124728	2.426897179642851	2.3688212150533734	3.1185474600323047	2.4477540226520484	2.3680681460981794	2.3948603146218708	2.73149702038946	3.189981645461243	1.1784760278810187	0.1876226826608506	1.5	0.0	0.0	0.0	0.0	0.0	0.0
	# checklists reporting species - (Stilt Sandpiper)	0.0	0.0	0.0	0.0	0.0	0.0	0.0	0.0	0.0	0.0	0.0	0.0	0.0	0.0	0.0	25	59	72	108	48	8	21	18	90	36	90	238	432	278	475	607	1288	976	542	372	311	175	135	99	47	10	2	0.0	0.0	0.0	0.0	0.0	0.0
	
High Count
	Stilt Sandpiper	0.0	0.0	0.0	0.0	0.0	0.0	0.0	0.0	0.0	0.0	0.0	0.0	0.0	0.0	0.0	2	1	5	6	5	3	4	6	32	150	33	19	47	59	75	128	52	107	81	85	35	29	40	40	13	14	4	0.0	0.0	0.0	0.0	0.0	0.0
	# checklists reporting species - (Stilt Sandpiper)	0.0	0.0	0.0	0.0	0.0	0.0	0.0	0.0	0.0	0.0	0.0	0.0	0.0	0.0	0.0	25	66	95	139	63	12	23	19	94	60	122	282	543	368	551	713	1482	1160	653	458	390	219	169	124	64	13	3	0.0	0.0	0.0	0.0	0.0	0.0
	
Totals
	Stilt Sandpiper	0.0	0.0	0.0	0.0	0.0	0.0	0.0	0.0	0.0	0.0	0.0	0.0	0.0	0.0	0.0	26	65	117	184	62	18	30	28	310	431	290	532	1783	1158	1235	1602	3298	2547	1728	1086	918	488	590	352	123	40	7	0.0	0.0	0.0	0.0	0.0	0.0
	# checklists reporting species - (Stilt Sandpiper)	0.0	0.0	0.0	0.0	0.0	0.0	0.0	0.0	0.0	0.0	0.0	0.0	0.0	0.0	0.0	25	65	93	133	57	12	23	19	92	59	120	278	532	358	539	687	1450	1129	634	442	379	210	165	123	63	12	3	0.0	0.0	0.0	0.0	0.0	0.0
	
Average Count
	Stilt Sandpiper	0.0	0.0	0.0	0.0	0.0	0.0	0.0	0.0	0.0	0.0	0.0	0.0	0.0	0.0	0.0	1.04	1.0	1.2580645161290323	1.3834586466165413	1.087719298245614	1.5	1.3043478260869565	1.4736842105263157	3.369565217391304	7.305084745762712	2.4166666666666665	1.9136690647482015	3.351503759398496	3.2346368715083798	2.2912801484230054	2.331877729257642	2.2744827586206897	2.2559787422497783	2.725552050473186	2.4570135746606336	2.4221635883905015	2.323809523809524	3.5757575757575757	2.861788617886179	1.9523809523809523	3.3333333333333335	2.3333333333333335	0.0	0.0	0.0	0.0	0.0	0.0
	# checklists reporting species - (Stilt Sandpiper)	0.0	0.0	0.0	0.0	0.0	0.0	0.0	0.0	0.0	0.0	0.0	0.0	0.0	0.0	0.0	25	65	93	133	57	12	23	19	92	59	120	278	532	358	539	687	1450	1129	634	442	379	210	165	123	63	12	3	0.0	0.0	0.0	0.0	0.0	0.0
	
