

	Week starting on...	1/1	1/8	1/15	1/22	2/1	2/8	2/15	2/22	3/1	3/8	3/15	3/22	4/1	4/8	4/15	4/22	5/1	5/8	5/15	5/22	6/1	6/8	6/15	6/22	7/1	7/8	7/15	7/22	8/1	8/8	8/15	8/22	9/1	9/8	9/15	9/22	10/1	10/8	10/15	10/22	11/1	11/8	11/15	11/22	12/1	12/8	12/15	12/22
Frequency (%)
	Canvasback	2.0040788142533685	1.8462532597909118	1.696012428793371	1.9646619598565778	1.9899027874751598	1.4427327276489288	1.176657445766548	2.3483504788932246	2.3725096813325246	2.9024326863493712	3.0125040539079673	2.390463508972164	1.8577942915048133	1.3272784654767331	1.0220604878728259	0.7562529050412673	0.615395731971675	0.5115621816429143	0.5040957781978576	0.46454767726161367	0.18749414080809976	0.17207377904953403	0.09301385097563442	0.04751847940865892	0.06545454545454546	0.0897953947790392	0.11078427627306414	0.09823986901350797	0.10789038337049557	0.10734776975754211	0.15083485337449137	0.17332998836864552	0.27718426979268923	0.21623517035824907	0.3274033725444747	0.36274307229607183	0.47868573856394275	0.7970818697649283	1.2197246907126678	1.3958209965315964	1.4182470249415857	1.3972234661889835	1.2352066222595874	1.27662948670508	1.5175285102274785	1.5134199134199133	1.4431161525055798	1.542848936213865
	Total # checklists submitted - (Canvasback)	62273	43331	38620	54106	37238	53163	75553	42285	42866	50027	55502	78855	59210	57034	57433	79603	83036	91289	82524	85890	53335	51722	49455	56820	41250	31182	26177	36645	27806	27015	28508	43847	34634	34222	34514	43557	35305	37010	34434	47284	36806	33495	30926	37834	33146	28875	32707	48741
	
Abundance
	Canvasback	1.6226133316204454	2.358426992222658	1.7196530295183843	2.930562229697261	3.0319297491809443	2.3203920019562476	1.0250817307055975	7.1811044105474755	2.929314608314282	4.003698003078338	2.8477892688551765	1.8507513791135628	1.048522209086303	0.49410877722060526	0.13699441087876307	0.02805170659397259	0.019545739197456526	0.013933770771944045	0.014165576074838834	0.014320642682500873	0.005831067779131902	0.004562855264684274	0.0029723991507431	0.001179162266807462	0.0017212121212121212	0.0018921172471297544	0.0024830958474997135	0.002756174102878974	0.0015823922894339351	0.0024060707014621507	0.0026659183387119406	0.0025771432481127557	0.005052838251429231	0.006282508327976156	0.010720287419597845	0.017517276212778658	0.02764480951706557	0.12453390975412051	0.8046407620375211	0.6599272481177565	1.368418192685975	1.5706523361695774	0.9991916187027097	1.5344663530158058	1.291015507150184	5.190025974025974	2.71461766594307	1.6215096120309391
	Total # checklists submitted - (Canvasback)	62273	43331	38620	54106	37238	53163	75553	42285	42866	50027	55502	78855	59210	57034	57433	79603	83036	91289	82524	85890	53335	51722	49455	56820	41250	31182	26177	36645	27806	27015	28508	43847	34634	34222	34514	43557	35305	37010	34434	47284	36806	33495	30926	37834	33146	28875	32707	48741
	
Birds Per Party Hour
	Canvasback	261.49302429137333	409.09625437949325	239.3141318937	584.0969606724597	359.5829494185214	556.8581791674997	306.018564127933	889.2649753769832	430.86177175595134	332.59905367711184	183.62598043479397	86.65418377472261	104.97694555791468	73.61347433155649	12.365215091371	2.8102659928509612	2.097376661339696	2.357872007951969	1.4124561237081865	2.413927278706775	1.8117036020964667	1.8463933700681592	2.704409526831558	2.9466925313773227	2.178501267578451	5.761318092172603	4.40599504180564	1.7647421668681549	1.974263657607257	2.1651392997863743	1.6614864371709175	1.1011064683701772	1.3943045954062452	2.177128969504627	1.8635697563376556	2.5755633181391593	3.07915506865836	17.134034399458763	58.40498756176884	51.68926720536127	144.60240566205945	134.5231037091969	51.20719890861797	126.11457799319342	204.75859431208497	102.62125526840693	155.7126523863011	191.59042383417858
	# checklists reporting species - (Canvasback)	1196	777	631	1031	709	756	843	994	991	1367	1545	1684	998	704	550	596	484	454	420	410	104	98	56	39	27	32	32	40	30	34	49	87	100	77	114	163	173	295	421	676	522	471	371	471	497	429	440	725
	
High Count
	Canvasback	7000	8000	5800	15925	25000	5000	3000	51766	6000	7500	20000	5000	12000	12000	2000	500	120	20	10	14	12	10	13	8	7	8	7	7	10	6	9	6	50	18	50	29	80	1000	5000	9000	7800	8113	10000	8000	9100	75000	15000	11000
	# checklists reporting species - (Canvasback)	1466	906	734	1180	831	832	983	1133	1167	1621	1891	2179	1312	902	708	718	576	522	490	479	128	113	72	49	42	35	38	45	43	38	55	94	116	89	136	177	198	349	491	798	625	560	459	569	617	507	522	857
	
Totals
	Canvasback	120456	111372	72962	169842	121213	128018	82971	330296	142311	215005	210902	176995	74925	50827	13568	3164	1778	1373	1288	1365	363	280	211	99	95	66	76	115	68	78	93	132	245	238	467	813	1089	4881	28104	36355	67653	63885	41175	69696	53954	152610	89471	95250
	# checklists reporting species - (Canvasback)	1322	834	661	1081	744	778	896	1057	1085	1480	1694	1939	1168	833	651	671	531	490	465	455	124	111	71	46	40	35	36	45	42	38	54	93	113	88	133	173	192	337	472	758	595	519	415	517	564	474	480	797
	
Average Count
	Canvasback	91.11649016641452	133.53956834532374	110.38124054462935	157.11563367252543	162.92069892473117	164.54755784061697	92.6015625	312.484389782403	131.16221198156683	145.27364864864865	124.49940968122786	91.28158844765343	64.14811643835617	61.016806722689076	20.84178187403994	4.715350223546944	3.3483992467043313	2.8020408163265307	2.7698924731182797	3.0	2.9274193548387095	2.5225225225225225	2.971830985915493	2.152173913043478	2.375	1.8857142857142857	2.111111111111111	2.5555555555555554	1.619047619047619	2.0526315789473686	1.7222222222222223	1.4193548387096775	2.168141592920354	2.7045454545454546	3.511278195488722	4.699421965317919	5.671875	14.483679525222552	59.54237288135593	47.96174142480211	113.70252100840337	123.09248554913295	99.21686746987952	134.80851063829786	95.66312056737588	321.9620253164557	186.39791666666667	119.51066499372648
	# checklists reporting species - (Canvasback)	1322	834	661	1081	744	778	896	1057	1085	1480	1694	1939	1168	833	651	671	531	490	465	455	124	111	71	46	40	35	36	45	42	38	54	93	113	88	133	173	192	337	472	758	595	519	415	517	564	474	480	797
	
