

	Week starting on...	1/1	1/8	1/15	1/22	2/1	2/8	2/15	2/22	3/1	3/8	3/15	3/22	4/1	4/8	4/15	4/22	5/1	5/8	5/15	5/22	6/1	6/8	6/15	6/22	7/1	7/8	7/15	7/22	8/1	8/8	8/15	8/22	9/1	9/8	9/15	9/22	10/1	10/8	10/15	10/22	11/1	11/8	11/15	11/22	12/1	12/8	12/15	12/22
Frequency (%)
	American Redstart	0.0	0.0	0.0	0.0	0.0	0.0	0.0	0.0	0.0	0.0	0.0	0.0	0.0	0.003506680225830207	0.0	0.038943255907440674	3.356375547955104	15.594430873380144	29.993698802772528	25.352194667598088	18.79441267460392	16.913499091295773	15.873015873015872	14.813445969728969	13.728484848484849	11.679815278045027	10.10811017305268	7.760949652067131	7.947924908293174	9.102350545992968	11.894906692858145	16.37740324309531	18.822544320609804	17.146864590029807	10.531958046010315	6.06102348646601	2.161166973516499	0.6430694406917049	0.2671777893942034	0.0782505710176804	0.04618812150192903	0.0238841618151963	0.01940115113496734	0.0	0.006033910577445243	0.0	0.0	0.0
	Total # checklists submitted - (American Redstart)	62273	43331	38620	54106	37238	53163	75553	42285	42866	50027	55502	78855	59210	57034	57433	79603	83036	91289	82524	85890	53335	51722	49455	56820	41250	31182	26177	36645	27806	27015	28508	43847	34634	34222	34514	43557	35305	37010	34434	47284	36806	33495	30926	37834	33146	28875	32707	48741
	
Abundance
	American Redstart	0.0	0.0	0.0	0.0	0.0	0.0	0.0	0.0	0.0	0.0	0.0	0.0	0.0	3.506680225830207E-5	0.0	4.648066027662274E-4	0.06951201888337588	0.375543603281885	0.9561582085211575	0.8126324368378158	0.4840911221524327	0.3955376822241986	0.3581235466585785	0.32724392819429776	0.31978181818181817	0.2752228849977551	0.22584711769874316	0.1790967389821258	0.19208084586060561	0.24771423283361096	0.3064753753332398	0.46092092959609554	0.5623375873419183	0.45131786570042665	0.21513009213652431	0.10962646646922423	0.031695227304914315	0.007754660902458795	0.002846024278329558	8.036545131545554E-4	4.6188121501929033E-4	2.089864158829676E-4	1.9401151134967342E-4	0.0	6.033910577445242E-5	0.0	0.0	0.0
	Total # checklists submitted - (American Redstart)	62273	43331	38620	54106	37238	53163	75553	42285	42866	50027	55502	78855	59210	57034	57433	79603	83036	91289	82524	85890	53335	51722	49455	56820	41250	31182	26177	36645	27806	27015	28508	43847	34634	34222	34514	43557	35305	37010	34434	47284	36806	33495	30926	37834	33146	28875	32707	48741
	
Birds Per Party Hour
	American Redstart	0.0	0.0	0.0	0.0	0.0	0.0	0.0	0.0	0.0	0.0	0.0	0.0	0.0	0.7222222222222222	0.0	0.7011377952459273	1.2475547630754822	1.552045810510004	2.600328239104448	3.8087847194200495	5.184588346622993	6.243221794513146	6.602796802877029	6.553150605246312	5.72736976664971	4.5680062389551	3.121618947179032	2.421665562884314	2.2447921326358635	2.459188000884875	2.210577749846353	2.1134096206229773	2.1183565597801763	1.935427634988499	1.4472652129741932	1.3631292000827082	1.2824439999802608	0.7822870232547091	2.037875635851617	0.6149082582449397	0.9275661787058125	1.054670216217248	0.8461713145186367	0.0	0.25	0.0	0.0	0.0
	# checklists reporting species - (American Redstart)	0.0	0.0	0.0	0.0	0.0	0.0	0.0	0.0	0.0	0.0	0.0	0.0	0.0	2	0.0	35	2729	13616	25074	22729	10277	8671	7814	8355	5663	3585	2610	2865	2237	2505	3430	7236	6563	5926	3681	2684	795	254	100	44	18	10	8	0	2	0	0.0	0.0
	
High Count
	American Redstart	0.0	0.0	0.0	0.0	0.0	0.0	0.0	0.0	0.0	0.0	0.0	0.0	0.0	1	0.0	3	155	200	85	300	73	51	61	51	60	40	36	50	40	43	45	65	115	90	45	34	15	13	3	3	1	1	1	1	1	1	0.0	0.0
	# checklists reporting species - (American Redstart)	0.0	0.0	0.0	0.0	0.0	0.0	0.0	0.0	0.0	0.0	0.0	0.0	0.0	2	0.0	38	3258	16663	28448	25278	11261	9491	8623	9345	6309	4037	2902	3144	2430	2744	3766	7966	7156	6451	4047	2945	879	300	126	65	29	12	10	2	4	1	0.0	0.0
	
Totals
	American Redstart	0.0	0.0	0.0	0.0	0.0	0.0	0.0	0.0	0.0	0.0	0.0	0.0	0.0	2	0.0	46	6360	38910	87393	78361	28207	21528	18830	19801	14204	9162	6330	7108	5826	7278	9604	22416	21256	16998	8399	5320	1313	381	133	67	29	11	10	2	4	1	0.0	0.0
	# checklists reporting species - (American Redstart)	0.0	0.0	0.0	0.0	0.0	0.0	0.0	0.0	0.0	0.0	0.0	0.0	0.0	2	0.0	38	2921	14512	26082	23645	10710	9038	8205	8819	5965	3795	2697	2985	2321	2627	3609	7686	6915	6226	3892	2847	854	294	126	64	29	11	10	2	4	1	0.0	0.0
	
Average Count
	American Redstart	0.0	0.0	0.0	0.0	0.0	0.0	0.0	0.0	0.0	0.0	0.0	0.0	0.0	1.0	0.0	1.2105263157894737	2.1773365285861006	2.681229327453142	3.350701633310329	3.31406216959188	2.633706816059757	2.3819429077229475	2.294942108470445	2.245265903163624	2.3812238055322714	2.4142292490118575	2.3470522803114573	2.3812395309882746	2.5101249461439035	2.770460601446517	2.6611249653643667	2.916471506635441	3.0738973246565435	2.730163829103758	2.158016443987667	1.8686336494555673	1.5374707259953162	1.2959183673469388	1.0555555555555556	1.046875	1.0	1.0	1.0	1.0	1.0	1.0	0.0	0.0
	# checklists reporting species - (American Redstart)	0.0	0.0	0.0	0.0	0.0	0.0	0.0	0.0	0.0	0.0	0.0	0.0	0.0	2	0.0	38	2921	14512	26082	23645	10710	9038	8205	8819	5965	3795	2697	2985	2321	2627	3609	7686	6915	6226	3892	2847	854	294	126	64	29	11	10	2	4	1	0.0	0.0
	
