

	Week starting on...	1/1	1/8	1/15	1/22	2/1	2/8	2/15	2/22	3/1	3/8	3/15	3/22	4/1	4/8	4/15	4/22	5/1	5/8	5/15	5/22	6/1	6/8	6/15	6/22	7/1	7/8	7/15	7/22	8/1	8/8	8/15	8/22	9/1	9/8	9/15	9/22	10/1	10/8	10/15	10/22	11/1	11/8	11/15	11/22	12/1	12/8	12/15	12/22
Frequency (%)
	Long-eared Owl	0.4881730444976153	0.3577115690844892	0.3935784567581564	0.3400731896647322	0.40549975831140234	0.22383988864435791	0.20780114621523965	0.3098025304481495	0.2286194186534783	0.25386291402642575	0.18738063493207452	0.17880920677192316	0.11822327309576085	0.11747378756531192	0.1131753521494611	0.08668015024559377	0.0903222698588564	0.07229786721291721	0.027870680044593088	0.040749796251018745	0.026249179713133963	0.023200958972970885	0.02426448286320898	0.024639211545230556	0.033939393939393936	0.016034891924828425	0.011460442373075601	0.03001773775412744	0.035963461123498526	0.040718119563205625	0.021046723726673214	0.025087235158619745	0.011549344574695386	0.014610484483665477	0.011589499913078751	0.061987740202493286	0.06514657980456026	0.11348284247500676	0.20619155485857	0.1713053041197868	0.29343041895343147	0.2627257799671593	0.2586820151328979	0.17444626526404822	0.18705122790080253	0.3116883116883117	0.5686856024704191	0.7078229827044993
	Total # checklists submitted - (Long-eared Owl)	62273	43331	38620	54106	37238	53163	75553	42285	42866	50027	55502	78855	59210	57034	57433	79603	83036	91289	82524	85890	53335	51722	49455	56820	41250	31182	26177	36645	27806	27015	28508	43847	34634	34222	34514	43557	35305	37010	34434	47284	36806	33495	30926	37834	33146	28875	32707	48741
	
Abundance
	Long-eared Owl	0.008543028278708268	0.0072003877131845565	0.009088555152770586	0.006838428270432115	0.008002578011708469	0.004815379117055095	0.004222201633290538	0.00572306964644673	0.005132272663649512	0.003937873548283927	0.0027026053115203055	0.003145012998541627	0.001553791589258571	0.001542939299365291	0.0014799853742621838	9.296132055324548E-4	9.273086372175923E-4	7.120244498241847E-4	3.392952353254811E-4	5.588543485853999E-4	2.999906252929596E-4	2.513437222071846E-4	2.8308563340410475E-4	3.695881731784583E-4	6.060606060606061E-4	1.9241870309794111E-4	1.1460442373075601E-4	4.3662164006003546E-4	5.754153779759764E-4	6.292800296131779E-4	2.1046723726673216E-4	4.1051839350468675E-4	1.1549344574695386E-4	1.1688387586932383E-4	1.158949991307875E-4	0.001033129003374888	0.0010196855969409433	0.0018103215347203458	0.003949584712783876	0.0026647491751966837	0.004727490083138618	0.004985818778922227	0.004203582745909591	0.0029603002590262726	0.0035298376878054667	0.007238095238095238	0.010273030238175314	0.015715721876859316
	Total # checklists submitted - (Long-eared Owl)	62273	43331	38620	54106	37238	53163	75553	42285	42866	50027	55502	78855	59210	57034	57433	79603	83036	91289	82524	85890	53335	51722	49455	56820	41250	31182	26177	36645	27806	27015	28508	43847	34634	34222	34514	43557	35305	37010	34434	47284	36806	33495	30926	37834	33146	28875	32707	48741
	
Birds Per Party Hour
	Long-eared Owl	1.95736914841966	2.81965006265856	2.007376063818681	2.9906278503665864	1.8038775953188275	2.5047300854523957	2.4104819270561992	1.7534064868018613	2.2400320536810088	1.4401037727248869	1.6506756485112837	1.941940685632217	2.956446425578006	1.6463114516163675	1.9866114942138593	2.094531323530982	1.431697949257423	2.0363474660849796	2.310092613691083	2.922333155018299	1.4076270558840773	4.209105107745142	3.016201038885008	2.724603345371353	10.652065015094673	1.1156133727971485	0.20944401749971117	2.340321516401959	1.645743705107167	0.3778913310676148	3.588629574374286	0.41505463907329804	0.4157891433642724	0.35061834888882154	3.4484126984126986	2.0941242622444034	0.6564945427471507	0.8351920642991789	0.6051104674958583	1.5500593387714503	1.2848656119288442	0.8637631478053358	1.704561667148258	4.1875056871710425	1.3506285203981698	5.13925079287136	1.1386957091622854	1.427418850737011
	# checklists reporting species - (Long-eared Owl)	345	188	180	220	164	132	187	151	119	158	113	180	84	90	86	90	81	78	24	49	21	16	16	23	22	8	6	14	8	10	6	13	5	6	6	28	24	40	70	96	135	98	88	75	83	95	198	368
	
High Count
	Long-eared Owl	52	38	20	25	23	35	45	16	25	11	8	11	13	9	7	4	4	3	4	7	2	4	3	5	5	4	2	4	4	4	2	6	1	2	1	6	5	10	12	6	10	20	7	9	21	28	21	35
	# checklists reporting species - (Long-eared Owl)	475	263	245	301	220	203	254	213	181	199	150	220	114	124	113	129	95	89	38	67	26	21	20	31	31	13	8	19	11	13	8	14	6	7	7	37	33	65	102	146	181	132	117	102	116	145	256	477
	
Totals
	Long-eared Owl	1070	584	546	684	516	569	658	498	442	398	223	404	187	170	141	136	103	90	39	88	27	23	27	46	46	23	10	29	16	20	9	21	6	7	7	57	46	92	184	217	304	263	190	165	208	328	505	1075
	# checklists reporting species - (Long-eared Owl)	460	253	237	293	210	196	247	210	177	196	147	217	112	122	109	121	93	87	33	63	24	19	20	29	31	12	8	19	10	13	7	14	6	6	7	37	32	65	100	141	176	127	112	100	113	136	251	467
	
Average Count
	Long-eared Owl	2.3260869565217392	2.308300395256917	2.3037974683544302	2.3344709897610922	2.4571428571428573	2.9030612244897958	2.6639676113360324	2.3714285714285714	2.4971751412429377	2.0306122448979593	1.5170068027210883	1.8617511520737327	1.6696428571428572	1.3934426229508197	1.2935779816513762	1.1239669421487604	1.10752688172043	1.0344827586206897	1.1818181818181819	1.3968253968253967	1.125	1.2105263157894737	1.35	1.5862068965517242	1.4838709677419355	1.9166666666666667	1.25	1.5263157894736843	1.6	1.5384615384615385	1.2857142857142858	1.5	1.0	1.1666666666666667	1.0	1.5405405405405406	1.4375	1.4153846153846155	1.84	1.5390070921985815	1.7272727272727273	2.0708661417322833	1.6964285714285714	1.65	1.8407079646017699	2.411764705882353	2.0119521912350598	2.3019271948608138
	# checklists reporting species - (Long-eared Owl)	460	253	237	293	210	196	247	210	177	196	147	217	112	122	109	121	93	87	33	63	24	19	20	29	31	12	8	19	10	13	7	14	6	6	7	37	32	65	100	141	176	127	112	100	113	136	251	467
	
