

	Week starting on...	1/1	1/8	1/15	1/22	2/1	2/8	2/15	2/22	3/1	3/8	3/15	3/22	4/1	4/8	4/15	4/22	5/1	5/8	5/15	5/22	6/1	6/8	6/15	6/22	7/1	7/8	7/15	7/22	8/1	8/8	8/15	8/22	9/1	9/8	9/15	9/22	10/1	10/8	10/15	10/22	11/1	11/8	11/15	11/22	12/1	12/8	12/15	12/22
Frequency (%)
	White-eyed Vireo	0.0	0.0	0.0	0.0	0.0	0.0	0.0	0.0	0.0	0.0	0.0	0.0	0.0016889039013680122	0.010520040677490619	0.07661100760886598	0.22612213107546197	1.0850715352377283	1.6518967235921087	0.7743201977606515	0.17347770404005122	0.04687353520202494	0.0290011987162136	0.018198362147406735	0.010559662090813094	0.016969696969696968	0.009620935154897056	0.04202162203461054	0.010915541001500887	0.017981730561749263	0.007403294466037386	0.014031149151115476	0.01824526193354163	0.02598602529306462	0.011688387586932383	0.023178999826157502	0.027550106756663684	0.09630363971108909	0.03512564171845447	0.04065748969042226	0.11420353607985788	0.13584741618214421	0.25078369905956116	0.13257453275561018	0.20880689327060314	0.06335606106317505	0.0380952380952381	0.02445959580517932	0.008206643277733325
	Total # checklists submitted - (White-eyed Vireo)	62273	43331	38620	54106	37238	53163	75553	42285	42866	50027	55502	78855	59210	57034	57433	79603	83036	91289	82524	85890	53335	51722	49455	56820	41250	31182	26177	36645	27806	27015	28508	43847	34634	34222	34514	43557	35305	37010	34434	47284	36806	33495	30926	37834	33146	28875	32707	48741
	
Abundance
	White-eyed Vireo	0.0	0.0	0.0	0.0	0.0	0.0	0.0	0.0	0.0	0.0	0.0	0.0	1.688903901368012E-5	1.052004067749062E-4	9.576375951108248E-4	0.002776277275982061	0.012199527915602871	0.017307671241880183	0.007973438030148805	0.0018861334264757249	4.687353520202494E-4	2.90011987162136E-4	1.8198362147406734E-4	1.0559662090813094E-4	1.9393939393939395E-4	9.620935154897056E-5	3.820147457691867E-4	1.0915541001500886E-4	1.7981730561749263E-4	7.403294466037386E-5	1.7538936438894344E-4	2.2806577416927042E-4	2.598602529306462E-4	8.766290690199288E-5	2.31789998261575E-4	2.7550106756663685E-4	9.630363971108908E-4	3.512564171845447E-4	4.065748969042226E-4	0.0011420353607985787	0.0013584741618214422	0.0025078369905956114	0.0013257453275561017	0.0020880689327060315	6.335606106317505E-4	3.8095238095238096E-4	2.445959580517932E-4	8.206643277733325E-5
	Total # checklists submitted - (White-eyed Vireo)	62273	43331	38620	54106	37238	53163	75553	42285	42866	50027	55502	78855	59210	57034	57433	79603	83036	91289	82524	85890	53335	51722	49455	56820	41250	31182	26177	36645	27806	27015	28508	43847	34634	34222	34514	43557	35305	37010	34434	47284	36806	33495	30926	37834	33146	28875	32707	48741
	
Birds Per Party Hour
	White-eyed Vireo	0.0	0.0	0.0	0.0	0.0	0.0	0.0	0.0	0.0	0.0	0.0	0.0	1.0	0.759685640885285	1.7748599727248686	0.5867724567650858	0.9416510367028271	0.5337544137637332	0.431498669250949	1.820135317610054	2.939969699868186	1.3949903068109306	0.8113895624693604	0.4437927062907013	1.9767972359050952	0.9127740389019796	0.3907416333570374	0.1569539597958781	0.4452452371804854	0.5	0.9987438734039805	0.2390335912334488	0.2599767822414133	0.30868484373895316	0.2895939326946467	1.4537810955472845	1.3934050732562124	0.2530338877637862	0.48789703556433917	1.1246651982394655	0.780721966876554	0.9994655836563537	1.7928292013525102	0.9938827062299083	0.5693331750028752	0.2834656086036647	1.0930763252279385	6.277700077700078
	# checklists reporting species - (White-eyed Vireo)	1	0.0	0.0	0.0	1	0.0	0.0	0.0	0.0	0.0	0.0	0.0	1	8	50	228	849	1223	536	163	31	24	13	12	13	6	19	14	10	4	9	16	9	5	9	13	37	18	19	61	54	103	47	95	24	16	9	5
	
High Count
	White-eyed Vireo	1	0.0	0.0	0.0	1	0.0	0.0	0.0	0.0	0.0	0.0	0.0	1	1	8	11	11	34	12	4	4	3	2	1	2	2	2	4	2	3	2	4	2	1	1	1	1	1	1	1	1	1	1	1	1	1	1	1
	# checklists reporting species - (White-eyed Vireo)	1	0.0	0.0	0.0	1	0.0	0.0	0.0	0.0	0.0	0.0	0.0	2	8	58	280	1125	2009	870	216	38	28	15	15	14	7	21	16	11	6	11	19	16	6	16	18	42	26	26	71	69	105	47	97	29	18	10	6
	
Totals
	White-eyed Vireo	1	0.0	0.0	0.0	1	0.0	0.0	0.0	0.0	0.0	0.0	0.0	2	8	68	349	1227	2130	887	238	44	32	16	15	15	8	22	24	13	8	13	23	17	5	16	18	42	26	26	71	69	105	47	97	29	18	10	6
	# checklists reporting species - (White-eyed Vireo)	1	0.0	0.0	0.0	1	0.0	0.0	0.0	0.0	0.0	0.0	0.0	2	8	56	265	949	1489	654	191	37	28	15	15	14	7	20	16	11	6	11	18	15	5	16	18	42	26	26	71	69	105	47	97	29	18	10	6
	
Average Count
	White-eyed Vireo	1.0	0.0	0.0	0.0	1.0	0.0	0.0	0.0	0.0	0.0	0.0	0.0	1.0	1.0	1.2142857142857142	1.3169811320754716	1.2929399367755532	1.4304902619207522	1.356269113149847	1.2460732984293195	1.1891891891891893	1.1428571428571428	1.0666666666666667	1.0	1.0714285714285714	1.1428571428571428	1.1	1.5	1.1818181818181819	1.3333333333333333	1.1818181818181819	1.2777777777777777	1.1333333333333333	1.0	1.0	1.0	1.0	1.0	1.0	1.0	1.0	1.0	1.0	1.0	1.0	1.0	1.0	1.0
	# checklists reporting species - (White-eyed Vireo)	1	0.0	0.0	0.0	1	0.0	0.0	0.0	0.0	0.0	0.0	0.0	2	8	56	265	949	1489	654	191	37	28	15	15	14	7	20	16	11	6	11	18	15	5	16	18	42	26	26	71	69	105	47	97	29	18	10	6
	
