

	Week starting on...	1/1	1/8	1/15	1/22	2/1	2/8	2/15	2/22	3/1	3/8	3/15	3/22	4/1	4/8	4/15	4/22	5/1	5/8	5/15	5/22	6/1	6/8	6/15	6/22	7/1	7/8	7/15	7/22	8/1	8/8	8/15	8/22	9/1	9/8	9/15	9/22	10/1	10/8	10/15	10/22	11/1	11/8	11/15	11/22	12/1	12/8	12/15	12/22
Frequency (%)
	Eastern Wood-Pewee	0.0	0.0	0.0	0.0	0.0	0.0	0.0	0.0	0.0	0.0	0.0	0.0	0.0	0.0	0.0017411592638378632	0.026380915292137232	0.3576761886410713	3.174533623985365	11.307013717221656	18.456164862032836	17.204462360551233	15.02842117474189	13.195834597108483	12.060894051390356	10.775757575757575	10.550958886537105	11.911219773083241	11.33578933005867	12.42537581816874	12.866925781972979	14.897572611196857	15.460578830934843	13.896748859502223	9.967272514756589	6.455351451584865	3.058061849989669	1.0026908369919274	0.2647932991083491	0.03484927687750479	0.016919042382201165	0.008150844970928653	0.0	0.0	0.0	0.0	0.0	0.0	0.0
	Total # checklists submitted - (Eastern Wood-Pewee)	62273	43331	38620	54106	37238	53163	75553	42285	42866	50027	55502	78855	59210	57034	57433	79603	83036	91289	82524	85890	53335	51722	49455	56820	41250	31182	26177	36645	27806	27015	28508	43847	34634	34222	34514	43557	35305	37010	34434	47284	36806	33495	30926	37834	33146	28875	32707	48741
	
Abundance
	Eastern Wood-Pewee	0.0	0.0	0.0	0.0	0.0	0.0	0.0	0.0	0.0	0.0	0.0	0.0	0.0	0.0	1.741159263837863E-5	2.7637149353667575E-4	0.0035285900091526568	0.03848218295742094	0.19353157869225923	0.34664105250902316	0.3165088590981532	0.2685317659796605	0.22369831159640077	0.1887891587469201	0.16576969696969698	0.16535180552883075	0.1886388814608244	0.19055805703370174	0.219449039775588	0.24105126781417732	0.2906552546653571	0.3186534996693046	0.3037766356759254	0.19282917421541698	0.10137915048965637	0.0431618339187731	0.011924656564226031	0.0029721696838692245	3.484927687750479E-4	1.9033922679976314E-4	8.150844970928653E-5	0.0	0.0	0.0	0.0	0.0	0.0	0.0
	Total # checklists submitted - (Eastern Wood-Pewee)	62273	43331	38620	54106	37238	53163	75553	42285	42866	50027	55502	78855	59210	57034	57433	79603	83036	91289	82524	85890	53335	51722	49455	56820	41250	31182	26177	36645	27806	27015	28508	43847	34634	34222	34514	43557	35305	37010	34434	47284	36806	33495	30926	37834	33146	28875	32707	48741
	
Birds Per Party Hour
	Eastern Wood-Pewee	0.0	0.0	0.0	0.0	0.0	0.0	0.0	0.0	0.0	0.0	0.0	0.0	0.0	0.0	0.0	0.6227275571744969	0.8835153917511485	0.8128928893780465	1.179646877144493	2.217187352019358	3.6300991116794683	4.550654349270216	4.2308020522366085	4.836869018322036	3.353256868181274	2.667965954885449	1.8192814132927584	1.9139080801967885	1.94821113426781	1.9574039042536124	1.941983705715476	1.774389016933993	1.6178276159779446	1.4340374471715014	1.1250621001382661	1.1352648689013896	0.9111696105430066	0.6929659861194387	0.431559920277445	0.874779862841489	0.10833333333333334	0.0	0.0	0.0	0.0	0.0	0.0	0.0
	# checklists reporting species - (Eastern Wood-Pewee)	0.0	0.0	0.0	0.0	0.0	0.0	0.0	0.0	0.0	0.0	0.0	0.0	0.0	0.0	0	25	261	2430	8761	15576	9090	7678	6449	6786	4442	3227	3067	4143	3474	3488	4204	6684	4716	3384	2198	1354	365	100	13	14	3	0.0	0.0	0.0	0.0	0.0	0.0	0.0
	
High Count
	Eastern Wood-Pewee	0.0	0.0	0.0	0.0	0.0	0.0	0.0	0.0	0.0	0.0	0.0	0.0	0.0	0.0	1	2	6	20	50	42	45	40	24	37	20	25	18	32	25	22	30	40	35	50	20	15	10	6	4	2	1	0.0	0.0	0.0	0.0	0.0	0.0	0.0
	# checklists reporting species - (Eastern Wood-Pewee)	0.0	0.0	0.0	0.0	0.0	0.0	0.0	0.0	0.0	0.0	0.0	0.0	0.0	0.0	1	26	374	3460	10515	17592	10120	8582	7450	7850	5196	3754	3416	4558	3777	3841	4612	7408	5198	3749	2444	1500	427	132	17	15	5	0.0	0.0	0.0	0.0	0.0	0.0	0.0
	
Totals
	Eastern Wood-Pewee	0.0	0.0	0.0	0.0	0.0	0.0	0.0	0.0	0.0	0.0	0.0	0.0	0.0	0.0	1	27	358	3999	17280	32036	18041	14825	12104	11831	7622	5629	5238	7441	6497	6995	8743	14989	11051	7087	3797	2124	514	150	20	16	4	0.0	0.0	0.0	0.0	0.0	0.0	0.0
	# checklists reporting species - (Eastern Wood-Pewee)	0.0	0.0	0.0	0.0	0.0	0.0	0.0	0.0	0.0	0.0	0.0	0.0	0.0	0.0	1	26	311	2714	9289	16434	9646	8175	7078	7470	4944	3546	3220	4339	3621	3639	4404	7051	4996	3618	2359	1459	411	130	16	15	4	0.0	0.0	0.0	0.0	0.0	0.0	0.0
	
Average Count
	Eastern Wood-Pewee	0.0	0.0	0.0	0.0	0.0	0.0	0.0	0.0	0.0	0.0	0.0	0.0	0.0	0.0	1.0	1.0384615384615385	1.1511254019292605	1.4734708916728076	1.8602648293680697	1.9493732505780699	1.8703089363466723	1.8134556574923548	1.7100875953659225	1.58380187416332	1.5416666666666667	1.5874224478285393	1.6267080745341616	1.7149112698778521	1.7942557304611986	1.9222313822478703	1.9852406902815622	2.1257977591830945	2.2119695756605284	1.958817025981205	1.6095803306485799	1.4557916381082934	1.2506082725060828	1.1538461538461537	1.25	1.0666666666666667	1.0	0.0	0.0	0.0	0.0	0.0	0.0	0.0
	# checklists reporting species - (Eastern Wood-Pewee)	0.0	0.0	0.0	0.0	0.0	0.0	0.0	0.0	0.0	0.0	0.0	0.0	0.0	0.0	1	26	311	2714	9289	16434	9646	8175	7078	7470	4944	3546	3220	4339	3621	3639	4404	7051	4996	3618	2359	1459	411	130	16	15	4	0.0	0.0	0.0	0.0	0.0	0.0	0.0
	
