

	Week starting on...	1/1	1/8	1/15	1/22	2/1	2/8	2/15	2/22	3/1	3/8	3/15	3/22	4/1	4/8	4/15	4/22	5/1	5/8	5/15	5/22	6/1	6/8	6/15	6/22	7/1	7/8	7/15	7/22	8/1	8/8	8/15	8/22	9/1	9/8	9/15	9/22	10/1	10/8	10/15	10/22	11/1	11/8	11/15	11/22	12/1	12/8	12/15	12/22
Frequency (%)
	Red-breasted Nuthatch	12.832206574277777	13.433800281553623	13.764888658726049	13.830259120984733	13.590955475589453	17.026879596712	17.64721453813879	12.533995506680856	12.597396538048802	11.205948787654666	10.426651291845339	9.962589563122187	10.182401621347745	9.49959673177403	9.834067522156252	10.936773739683177	14.210703791126742	15.14530775887566	13.513644515534876	8.45965770171149	7.719133777069466	7.803255867909206	7.936507936507936	7.882787750791975	9.2	8.508113655313963	9.156893456087404	9.848546868604176	11.900309285765662	12.952063668332409	15.69033253823488	16.945287020776792	18.493388000230986	18.73356320495588	18.777887234165846	18.580251165139934	18.238209885285368	17.616860308024858	16.692803624324796	17.04170543947213	16.584252567516167	16.44424540976265	15.653495440729484	14.962731934239043	14.059011645447415	15.272727272727273	17.17369370471153	16.64717588888205
	Total # checklists submitted - (Red-breasted Nuthatch)	62273	43331	38620	54106	37238	53163	75553	42285	42866	50027	55502	78855	59210	57034	57433	79603	83036	91289	82524	85890	53335	51722	49455	56820	41250	31182	26177	36645	27806	27015	28508	43847	34634	34222	34514	43557	35305	37010	34434	47284	36806	33495	30926	37834	33146	28875	32707	48741
	
Abundance
	Red-breasted Nuthatch	0.24105149904452974	0.2249428815397752	0.23899533920248575	0.23237718552471076	0.22912079059025725	0.29603295525083234	0.3106163884954932	0.21988884947380868	0.2169085055755144	0.19049713154896356	0.17840798529782712	0.1683469659501617	0.16753926701570682	0.15101518392537785	0.15485870492573955	0.17716668969762447	0.2833590250012043	0.3448279639387002	0.2450317483398769	0.12795436022819887	0.11298396925096091	0.12242372684737636	0.11655039935294713	0.11522351284758887	0.14543030303030302	0.1396639086652556	0.15582381479925125	0.17571292127166052	0.2243760339495073	0.2513418471219693	0.3189280202048548	0.3781786667274842	0.4318299936478605	0.44427561217929984	0.4525699716057252	0.4780173106504121	0.43138365670584905	0.3791407727641178	0.36693384445606086	0.33964977582268846	0.31606259848937673	0.30085087326466636	0.27678975619220075	0.2657662420045462	0.2386109937850721	0.26677056277056277	0.3734674534503317	0.3493978375494963
	Total # checklists submitted - (Red-breasted Nuthatch)	62273	43331	38620	54106	37238	53163	75553	42285	42866	50027	55502	78855	59210	57034	57433	79603	83036	91289	82524	85890	53335	51722	49455	56820	41250	31182	26177	36645	27806	27015	28508	43847	34634	34222	34514	43557	35305	37010	34434	47284	36806	33495	30926	37834	33146	28875	32707	48741
	
Birds Per Party Hour
	Red-breasted Nuthatch	3.600151854670344	3.587247956715085	3.354198171035256	3.345238078991883	3.224266708723915	3.7312749632015505	3.2172413008257723	3.460010207607493	3.413578117277943	3.0141356842002054	3.300574914072787	2.9803827576436634	2.7668526550552786	2.528240970779648	2.4461369542855373	2.1871579442955498	2.0990094479589807	2.0969635705556864	1.8750041891394078	2.328794754979163	4.00324828644769	5.023019440156229	5.949640810665241	5.828254762736518	5.162005717016579	3.8716358575185077	2.439013050650298	2.3828527813199862	2.47638673161977	2.3680702923454073	2.4193053337959287	2.6392181966128794	2.5887255009119974	2.5696226434263205	2.5737488804746995	2.7902853183902385	2.831821668236997	3.005214032810309	3.255635120357203	3.139635991042432	3.303311601928095	3.0884734236832343	3.2827911752538026	3.1534261146589184	3.1507798446035835	2.9385968053490568	2.885927281072487	3.0324125157122355
	# checklists reporting species - (Red-breasted Nuthatch)	8102	5928	5436	7628	5137	9207	13551	5395	5518	5697	5887	8003	6125	5483	5764	8905	11842	13505	10969	7233	4083	4010	3942	4491	3809	2636	2431	3631	3382	3539	4577	7426	6437	6468	6528	8202	6516	6667	5879	8259	6244	5566	4887	5689	4713	4449	5599	8147
	
High Count
	Red-breasted Nuthatch	128	25	113	37	40	49	48	33	30	50	21	75	22	22	25	40	105	164	69	20	31	35	19	17	22	42	20	27	55	24	40	68	50	310	120	175	70	48	200	100	102	300	40	32	38	45	102	201
	# checklists reporting species - (Red-breasted Nuthatch)	8794	6361	5806	8117	5508	9590	14029	5766	5887	6091	6313	8603	6608	5968	6278	9587	12901	15224	12160	8078	4506	4371	4365	5018	4258	2954	2693	4044	3745	3947	5068	8292	7121	7100	7195	8902	7080	7226	6393	8948	6750	6035	5272	6112	5117	4812	6127	8836
	
Totals
	Red-breasted Nuthatch	16468	10519	9993	13533	9258	16584	24627	9984	10017	10300	10658	14444	10755	9401	9796	15514	25241	33575	21667	11901	6419	6719	6214	7143	6560	4753	4455	7011	6901	7391	9962	18139	16153	16463	17059	22369	16640	15306	13892	17734	12900	11270	9237	10743	8592	8369	13748	18809
	# checklists reporting species - (Red-breasted Nuthatch)	8570	6203	5663	7964	5393	9436	13860	5635	5758	5929	6137	8388	6438	5781	6042	9252	12232	14000	11340	7562	4272	4168	4130	4733	4032	2789	2551	3829	3571	3736	4842	7933	6827	6840	6904	8593	6859	7006	6193	8680	6579	5869	5134	5952	4970	4688	6000	8600
	
Average Count
	Red-breasted Nuthatch	1.9215869311551925	1.6957923585361923	1.764612396256401	1.6992717227523857	1.7166697570925273	1.7575243747350573	1.7768398268398269	1.7717834960070984	1.7396665508857243	1.737223815145893	1.7366791591983053	1.7219837863614689	1.6705498602050326	1.6261892406158105	1.621317444554783	1.6768266320795504	2.0635219097449315	2.398214285714286	1.9106701940035273	1.573790002644803	1.5025749063670413	1.6120441458733206	1.5046004842615013	1.509190788083668	1.626984126984127	1.7041950519899605	1.7463739709917678	1.8310263776442937	1.9325119014281713	1.9783190578158458	2.0574142916150353	2.2865246438926006	2.3660465797568477	2.4068713450292396	2.470886442641947	2.6031653671593156	2.426009622393935	2.1846988295746503	2.2431777813660583	2.0430875576036867	1.9607843137254901	1.9202589879025387	1.7991819244253993	1.8049395161290323	1.7287726358148894	1.7851962457337884	2.291333333333333	2.187093023255814
	# checklists reporting species - (Red-breasted Nuthatch)	8570	6203	5663	7964	5393	9436	13860	5635	5758	5929	6137	8388	6438	5781	6042	9252	12232	14000	11340	7562	4272	4168	4130	4733	4032	2789	2551	3829	3571	3736	4842	7933	6827	6840	6904	8593	6859	7006	6193	8680	6579	5869	5134	5952	4970	4688	6000	8600
	
