

	Week starting on...	1/1	1/8	1/15	1/22	2/1	2/8	2/15	2/22	3/1	3/8	3/15	3/22	4/1	4/8	4/15	4/22	5/1	5/8	5/15	5/22	6/1	6/8	6/15	6/22	7/1	7/8	7/15	7/22	8/1	8/8	8/15	8/22	9/1	9/8	9/15	9/22	10/1	10/8	10/15	10/22	11/1	11/8	11/15	11/22	12/1	12/8	12/15	12/22
Frequency (%)
	Black-throated Blue Warbler	0.0	0.0	0.0	0.0	0.0	0.0	0.0	0.0	0.0	0.0	0.0	0.0	0.0016889039013680122	0.0	0.0	0.10552366116854893	5.572281901825714	14.815585667495537	15.554263002278127	4.9109325881942025	3.4255179525639825	3.5652140288465257	3.435446365382671	3.3210137275607186	3.153939393939394	2.145468539542043	1.6006417847728924	0.8759721653704462	0.6005898007624254	0.9439200444197668	1.3224358074926337	3.4209866125390564	5.838193682508518	6.159780258313366	5.481833458886249	5.365383290860252	4.2543549072369355	1.3509862199405567	0.3310681303362955	0.059216648337704084	0.019018638265500192	0.01194208090759815	0.0032335251891612237	0.007929375693820373	0.009050865866167863	0.0	0.0	0.0
	Total # checklists submitted - (Black-throated Blue Warbler)	62273	43331	38620	54106	37238	53163	75553	42285	42866	50027	55502	78855	59210	57034	57433	79603	83036	91289	82524	85890	53335	51722	49455	56820	41250	31182	26177	36645	27806	27015	28508	43847	34634	34222	34514	43557	35305	37010	34434	47284	36806	33495	30926	37834	33146	28875	32707	48741
	
Abundance
	Black-throated Blue Warbler	0.0	0.0	0.0	0.0	0.0	0.0	0.0	0.0	0.0	0.0	0.0	0.0	1.688903901368012E-5	0.0	0.0	0.0012813587427609513	0.10795317693530516	0.32502273001128285	0.3140056226067568	0.08039352660379555	0.05564826099184401	0.05798306329994973	0.05119805884137094	0.04774727208729321	0.049115151515151514	0.03617471618241293	0.02727585284791993	0.01378087051439487	0.008559303747392649	0.014473440681103091	0.01978392030307282	0.05567085547471891	0.10836172547207946	0.10975395944129507	0.09173089181201831	0.09587437151318962	0.07500354057498938	0.01891380707916779	0.0037462972643317652	6.979104982657981E-4	1.901863826550019E-4	1.194208090759815E-4	3.233525189161224E-5	7.929375693820373E-5	9.050865866167863E-5	0.0	0.0	0.0
	Total # checklists submitted - (Black-throated Blue Warbler)	62273	43331	38620	54106	37238	53163	75553	42285	42866	50027	55502	78855	59210	57034	57433	79603	83036	91289	82524	85890	53335	51722	49455	56820	41250	31182	26177	36645	27806	27015	28508	43847	34634	34222	34514	43557	35305	37010	34434	47284	36806	33495	30926	37834	33146	28875	32707	48741
	
Birds Per Party Hour
	Black-throated Blue Warbler	0.0	0.0	0.0	0.0	0.0	0.0	0.0	0.0	0.0	0.0	0.0	0.0	5.46448087431694	0.0	0.0	0.9319622063329254	1.3002541811344974	1.4417398833479653	1.4997650607036996	3.6232700323399847	7.989807210598425	8.250392771094027	9.414614097684538	8.752769503876634	7.398683743387794	5.750814258901877	2.1842322947413924	1.598791009889361	0.9522411061517057	1.4068069861927532	1.1144224118930384	1.0689118416802734	1.2935800845535155	1.2030725126709714	1.0559909515088473	1.3750829541113434	1.2827258540487751	0.9346832515786406	0.760242757279694	0.576309207092585	1.0561534255167213	3.1966555733596285	0.2069108214359611	1.584325926494465	2.862971887550201	0.0	0.0	0.0
	# checklists reporting species - (Black-throated Blue Warbler)	0.0	0.0	0.0	0.0	0.0	1	0.0	0.0	0.0	0.0	0.0	0.0	1	0.0	0.0	87	4728	13336	13140	4566	1816	1816	1713	1838	1303	643	421	317	169	244	381	1506	1988	2133	1899	2388	1598	537	110	29	9	5	1	3	5	2	0.0	0.0
	
High Count
	Black-throated Blue Warbler	0.0	0.0	0.0	0.0	0.0	1	0.0	0.0	0.0	0.0	0.0	0.0	1	0.0	0.0	4	100	125	75	25	50	22	22	20	30	18	24	8	8	9	10	27	75	45	80	80	54	20	6	5	11	1	1	1	1	1	0.0	0.0
	# checklists reporting species - (Black-throated Blue Warbler)	0.0	0.0	0.0	0.0	0.0	1	0.0	0.0	0.0	0.0	0.0	0.0	1	0.0	0.0	124	5571	16335	15311	5373	2026	1970	1866	2041	1439	733	494	376	199	296	461	1820	2310	2406	2152	2709	1795	643	159	54	17	8	2	4	7	3	0.0	0.0
	
Totals
	Black-throated Blue Warbler	0.0	0.0	0.0	0.0	0.0	1	0.0	0.0	0.0	0.0	0.0	0.0	1	0.0	0.0	141	10237	34514	30486	8748	3275	3125	2715	2855	2193	1199	817	553	272	440	685	3099	4302	4365	3766	5105	3317	936	181	61	27	8	2	4	7	3	0.0	0.0
	# checklists reporting species - (Black-throated Blue Warbler)	0.0	0.0	0.0	0.0	0.0	1	0.0	0.0	0.0	0.0	0.0	0.0	1	0.0	0.0	117	5076	14269	13848	4902	1899	1880	1780	1896	1351	675	449	340	184	280	435	1718	2190	2299	2060	2612	1743	632	155	54	17	8	2	4	7	3	0.0	0.0
	
Average Count
	Black-throated Blue Warbler	0.0	0.0	0.0	0.0	0.0	1.0	0.0	0.0	0.0	0.0	0.0	0.0	1.0	0.0	0.0	1.205128205128205	2.0167454688731286	2.4188100077090198	2.201473136915078	1.784577723378213	1.7245918904686677	1.6622340425531914	1.5252808988764044	1.505801687763713	1.623242042931162	1.7762962962962963	1.8195991091314032	1.6264705882352941	1.4782608695652173	1.5714285714285714	1.5747126436781609	1.8038416763678695	1.9643835616438357	1.8986515876468029	1.8281553398058252	1.9544410413476263	1.9030407343660356	1.481012658227848	1.167741935483871	1.1296296296296295	1.588235294117647	1.0	1.0	1.0	1.0	1.0	0.0	0.0
	# checklists reporting species - (Black-throated Blue Warbler)	0.0	0.0	0.0	0.0	0.0	1	0.0	0.0	0.0	0.0	0.0	0.0	1	0.0	0.0	117	5076	14269	13848	4902	1899	1880	1780	1896	1351	675	449	340	184	280	435	1718	2190	2299	2060	2612	1743	632	155	54	17	8	2	4	7	3	0.0	0.0
	
