

	Week starting on...	1/1	1/8	1/15	1/22	2/1	2/8	2/15	2/22	3/1	3/8	3/15	3/22	4/1	4/8	4/15	4/22	5/1	5/8	5/15	5/22	6/1	6/8	6/15	6/22	7/1	7/8	7/15	7/22	8/1	8/8	8/15	8/22	9/1	9/8	9/15	9/22	10/1	10/8	10/15	10/22	11/1	11/8	11/15	11/22	12/1	12/8	12/15	12/22
Frequency (%)
	Common Eider	0.0032116647664316798	0.00923126629895456	0.005178663904712584	0.0018482238568735445	0.002685428862989419	0.0037620149351992927	0.0026471483594298043	0.004729809625162587	0.009331404842999113	0.001998920582885242	0.009008684371734351	0.011413353623739776	0.0016889039013680122	0.0017533401129151034	0.0	0.0	0.0	0.004381688921994983	0.0	0.0023285597857724996	0.0	0.003866826495495147	0.04448488524921646	0.014079549454417459	0.0024242424242424242	0.012827913539862741	0.0	0.0	0.0	0.0	0.003507787287778869	0.0	0.0028873361436738466	0.0	0.0	0.0	0.00566491998300524	0.0027019724398811133	0.0	0.004229760595550291	0.08694234635657229	0.14330497089117777	0.0032335251891612237	0.005286250462546915	0.057322150485729806	0.05887445887445888	0.0	0.006154982458299993
	Total # checklists submitted - (Common Eider)	62273	43331	38620	54106	37238	53163	75553	42285	42866	50027	55502	78855	59210	57034	57433	79603	83036	91289	82524	85890	53335	51722	49455	56820	41250	31182	26177	36645	27806	27015	28508	43847	34634	34222	34514	43557	35305	37010	34434	47284	36806	33495	30926	37834	33146	28875	32707	48741
	
Abundance
	Common Eider	3.21166476643168E-5	9.23126629895456E-5	5.178663904712584E-5	1.8482238568735446E-5	2.6854288629894193E-5	3.762014935199293E-5	2.6471483594298044E-5	4.729809625162587E-5	9.331404842999113E-5	1.998920582885242E-5	9.008684371734351E-5	1.268150402637753E-4	1.688903901368012E-5	1.7533401129151033E-5	0.0	0.0	0.0	4.381688921994983E-5	0.0	2.3285597857724998E-5	0.0	3.866826495495147E-5	9.705793145283591E-4	1.5839493136219642E-4	2.4242424242424244E-5	0.0022769546533256365	0.0	0.0	0.0	0.0	1.0523361863336608E-4	0.0	1.7324016862043078E-4	0.0	0.0	0.0	5.66491998300524E-5	2.7019724398811132E-5	0.0	4.2297605955502916E-5	8.694234635657229E-4	0.0014927601134497686	3.233525189161224E-5	5.2862504625469154E-5	5.732215048572981E-4	5.887445887445888E-4	0.0	6.154982458299993E-5
	Total # checklists submitted - (Common Eider)	62273	43331	38620	54106	37238	53163	75553	42285	42866	50027	55502	78855	59210	57034	57433	79603	83036	91289	82524	85890	53335	51722	49455	56820	41250	31182	26177	36645	27806	27015	28508	43847	34634	34222	34514	43557	35305	37010	34434	47284	36806	33495	30926	37834	33146	28875	32707	48741
	
Birds Per Party Hour
	Common Eider	0.5384615384615384	0.3333333333333333	1.0	0.7993605115907274	0.0	1.3333333333333333	0.3	1.2232232232232232	0.021621621621621623	0.07893905904641617	0.9166666666666666	0.5082396536165525	3.003003003003003	1.0	0.0	0.0	0.0	0.5079365079365079	0.25	1.5452562704471102	0.0	1.8187031087794447	30.769152713926655	21.686746987951807	0.6666666666666666	6.883162725026474	0.0	0.6666666666666666	0.2222222222222222	0.25	0.375	0.0	0.0	0.0	1.3333333333333333	0.0	1.2507507507507507	0.0	0.8576329331046312	0.03333333333333333	1.7377770789644265	1.702117564179098	1.2676676676676677	2.0	1.3215007530459026	1.603069176910962	0.0	0.0
	# checklists reporting species - (Common Eider)	13	4	2	3	1	2	3	3	5	4	4	6	1	1	0	0	0	9	2	2	1	5	15	5	1	2	0	3	3	2	1	1	0	2	1	1	4	3	2	3	40	57	3	1	28	24	1	1
	
High Count
	Common Eider	1	1	1	1	1	1	1	1	1	1	2	3	1	1	1	1	1	1	1	1	1	1	7	2	1	39	1	1	1	1	3	1	6	1	2	1	1	1	1	1	1	2	1	1	1	1	1	1
	# checklists reporting species - (Common Eider)	46	31	23	34	26	26	26	26	34	38	52	68	35	20	14	18	14	37	21	29	25	27	43	35	15	21	21	23	17	16	15	13	8	9	9	10	17	12	9	17	55	65	14	25	68	57	32	46
	
Totals
	Common Eider	46	31	23	34	26	26	26	26	34	38	52	74	35	20	14	18	14	36	21	29	25	27	69	36	15	88	21	23	17	16	17	13	13	9	11	10	17	12	9	17	55	67	14	25	67	54	32	46
	# checklists reporting species - (Common Eider)	46	31	23	34	26	26	26	26	34	38	50	68	35	20	14	18	14	36	21	29	25	27	36	32	15	20	21	23	17	16	15	13	8	9	9	10	17	12	9	17	55	65	14	25	67	54	32	46
	
Average Count
	Common Eider	1.0	1.0	1.0	1.0	1.0	1.0	1.0	1.0	1.0	1.0	1.04	1.088235294117647	1.0	1.0	1.0	1.0	1.0	1.0	1.0	1.0	1.0	1.0	1.9166666666666667	1.125	1.0	4.4	1.0	1.0	1.0	1.0	1.1333333333333333	1.0	1.625	1.0	1.2222222222222223	1.0	1.0	1.0	1.0	1.0	1.0	1.0307692307692307	1.0	1.0	1.0	1.0	1.0	1.0
	# checklists reporting species - (Common Eider)	46	31	23	34	26	26	26	26	34	38	50	68	35	20	14	18	14	36	21	29	25	27	36	32	15	20	21	23	17	16	15	13	8	9	9	10	17	12	9	17	55	65	14	25	67	54	32	46
	
