

	Week starting on...	1/1	1/8	1/15	1/22	2/1	2/8	2/15	2/22	3/1	3/8	3/15	3/22	4/1	4/8	4/15	4/22	5/1	5/8	5/15	5/22	6/1	6/8	6/15	6/22	7/1	7/8	7/15	7/22	8/1	8/8	8/15	8/22	9/1	9/8	9/15	9/22	10/1	10/8	10/15	10/22	11/1	11/8	11/15	11/22	12/1	12/8	12/15	12/22
Frequency (%)
	Connecticut Warbler	0.0	0.0	0.0	0.0	0.0	0.0	0.0	0.0	0.0	0.0	0.0	0.0	0.0	0.0	0.0	0.0012562340615303444	0.0036128907943542557	0.039435200297954845	0.23023605254229074	0.25963441611363375	0.2643667385394206	0.14307258033332046	0.13749873622485087	0.1302358324533615	0.18181818181818182	0.09620935154897056	0.04966191694999427	0.02455996725337699	0.04315615334819823	0.040718119563205625	0.035077872877788685	0.11631354482632791	0.22521221920656004	0.2688329144994448	0.18253462363099032	0.09872121587804486	0.03965443988103668	0.0054039448797622265	0.005808212812917465	0.0	0.0	0.0	0.0	0.0	0.0	0.0	0.0	0.0
	Total # checklists submitted - (Connecticut Warbler)	62273	43331	38620	54106	37238	53163	75553	42285	42866	50027	55502	78855	59210	57034	57433	79603	83036	91289	82524	85890	53335	51722	49455	56820	41250	31182	26177	36645	27806	27015	28508	43847	34634	34222	34514	43557	35305	37010	34434	47284	36806	33495	30926	37834	33146	28875	32707	48741
	
Abundance
	Connecticut Warbler	0.0	0.0	0.0	0.0	0.0	0.0	0.0	0.0	0.0	0.0	0.0	0.0	0.0	0.0	0.0	1.2562340615303443E-5	3.612890794354256E-5	3.9435200297954846E-4	0.0023508312733265474	0.0027477005472115496	0.0035998875035155153	0.001836742585360195	0.001637852593266606	0.0015839493136219642	0.002278787878787879	0.001090372650888333	6.494250678076174E-4	3.274662300450266E-4	4.315615334819823E-4	4.812141402924301E-4	3.507787287778869E-4	0.0012315551805140604	0.0025119824449962463	0.002805213020863772	0.0019991887350060845	0.001033129003374888	5.098427984704716E-4	8.10591731964334E-5	5.808212812917465E-5	0.0	0.0	0.0	0.0	0.0	0.0	0.0	0.0	0.0
	Total # checklists submitted - (Connecticut Warbler)	62273	43331	38620	54106	37238	53163	75553	42285	42866	50027	55502	78855	59210	57034	57433	79603	83036	91289	82524	85890	53335	51722	49455	56820	41250	31182	26177	36645	27806	27015	28508	43847	34634	34222	34514	43557	35305	37010	34434	47284	36806	33495	30926	37834	33146	28875	32707	48741
	
Birds Per Party Hour
	Connecticut Warbler	0.0	0.0	0.0	0.0	0.0	0.0	0.0	0.0	0.0	0.0	0.0	0.0	0.0	0.0	0.0	0.856898029134533	0.041666666666666664	0.4089454731311453	0.7645441080028611	0.891047409697994	4.8284746094832425	8.080502222615019	11.556370996200744	8.270771904875701	10.018483394695815	6.815716002923452	1.5171851529575826	3.02001606933832	0.8116941391941392	0.741931331658015	0.29101010587139553	0.6495386894138001	0.6389750536320729	0.5172935894662297	0.5878413212887661	0.7446217082265104	0.5332058256698624	0.6666666666666666	0.6	0.0	0.0	0.0	0.0	0.0	0.0	0.0	0.0	0.0
	# checklists reporting species - (Connecticut Warbler)	0.0	0.0	0.0	0.0	0.0	0.0	0.0	0.0	0.0	0.0	0.0	0.0	0.0	0.0	0.0	1	3	42	243	273	156	74	62	68	73	23	13	9	10	9	18	59	107	107	53	54	17	3	2	0.0	0.0	0.0	0.0	0.0	0.0	0.0	0.0	0.0
	
High Count
	Connecticut Warbler	0.0	0.0	0.0	0.0	0.0	0.0	0.0	0.0	0.0	0.0	0.0	0.0	0.0	0.0	0.0	1	1	1	4	8	25	17	4	6	3	3	4	2	2	2	3	3	4	3	3	2	3	2	1	0.0	0.0	0.0	0.0	0.0	0.0	0.0	0.0	0.0
	# checklists reporting species - (Connecticut Warbler)	0.0	0.0	0.0	0.0	0.0	0.0	0.0	0.0	0.0	0.0	0.0	0.0	0.0	0.0	0.0	1	4	72	324	390	183	96	80	85	84	31	16	9	13	13	28	109	141	142	92	72	24	8	2	0.0	0.0	0.0	0.0	0.0	0.0	0.0	0.0	0.0
	
Totals
	Connecticut Warbler	0.0	0.0	0.0	0.0	0.0	0.0	0.0	0.0	0.0	0.0	0.0	0.0	0.0	0.0	0.0	1	4	66	328	411	275	157	95	109	106	35	18	12	14	15	32	114	155	147	98	73	29	9	2	0.0	0.0	0.0	0.0	0.0	0.0	0.0	0.0	0.0
	# checklists reporting species - (Connecticut Warbler)	0.0	0.0	0.0	0.0	0.0	0.0	0.0	0.0	0.0	0.0	0.0	0.0	0.0	0.0	0.0	1	4	66	306	374	179	92	79	82	82	30	14	9	12	12	28	106	139	139	88	70	24	8	2	0.0	0.0	0.0	0.0	0.0	0.0	0.0	0.0	0.0
	
Average Count
	Connecticut Warbler	0.0	0.0	0.0	0.0	0.0	0.0	0.0	0.0	0.0	0.0	0.0	0.0	0.0	0.0	0.0	1.0	1.0	1.0	1.0718954248366013	1.0989304812834224	1.5363128491620113	1.7065217391304348	1.2025316455696202	1.329268292682927	1.2926829268292683	1.1666666666666667	1.2857142857142858	1.3333333333333333	1.1666666666666667	1.25	1.1428571428571428	1.0754716981132075	1.1151079136690647	1.0575539568345325	1.1136363636363635	1.042857142857143	1.2083333333333333	1.125	1.0	0.0	0.0	0.0	0.0	0.0	0.0	0.0	0.0	0.0
	# checklists reporting species - (Connecticut Warbler)	0.0	0.0	0.0	0.0	0.0	0.0	0.0	0.0	0.0	0.0	0.0	0.0	0.0	0.0	0.0	1	4	66	306	374	179	92	79	82	82	30	14	9	12	12	28	106	139	139	88	70	24	8	2	0.0	0.0	0.0	0.0	0.0	0.0	0.0	0.0	0.0
	
