

	Week starting on...	1/1	1/8	1/15	1/22	2/1	2/8	2/15	2/22	3/1	3/8	3/15	3/22	4/1	4/8	4/15	4/22	5/1	5/8	5/15	5/22	6/1	6/8	6/15	6/22	7/1	7/8	7/15	7/22	8/1	8/8	8/15	8/22	9/1	9/8	9/15	9/22	10/1	10/8	10/15	10/22	11/1	11/8	11/15	11/22	12/1	12/8	12/15	12/22
Frequency (%)
	Red-headed Woodpecker	0.15576574117193648	0.09923611271376151	0.1346452615225272	0.12567922226740103	0.1101025833825662	0.07147828376878657	0.09000304422061335	0.0756769540026014	0.08164979237624224	0.06996222040098346	0.06666426435083421	0.07989347536617843	0.05404492484377639	0.08942034575867026	0.12013998920481256	0.5627928595655943	2.827689195047931	4.5273800786513165	3.3275168435848963	1.458842705786471	0.8062248054748289	0.6360929585089518	0.5459508644222021	0.5455825413586766	0.5406060606060606	0.5644281957539606	0.6188638881460824	0.8050211488606904	0.7624253758181687	0.7588376827688321	0.8208222253402554	0.8347207334595297	0.8402148178090892	0.7392905148734732	0.7156516196326129	0.46605597263356063	0.3398951989803144	0.37557416914347475	0.25265725736190975	0.19879874799086372	0.14399826115307288	0.18211673384087176	0.10347280605315916	0.060791880319289525	0.0724069269293429	0.09350649350649351	0.12841287797719142	0.12720297080486653
	Total # checklists submitted - (Red-headed Woodpecker)	62273	43331	38620	54106	37238	53163	75553	42285	42866	50027	55502	78855	59210	57034	57433	79603	83036	91289	82524	85890	53335	51722	49455	56820	41250	31182	26177	36645	27806	27015	28508	43847	34634	34222	34514	43557	35305	37010	34434	47284	36806	33495	30926	37834	33146	28875	32707	48741
	
Abundance
	Red-headed Woodpecker	0.0019591155075233246	0.0012462209503588655	0.0015794924909373381	0.0015709902783425129	0.0024168859766904773	9.028835844478302E-4	0.0015485817902664355	0.0011824524062906468	0.001073111556944898	8.995142622983588E-4	9.549205434038413E-4	0.0013315579227696406	9.288971457524067E-4	0.0013500718869446295	0.0018108056343913777	0.008982073539941963	0.04672672094031505	0.06482708760091577	0.04544132615966264	0.01896611945511701	0.010799662510546546	0.00842968176017942	0.007703973309068851	0.007374164026751144	0.0076848484848484845	0.008241934449361811	0.010467204034075715	0.013235093464319826	0.013486297921311946	0.014251341847121969	0.016205977269538374	0.017538258033616895	0.015274008200034647	0.010957863362749109	0.010401576171988178	0.006405399820924306	0.003937119388188642	0.004377195352607404	0.003194517047104606	0.0027070467811521866	0.0026626093571700264	0.002268995372443648	0.001099398564314816	6.343500555056298E-4	7.844083750678815E-4	0.0015238095238095239	0.004647323202984071	0.0016618452637409983
	Total # checklists submitted - (Red-headed Woodpecker)	62273	43331	38620	54106	37238	53163	75553	42285	42866	50027	55502	78855	59210	57034	57433	79603	83036	91289	82524	85890	53335	51722	49455	56820	41250	31182	26177	36645	27806	27015	28508	43847	34634	34222	34514	43557	35305	37010	34434	47284	36806	33495	30926	37834	33146	28875	32707	48741
	
Birds Per Party Hour
	Red-headed Woodpecker	3.382877640430653	7.747680412469275	2.757507389924405	1.9686035400349424	2.419587685659652	2.8483626601319947	3.6851982847014924	2.4825976408308135	3.706141208055872	2.1393096773150875	2.554166210161098	3.2401970976074956	5.3792192644118675	2.2554468487184445	2.1077157524126955	1.0942525042332725	1.2483474359110918	0.9887988179367546	1.4412367829734503	2.2965905870459515	2.694185822573497	3.377430256047209	3.10454091881648	3.7560015261396593	2.475228111775204	2.436018440872913	3.2746640467361328	3.658840754095441	3.5497617500156147	2.8366510228794897	3.654707672274367	3.3536759982995066	1.7604917907907596	1.774375779617038	0.9729536743775905	1.9255500878605152	0.9024901403162715	0.7985848563503191	0.529548983020443	1.1748803627975044	1.630971963056358	2.291318726591238	5.807665099333504	1.7413239819083333	2.402240765508648	1.5381439739773624	1.5597146239298598	1.6238665092388507
	# checklists reporting species - (Red-headed Woodpecker)	101	40	54	72	43	44	78	32	33	38	41	64	33	55	76	490	2270	3615	2517	1318	481	385	318	374	267	230	219	361	254	239	259	390	296	259	250	224	154	146	89	97	59	64	35	30	21	31	38	83
	
High Count
	Red-headed Woodpecker	4	3	4	4	32	3	10	4	3	4	4	7	5	6	10	32	392	30	17	10	6	9	6	6	6	6	8	6	12	6	8	20	30	9	8	13	14	6	6	7	25	5	4	6	4	4	31	3
	# checklists reporting species - (Red-headed Woodpecker)	126	50	65	87	56	60	84	38	45	42	50	82	43	70	96	573	2870	5134	3421	1696	588	461	393	447	337	297	264	435	324	297	337	501	393	322	326	283	186	193	135	146	90	80	49	36	40	40	56	93
	
Totals
	Red-headed Woodpecker	157	61	77	105	109	73	141	56	56	53	68	127	70	101	152	929	5072	7083	4521	2150	778	594	522	592	467	384	425	689	564	495	598	1001	660	468	470	399	241	230	168	191	136	95	55	42	47	61	172	116
	# checklists reporting species - (Red-headed Woodpecker)	126	50	65	86	53	59	84	38	44	42	50	79	43	68	91	549	2519	4164	2904	1557	562	438	380	428	320	273	253	419	314	283	307	471	372	312	310	269	183	188	128	145	86	77	49	36	39	40	54	93
	
Average Count
	Red-headed Woodpecker	1.246031746031746	1.22	1.1846153846153846	1.2209302325581395	2.056603773584906	1.2372881355932204	1.6785714285714286	1.4736842105263157	1.2727272727272727	1.2619047619047619	1.36	1.6075949367088607	1.627906976744186	1.4852941176470589	1.6703296703296704	1.692167577413479	2.0134974196109567	1.7010086455331412	1.5568181818181819	1.3808606294155428	1.3843416370106763	1.356164383561644	1.3736842105263158	1.3831775700934579	1.459375	1.4065934065934067	1.6798418972332017	1.6443914081145585	1.7961783439490446	1.7491166077738516	1.9478827361563518	2.1252653927813165	1.7741935483870968	1.5	1.5161290322580645	1.483271375464684	1.3169398907103824	1.2234042553191489	1.3125	1.3172413793103448	1.5813953488372092	1.2337662337662338	1.1224489795918366	1.1666666666666667	1.205128205128205	1.525	3.185185185185185	1.2473118279569892
	# checklists reporting species - (Red-headed Woodpecker)	126	50	65	86	53	59	84	38	44	42	50	79	43	68	91	549	2519	4164	2904	1557	562	438	380	428	320	273	253	419	314	283	307	471	372	312	310	269	183	188	128	145	86	77	49	36	39	40	54	93
	
