

	Week starting on...	1/1	1/8	1/15	1/22	2/1	2/8	2/15	2/22	3/1	3/8	3/15	3/22	4/1	4/8	4/15	4/22	5/1	5/8	5/15	5/22	6/1	6/8	6/15	6/22	7/1	7/8	7/15	7/22	8/1	8/8	8/15	8/22	9/1	9/8	9/15	9/22	10/1	10/8	10/15	10/22	11/1	11/8	11/15	11/22	12/1	12/8	12/15	12/22
Frequency (%)
	Pied-billed Grebe	0.39342893388788075	0.3784819182571369	0.2408078715691352	0.2236350866816989	0.2900263172028573	0.1260275003291763	0.10323878601776236	0.23649048125812935	0.3102692110297205	0.7176124892558019	1.4107599726135995	2.581954219770465	4.860665428137139	5.51074797489217	5.50032211446381	4.7774581359998995	3.2853220289994702	2.535902463604596	2.7410207939508506	2.737222028175573	2.0118121308709105	1.7729399481845252	1.5832575068243857	1.5117916226680745	1.7357575757575758	2.08132897184273	2.261527294953585	2.76981852913085	3.1575918866431705	3.453636868406441	3.732285674196717	4.214655506648117	5.211641739331293	5.4497107124072235	5.823723706322072	5.806184998966871	5.71873672284379	5.928127533099162	5.721089620723703	4.722527704931901	3.594522632179536	2.206299447678758	1.1802366940438467	0.7480044404503885	0.6003741024558016	0.4017316017316018	0.4739046687253493	0.31390410537329966
	Total # checklists submitted - (Pied-billed Grebe)	62273	43331	38620	54106	37238	53163	75553	42285	42866	50027	55502	78855	59210	57034	57433	79603	83036	91289	82524	85890	53335	51722	49455	56820	41250	31182	26177	36645	27806	27015	28508	43847	34634	34222	34514	43557	35305	37010	34434	47284	36806	33495	30926	37834	33146	28875	32707	48741
	
Abundance
	Pied-billed Grebe	0.006712379361842211	0.004384851492003416	0.003262558259968928	0.003659483236609618	0.0034104946559965627	0.001956247766303632	0.0014691673394835413	0.0028142367269717392	0.0037325619371996453	0.009754732444479981	0.017873229793520955	0.037778200494578654	0.08871812193886168	0.11202089981414595	0.1039820312363972	0.08206977123977739	0.051254877402572376	0.038153556288271315	0.04004895545538267	0.04633833973687274	0.03680509984062998	0.03710220022427594	0.03455666767768679	0.03768039422738472	0.04867878787878788	0.055609005195304984	0.06345264927226191	0.08301268931641424	0.0928576566208732	0.11178974643716454	0.10660165567559983	0.12183273656122426	0.16177744413004563	0.19890713576062183	0.2086109984354175	0.20958743715131897	0.2136241325591276	0.2274250202647933	0.20895045594470582	0.15647999323238304	0.12457208063902625	0.07684729064039408	0.027969992886244584	0.016466670190833643	0.011524769202920412	0.008103896103896105	0.010120157764392944	0.005457417779692661
	Total # checklists submitted - (Pied-billed Grebe)	62273	43331	38620	54106	37238	53163	75553	42285	42866	50027	55502	78855	59210	57034	57433	79603	83036	91289	82524	85890	53335	51722	49455	56820	41250	31182	26177	36645	27806	27015	28508	43847	34634	34222	34514	43557	35305	37010	34434	47284	36806	33495	30926	37834	33146	28875	32707	48741
	
Birds Per Party Hour
	Pied-billed Grebe	7.705326691815389	3.2639551601306986	3.6796689011063433	4.445008395071305	4.57142373542868	6.195645729745606	7.269632033437469	4.3018569100428685	2.5558224460004078	4.011735230143624	2.773421720781653	3.572984930613257	4.159319449549212	4.2197928681841725	3.5097755797993715	2.874512817171645	2.3160201176526223	1.9276849913492788	1.940616378614724	2.2077433428871487	2.9597469842791218	4.090680428901022	3.7251061509864045	4.895683817439251	4.639299826240235	4.582624203079254	4.254352681128853	5.070883083984766	4.798700967925267	4.826519240727102	4.102371111025237	4.094256598508233	3.6092602902519935	4.740834468538994	4.372812260312563	5.416461777935941	5.07234029708036	6.659215033762926	6.074812758766063	5.2405268057083925	5.084910684426476	5.709723159221016	3.6796545848395033	5.87215463710336	4.320314638593408	5.414274406832907	2.030700147137135	6.9347779704795505
	# checklists reporting species - (Pied-billed Grebe)	262	170	104	126	119	70	79	102	141	377	825	2067	2920	3157	3180	3916	2681	2239	2095	2277	1054	917	803	867	733	649	603	1017	893	938	1061	1792	1717	1773	1977	2532	2053	2189	1986	2274	1347	757	372	316	215	135	163	170
	
High Count
	Pied-billed Grebe	67	9	20	45	4	39	15	5	12	50	15	27	42	35	35	43	37	45	30	21	30	25	40	28	60	46	30	30	31	100	102	60	91	195	290	200	220	425	100	120	100	133	45	30	64	50	52	31
	# checklists reporting species - (Pied-billed Grebe)	312	189	119	140	136	84	83	122	178	439	936	2420	3361	3602	3617	4325	3096	2683	2594	2694	1223	1031	920	989	833	749	678	1159	987	1046	1184	2093	2025	2094	2318	2828	2245	2400	2199	2489	1519	846	426	365	271	161	183	210
	
Totals
	Pied-billed Grebe	488	215	156	218	171	120	116	140	223	635	1172	3656	6172	7224	6821	7285	4756	3963	3725	4377	2142	2110	1980	2386	2303	2024	1863	3420	2863	3356	3389	6033	6223	7589	8578	10256	8562	9475	7913	8312	5141	2814	1022	763	546	343	395	350
	# checklists reporting species - (Pied-billed Grebe)	304	187	116	139	136	80	83	119	176	432	919	2351	3265	3492	3483	4187	2914	2421	2296	2495	1150	993	876	948	795	705	645	1097	952	1006	1135	1994	1949	2004	2216	2734	2197	2341	2148	2445	1483	831	417	351	266	160	180	209
	
Average Count
	Pied-billed Grebe	1.605263157894737	1.1497326203208555	1.3448275862068966	1.5683453237410072	1.2573529411764706	1.5	1.3975903614457832	1.1764705882352942	1.2670454545454546	1.4699074074074074	1.2752992383025028	1.5550829434283284	1.8903522205206738	2.06872852233677	1.9583692219351134	1.739909242894674	1.6321207961564859	1.6369268897149938	1.6223867595818815	1.7543086172344688	1.862608695652174	2.1248741188318228	2.26027397260274	2.5168776371308015	2.8968553459119497	2.870921985815603	2.8883720930232557	3.1175934366453966	3.0073529411764706	3.3359840954274356	2.9859030837004403	3.0255767301905716	3.1929194458696766	3.786926147704591	3.8709386281588447	3.7512801755669347	3.897132453345471	4.047415634344297	3.6838919925512106	3.39959100204499	3.4666217127444368	3.3862815884476536	2.45083932853717	2.173789173789174	2.0526315789473686	2.14375	2.1944444444444446	1.674641148325359
	# checklists reporting species - (Pied-billed Grebe)	304	187	116	139	136	80	83	119	176	432	919	2351	3265	3492	3483	4187	2914	2421	2296	2495	1150	993	876	948	795	705	645	1097	952	1006	1135	1994	1949	2004	2216	2734	2197	2341	2148	2445	1483	831	417	351	266	160	180	209
	
