

	Week starting on...	1/1	1/8	1/15	1/22	2/1	2/8	2/15	2/22	3/1	3/8	3/15	3/22	4/1	4/8	4/15	4/22	5/1	5/8	5/15	5/22	6/1	6/8	6/15	6/22	7/1	7/8	7/15	7/22	8/1	8/8	8/15	8/22	9/1	9/8	9/15	9/22	10/1	10/8	10/15	10/22	11/1	11/8	11/15	11/22	12/1	12/8	12/15	12/22
Frequency (%)
	Canada Warbler	0.0	0.0	0.0	0.0	0.0	0.0	0.0	0.0	0.0	0.0	0.0	0.0	0.0	0.0	0.0	0.0012562340615303444	0.20232188448383837	2.895200955208185	6.695022054190296	5.123995808592385	2.4899221899315647	2.2369591276439427	1.9654231119199272	1.5205913410770855	1.3624242424242423	0.8306074017061125	0.6647056576383849	0.6112702960840497	0.9206646047615622	1.9137516194706643	3.1429774098498666	3.592035943166009	2.9046601605358897	1.7620244287300566	0.5505012458712407	0.15611727162109418	0.03115705990652882	0.00810591731964334	0.0029041064064587326	0.004229760595550291	0.0	0.0	0.0	0.0	0.0	0.0	0.0	0.0
	Total # checklists submitted - (Canada Warbler)	62273	43331	38620	54106	37238	53163	75553	42285	42866	50027	55502	78855	59210	57034	57433	79603	83036	91289	82524	85890	53335	51722	49455	56820	41250	31182	26177	36645	27806	27015	28508	43847	34634	34222	34514	43557	35305	37010	34434	47284	36806	33495	30926	37834	33146	28875	32707	48741
	
Abundance
	Canada Warbler	0.0	0.0	0.0	0.0	0.0	0.0	0.0	0.0	0.0	0.0	0.0	0.0	0.0	0.0	0.0	1.2562340615303443E-5	0.0018907461823787274	0.03278598735882746	0.09951044544617324	0.08591221329607637	0.03873628949095341	0.03586481574571749	0.02794459609746234	0.018813797958465328	0.01793939393939394	0.00949265601949843	0.00802230966115292	0.007913767226088143	0.012659138315471481	0.025615398852489358	0.04367195173284692	0.053367391155609276	0.043483282323728126	0.021828063818596224	0.006200382453497131	0.0015841311385081617	7.08114997875655E-4	8.10591731964334E-5	2.9041064064587326E-5	4.2297605955502916E-5	0.0	0.0	0.0	0.0	0.0	0.0	0.0	0.0
	Total # checklists submitted - (Canada Warbler)	62273	43331	38620	54106	37238	53163	75553	42285	42866	50027	55502	78855	59210	57034	57433	79603	83036	91289	82524	85890	53335	51722	49455	56820	41250	31182	26177	36645	27806	27015	28508	43847	34634	34222	34514	43557	35305	37010	34434	47284	36806	33495	30926	37834	33146	28875	32707	48741
	
Birds Per Party Hour
	Canada Warbler	0.0	0.0	0.0	0.0	0.0	0.0	0.0	0.0	0.0	0.0	0.0	0.0	0.0	0.0	0.0	0.8703703703703703	0.5494531211177408	0.6927497925353843	0.9480950270272144	1.681685882527959	4.4407373931859295	6.169352693802723	7.133797262399933	7.162469688277804	5.926257163492436	5.436956338561405	1.7162012614325806	1.5408583428154878	1.202033591061854	1.269823581603975	1.0582708503365394	0.9714673935900838	0.8707884779755773	0.8593915173697623	0.5794903737513868	0.5590790107186046	1.191481979454354	0.2862892888273599	1.3333333333333333	1.5578743023537978	0.0	0.0	0.0	0.0	0.0	0.0	0.0	0.0
	# checklists reporting species - (Canada Warbler)	0.0	0.0	0.0	0.0	0.0	0.0	0.0	0.0	0.0	0.0	0.0	0.0	0.0	0.0	0.0	6	151	2357	5499	4899	1427	1135	974	828	537	226	166	227	258	527	880	1518	987	608	182	65	12	2	1	2	0	0.0	0.0	0.0	0.0	0.0	0.0	0.0
	
High Count
	Canada Warbler	0.0	0.0	0.0	0.0	0.0	0.0	0.0	0.0	0.0	0.0	0.0	0.0	0.0	0.0	0.0	1	6	19	50	50	19	15	14	7	10	8	5	6	10	35	18	75	100	25	6	3	15	1	1	1	1	0.0	0.0	0.0	0.0	0.0	0.0	0.0
	# checklists reporting species - (Canada Warbler)	0.0	0.0	0.0	0.0	0.0	0.0	0.0	0.0	0.0	0.0	0.0	0.0	0.0	0.0	0.0	6	229	3402	6880	5962	1665	1279	1092	975	647	300	202	279	321	677	1124	1859	1165	714	241	93	17	9	2	4	1	0.0	0.0	0.0	0.0	0.0	0.0	0.0
	
Totals
	Canada Warbler	0.0	0.0	0.0	0.0	0.0	0.0	0.0	0.0	0.0	0.0	0.0	0.0	0.0	0.0	0.0	6	212	3747	9913	10022	2584	1987	1517	1189	850	341	242	348	443	956	1600	2914	1720	907	281	93	30	9	2	4	1	0.0	0.0	0.0	0.0	0.0	0.0	0.0
	# checklists reporting species - (Canada Warbler)	0.0	0.0	0.0	0.0	0.0	0.0	0.0	0.0	0.0	0.0	0.0	0.0	0.0	0.0	0.0	6	186	2711	6002	5431	1557	1208	1021	877	582	256	180	250	292	626	1057	1754	1109	684	230	89	15	9	2	4	1	0.0	0.0	0.0	0.0	0.0	0.0	0.0
	
Average Count
	Canada Warbler	0.0	0.0	0.0	0.0	0.0	0.0	0.0	0.0	0.0	0.0	0.0	0.0	0.0	0.0	0.0	1.0	1.1397849462365592	1.382146809295463	1.6516161279573476	1.8453323513165163	1.6596017983301221	1.6448675496688743	1.485798237022527	1.3557582668187	1.4604810996563573	1.33203125	1.3444444444444446	1.392	1.5171232876712328	1.5271565495207668	1.5137180700094608	1.661345496009122	1.5509467989179442	1.3260233918128654	1.2217391304347827	1.0449438202247192	2.0	1.0	1.0	1.0	1.0	0.0	0.0	0.0	0.0	0.0	0.0	0.0
	# checklists reporting species - (Canada Warbler)	0.0	0.0	0.0	0.0	0.0	0.0	0.0	0.0	0.0	0.0	0.0	0.0	0.0	0.0	0.0	6	186	2711	6002	5431	1557	1208	1021	877	582	256	180	250	292	626	1057	1754	1109	684	230	89	15	9	2	4	1	0.0	0.0	0.0	0.0	0.0	0.0	0.0
	
