

	Week starting on...	1/1	1/8	1/15	1/22	2/1	2/8	2/15	2/22	3/1	3/8	3/15	3/22	4/1	4/8	4/15	4/22	5/1	5/8	5/15	5/22	6/1	6/8	6/15	6/22	7/1	7/8	7/15	7/22	8/1	8/8	8/15	8/22	9/1	9/8	9/15	9/22	10/1	10/8	10/15	10/22	11/1	11/8	11/15	11/22	12/1	12/8	12/15	12/22
Frequency (%)
	Ross's Goose	0.18788238883625327	0.09231266298954559	0.14241325737959606	0.1330721176948952	0.1772383049573017	0.1297895152643756	0.05823726390745569	0.2530448149461984	0.19129379928148182	0.21588342295160612	0.3387265323772116	0.3195739014647137	0.18915723695321734	0.13851386892029316	0.10795187435794751	0.047736894338153084	0.00843007852015993	0.0032862666914962374	0.004847074790364015	0.005821399464431249	0.0	0.0019334132477475735	0.01011020119300374	0.0	0.0	0.0032069783849656853	0.007640294915383733	0.0	0.0	0.0	0.007015574575557738	0.0	0.008662008431021538	0.020454678277131672	0.07533174943501188	0.11938379594554263	0.09630363971108909	0.21345582275060795	0.30783527908462566	0.16707554352423654	0.2255067108623594	0.3672189879086431	0.40095712345599177	0.3066025268277211	0.32281421589332043	0.18008658008658007	0.0611489895129483	0.10053138015223323
	Total # checklists submitted - (Ross's Goose)	62273	43331	38620	54106	37238	53163	75553	42285	42866	50027	55502	78855	59210	57034	57433	79603	83036	91289	82524	85890	53335	51722	49455	56820	41250	31182	26177	36645	27806	27015	28508	43847	34634	34222	34514	43557	35305	37010	34434	47284	36806	33495	30926	37834	33146	28875	32707	48741
	
Abundance
	Ross's Goose	0.002778090022963403	0.0011769864531167064	0.002615225271879855	0.003955199053709385	0.008351683763897094	0.0023324492598235614	0.0017735894008179688	0.00515549249142722	0.004035832594597117	0.003578067843364583	0.004540376923354113	0.004476570921311268	0.0024320216179699373	0.0017007399095276502	0.0013581042257935333	6.281170307651722E-4	9.63437545161135E-5	4.381688921994983E-5	4.847074790364015E-5	5.821399464431249E-5	0.0	1.5467305981980588E-4	3.437468405621272E-4	0.0	0.0	6.413956769931371E-5	1.1460442373075601E-4	0.0	0.0	0.0	7.015574575557738E-5	0.0	8.662008431021539E-5	4.3831453450996437E-4	8.112649939155125E-4	0.001400463760130404	0.0018694235943917292	0.004971629289381248	0.005401637916013243	0.003024278825818459	0.0031788295386621745	0.005075384385729213	0.004850287783741835	0.005999894274990749	0.0052193326494901346	0.0028051948051948054	0.0010395328217201211	0.002933874971789664
	Total # checklists submitted - (Ross's Goose)	62273	43331	38620	54106	37238	53163	75553	42285	42866	50027	55502	78855	59210	57034	57433	79603	83036	91289	82524	85890	53335	51722	49455	56820	41250	31182	26177	36645	27806	27015	28508	43847	34634	34222	34514	43557	35305	37010	34434	47284	36806	33495	30926	37834	33146	28875	32707	48741
	
Birds Per Party Hour
	Ross's Goose	3.5377257386812695	6.708249310457182	7.323197554864884	9.712262684035444	14.295217636945525	5.253679430430891	7.089490303588009	6.4419773561589	5.2445899389519255	3.6113011987170602	3.3712330784591895	3.777198141913345	2.6804601680285045	3.8651763031985436	2.3248114381397516	3.867192706249848	0.794610699104582	1.6091151031270792	1.2844693187965537	3.607243344636029	0.0	0.4444444444444444	40.963855421686745	0.0	0.0	0.0	0.0	0.0	0.0	0.0	0.08333333333333333	0.0	4.057730923694779	7.276524785360306	7.665944390810967	3.14013774990645	6.735770800032529	6.888570360360709	5.041888342812487	4.304955583147646	2.7194759080468964	3.8758318136005396	3.014925742755389	7.317329651992109	4.734972304685161	3.069956068162157	5.10765172469637	6.669729314717338
	# checklists reporting species - (Ross's Goose)	131	47	60	87	81	77	57	118	102	136	222	288	134	94	78	42	10	6	4	5	5	2	5	0.0	0.0	0	1	0.0	0.0	0.0	2	0.0	3	7	32	70	46	115	137	108	99	147	150	140	123	63	23	68
	
High Count
	Ross's Goose	4	2	3	9	13	14	8	13	15	44	5	9	4	4	5	3	2	2	1	6	3	8	6	0.0	0.0	2	2	0.0	0.0	0.0	1	0.0	1	5	2	5	7	7	7	6	6	5	3	7	4	4	3	20
	# checklists reporting species - (Ross's Goose)	140	54	67	98	94	86	67	128	117	172	270	324	180	125	92	46	13	6	4	8	5	2	5	0.0	0.0	1	3	0.0	0.0	0.0	2	0.0	4	10	35	84	54	127	153	145	138	189	210	209	163	98	42	81
	
Totals
	Ross's Goose	212	73	120	258	397	150	183	272	261	478	339	444	212	151	115	59	15	7	4	15	8	9	17	0.0	0.0	2	5	0.0	0.0	0.0	2	0.0	4	19	38	99	86	261	250	235	180	261	254	360	252	144	67	226
	# checklists reporting species - (Ross's Goose)	140	54	67	98	92	85	67	128	117	171	265	322	178	121	90	45	13	6	4	8	5	2	5	0.0	0.0	1	3	0.0	0.0	0.0	2	0.0	4	10	34	83	53	125	152	144	137	189	209	207	162	98	42	80
	
Average Count
	Ross's Goose	1.5142857142857142	1.3518518518518519	1.791044776119403	2.63265306122449	4.315217391304348	1.7647058823529411	2.7313432835820897	2.125	2.230769230769231	2.7953216374269005	1.2792452830188679	1.3788819875776397	1.1910112359550562	1.2479338842975207	1.2777777777777777	1.3111111111111111	1.1538461538461537	1.1666666666666667	1.0	1.875	1.6	4.5	3.4	0.0	0.0	2.0	1.6666666666666667	0.0	0.0	0.0	1.0	0.0	1.0	1.9	1.1176470588235294	1.1927710843373494	1.6226415094339623	2.088	1.644736842105263	1.6319444444444444	1.313868613138686	1.380952380952381	1.215311004784689	1.7391304347826086	1.5555555555555556	1.469387755102041	1.5952380952380953	2.825
	# checklists reporting species - (Ross's Goose)	140	54	67	98	92	85	67	128	117	171	265	322	178	121	90	45	13	6	4	8	5	2	5	0.0	0.0	1	3	0.0	0.0	0.0	2	0.0	4	10	34	83	53	125	152	144	137	189	209	207	162	98	42	80
	
