

	Week starting on...	1/1	1/8	1/15	1/22	2/1	2/8	2/15	2/22	3/1	3/8	3/15	3/22	4/1	4/8	4/15	4/22	5/1	5/8	5/15	5/22	6/1	6/8	6/15	6/22	7/1	7/8	7/15	7/22	8/1	8/8	8/15	8/22	9/1	9/8	9/15	9/22	10/1	10/8	10/15	10/22	11/1	11/8	11/15	11/22	12/1	12/8	12/15	12/22
Frequency (%)
	Red-necked Grebe	3.0068123091378904	0.7730364873222016	0.6380716058135413	0.5547150781643975	0.5139500734214391	0.22402688322598713	0.5130153904617138	2.8995756718528995	5.452836101535569	10.853589598643302	13.056603773584904	18.18351361432301	20.925215723873443	19.57831325301205	18.021201413427562	15.503497641125751	12.48287410564774	9.050044950554389	9.923542529467984	16.698456736604818	6.853582554517133	5.520361990950226	6.016177957532862	5.130326851468763	5.943450663589152	5.719794344473008	5.27369826435247	5.951265229615745	8.045977011494253	4.926108374384237	6.7918277194919945	6.986743102830527	8.683360258481422	8.690280065897857	7.9397394136807815	7.209302325581396	7.849829351535837	8.832448824867324	10.241657077100115	13.52890914269439	13.465346534653467	13.810641627543035	11.40997830802603	10.021474588403724	7.784986098239111	5.88768115942029	2.811881188118812	4.2408821034775235
	Total # checklists submitted - (Red-necked Grebe)	4257	3234	2821	3966	2724	3571	5263	2828	3191	3538	3975	5362	4172	3984	4245	6147	6569	6674	6278	5767	2568	2210	1978	2417	1733	1556	1498	2134	1566	1624	1811	2791	2476	2428	2456	3010	2637	2638	2607	3511	2525	2556	2305	2794	2158	2208	2525	3537
	
Abundance
	Red-necked Grebe	0.04580690627202255	0.008039579468150896	0.007444168734491315	0.009077155824508321	0.008443465491923641	0.002520302436292355	0.008170245107353221	0.13224893917963224	0.43967408335944846	0.9765404183154325	1.3366037735849057	5.087467362924282	12.12104506232023	14.772088353413654	13.081743227326266	5.799902391410444	2.1462931953113107	0.8738387773449205	0.756928958266964	1.4667938269464194	0.5677570093457944	0.49321266968325794	0.5955510616784631	0.6615639222176252	0.7028274668205424	0.4929305912596401	0.6488651535380507	0.6265229615745079	0.9974457215836526	0.666871921182266	0.695196024295969	0.7097814403439627	0.848546042003231	0.971169686985173	0.7793159609120521	0.7461794019933555	0.7478194918467956	1.067475360121304	1.0713463751438435	1.3685559669609797	1.3005940594059406	1.109546165884194	0.909761388286334	0.43915533285612024	0.3192771084337349	0.1598731884057971	0.0598019801980198	0.09556121006502685
	Total # checklists submitted - (Red-necked Grebe)	4257	3234	2821	3966	2724	3571	5263	2828	3191	3538	3975	5362	4172	3984	4245	6147	6569	6674	6278	5767	2568	2210	1978	2417	1733	1556	1498	2134	1566	1624	1811	2791	2476	2428	2456	3010	2637	2638	2607	3511	2525	2556	2305	2794	2158	2208	2525	3537
	
Birds Per Party Hour
	Red-necked Grebe	2.1552875177063324	0.8141157276304627	0.8254942846152623	2.0223151613787733	1.5163007453435613	0.8415126363027482	3.477505327131036	3.658647020170367	11.050639817638046	6.884795419720049	7.8138813624144134	22.47916957099861	41.93466705700447	52.902842576833905	55.01043987615922	33.09234148521169	10.44612598242178	5.091229096978006	4.010773374134037	5.845090979827854	7.1872661102075845	9.24367553461407	8.666375177793604	11.407364512525534	11.290603348822087	8.847870638402199	11.552494028634841	17.981873002069726	12.285095176784933	17.653365938202167	8.754417264322482	9.337348753467234	7.035146719665667	8.865781404554866	6.997185573000224	6.671299190839764	8.013315283173746	7.810055258069763	6.9172916423174975	6.444688832465623	7.640899995674754	6.170657980564512	5.01132781370272	3.6803243253131352	3.1399524535734242	2.044370557018063	1.452274193016299	1.8409702270863477
	# checklists reporting species - (Red-necked Grebe)	134	25	18	21	14	9	27	83	171	393	513	945	823	739	719	902	782	577	597	927	176	118	117	122	102	80	77	120	121	81	116	187	204	212	198	214	200	226	273	468	329	352	264	282	169	128	75	155
	
High Count
	Red-necked Grebe	5	2	3	11	4	2	8	30	325	728	250	1000	2000	1800	5000	960	500	80	82	50	40	36	53	51	56	32	50	44	52	100	69	63	60	52	49	44	46	58	80	100	50	50	40	20	18	14	16	12
	# checklists reporting species - (Red-necked Grebe)	144	28	18	24	18	14	33	89	189	429	563	1051	943	844	827	1014	867	632	668	1054	200	137	139	141	119	98	95	142	138	94	138	216	228	237	222	236	222	242	293	510	360	375	292	307	178	140	81	164
	
Totals
	Red-necked Grebe	217	29	21	39	28	15	60	392	1432	3577	5549	29696	54029	61334	60409	38249	14340	6023	4961	9048	1622	1182	1239	1669	1265	768	1051	1383	1593	1126	1313	2097	2193	2500	2092	2351	2027	2903	2937	5104	3402	2952	2189	1311	718	364	164	363
	# checklists reporting species - (Red-necked Grebe)	138	28	18	23	18	14	33	89	183	412	530	982	857	768	744	924	793	579	601	946	177	119	121	129	105	81	79	125	123	83	117	188	207	216	201	217	203	226	278	478	334	356	274	287	174	132	79	158
	
Average Count
	Red-necked Grebe	1.5724637681159421	1.0357142857142858	1.1666666666666667	1.6956521739130435	1.5555555555555556	1.0714285714285714	1.8181818181818181	4.404494382022472	7.825136612021858	8.682038834951456	10.469811320754717	30.24032586558045	63.04434072345391	79.86197916666667	81.19489247311827	41.39502164502164	18.083228247162673	10.402417962003454	8.254575707154743	9.56448202959831	9.163841807909604	9.932773109243698	10.239669421487603	12.937984496124031	12.047619047619047	9.481481481481481	13.30379746835443	11.064	12.951219512195122	13.566265060240964	11.222222222222221	11.154255319148936	10.594202898550725	11.574074074074074	10.407960199004975	10.834101382488479	9.985221674876847	12.845132743362832	10.56474820143885	10.677824267782427	10.18562874251497	8.292134831460674	7.989051094890511	4.56794425087108	4.126436781609195	2.757575757575758	2.0759493670886076	2.2974683544303796
	# checklists reporting species - (Red-necked Grebe)	138	28	18	23	18	14	33	89	183	412	530	982	857	768	744	924	793	579	601	946	177	119	121	129	105	81	79	125	123	83	117	188	207	216	201	217	203	226	278	478	334	356	274	287	174	132	79	158
	
