

	Week starting on...	1/1	1/8	1/15	1/22	2/1	2/8	2/15	2/22	3/1	3/8	3/15	3/22	4/1	4/8	4/15	4/22	5/1	5/8	5/15	5/22	6/1	6/8	6/15	6/22	7/1	7/8	7/15	7/22	8/1	8/8	8/15	8/22	9/1	9/8	9/15	9/22	10/1	10/8	10/15	10/22	11/1	11/8	11/15	11/22	12/1	12/8	12/15	12/22
Frequency (%)
	Tree Swallow	0.0	0.0	0.0	0.0	0.0	0.0	0.0	0.0	0.0	0.05652911249293386	1.0566037735849056	5.296531145095114	18.360498561840842	27.20883534136546	32.603062426383985	37.595575077273466	39.53417567361851	36.93437219059035	39.02516725071679	42.95127449280388	31.308411214953267	30.58823529411765	29.726996966632964	23.458833264377326	23.36987882285055	24.357326478149098	22.429906542056074	19.962511715089036	19.157088122605366	15.39408866995074	14.853672004417447	8.993192404156217	4.725363489499192	1.1943986820428336	0.20358306188925082	0.23255813953488372	0.11376564277588168	0.0758150113722517	0.07671653241273495	0.0854457419538593	0.07920792079207921	0.03912363067292645	0.04338394793926247	0.0	0.0	0.0	0.0	0.0
	Total # checklists submitted - (Tree Swallow)	4257	3234	2821	3966	2724	3571	5263	2828	3191	3538	3975	5362	4172	3984	4245	6147	6569	6674	6278	5767	2568	2210	1978	2417	1733	1556	1498	2134	1566	1624	1811	2791	2476	2428	2456	3010	2637	2638	2607	3511	2525	2556	2305	2794	2158	2208	2525	3537
	
Abundance
	Tree Swallow	0.0	0.0	0.0	0.0	0.0	0.0	0.0	0.0	0.0	5.652911249293386E-4	0.016855345911949687	0.3584483401715778	2.346116970278044	4.637299196787149	6.085512367491166	7.703920611680495	6.327142639671183	5.1979322744980525	4.483274928321121	4.298768857291486	2.5210280373831777	2.5063348416289593	2.353387259858443	2.213074058750517	3.1702250432775534	2.3817480719794344	2.672229639519359	2.415651358950328	2.0242656449553	1.395320197044335	0.9199337382661513	0.5094948047294876	0.24192245557350567	0.04612850082372323	0.004071661237785016	0.0049833887043189366	0.007963594994311717	7.58150113722517E-4	7.671653241273494E-4	8.54457419538593E-4	7.920792079207921E-4	3.912363067292645E-4	4.338394793926247E-4	0.0	0.0	0.0	0.0	0.0
	Total # checklists submitted - (Tree Swallow)	4257	3234	2821	3966	2724	3571	5263	2828	3191	3538	3975	5362	4172	3984	4245	6147	6569	6674	6278	5767	2568	2210	1978	2417	1733	1556	1498	2134	1566	1624	1811	2791	2476	2428	2456	3010	2637	2638	2607	3511	2525	2556	2305	2794	2158	2208	2525	3537
	
Birds Per Party Hour
	Tree Swallow	0.0	0.0	0.0	0.0	0.0	0.0	0.0	0.0	0.0	1.6123978201634876	0.6926585717556798	7.206703992284427	9.224152728520874	12.13071276994391	13.296885662409599	16.93858314768685	10.877689001779546	11.287876351267437	7.66164650554352	6.778688410790832	8.14316710191562	9.733624215780491	11.77506253044127	11.626756430106756	12.103293135510407	10.059178476841257	9.052360751547779	9.789482238575127	11.253829327025642	7.354229131900687	4.597645111119541	4.020296940944376	4.131897078393129	1.2561281027302518	0.8460590965582304	0.8463907877104192	3.2100294945613106	1.1666666666666667	7.638125163655407	0.4537699910762545	0.2847862036380817	0.6666666666666666	0.7057163020465773	0.0	0.0	0.0	0.0	0.0
	# checklists reporting species - (Tree Swallow)	0.0	0.0	0.0	0.0	0.0	0.0	0.0	0.0	0.0	2	41	283	734	1034	1274	2105	2304	2223	2189	2219	732	624	539	523	365	339	315	381	273	234	244	223	114	28	5	7	3	2	2	3	2	1	1	0.0	0.0	0.0	0.0	0.0
	
High Count
	Tree Swallow	0.0	0.0	0.0	0.0	0.0	0.0	0.0	0.0	0.0	1	5	100	200	300	300	950	230	400	200	200	86	75	100	260	300	200	200	243	200	150	170	100	40	16	4	4	15	1	1	2	1	1	1	0.0	0.0	0.0	0.0	0.0
	# checklists reporting species - (Tree Swallow)	0.0	0.0	0.0	0.0	0.0	0.0	0.0	0.0	0.0	2	45	306	824	1157	1473	2460	2728	2598	2592	2644	864	749	651	618	437	400	365	455	316	274	291	263	125	31	6	7	3	2	2	4	2	1	1	0.0	0.0	0.0	0.0	0.0
	
Totals
	Tree Swallow	0.0	0.0	0.0	0.0	0.0	0.0	0.0	0.0	0.0	2	74	2069	10258	19162	26836	48737	42726	36094	28960	25718	6723	5742	4793	5494	5681	3730	4124	5357	3216	2316	1737	1443	628	112	10	15	21	2	2	5	2	1	1	0.0	0.0	0.0	0.0	0.0
	# checklists reporting species - (Tree Swallow)	0.0	0.0	0.0	0.0	0.0	0.0	0.0	0.0	0.0	2	42	292	764	1058	1299	2140	2344	2244	2212	2262	749	672	575	546	377	345	316	386	275	239	246	228	117	28	5	7	3	2	2	4	2	1	1	0.0	0.0	0.0	0.0	0.0
	
Average Count
	Tree Swallow	0.0	0.0	0.0	0.0	0.0	0.0	0.0	0.0	0.0	1.0	1.7619047619047619	7.085616438356165	13.426701570680628	18.111531190926275	20.658968437259432	22.77429906542056	18.227815699658702	16.084670231729056	13.092224231464737	11.369584438549955	8.975967957276369	8.544642857142858	8.335652173913044	10.062271062271062	15.068965517241379	10.81159420289855	13.050632911392405	13.878238341968911	11.694545454545455	9.690376569037657	7.060975609756097	6.328947368421052	5.367521367521367	4.0	2.0	2.142857142857143	7.0	1.0	1.0	1.25	1.0	1.0	1.0	0.0	0.0	0.0	0.0	0.0
	# checklists reporting species - (Tree Swallow)	0.0	0.0	0.0	0.0	0.0	0.0	0.0	0.0	0.0	2	42	292	764	1058	1299	2140	2344	2244	2212	2262	749	672	575	546	377	345	316	386	275	239	246	228	117	28	5	7	3	2	2	4	2	1	1	0.0	0.0	0.0	0.0	0.0
	
