

	Week starting on...	1/1	1/8	1/15	1/22	2/1	2/8	2/15	2/22	3/1	3/8	3/15	3/22	4/1	4/8	4/15	4/22	5/1	5/8	5/15	5/22	6/1	6/8	6/15	6/22	7/1	7/8	7/15	7/22	8/1	8/8	8/15	8/22	9/1	9/8	9/15	9/22	10/1	10/8	10/15	10/22	11/1	11/8	11/15	11/22	12/1	12/8	12/15	12/22
Frequency (%)
	Philadelphia Vireo	0.0	0.0	0.0	0.0	0.0	0.0	0.0	0.0	0.0	0.0	0.0	0.0	0.0	0.0	0.0	0.01626809825931349	0.015223017202009437	1.66317051243632	7.056387384517363	6.641234610716143	0.3894080996884735	0.0	0.0	0.0	0.0	0.0	0.0	0.046860356138706656	0.0	0.24630541871921183	0.5521811154058531	2.149767108563239	6.825525040387722	8.690280065897857	6.718241042345277	4.086378737541528	1.5547971179370497	0.4169825625473844	0.1534330648254699	0.02848191398461977	0.039603960396039604	0.0	0.1301518438177874	0.0	0.0	0.0	0.0	0.0
	Total # checklists submitted - (Philadelphia Vireo)	4257	3234	2821	3966	2724	3571	5263	2828	3191	3538	3975	5362	4172	3984	4245	6147	6569	6674	6278	5767	2568	2210	1978	2417	1733	1556	1498	2134	1566	1624	1811	2791	2476	2428	2456	3010	2637	2638	2607	3511	2525	2556	2305	2794	2158	2208	2525	3537
	
Abundance
	Philadelphia Vireo	0.0	0.0	0.0	0.0	0.0	0.0	0.0	0.0	0.0	0.0	0.0	0.0	0.0	0.0	0.0	1.6268098259313488E-4	1.5223017202009437E-4	0.019778243931675158	0.09318254221089518	0.10005202011444425	0.003894080996884735	0.0	0.0	0.0	0.0	0.0	0.0	4.6860356138706655E-4	0.0	0.0024630541871921183	0.005521811154058531	0.024722321748477247	0.09894991922455573	0.12808896210873147	0.11197068403908794	0.04916943521594684	0.018581721653394008	0.004169825625473844	0.0015343306482546988	2.848191398461977E-4	3.9603960396039607E-4	0.0	0.0013015184381778742	0.0	0.0	0.0	0.0	0.0
	Total # checklists submitted - (Philadelphia Vireo)	4257	3234	2821	3966	2724	3571	5263	2828	3191	3538	3975	5362	4172	3984	4245	6147	6569	6674	6278	5767	2568	2210	1978	2417	1733	1556	1498	2134	1566	1624	1811	2791	2476	2428	2456	3010	2637	2638	2607	3511	2525	2556	2305	2794	2158	2208	2525	3537
	
Birds Per Party Hour
	Philadelphia Vireo	0.0	0.0	0.0	0.0	0.0	0.0	0.0	0.0	0.0	0.0	0.0	0.0	0.0	0.0	0.0	2.2222222222222223	0.5	0.7173209410245877	0.9069293392894648	0.8932765065414789	1.2520202872059065	0.0	0.0	0.0	0.0	0.0	0.0	0.6666666666666666	0.0	0.47102263008544676	0.41561042864084635	0.4060212370943484	1.4572515939834632	0.6946770805729259	0.7649681481273753	0.6089410189089908	0.8812422980683082	0.6066689898943818	0.5847530445145496	0.5	0.5	0.0	0.2867604741870652	0.0	0.0	0.0	0.0	0.0
	# checklists reporting species - (Philadelphia Vireo)	0.0	0.0	0.0	0.0	0.0	0.0	0.0	0.0	0.0	0.0	0.0	0.0	0.0	0.0	0.0	1	1	112	464	407	12	0.0	0.0	0.0	0.0	0.0	0.0	1	0.0	4	11	63	179	226	175	137	44	11	5	1	1	0.0	4	0.0	0.0	0.0	0.0	0.0
	
High Count
	Philadelphia Vireo	0.0	0.0	0.0	0.0	0.0	0.0	0.0	0.0	0.0	0.0	0.0	0.0	0.0	0.0	0.0	1	1	6	7	20	2	0.0	0.0	0.0	0.0	0.0	0.0	1	0.0	1	1	5	6	12	10	5	3	1	1	1	1	0.0	1	0.0	0.0	0.0	0.0	0.0
	# checklists reporting species - (Philadelphia Vireo)	0.0	0.0	0.0	0.0	0.0	0.0	0.0	0.0	0.0	0.0	0.0	0.0	0.0	0.0	0.0	1	1	120	487	431	13	0.0	0.0	0.0	0.0	0.0	0.0	1	0.0	4	11	66	184	244	192	153	47	11	5	1	1	0.0	4	0.0	0.0	0.0	0.0	0.0
	
Totals
	Philadelphia Vireo	0.0	0.0	0.0	0.0	0.0	0.0	0.0	0.0	0.0	0.0	0.0	0.0	0.0	0.0	0.0	1	1	146	644	647	13	0.0	0.0	0.0	0.0	0.0	0.0	1	0.0	4	11	76	262	359	331	190	56	11	5	1	1	0.0	4	0.0	0.0	0.0	0.0	0.0
	# checklists reporting species - (Philadelphia Vireo)	0.0	0.0	0.0	0.0	0.0	0.0	0.0	0.0	0.0	0.0	0.0	0.0	0.0	0.0	0.0	1	1	116	473	418	12	0.0	0.0	0.0	0.0	0.0	0.0	1	0.0	4	11	65	181	237	188	150	46	11	5	1	1	0.0	4	0.0	0.0	0.0	0.0	0.0
	
Average Count
	Philadelphia Vireo	0.0	0.0	0.0	0.0	0.0	0.0	0.0	0.0	0.0	0.0	0.0	0.0	0.0	0.0	0.0	1.0	1.0	1.2586206896551724	1.3615221987315012	1.5478468899521531	1.0833333333333333	0.0	0.0	0.0	0.0	0.0	0.0	1.0	0.0	1.0	1.0	1.1692307692307693	1.4475138121546962	1.5147679324894514	1.7606382978723405	1.2666666666666666	1.2173913043478262	1.0	1.0	1.0	1.0	0.0	1.0	0.0	0.0	0.0	0.0	0.0
	# checklists reporting species - (Philadelphia Vireo)	0.0	0.0	0.0	0.0	0.0	0.0	0.0	0.0	0.0	0.0	0.0	0.0	0.0	0.0	0.0	1	1	116	473	418	12	0.0	0.0	0.0	0.0	0.0	0.0	1	0.0	4	11	65	181	237	188	150	46	11	5	1	1	0.0	4	0.0	0.0	0.0	0.0	0.0
	
