

	Week starting on...	1/1	1/8	1/15	1/22	2/1	2/8	2/15	2/22	3/1	3/8	3/15	3/22	4/1	4/8	4/15	4/22	5/1	5/8	5/15	5/22	6/1	6/8	6/15	6/22	7/1	7/8	7/15	7/22	8/1	8/8	8/15	8/22	9/1	9/8	9/15	9/22	10/1	10/8	10/15	10/22	11/1	11/8	11/15	11/22	12/1	12/8	12/15	12/22
Frequency (%)
	Iceland Gull	4.2283298097251585	5.967841682127396	4.218362282878412	5.572365103378719	6.130690161527165	4.00448053766452	3.2870986129583892	5.6223479490806225	5.703541209652147	5.765969474279254	3.69811320754717	3.4129056322267806	2.7564717162032597	3.4889558232931726	7.962308598351001	4.180901252643566	2.1312224082813214	1.4833682948756368	0.9557183816502071	0.4335009537020981	0.0	0.0	0.0	0.0	0.0	0.0	0.0	0.0	0.0	0.0	0.0	0.0	0.0	0.0	0.0	0.0	0.0	0.0	0.038358266206367474	0.14240956992309883	0.2772277227722772	0.0782472613458529	0.3470715835140998	0.7516105941302791	1.7608897126969416	2.1286231884057973	2.613861386138614	2.5445292620865136
	Total # checklists submitted - (Iceland Gull)	4257	3234	2821	3966	2724	3571	5263	2828	3191	3538	3975	5362	4172	3984	4245	6147	6569	6674	6278	5767	2568	2210	1978	2417	1733	1556	1498	2134	1566	1624	1811	2791	2476	2428	2456	3010	2637	2638	2607	3511	2525	2556	2305	2794	2158	2208	2525	3537
	
Abundance
	Iceland Gull	0.07282123561193328	0.11317254174397032	0.11166253101736973	0.1280887544125063	0.14684287812041116	0.09409129095491459	0.06384191525745772	0.10077793493635077	0.11626449388906299	0.13199547767100056	0.0739622641509434	0.061171204774337934	0.05968360498561841	0.07379518072289157	0.2287396937573616	0.10509191475516512	0.0567818541634952	0.03551093796823494	0.013061484549219496	0.004855210681463499	0.0	0.0	0.0	0.0	0.0	0.0	0.0	0.0	0.0	0.0	0.0	0.0	0.0	0.0	0.0	0.0	0.0	0.0	3.835826620636747E-4	0.0014240956992309882	0.002772277227722772	7.82472613458529E-4	0.0034707158351409977	0.010021474588403722	0.018999073215940687	0.029891304347826088	0.040792079207920794	0.04353972292903591
	Total # checklists submitted - (Iceland Gull)	4257	3234	2821	3966	2724	3571	5263	2828	3191	3538	3975	5362	4172	3984	4245	6147	6569	6674	6278	5767	2568	2210	1978	2417	1733	1556	1498	2134	1566	1624	1811	2791	2476	2428	2456	3010	2637	2638	2607	3511	2525	2556	2305	2794	2158	2208	2525	3537
	
Birds Per Party Hour
	Iceland Gull	2.535460619746891	2.4424427019691235	4.838091031171778	3.453875400293844	3.07746817433406	2.4956932118822404	2.6739231898628297	1.9030857616634875	2.682983147993988	2.377942828645822	1.5776453097980783	1.4573123917725004	1.6761789360799983	1.090714184870138	2.1894733937994095	1.3697279236950046	3.532526717638569	1.1303608012456452	0.4680667597760857	0.4658000117622977	0.0	0.0	0.0	0.0	0.0	0.0	0.0	0.0	0.0	0.0	0.0	0.0	0.0	0.0	0.0	0.0	0.0	0.0	0.18181818181818182	0.9907456437718467	0.37854929063668746	1.2	0.7747677155079528	1.3197345028947753	0.9531153613974507	1.546768717131507	1.1741822177812227	1.849424978969874
	# checklists reporting species - (Iceland Gull)	188	188	129	224	164	149	183	161	184	209	145	183	111	140	357	273	144	100	65	27	0.0	0.0	0.0	0.0	0.0	0.0	0.0	0.0	0.0	0.0	0.0	0.0	0.0	0.0	0.0	0.0	0.0	0.0	1	5	8	2	9	21	39	50	68	98
	
High Count
	Iceland Gull	12	13	10	11	15	18	12	10	18	16	11	10	13	13	26	24	24	12	5	3	0.0	0.0	0.0	0.0	0.0	0.0	0.0	0.0	0.0	0.0	0.0	0.0	0.0	0.0	0.0	0.0	0.0	0.0	1	1	1	1	1	4	2	5	6	9
	# checklists reporting species - (Iceland Gull)	194	205	139	244	180	170	205	178	199	229	163	213	129	150	368	285	152	104	65	28	0.0	0.0	0.0	0.0	0.0	0.0	0.0	0.0	0.0	0.0	0.0	0.0	0.0	0.0	0.0	0.0	0.0	0.0	1	5	8	2	9	21	41	54	81	104
	
Totals
	Iceland Gull	352	383	362	548	420	378	406	316	395	533	311	370	285	326	1071	723	422	248	87	31	0.0	0.0	0.0	0.0	0.0	0.0	0.0	0.0	0.0	0.0	0.0	0.0	0.0	0.0	0.0	0.0	0.0	0.0	1	5	8	2	9	28	45	73	124	182
	# checklists reporting species - (Iceland Gull)	194	203	136	241	180	168	200	177	199	227	161	213	129	149	367	284	152	104	65	28	0.0	0.0	0.0	0.0	0.0	0.0	0.0	0.0	0.0	0.0	0.0	0.0	0.0	0.0	0.0	0.0	0.0	0.0	1	5	8	2	9	21	40	54	79	103
	
Average Count
	Iceland Gull	1.8144329896907216	1.8866995073891626	2.661764705882353	2.2738589211618256	2.3333333333333335	2.25	2.03	1.7853107344632768	1.984924623115578	2.3480176211453743	1.9316770186335404	1.7370892018779343	2.2093023255813953	2.1879194630872485	2.9182561307901906	2.545774647887324	2.776315789473684	2.3846153846153846	1.3384615384615384	1.1071428571428572	0.0	0.0	0.0	0.0	0.0	0.0	0.0	0.0	0.0	0.0	0.0	0.0	0.0	0.0	0.0	0.0	0.0	0.0	1.0	1.0	1.0	1.0	1.0	1.3333333333333333	1.125	1.3518518518518519	1.5696202531645569	1.766990291262136
	# checklists reporting species - (Iceland Gull)	194	203	136	241	180	168	200	177	199	227	161	213	129	149	367	284	152	104	65	28	0.0	0.0	0.0	0.0	0.0	0.0	0.0	0.0	0.0	0.0	0.0	0.0	0.0	0.0	0.0	0.0	0.0	0.0	1	5	8	2	9	21	40	54	79	103
	
