

	Week starting on...	1/1	1/8	1/15	1/22	2/1	2/8	2/15	2/22	3/1	3/8	3/15	3/22	4/1	4/8	4/15	4/22	5/1	5/8	5/15	5/22	6/1	6/8	6/15	6/22	7/1	7/8	7/15	7/22	8/1	8/8	8/15	8/22	9/1	9/8	9/15	9/22	10/1	10/8	10/15	10/22	11/1	11/8	11/15	11/22	12/1	12/8	12/15	12/22
Frequency (%)
	Pine Warbler	0.07047216349541931	0.030921459492888066	0.0	0.0	0.0	0.0	0.0	0.0	0.0	0.0	0.0	0.0	0.19175455417066153	2.635542168674699	6.996466431095406	10.004880429477794	7.078702998934388	3.341324543002697	2.054794520547945	0.8149817929599444	1.3629283489096573	1.2669683257918551	1.4661274014155714	0.8688456764584195	0.9232544720138488	0.9640102827763496	0.46728971962616817	0.6560449859418931	0.1277139208173691	0.3694581280788177	0.8282716731087797	1.5048369759942675	3.109854604200323	3.8714991762767705	3.053745928338762	2.292358803986711	2.123625331816458	0.6065200909780136	0.6520905255082471	0.11392765593847907	0.039603960396039604	0.11737089201877934	0.0	0.0	0.0	0.0	0.0	0.0
	Total # checklists submitted - (Pine Warbler)	4257	3234	2821	3966	2724	3571	5263	2828	3191	3538	3975	5362	4172	3984	4245	6147	6569	6674	6278	5767	2568	2210	1978	2417	1733	1556	1498	2134	1566	1624	1811	2791	2476	2428	2456	3010	2637	2638	2607	3511	2525	2556	2305	2794	2158	2208	2525	3537
	
Abundance
	Pine Warbler	7.047216349541931E-4	3.0921459492888067E-4	0.0	0.0	0.0	0.0	0.0	0.0	0.0	0.0	0.0	0.0	0.003835091083413231	0.034889558232931724	0.11849234393404005	0.16349438750610054	0.1001674531892221	0.041654180401558286	0.02548582351067219	0.011097624414773712	0.018302180685358254	0.01583710407239819	0.017189079878665317	0.012412081092263137	0.012117714945181766	0.010282776349614395	0.004672897196261682	0.010309278350515464	0.001277139208173691	0.008004926108374385	0.009939260077305357	0.018631314940881404	0.03715670436187399	0.05024711696869852	0.04030944625407166	0.029235880398671095	0.03223359878649981	0.00796057619408643	0.006904487917146145	0.0011392765593847907	3.9603960396039607E-4	0.0011737089201877935	0.0	0.0	0.0	0.0	0.0	0.0
	Total # checklists submitted - (Pine Warbler)	4257	3234	2821	3966	2724	3571	5263	2828	3191	3538	3975	5362	4172	3984	4245	6147	6569	6674	6278	5767	2568	2210	1978	2417	1733	1556	1498	2134	1566	1624	1811	2791	2476	2428	2456	3010	2637	2638	2607	3511	2525	2556	2305	2794	2158	2208	2525	3537
	
Birds Per Party Hour
	Pine Warbler	1.0491172184320148	1.5882352941176472	0.0	0.0	0.0	0.0	0.0	0.0	0.0	0.0	0.0	0.0	1.9348958844553612	1.3675489008049984	1.284480913102276	0.9231582418228522	0.908852144699825	0.938773131201877	0.7321938705092269	1.0135671572338099	1.6799913589544473	1.6860257637313452	3.897927858885674	2.075162022082359	0.9190643611582738	0.5667499741940142	1.1473126002852438	1.9020156892134445	0.22092276646486883	3.7312147619695195	2.0994778675289845	1.0617988603880553	0.7563468192647654	1.116774079067352	0.7759915555595865	0.9000704036781673	0.7887877968775886	0.7247544314301927	1.4702846461184575	0.6311709506323949	0.5	0.6768994119247926	0.0	0.0	0.0	0.0	0.0	0.0
	# checklists reporting species - (Pine Warbler)	4	2	0.0	0.0	0.0	0.0	0.0	0.0	0.0	0.0	0	0.0	12	118	303	638	488	234	147	58	36	29	32	22	17	16	8	14	4	6	15	43	75	103	77	69	58	18	17	5	1	3	0.0	0.0	0.0	0.0	0.0	0.0
	
High Count
	Pine Warbler	1	1	0.0	0.0	0.0	0.0	0.0	0.0	0.0	0.0	1	0.0	6	11	10	9	6	5	7	5	9	2	3	4	3	2	1	4	1	7	2	3	4	5	5	3	5	3	3	1	1	1	0.0	0.0	0.0	0.0	0.0	0.0
	# checklists reporting species - (Pine Warbler)	4	2	0.0	0.0	0.0	0.0	0.0	0.0	0.0	0.0	1	0.0	15	123	321	677	515	242	150	63	47	42	49	49	32	17	9	15	4	6	17	46	79	110	83	72	61	18	19	5	1	3	0.0	0.0	0.0	0.0	0.0	0.0
	
Totals
	Pine Warbler	4	2	0.0	0.0	0.0	0.0	0.0	0.0	0.0	0.0	1	0.0	23	159	529	1086	713	295	182	84	58	49	55	59	38	18	9	26	4	13	20	55	94	136	106	91	92	23	20	5	1	3	0.0	0.0	0.0	0.0	0.0	0.0
	# checklists reporting species - (Pine Warbler)	4	2	0.0	0.0	0.0	0.0	0.0	0.0	0.0	0.0	1	0.0	15	121	314	658	499	239	148	63	45	42	48	49	32	17	9	15	4	6	16	45	75	104	80	70	61	18	18	5	1	3	0.0	0.0	0.0	0.0	0.0	0.0
	
Average Count
	Pine Warbler	1.0	1.0	0.0	0.0	0.0	0.0	0.0	0.0	0.0	0.0	1.0	0.0	1.5333333333333334	1.3140495867768596	1.6847133757961783	1.6504559270516717	1.4288577154308617	1.2343096234309623	1.2297297297297298	1.3333333333333333	1.288888888888889	1.1666666666666667	1.1458333333333333	1.2040816326530612	1.1875	1.0588235294117647	1.0	1.7333333333333334	1.0	2.1666666666666665	1.25	1.2222222222222223	1.2533333333333334	1.3076923076923077	1.325	1.3	1.5081967213114753	1.2777777777777777	1.1111111111111112	1.0	1.0	1.0	0.0	0.0	0.0	0.0	0.0	0.0
	# checklists reporting species - (Pine Warbler)	4	2	0.0	0.0	0.0	0.0	0.0	0.0	0.0	0.0	1	0.0	15	121	314	658	499	239	148	63	45	42	48	49	32	17	9	15	4	6	16	45	75	104	80	70	61	18	18	5	1	3	0.0	0.0	0.0	0.0	0.0	0.0
	
