

	Week starting on...	1/1	1/8	1/15	1/22	2/1	2/8	2/15	2/22	3/1	3/8	3/15	3/22	4/1	4/8	4/15	4/22	5/1	5/8	5/15	5/22	6/1	6/8	6/15	6/22	7/1	7/8	7/15	7/22	8/1	8/8	8/15	8/22	9/1	9/8	9/15	9/22	10/1	10/8	10/15	10/22	11/1	11/8	11/15	11/22	12/1	12/8	12/15	12/22
Frequency (%)
	Indigo Bunting	0.0	0.0	0.0	0.0	0.0	0.0	0.0	0.0	0.0	0.0	0.0	0.0	0.0	0.0	0.0	0.0	0.7763738773024813	4.360203775846569	10.576616756928958	10.178602392925265	9.384735202492212	8.325791855203619	8.13953488372093	6.826644600744725	8.540103866128101	7.712082262210797	7.2763684913217626	6.888472352389878	5.108556832694764	3.4482758620689653	3.0369961347321923	1.6123253314224293	1.0904684975767367	1.112026359143328	1.0993485342019544	0.9302325581395349	0.4929844520288207	0.265352539802881	0.07671653241273495	0.05696382796923954	0.0	0.0	0.0	0.0	0.0	0.0	0.039603960396039604	0.0
	Total # checklists submitted - (Indigo Bunting)	4257	3234	2821	3966	2724	3571	5263	2828	3191	3538	3975	5362	4172	3984	4245	6147	6569	6674	6278	5767	2568	2210	1978	2417	1733	1556	1498	2134	1566	1624	1811	2791	2476	2428	2456	3010	2637	2638	2607	3511	2525	2556	2305	2794	2158	2208	2525	3537
	
Abundance
	Indigo Bunting	0.0	0.0	0.0	0.0	0.0	0.0	0.0	0.0	0.0	0.0	0.0	0.0	0.0	0.0	0.0	0.0	0.008372659461105192	0.06248127060233743	0.21201019432940427	0.22143228715103172	0.20833333333333334	0.16380090497737557	0.1390293225480283	0.11956971452213488	0.1477207155222158	0.14074550128534705	0.1295060080106809	0.11996251171508904	0.07854406130268199	0.06711822660098522	0.05135284373274434	0.03081332855607309	0.018578352180936994	0.02512355848434926	0.01750814332247557	0.012956810631229236	0.00720515737580584	0.004169825625473844	7.671653241273494E-4	5.696382796923954E-4	0.0	0.0	0.0	0.0	0.0	0.0	3.9603960396039607E-4	0.0
	Total # checklists submitted - (Indigo Bunting)	4257	3234	2821	3966	2724	3571	5263	2828	3191	3538	3975	5362	4172	3984	4245	6147	6569	6674	6278	5767	2568	2210	1978	2417	1733	1556	1498	2134	1566	1624	1811	2791	2476	2428	2456	3010	2637	2638	2607	3511	2525	2556	2305	2794	2158	2208	2525	3537
	
Birds Per Party Hour
	Indigo Bunting	0.0	0.0	0.0	0.0	0.0	0.0	0.0	0.0	0.0	0.0	0.0	0.0	0.0	0.0	0.0	0.0	0.5197932844542973	1.4468898647761639	1.2751028162096045	1.6640550849481759	2.0559235783713223	1.5643985311928672	1.7875779248760204	1.6812544973463117	1.9880668582311982	2.652952780638548	1.4279345339115372	1.2804125344349977	2.178402374757593	1.5375808487717797	2.1434489538058585	1.6953047555187002	1.0019928054849556	1.394082551494342	1.3084768470252242	0.835873389805257	0.4403608150929688	1.3180146261218237	0.1388888888888889	0.5428571428571428	0.0	0.0	0.0	0.0	0.0	0.0	0.2	0.0
	# checklists reporting species - (Indigo Bunting)	0.0	0.0	0.0	0.0	0.0	0.0	0.0	0.0	0.0	0.0	0.0	0.0	0.0	0.0	0.0	0.0	51	307	705	616	261	194	165	168	154	123	111	148	80	60	55	46	30	30	30	31	14	9	2	2	0.0	0.0	0.0	0.0	0.0	0.0	1	0.0
	
High Count
	Indigo Bunting	0.0	0.0	0.0	0.0	0.0	0.0	0.0	0.0	0.0	0.0	0.0	0.0	0.0	0.0	0.0	0.0	3	6	15	16	10	9	9	8	8	13	12	9	6	12	6	5	5	9	5	4	7	3	1	1	0.0	0.0	0.0	0.0	0.0	0.0	1	0.0
	# checklists reporting species - (Indigo Bunting)	0.0	0.0	0.0	0.0	0.0	0.0	0.0	0.0	0.0	0.0	0.0	0.0	0.0	0.0	0.0	0.0	58	341	752	673	306	233	210	276	230	146	120	155	87	60	58	48	30	32	32	32	15	9	3	2	0.0	0.0	0.0	0.0	0.0	0.0	1	0.0
	
Totals
	Indigo Bunting	0.0	0.0	0.0	0.0	0.0	0.0	0.0	0.0	0.0	0.0	0.0	0.0	0.0	0.0	0.0	0.0	61	476	1432	1380	608	420	324	403	344	245	210	272	134	116	97	91	50	66	46	42	21	13	3	2	0.0	0.0	0.0	0.0	0.0	0.0	1	0.0
	# checklists reporting species - (Indigo Bunting)	0.0	0.0	0.0	0.0	0.0	0.0	0.0	0.0	0.0	0.0	0.0	0.0	0.0	0.0	0.0	0.0	53	330	731	661	301	230	209	274	225	144	116	152	82	60	57	47	30	32	30	31	15	9	3	2	0.0	0.0	0.0	0.0	0.0	0.0	1	0.0
	
Average Count
	Indigo Bunting	0.0	0.0	0.0	0.0	0.0	0.0	0.0	0.0	0.0	0.0	0.0	0.0	0.0	0.0	0.0	0.0	1.150943396226415	1.4424242424242424	1.9589603283173735	2.0877458396369137	2.0199335548172757	1.826086956521739	1.5502392344497609	1.4708029197080292	1.528888888888889	1.7013888888888888	1.8103448275862069	1.7894736842105263	1.6341463414634145	1.9333333333333333	1.7017543859649122	1.9361702127659575	1.6666666666666667	2.0625	1.5333333333333334	1.3548387096774193	1.4	1.4444444444444444	1.0	1.0	0.0	0.0	0.0	0.0	0.0	0.0	1.0	0.0
	# checklists reporting species - (Indigo Bunting)	0.0	0.0	0.0	0.0	0.0	0.0	0.0	0.0	0.0	0.0	0.0	0.0	0.0	0.0	0.0	0.0	53	330	731	661	301	230	209	274	225	144	116	152	82	60	57	47	30	32	30	31	15	9	3	2	0.0	0.0	0.0	0.0	0.0	0.0	1	0.0
	
