

	Week starting on...	1/1	1/8	1/15	1/22	2/1	2/8	2/15	2/22	3/1	3/8	3/15	3/22	4/1	4/8	4/15	4/22	5/1	5/8	5/15	5/22	6/1	6/8	6/15	6/22	7/1	7/8	7/15	7/22	8/1	8/8	8/15	8/22	9/1	9/8	9/15	9/22	10/1	10/8	10/15	10/22	11/1	11/8	11/15	11/22	12/1	12/8	12/15	12/22
Frequency (%)
	Willow Flycatcher	0.0	0.0	0.0	0.0	0.0	0.0	0.0	0.0	0.0	0.0	0.0	0.0	0.0	0.0	0.0	0.0	0.06089206880803775	1.228648486664669	9.206753743230328	20.634645396219874	11.682242990654206	9.004524886877828	7.431749241658241	4.468349193214729	4.15464512406232	4.948586118251928	6.141522029372497	8.66916588566073	7.088122605363985	4.741379310344827	4.527885146327995	3.5471157291293443	3.27140549273021	1.7710049423393739	0.20358306188925082	0.0	0.0	0.0	0.0	0.0	0.0	0.0	0.0	0.0	0.0	0.0	0.0	0.0
	Total # checklists submitted - (Willow Flycatcher)	4257	3234	2821	3966	2724	3571	5263	2828	3191	3538	3975	5362	4172	3984	4245	6147	6569	6674	6278	5767	2568	2210	1978	2417	1733	1556	1498	2134	1566	1624	1811	2791	2476	2428	2456	3010	2637	2638	2607	3511	2525	2556	2305	2794	2158	2208	2525	3537
	
Abundance
	Willow Flycatcher	0.0	0.0	0.0	0.0	0.0	0.0	0.0	0.0	0.0	0.0	0.0	0.0	0.0	0.0	0.0	0.0	7.611508601004719E-4	0.015732694036559785	0.16995858553679516	0.6067279348014566	0.3477414330218069	0.22714932126696832	0.17290192113245703	0.08440215142738933	0.09405654933641085	0.09768637532133675	0.16154873164218958	0.2310215557638238	0.19157088122605365	0.08497536945812807	0.09828823854224185	0.06700107488355428	0.03877221324717286	0.02182866556836903	0.0024429967426710096	0.0	0.0	0.0	0.0	0.0	0.0	0.0	0.0	0.0	0.0	0.0	0.0	0.0
	Total # checklists submitted - (Willow Flycatcher)	4257	3234	2821	3966	2724	3571	5263	2828	3191	3538	3975	5362	4172	3984	4245	6147	6569	6674	6278	5767	2568	2210	1978	2417	1733	1556	1498	2134	1566	1624	1811	2791	2476	2428	2456	3010	2637	2638	2607	3511	2525	2556	2305	2794	2158	2208	2525	3537
	
Birds Per Party Hour
	Willow Flycatcher	0.0	0.0	0.0	0.0	0.0	0.0	0.0	0.0	0.0	0.0	0.0	0.0	0.0	0.0	0.0	0.0	0.8458143816330951	0.682686782914948	0.7995640042337261	1.2533196806417772	1.7781316418019097	1.7338335825640376	2.440079194747641	2.490487610882138	1.0421848987590805	1.268146113014795	1.8877373043083767	1.5706741002183708	1.2786654664085408	0.6575638312379907	0.7634870889096321	0.7569922711579473	0.6302143500055121	0.6325038789746716	0.6055630419674349	0.0	0.0	0.0	0.0	0.0	0.0	0.0	0.0	0.0	0.0	0.0	0.0	0.0
	# checklists reporting species - (Willow Flycatcher)	0.0	0.0	0.0	0.0	0.0	0.0	0.0	0.0	0.0	0.0	0.0	0.0	0.0	0.0	0.0	0.0	4	79	600	1206	303	197	146	105	75	75	88	185	105	79	85	99	82	42	5	0.0	0.0	0.0	0.0	0.0	0.0	0.0	0.0	0.0	0.0	0.0	0.0	0.0
	
High Count
	Willow Flycatcher	0.0	0.0	0.0	0.0	0.0	0.0	0.0	0.0	0.0	0.0	0.0	0.0	0.0	0.0	0.0	0.0	2	6	13	25	29	20	20	20	20	9	14	15	18	8	11	18	4	3	2	0.0	0.0	0.0	0.0	0.0	0.0	0.0	0.0	0.0	0.0	0.0	0.0	0.0
	# checklists reporting species - (Willow Flycatcher)	0.0	0.0	0.0	0.0	0.0	0.0	0.0	0.0	0.0	0.0	0.0	0.0	0.0	0.0	0.0	0.0	4	91	654	1313	346	259	196	167	110	88	93	194	113	81	89	108	86	44	5	0.0	0.0	0.0	0.0	0.0	0.0	0.0	0.0	0.0	0.0	0.0	0.0	0.0
	
Totals
	Willow Flycatcher	0.0	0.0	0.0	0.0	0.0	0.0	0.0	0.0	0.0	0.0	0.0	0.0	0.0	0.0	0.0	0.0	5	112	1174	3705	944	566	392	262	203	163	243	506	302	146	187	196	101	54	6	0.0	0.0	0.0	0.0	0.0	0.0	0.0	0.0	0.0	0.0	0.0	0.0	0.0
	# checklists reporting species - (Willow Flycatcher)	0.0	0.0	0.0	0.0	0.0	0.0	0.0	0.0	0.0	0.0	0.0	0.0	0.0	0.0	0.0	0.0	4	84	627	1244	333	249	193	162	109	86	88	187	106	80	89	105	86	43	5	0.0	0.0	0.0	0.0	0.0	0.0	0.0	0.0	0.0	0.0	0.0	0.0	0.0
	
Average Count
	Willow Flycatcher	0.0	0.0	0.0	0.0	0.0	0.0	0.0	0.0	0.0	0.0	0.0	0.0	0.0	0.0	0.0	0.0	1.25	1.3333333333333333	1.872408293460925	2.9782958199356915	2.834834834834835	2.2730923694779115	2.0310880829015545	1.617283950617284	1.8623853211009174	1.8953488372093024	2.7613636363636362	2.7058823529411766	2.849056603773585	1.825	2.101123595505618	1.8666666666666667	1.1744186046511629	1.255813953488372	1.2	0.0	0.0	0.0	0.0	0.0	0.0	0.0	0.0	0.0	0.0	0.0	0.0	0.0
	# checklists reporting species - (Willow Flycatcher)	0.0	0.0	0.0	0.0	0.0	0.0	0.0	0.0	0.0	0.0	0.0	0.0	0.0	0.0	0.0	0.0	4	84	627	1244	333	249	193	162	109	86	88	187	106	80	89	105	86	43	5	0.0	0.0	0.0	0.0	0.0	0.0	0.0	0.0	0.0	0.0	0.0	0.0	0.0
	
