

	Week starting on...	1/1	1/8	1/15	1/22	2/1	2/8	2/15	2/22	3/1	3/8	3/15	3/22	4/1	4/8	4/15	4/22	5/1	5/8	5/15	5/22	6/1	6/8	6/15	6/22	7/1	7/8	7/15	7/22	8/1	8/8	8/15	8/22	9/1	9/8	9/15	9/22	10/1	10/8	10/15	10/22	11/1	11/8	11/15	11/22	12/1	12/8	12/15	12/22
Frequency (%)
	Golden Eagle	0.0	0.0	0.0	0.0	0.0	0.0	0.0	0.0	0.0	0.0	0.05031446540880503	0.0	0.0	0.0	0.0	0.0	0.0	0.0	0.0	0.0	0.0	0.0	0.0	0.0	0.0	0.0	0.0	0.0	0.0	0.0	0.0	0.0	0.0	0.0	0.16286644951140067	0.0664451827242525	0.3412969283276451	0.18953752843062927	1.3041810510164942	2.221589290800342	1.504950495049505	1.2519561815336464	0.04338394793926247	0.03579098067287043	0.04633920296570899	0.0	0.0	0.05654509471303364
	Total # checklists submitted - (Golden Eagle)	4257	3234	2821	3966	2724	3571	5263	2828	3191	3538	3975	5362	4172	3984	4245	6147	6569	6674	6278	5767	2568	2210	1978	2417	1733	1556	1498	2134	1566	1624	1811	2791	2476	2428	2456	3010	2637	2638	2607	3511	2525	2556	2305	2794	2158	2208	2525	3537
	
Abundance
	Golden Eagle	0.0	0.0	0.0	0.0	0.0	0.0	0.0	0.0	0.0	0.0	5.031446540880503E-4	0.0	0.0	0.0	0.0	0.0	0.0	0.0	0.0	0.0	0.0	0.0	0.0	0.0	0.0	0.0	0.0	0.0	0.0	0.0	0.0	0.0	0.0	0.0	0.0016286644951140066	6.64451827242525E-4	0.0037921880925293893	0.002274450341167551	0.023014959723820484	0.034747935061236114	0.02297029702970297	0.025821596244131457	4.338394793926247E-4	3.5790980672870435E-4	4.633920296570899E-4	0.0	0.0	5.654509471303364E-4
	Total # checklists submitted - (Golden Eagle)	4257	3234	2821	3966	2724	3571	5263	2828	3191	3538	3975	5362	4172	3984	4245	6147	6569	6674	6278	5767	2568	2210	1978	2417	1733	1556	1498	2134	1566	1624	1811	2791	2476	2428	2456	3010	2637	2638	2607	3511	2525	2556	2305	2794	2158	2208	2525	3537
	
Birds Per Party Hour
	Golden Eagle	0.0	0.0	0.0	0.0	0.0	0.0	0.0	0.0	0.0	0.0	0.6190210585834333	0.0	0.0	0.0	0.0	0.0	0.0	0.0	0.0	0.0	0.0	0.0	0.0	0.0	0.0	0.0	0.0	0.0	0.0	0.0	0.0	0.0	0.0	0.0	0.34369223285227823	0.4846253856154846	0.7106914057339565	1.0382447501736842	0.5971684569855721	1.3195383081469139	0.938585497091431	0.8453037019400447	2.3869858597785005	0.890625	0.6666666666666666	0.0	0.0	1.2823741007194245
	# checklists reporting species - (Golden Eagle)	0.0	0.0	0.0	0.0	0.0	0.0	0	0.0	0.0	0.0	2	0.0	0.0	0.0	0.0	0.0	0.0	0.0	0.0	0.0	0.0	0.0	0.0	0.0	0.0	0.0	0.0	0.0	0.0	0.0	0.0	0.0	0.0	0.0	6	3	12	13	52	121	71	49	12	8	1	0.0	0.0	2
	
High Count
	Golden Eagle	0.0	0.0	0.0	0.0	0.0	0.0	1	0.0	0.0	0.0	1	0.0	0.0	0.0	0.0	0.0	0.0	0.0	0.0	0.0	0.0	0.0	0.0	0.0	0.0	0.0	0.0	0.0	0.0	0.0	0.0	0.0	0.0	0.0	1	1	2	3	6	8	5	6	9	2	1	0.0	0.0	1
	# checklists reporting species - (Golden Eagle)	0.0	0.0	0.0	0.0	0.0	0.0	1	0.0	0.0	0.0	4	0.0	0.0	0.0	0.0	0.0	0.0	0.0	0.0	0.0	0.0	0.0	0.0	0.0	0.0	0.0	0.0	0.0	0.0	0.0	0.0	0.0	0.0	0.0	6	3	12	16	54	123	73	50	12	8	1	0.0	0.0	2
	
Totals
	Golden Eagle	0.0	0.0	0.0	0.0	0.0	0.0	1	0.0	0.0	0.0	4	0.0	0.0	0.0	0.0	0.0	0.0	0.0	0.0	0.0	0.0	0.0	0.0	0.0	0.0	0.0	0.0	0.0	0.0	0.0	0.0	0.0	0.0	0.0	6	3	13	22	87	197	109	97	21	9	1	0.0	0.0	2
	# checklists reporting species - (Golden Eagle)	0.0	0.0	0.0	0.0	0.0	0.0	1	0.0	0.0	0.0	4	0.0	0.0	0.0	0.0	0.0	0.0	0.0	0.0	0.0	0.0	0.0	0.0	0.0	0.0	0.0	0.0	0.0	0.0	0.0	0.0	0.0	0.0	0.0	6	3	12	16	53	123	73	50	12	8	1	0.0	0.0	2
	
Average Count
	Golden Eagle	0.0	0.0	0.0	0.0	0.0	0.0	1.0	0.0	0.0	0.0	1.0	0.0	0.0	0.0	0.0	0.0	0.0	0.0	0.0	0.0	0.0	0.0	0.0	0.0	0.0	0.0	0.0	0.0	0.0	0.0	0.0	0.0	0.0	0.0	1.0	1.0	1.0833333333333333	1.375	1.6415094339622642	1.6016260162601625	1.4931506849315068	1.94	1.75	1.125	1.0	0.0	0.0	1.0
	# checklists reporting species - (Golden Eagle)	0.0	0.0	0.0	0.0	0.0	0.0	1	0.0	0.0	0.0	4	0.0	0.0	0.0	0.0	0.0	0.0	0.0	0.0	0.0	0.0	0.0	0.0	0.0	0.0	0.0	0.0	0.0	0.0	0.0	0.0	0.0	0.0	0.0	6	3	12	16	53	123	73	50	12	8	1	0.0	0.0	2
	
