

	Week starting on...	1/1	1/8	1/15	1/22	2/1	2/8	2/15	2/22	3/1	3/8	3/15	3/22	4/1	4/8	4/15	4/22	5/1	5/8	5/15	5/22	6/1	6/8	6/15	6/22	7/1	7/8	7/15	7/22	8/1	8/8	8/15	8/22	9/1	9/8	9/15	9/22	10/1	10/8	10/15	10/22	11/1	11/8	11/15	11/22	12/1	12/8	12/15	12/22
Frequency (%)
	American Pipit	0.3758515386422363	0.6802721088435374	0.8153137185395251	0.2521432173474533	0.07342143906020558	0.02800336040324839	0.07600228006840205	0.1768033946251768	0.06267627702914447	0.14132278123233466	0.05031446540880503	0.01864975755315181	0.023969319271332692	0.0251004016064257	0.023557126030624265	0.09760858955588092	0.5784746536763586	0.3446209169913096	0.6530742274609748	0.12138026703658747	0.03894080996884735	0.0	0.0	0.0	0.0	0.0	0.0	0.0	0.0	0.0	0.0	0.0	0.16155088852988692	0.9472817133443162	3.460912052117264	4.053156146179402	4.436860068259386	4.510993176648976	5.485232067510549	6.294502990600968	7.168316831683168	6.338028169014084	3.644251626898048	3.185397279885469	1.2511584800741427	1.177536231884058	0.6336633663366337	0.31099802092168505
	Total # checklists submitted - (American Pipit)	4257	3234	2821	3966	2724	3571	5263	2828	3191	3538	3975	5362	4172	3984	4245	6147	6569	6674	6278	5767	2568	2210	1978	2417	1733	1556	1498	2134	1566	1624	1811	2791	2476	2428	2456	3010	2637	2638	2607	3511	2525	2556	2305	2794	2158	2208	2525	3537
	
Abundance
	American Pipit	0.004228329809725159	0.007111935683364255	0.009925558312655087	0.0045385779122541605	0.0014684287812041115	2.800336040324839E-4	7.600228006840206E-4	0.005657708628005658	0.0012535255405828893	0.0022611644997173543	5.031446540880503E-4	1.864975755315181E-4	2.3969319271332693E-4	2.51004016064257E-4	2.3557126030624264E-4	0.001138766878151944	0.008220429289085097	0.00973928678453701	0.011787193373685887	0.0017340038148083927	3.894080996884735E-4	0.0	0.0	0.0	0.0	0.0	0.0	0.0	0.0	0.0	0.0	0.0	0.0032310177705977385	0.026771004942339374	0.1478013029315961	0.12890365448504984	0.30337504740235116	0.3017437452615618	0.38434982738780205	0.5371688977499288	1.3207920792079209	1.0363849765258215	0.23731019522776572	0.18647100930565497	0.030583873957367932	0.03351449275362319	0.014257425742574258	0.005089058524173028
	Total # checklists submitted - (American Pipit)	4257	3234	2821	3966	2724	3571	5263	2828	3191	3538	3975	5362	4172	3984	4245	6147	6569	6674	6278	5767	2568	2210	1978	2417	1733	1556	1498	2134	1566	1624	1811	2791	2476	2428	2456	3010	2637	2638	2607	3511	2525	2556	2305	2794	2158	2208	2525	3537
	
Birds Per Party Hour
	American Pipit	0.48997820758402205	0.3126770489736948	0.7447713540982418	0.5652451712883253	0.5491296216371745	0.25	0.2884950477945164	0.9734413030215984	0.6666666666666666	0.42244212250245405	0.14250843245162437	2.7247956403269753	0.37638964694127447	0.17391304347826086	0.6666666666666666	0.491991341991342	0.5448236592244052	0.6858136912152574	0.7523188373456519	0.5735042485954175	0.13333333333333333	0.0	0.0	0.0	0.0	0.0	0.0	0.0	0.0	0.0	0.0	0.0	0.4529807342784442	0.9081413163562626	2.5705801371964627	1.145404422928087	2.04031598834442	2.607113545383833	2.3539573207817877	2.7062792448728743	6.143404390887683	5.458273924912857	2.814563553848528	2.308828660372997	1.1800162195160233	1.1371311391932701	0.5220366318821652	0.5429661626756429
	# checklists reporting species - (American Pipit)	16	24	25	10	2	1	4	5	2	5	3	1	2	1	1	6	38	26	47	7	1	0.0	0.0	0.0	0.0	0.0	0.0	0.0	0.0	0.0	0	0.0	4	25	90	126	123	119	145	237	189	164	90	93	29	29	16	11
	
High Count
	American Pipit	3	2	6	3	3	1	1	6	3	3	1	1	1	1	1	2	5	35	12	2	1	0.0	0.0	0.0	0.0	0.0	0.0	0.0	0.0	0.0	1	0.0	3	13	155	30	203	81	150	200	340	342	70	82	11	29	23	5
	# checklists reporting species - (American Pipit)	16	25	26	10	2	2	4	6	2	6	3	1	2	1	1	6	39	27	47	7	1	0.0	0.0	0.0	0.0	0.0	0.0	0.0	0.0	0.0	1	0.0	7	27	105	145	139	138	160	264	210	185	104	118	32	33	19	11
	
Totals
	American Pipit	18	26	31	18	4	2	4	16	4	9	3	1	2	1	1	7	55	71	95	10	1	0.0	0.0	0.0	0.0	0.0	0.0	0.0	0.0	0.0	1	0.0	13	74	747	500	1021	894	1127	2552	3646	2921	766	736	77	128	62	18
	# checklists reporting species - (American Pipit)	16	25	26	10	2	2	4	5	2	6	3	1	2	1	1	6	39	27	47	7	1	0.0	0.0	0.0	0.0	0.0	0.0	0.0	0.0	0.0	1	0.0	7	27	104	144	138	137	158	261	205	183	101	117	32	33	19	11
	
Average Count
	American Pipit	1.125	1.04	1.1923076923076923	1.8	2.0	1.0	1.0	3.2	2.0	1.5	1.0	1.0	1.0	1.0	1.0	1.1666666666666667	1.4102564102564104	2.6296296296296298	2.021276595744681	1.4285714285714286	1.0	0.0	0.0	0.0	0.0	0.0	0.0	0.0	0.0	0.0	1.0	0.0	1.8571428571428572	2.740740740740741	7.1826923076923075	3.4722222222222223	7.398550724637682	6.525547445255475	7.132911392405063	9.777777777777779	17.785365853658536	15.96174863387978	7.584158415841584	6.2905982905982905	2.40625	3.878787878787879	3.263157894736842	1.6363636363636365
	# checklists reporting species - (American Pipit)	16	25	26	10	2	2	4	5	2	6	3	1	2	1	1	6	39	27	47	7	1	0.0	0.0	0.0	0.0	0.0	0.0	0.0	0.0	0.0	1	0.0	7	27	104	144	138	137	158	261	205	183	101	117	32	33	19	11
	
