

	Week starting on...	1/1	1/8	1/15	1/22	2/1	2/8	2/15	2/22	3/1	3/8	3/15	3/22	4/1	4/8	4/15	4/22	5/1	5/8	5/15	5/22	6/1	6/8	6/15	6/22	7/1	7/8	7/15	7/22	8/1	8/8	8/15	8/22	9/1	9/8	9/15	9/22	10/1	10/8	10/15	10/22	11/1	11/8	11/15	11/22	12/1	12/8	12/15	12/22
Frequency (%)
	Brant	0.0	0.0	0.0	0.0	0.0	0.0	0.0	0.0	0.0	0.0	0.0	0.01864975755315181	0.0	0.0	0.0	0.0	0.09133810321205663	0.059934072520227755	0.30264415418923224	0.1387203051846714	0.0	0.0	0.0	0.08274720728175423	0.634737449509521	0.0	0.0	0.0	0.0	0.0	0.0	0.0	0.0	0.0	0.0	0.09966777408637872	0.037921880925293895	0.11372251705837756	0.6904487917146145	2.079179720877243	0.6732673267326733	0.1564945226917058	0.0	0.03579098067287043	0.0	0.0	0.039603960396039604	0.0
	Total # checklists submitted - (Brant)	4257	3234	2821	3966	2724	3571	5263	2828	3191	3538	3975	5362	4172	3984	4245	6147	6569	6674	6278	5767	2568	2210	1978	2417	1733	1556	1498	2134	1566	1624	1811	2791	2476	2428	2456	3010	2637	2638	2607	3511	2525	2556	2305	2794	2158	2208	2525	3537
	
Abundance
	Brant	0.0	0.0	0.0	0.0	0.0	0.0	0.0	0.0	0.0	0.0	0.0	1.864975755315181E-4	0.0	0.0	0.0	0.0	0.005784746536763586	0.003596044351213665	0.11787193373685888	0.0071094156407144095	0.0	0.0	0.0	8.274720728175424E-4	0.006347374495095211	0.0	0.0	0.0	0.0	0.0	0.0	0.0	0.0	0.0	0.0	0.010299003322259137	0.0011376564277588168	0.002274450341167551	0.47103950901419256	0.06949587012247223	0.04910891089108911	0.0011737089201877935	0.0	3.5790980672870435E-4	0.0	0.0	3.9603960396039607E-4	0.0
	Total # checklists submitted - (Brant)	4257	3234	2821	3966	2724	3571	5263	2828	3191	3538	3975	5362	4172	3984	4245	6147	6569	6674	6278	5767	2568	2210	1978	2417	1733	1556	1498	2134	1566	1624	1811	2791	2476	2428	2456	3010	2637	2638	2607	3511	2525	2556	2305	2794	2158	2208	2525	3537
	
Birds Per Party Hour
	Brant	0.0	0.0	0.0	0.0	0.0	0.0	0.0	0.0	0.0	0.0	0.0	1.0	0.0	0.0	0.0	0.0	1.0029848090219606	1.149662436607212	180.2279802447493	6.203977956943313	0.0	0.0	0.0	0.9473500697350069	2.0701911134623825	0.0	0.0	0.0	0.0	0.0	0.0	0.0	0.0	0.0	0.0	2.619862660783377	3.1578947368421053	0.5873015873015873	14.276087044599791	3.9532883779663024	2.6365341383371255	1.6267910767910767	0.0	2.8228987993138936	0.0	0.0	0.0	0.0
	# checklists reporting species - (Brant)	0.0	0.0	0.0	0.0	0.0	0.0	0.0	0.0	0.0	0.0	0.0	1	0.0	0.0	0.0	0.0	6	5	30	8	1	0.0	0.0	2	13	0.0	0.0	0.0	0.0	0.0	0.0	0	0.0	0.0	0.0	3	1	3	21	88	24	5	0.0	2	0.0	0.0	0	0.0
	
High Count
	Brant	0.0	0.0	0.0	0.0	0.0	0.0	0.0	0.0	0.0	0.0	0.0	1	0.0	0.0	0.0	0.0	15	15	88	30	2	0.0	0.0	1	1	0.0	0.0	0.0	0.0	0.0	0.0	1	0.0	0.0	0.0	20	3	4	185	80	34	5	0.0	3	0.0	0.0	1	0.0
	# checklists reporting species - (Brant)	0.0	0.0	0.0	0.0	0.0	0.0	0.0	0.0	0.0	0.0	0.0	1	0.0	0.0	0.0	0.0	6	6	30	9	1	0.0	0.0	2	14	0.0	0.0	0.0	0.0	0.0	0.0	1	0.0	0.0	0.0	3	1	3	21	89	24	7	0.0	4	0.0	0.0	1	0.0
	
Totals
	Brant	0.0	0.0	0.0	0.0	0.0	0.0	0.0	0.0	0.0	0.0	0.0	1	0.0	0.0	0.0	0.0	38	28	1412	71	2	0.0	0.0	2	14	0.0	0.0	0.0	0.0	0.0	0.0	1	0.0	0.0	0.0	31	3	6	1244	262	161	14	0.0	6	0.0	0.0	1	0.0
	# checklists reporting species - (Brant)	0.0	0.0	0.0	0.0	0.0	0.0	0.0	0.0	0.0	0.0	0.0	1	0.0	0.0	0.0	0.0	6	6	30	9	1	0.0	0.0	2	14	0.0	0.0	0.0	0.0	0.0	0.0	1	0.0	0.0	0.0	3	1	3	21	89	24	6	0.0	4	0.0	0.0	1	0.0
	
Average Count
	Brant	0.0	0.0	0.0	0.0	0.0	0.0	0.0	0.0	0.0	0.0	0.0	1.0	0.0	0.0	0.0	0.0	6.333333333333333	4.666666666666667	47.06666666666667	7.888888888888889	2.0	0.0	0.0	1.0	1.0	0.0	0.0	0.0	0.0	0.0	0.0	1.0	0.0	0.0	0.0	10.333333333333334	3.0	2.0	59.23809523809524	2.943820224719101	6.708333333333333	2.3333333333333335	0.0	1.5	0.0	0.0	1.0	0.0
	# checklists reporting species - (Brant)	0.0	0.0	0.0	0.0	0.0	0.0	0.0	0.0	0.0	0.0	0.0	1	0.0	0.0	0.0	0.0	6	6	30	9	1	0.0	0.0	2	14	0.0	0.0	0.0	0.0	0.0	0.0	1	0.0	0.0	0.0	3	1	3	21	89	24	6	0.0	4	0.0	0.0	1	0.0
	
