

	Week starting on...	1/1	1/8	1/15	1/22	2/1	2/8	2/15	2/22	3/1	3/8	3/15	3/22	4/1	4/8	4/15	4/22	5/1	5/8	5/15	5/22	6/1	6/8	6/15	6/22	7/1	7/8	7/15	7/22	8/1	8/8	8/15	8/22	9/1	9/8	9/15	9/22	10/1	10/8	10/15	10/22	11/1	11/8	11/15	11/22	12/1	12/8	12/15	12/22
Frequency (%)
	Red-breasted Nuthatch	15.550857411322527	16.110080395794682	16.448068060971288	15.431164901664147	15.52863436123348	20.38644637356483	18.772563176895307	14.214992927864214	15.073644625509244	12.719050310910118	13.886792452830187	12.961581499440507	13.302972195589646	12.123493975903614	11.66077738515901	11.973320318854725	15.664484700867712	13.500149835181299	13.411914622491238	6.537194381827641	6.580996884735201	6.470588235294119	7.532861476238625	8.688456764584195	9.34795152914022	10.347043701799485	7.476635514018691	11.90253045923149	13.856960408684547	13.854679802955665	19.98895637769188	22.82336080257972	28.109854604200322	28.706754530477756	29.682410423452772	26.877076411960132	26.317785362153963	26.648976497346478	24.43421557345608	24.693819424665335	23.089108910891092	20.89201877934272	18.6117136659436	18.181818181818183	18.535681186283597	18.65942028985507	25.742574257425744	18.43370087644897
	Total # checklists submitted - (Red-breasted Nuthatch)	4257	3234	2821	3966	2724	3571	5263	2828	3191	3538	3975	5362	4172	3984	4245	6147	6569	6674	6278	5767	2568	2210	1978	2417	1733	1556	1498	2134	1566	1624	1811	2791	2476	2428	2456	3010	2637	2638	2607	3511	2525	2556	2305	2794	2158	2208	2525	3537
	
Abundance
	Red-breasted Nuthatch	0.23937044867277427	0.2696351267779839	0.2545196738745126	0.25718608169440244	0.2599118942731278	0.34052086250350044	0.32376971309139274	0.22984441301272984	0.23785647132560325	0.19446014697569247	0.21836477987421385	0.20533383066020142	0.21140939597315436	0.17269076305220885	0.16537102473498233	0.17114039368797787	0.25285431572537675	0.19253820797123164	0.19353297228416694	0.08461938616264955	0.08761682242990654	0.08914027149321267	0.12032355915065723	0.14149772445179976	0.15579919215233698	0.15809768637532134	0.11415220293724966	0.19821930646672914	0.25287356321839083	0.23214285714285715	0.4053009387078962	0.4872805446076675	0.6522617124394184	0.6227347611202636	0.6400651465798045	0.608970099667774	0.5821008722032612	0.5398028809704322	0.47257383966244726	0.4759327826829963	0.44554455445544555	0.3755868544600939	0.3362255965292842	0.32534001431639226	0.3113994439295644	0.3278985507246377	0.6447524752475248	0.331071529544812
	Total # checklists submitted - (Red-breasted Nuthatch)	4257	3234	2821	3966	2724	3571	5263	2828	3191	3538	3975	5362	4172	3984	4245	6147	6569	6674	6278	5767	2568	2210	1978	2417	1733	1556	1498	2134	1566	1624	1811	2791	2476	2428	2456	3010	2637	2638	2607	3511	2525	2556	2305	2794	2158	2208	2525	3537
	
Birds Per Party Hour
	Red-breasted Nuthatch	3.9601490598151923	3.392830862569505	2.811603093509059	2.9932431559499286	3.3351173986177085	3.5275510653344657	3.280602912468824	3.173082120715841	3.196591482862806	2.55510089325234	2.914382131891367	2.3664897826217772	2.2143624149466663	2.181261946344801	2.4173768923968835	1.9379916126763115	1.6790079649306187	1.4446854536515272	1.4895318000486437	1.4333611354481695	2.8351438281887247	3.267076853481634	2.7231328865086724	3.3616441467665963	3.5452491196299105	4.0574299593208405	2.6356875001020863	2.9333412451640988	3.094598165540925	2.8097895140097795	2.523937085831871	2.6584710710369603	2.7422239453051866	2.66482533762115	2.096674619708428	2.160300728157199	2.475918171701039	2.77120091401838	3.48819430878494	3.137958025254093	3.2321785701654	2.9219364218596064	3.112559997805766	2.501346212503229	2.5986995006174216	2.662462617193293	2.846021566354915	2.8597302153129975
	# checklists reporting species - (Red-breasted Nuthatch)	690	538	496	629	443	764	1041	421	505	463	563	734	565	502	509	763	1059	939	874	394	183	147	158	224	176	171	122	262	224	241	382	651	717	734	769	833	724	734	662	906	628	552	449	523	417	428	676	675
	
High Count
	Red-breasted Nuthatch	10	15	12	15	14	13	21	11	10	10	11	10	17	15	8	7	10	15	10	4	5	6	9	6	6	5	5	10	8	10	13	32	23	20	15	36	15	14	43	20	11	11	15	17	10	13	60	15
	# checklists reporting species - (Red-breasted Nuthatch)	736	574	526	680	469	780	1073	446	532	492	594	769	610	534	543	804	1113	981	916	426	201	160	179	247	204	184	131	283	248	259	418	704	759	775	826	908	777	781	718	958	653	578	465	549	439	454	715	713
	
Totals
	Red-breasted Nuthatch	1118	938	792	1115	787	1293	1830	712	828	736	932	1188	944	746	762	1152	1772	1395	1295	538	257	215	271	383	314	268	191	459	432	431	829	1469	1696	1656	1700	1978	1669	1534	1327	1785	1224	1015	826	967	720	775	1799	1259
	# checklists reporting species - (Red-breasted Nuthatch)	729	566	518	668	461	776	1063	439	521	481	583	760	595	528	529	790	1092	966	899	419	198	158	176	247	201	180	129	277	238	254	405	690	737	758	808	889	762	769	706	942	648	569	455	540	432	445	705	701
	
Average Count
	Red-breasted Nuthatch	1.53360768175583	1.657243816254417	1.528957528957529	1.6691616766467066	1.7071583514099784	1.666237113402062	1.7215428033866416	1.6218678815489749	1.5892514395393473	1.5301455301455302	1.5986277873070327	1.563157894736842	1.5865546218487394	1.4128787878787878	1.440453686200378	1.4582278481012658	1.6227106227106227	1.4440993788819876	1.4404894327030033	1.2840095465393795	1.297979797979798	1.360759493670886	1.5397727272727273	1.5506072874493928	1.5621890547263682	1.488888888888889	1.4806201550387597	1.6570397111913358	1.815126050420168	1.6968503937007875	2.0469135802469136	2.128985507246377	2.301221166892809	2.1846965699208445	2.103960396039604	2.2249718785151855	2.190288713910761	1.9947984395318596	1.8796033994334278	1.894904458598726	1.8888888888888888	1.7838312829525482	1.8153846153846154	1.7907407407407407	1.6666666666666667	1.7415730337078652	2.55177304964539	1.7960057061340942
	# checklists reporting species - (Red-breasted Nuthatch)	729	566	518	668	461	776	1063	439	521	481	583	760	595	528	529	790	1092	966	899	419	198	158	176	247	201	180	129	277	238	254	405	690	737	758	808	889	762	769	706	942	648	569	455	540	432	445	705	701
	
