

	Week starting on...	1/1	1/8	1/15	1/22	2/1	2/8	2/15	2/22	3/1	3/8	3/15	3/22	4/1	4/8	4/15	4/22	5/1	5/8	5/15	5/22	6/1	6/8	6/15	6/22	7/1	7/8	7/15	7/22	8/1	8/8	8/15	8/22	9/1	9/8	9/15	9/22	10/1	10/8	10/15	10/22	11/1	11/8	11/15	11/22	12/1	12/8	12/15	12/22
Frequency (%)
	Chipping Sparrow	0.04698144233027954	0.21645021645021645	0.14179369018078697	0.12607160867372666	0.03671071953010279	0.11201344161299356	0.07600228006840205	0.03536067892503536	0.0940144155437167	0.02826455624646693	0.07547169811320754	0.3170458784035807	1.3662511984659635	7.379518072289157	15.712603062426384	27.021311208719702	32.40980362307809	28.0791129757267	23.669958585536797	19.108722039188486	16.588785046728972	16.832579185520363	16.076845298281093	14.48076127430699	16.849394114252743	14.717223650385606	12.950600801068092	12.46485473289597	10.089399744572159	10.899014778325125	8.94533406957482	6.234324614833393	4.119547657512116	3.2948929159802307	4.193811074918567	4.219269102990033	5.65036025786879	7.505686125852919	8.131952435749904	6.322984904585588	1.5841584158415842	0.35211267605633806	0.43383947939262474	0.28632784538296346	0.27803521779425394	0.04528985507246377	0.1188118811881188	0.16963528413910092
	Total # checklists submitted - (Chipping Sparrow)	4257	3234	2821	3966	2724	3571	5263	2828	3191	3538	3975	5362	4172	3984	4245	6147	6569	6674	6278	5767	2568	2210	1978	2417	1733	1556	1498	2134	1566	1624	1811	2791	2476	2428	2456	3010	2637	2638	2607	3511	2525	2556	2305	2794	2158	2208	2525	3537
	
Abundance
	Chipping Sparrow	7.047216349541931E-4	0.0021645021645021645	0.0014179369018078695	0.0012607160867372667	3.671071953010279E-4	0.0011201344161299357	7.600228006840206E-4	3.536067892503536E-4	9.40144155437167E-4	2.826455624646693E-4	7.547169811320754E-4	0.0033569563595673255	0.017018216682646213	0.10667670682730923	0.375736160188457	0.692370261916382	0.8636017658699955	0.6342523224453102	0.4839120739088882	0.37940003468007627	0.29361370716510904	0.27239819004524884	0.2775530839231547	0.2652047993380223	0.32025389497980383	0.288560411311054	0.29439252336448596	0.3078725398313027	0.22988505747126436	0.2555418719211823	0.23302043070127001	0.1762809029021856	0.12520193861066237	0.08813838550247118	0.13273615635179153	0.12259136212624584	0.18088737201365188	0.2058377558756634	0.22708093594169543	0.15266305895756194	0.0297029702970297	0.004303599374021909	0.006941431670281995	0.0032211882605583395	0.003243744207599629	4.528985507246377E-4	0.0019801980198019802	0.0019790783149561775
	Total # checklists submitted - (Chipping Sparrow)	4257	3234	2821	3966	2724	3571	5263	2828	3191	3538	3975	5362	4172	3984	4245	6147	6569	6674	6278	5767	2568	2210	1978	2417	1733	1556	1498	2134	1566	1624	1811	2791	2476	2428	2456	3010	2637	2638	2607	3511	2525	2556	2305	2794	2158	2208	2525	3537
	
Birds Per Party Hour
	Chipping Sparrow	1.4233610341643583	1.099961509555632	1.0165167416291854	1.2506700883946393	0.13333333333333333	1.3748125937031483	0.7066666666666667	0.14285714285714285	0.6933333333333334	58.8235294117647	2.191919191919192	1.2683180578655726	3.2987977451341726	2.600936052448583	2.830659765211101	2.6872182517151257	2.406332754949181	2.1685808982505757	1.8516862707053685	2.0763377750404217	3.5438699350076437	3.7642420485796686	3.323813669686508	4.102193114614556	4.30531906121089	2.975549259613899	1.943905164945403	2.979921740089586	2.6908762589406092	2.3661448532574734	2.179629977896371	2.6177322175571156	1.79346735634161	1.702489544604738	2.6501596453592873	2.0131302538975024	2.3454850090252677	3.0161742261448734	3.1991496253410534	2.9619247909325783	2.0735383155731615	2.3534575165730036	2.6358978306283407	1.9959257727240107	1.7633077415227127	3.003003003003003	3.098241098241098	0.6264161747525057
	# checklists reporting species - (Chipping Sparrow)	2	7	5	7	3	4	5	1	5	1	3	18	61	300	689	1713	2123	1902	1521	1131	452	370	314	358	291	236	205	283	154	181	172	173	105	80	106	130	146	208	220	229	42	10	12	9	6	1	3	8
	
High Count
	Chipping Sparrow	2	1	1	1	1	1	1	1	1	1	1	2	7	16	46	50	50	30	17	19	13	8	16	12	16	10	18	22	22	12	23	24	15	10	14	31	25	16	21	28	9	3	7	2	2	1	3	2
	# checklists reporting species - (Chipping Sparrow)	2	7	5	7	3	4	5	1	5	1	3	19	65	326	749	1827	2301	2022	1605	1185	470	395	342	385	318	248	211	295	176	199	177	189	108	91	120	142	170	219	235	241	43	10	12	9	6	1	4	10
	
Totals
	Chipping Sparrow	3	7	5	7	3	4	5	1	5	1	3	20	87	468	1723	4565	5940	4454	3207	2287	807	631	583	692	588	472	473	727	392	450	447	515	317	234	362	399	527	587	655	574	78	12	18	10	7	1	6	11
	# checklists reporting species - (Chipping Sparrow)	2	7	5	7	3	4	5	1	5	1	3	19	65	314	726	1769	2195	1953	1550	1150	459	382	325	377	299	242	209	289	167	193	174	186	107	87	115	141	166	216	231	233	43	10	12	9	6	1	4	10
	
Average Count
	Chipping Sparrow	1.5	1.0	1.0	1.0	1.0	1.0	1.0	1.0	1.0	1.0	1.0	1.0526315789473684	1.3384615384615384	1.4904458598726114	2.3732782369146004	2.580553985302431	2.706150341685649	2.2805939580133128	2.069032258064516	1.988695652173913	1.7581699346405228	1.6518324607329844	1.7938461538461539	1.8355437665782492	1.9665551839464883	1.9504132231404958	2.263157894736842	2.5155709342560555	2.3473053892215567	2.33160621761658	2.5689655172413794	2.7688172043010755	2.9626168224299065	2.689655172413793	3.1478260869565218	2.8297872340425534	3.174698795180723	2.7175925925925926	2.8354978354978355	2.463519313304721	1.813953488372093	1.2	1.5	1.1111111111111112	1.1666666666666667	1.0	1.5	1.1
	# checklists reporting species - (Chipping Sparrow)	2	7	5	7	3	4	5	1	5	1	3	19	65	314	726	1769	2195	1953	1550	1150	459	382	325	377	299	242	209	289	167	193	174	186	107	87	115	141	166	216	231	233	43	10	12	9	6	1	4	10
	
