

	Week starting on...	1/1	1/8	1/15	1/22	2/1	2/8	2/15	2/22	3/1	3/8	3/15	3/22	4/1	4/8	4/15	4/22	5/1	5/8	5/15	5/22	6/1	6/8	6/15	6/22	7/1	7/8	7/15	7/22	8/1	8/8	8/15	8/22	9/1	9/8	9/15	9/22	10/1	10/8	10/15	10/22	11/1	11/8	11/15	11/22	12/1	12/8	12/15	12/22
Frequency (%)
	Stilt Sandpiper	0.0	0.0	0.0	0.0	0.0	0.0	0.0	0.0	0.0	0.0	0.0	0.0	0.0	0.0	0.0	0.0	0.0	0.0	0.0	0.0	0.0	0.0	0.0	0.0	0.0	0.06426735218508997	0.6675567423230975	0.4686035613870665	0.38314176245210724	2.647783251231527	3.865267807840972	2.830526692941598	2.34248788368336	0.41186161449752884	0.0	0.0	0.037921880925293895	0.265352539802881	0.07671653241273495	0.0	0.0	0.0	0.0	0.0	0.0	0.0	0.0	0.0
	Total # checklists submitted - (Stilt Sandpiper)	4257	3234	2821	3966	2724	3571	5263	2828	3191	3538	3975	5362	4172	3984	4245	6147	6569	6674	6278	5767	2568	2210	1978	2417	1733	1556	1498	2134	1566	1624	1811	2791	2476	2428	2456	3010	2637	2638	2607	3511	2525	2556	2305	2794	2158	2208	2525	3537
	
Abundance
	Stilt Sandpiper	0.0	0.0	0.0	0.0	0.0	0.0	0.0	0.0	0.0	0.0	0.0	0.0	0.0	0.0	0.0	0.0	0.0	0.0	0.0	0.0	0.0	0.0	0.0	0.0	0.0	6.426735218508997E-4	0.011348464619492658	0.007029053420805998	0.0031928480204342275	0.03140394088669951	0.06184428492545555	0.042637047653170904	0.025040387722132473	0.004942339373970346	0.0	0.0	3.792188092529389E-4	0.003411675511751327	0.004602991944764097	0.0	0.0	0.0	0.0	0.0	0.0	0.0	0.0	0.0
	Total # checklists submitted - (Stilt Sandpiper)	4257	3234	2821	3966	2724	3571	5263	2828	3191	3538	3975	5362	4172	3984	4245	6147	6569	6674	6278	5767	2568	2210	1978	2417	1733	1556	1498	2134	1566	1624	1811	2791	2476	2428	2456	3010	2637	2638	2607	3511	2525	2556	2305	2794	2158	2208	2525	3537
	
Birds Per Party Hour
	Stilt Sandpiper	0.0	0.0	0.0	0.0	0.0	0.0	0.0	0.0	0.0	0.0	0.0	0.0	0.0	0.0	0.0	0.0	0.0	0.0	0.0	0.0	0.0	0.0	0.0	0.0	0.0	0.2857142857142857	0.7017027270044494	0.9038592883402152	0.5166666666666666	2.041558623556088	1.373200040498441	0.7968283593473978	0.5023073343860764	0.5378656569933403	1.0	0.0	0.2222222222222222	1.0933948638536661	4.5	0.0	0.0	0.0	0.0	0.0	0.0	0.0	0.0	0.0
	# checklists reporting species - (Stilt Sandpiper)	0.0	0.0	0.0	0.0	0.0	0.0	0.0	0.0	0.0	0.0	0.0	0.0	0.0	0.0	0.0	0.0	0.0	0.0	0.0	0.0	0.0	0.0	0.0	0.0	0.0	1	11	14	5	58	93	90	65	11	1	0.0	1	8	2	0.0	0.0	0.0	0.0	0.0	0.0	0.0	0.0	0.0
	
High Count
	Stilt Sandpiper	0.0	0.0	0.0	0.0	0.0	0.0	0.0	0.0	0.0	0.0	0.0	0.0	0.0	0.0	0.0	0.0	0.0	0.0	0.0	0.0	0.0	0.0	0.0	0.0	0.0	1	3	3	1	3	4	4	3	15	1	0.0	1	3	6	0.0	0.0	0.0	0.0	0.0	0.0	0.0	0.0	0.0
	# checklists reporting species - (Stilt Sandpiper)	0.0	0.0	0.0	0.0	0.0	0.0	0.0	0.0	0.0	0.0	0.0	0.0	0.0	0.0	0.0	0.0	0.0	0.0	0.0	0.0	0.0	0.0	0.0	0.0	0.0	1	11	14	6	60	97	93	67	12	2	0.0	1	8	2	0.0	0.0	0.0	0.0	0.0	0.0	0.0	0.0	0.0
	
Totals
	Stilt Sandpiper	0.0	0.0	0.0	0.0	0.0	0.0	0.0	0.0	0.0	0.0	0.0	0.0	0.0	0.0	0.0	0.0	0.0	0.0	0.0	0.0	0.0	0.0	0.0	0.0	0.0	1	20	24	5	72	153	139	73	28	2	0.0	1	10	12	0.0	0.0	0.0	0.0	0.0	0.0	0.0	0.0	0.0
	# checklists reporting species - (Stilt Sandpiper)	0.0	0.0	0.0	0.0	0.0	0.0	0.0	0.0	0.0	0.0	0.0	0.0	0.0	0.0	0.0	0.0	0.0	0.0	0.0	0.0	0.0	0.0	0.0	0.0	0.0	1	11	14	5	60	96	93	66	12	2	0.0	1	8	2	0.0	0.0	0.0	0.0	0.0	0.0	0.0	0.0	0.0
	
Average Count
	Stilt Sandpiper	0.0	0.0	0.0	0.0	0.0	0.0	0.0	0.0	0.0	0.0	0.0	0.0	0.0	0.0	0.0	0.0	0.0	0.0	0.0	0.0	0.0	0.0	0.0	0.0	0.0	1.0	1.8181818181818181	1.7142857142857142	1.0	1.2	1.59375	1.4946236559139785	1.106060606060606	2.3333333333333335	1.0	0.0	1.0	1.25	6.0	0.0	0.0	0.0	0.0	0.0	0.0	0.0	0.0	0.0
	# checklists reporting species - (Stilt Sandpiper)	0.0	0.0	0.0	0.0	0.0	0.0	0.0	0.0	0.0	0.0	0.0	0.0	0.0	0.0	0.0	0.0	0.0	0.0	0.0	0.0	0.0	0.0	0.0	0.0	0.0	1	11	14	5	60	96	93	66	12	2	0.0	1	8	2	0.0	0.0	0.0	0.0	0.0	0.0	0.0	0.0	0.0
	
