

	Week starting on...	1/1	1/8	1/15	1/22	2/1	2/8	2/15	2/22	3/1	3/8	3/15	3/22	4/1	4/8	4/15	4/22	5/1	5/8	5/15	5/22	6/1	6/8	6/15	6/22	7/1	7/8	7/15	7/22	8/1	8/8	8/15	8/22	9/1	9/8	9/15	9/22	10/1	10/8	10/15	10/22	11/1	11/8	11/15	11/22	12/1	12/8	12/15	12/22
Frequency (%)
	Brown-headed Cowbird	0.3523608174770966	0.5565862708719851	0.6380716058135413	0.6555723651033787	0.3303964757709251	0.2520302436292355	0.09500285008550256	0.24752475247524752	1.1281729865246004	2.006783493499152	6.4402515723270435	16.16933979858262	26.534036433365294	35.81827309236948	39.811542991755005	43.80998861233122	43.781397472979144	41.42942762960743	41.653392800254856	42.327033119472866	31.73676012461059	28.46153846153846	26.845298281092013	23.41745966073645	24.63935372186959	22.68637532133676	17.75700934579439	14.104967197750703	12.835249042145595	13.30049261083744	11.927112092766427	8.599068434252956	5.61389337641357	2.883031301482702	1.4250814332247557	1.8272425249169437	1.099734546833523	1.781652767247915	1.457614115841964	1.6234690971233268	0.7920792079207921	0.6259780907668232	0.5206073752711496	0.6800286327845383	0.09267840593141798	0.2717391304347826	0.3564356435643565	1.0743567995476393
	Total # checklists submitted - (Brown-headed Cowbird)	4257	3234	2821	3966	2724	3571	5263	2828	3191	3538	3975	5362	4172	3984	4245	6147	6569	6674	6278	5767	2568	2210	1978	2417	1733	1556	1498	2134	1566	1624	1811	2791	2476	2428	2456	3010	2637	2638	2607	3511	2525	2556	2305	2794	2158	2208	2525	3537
	
Abundance
	Brown-headed Cowbird	0.03899459713413202	0.012368583797155226	0.042538107054236086	0.018406454866364094	0.003671071953010279	0.003080369644357323	0.002660079802394072	0.004596888260254597	0.016922594797869006	0.04522328999434709	0.18440251572327043	0.6104065647146587	1.2452061361457334	1.8293172690763053	2.1587750294464074	2.167886774036115	2.1301567970771806	1.7027270002996704	1.593819687798662	1.5179469394832668	0.9676791277258567	0.8687782805429864	0.813953488372093	0.6615639222176252	0.7634160415464513	0.756426735218509	0.6461949265687583	0.44283036551077787	0.40676883780332057	0.36391625615763545	0.2954168967421314	0.2121103547115729	0.14539579967689822	0.09349258649093904	0.024022801302931596	0.038538205980066444	0.08873720136518772	0.0667172100075815	0.29497506712696586	0.08088863571632014	0.025346534653465348	0.023865414710485134	0.009978308026030369	0.015748031496062992	0.0013901760889712697	0.0036231884057971015	0.010297029702970298	0.034209782301385355
	Total # checklists submitted - (Brown-headed Cowbird)	4257	3234	2821	3966	2724	3571	5263	2828	3191	3538	3975	5362	4172	3984	4245	6147	6569	6674	6278	5767	2568	2210	1978	2417	1733	1556	1498	2134	1566	1624	1811	2791	2476	2428	2456	3010	2637	2638	2607	3511	2525	2556	2305	2794	2158	2208	2525	3537
	
Birds Per Party Hour
	Brown-headed Cowbird	9.584489892720747	1.3454081802566167	35.81401540018859	4.26220965450504	1.6023632233819114	1.235604697060694	7.276984009736263	7.4918573405150095	1.3641425815931574	1.668880202687083	1.9851279931782146	2.7736071331520287	3.3409746067805863	4.234800890931765	4.566452394764307	3.9933233438403053	3.2500898087142387	3.0217662771430915	2.500182580281315	2.282890763625412	3.5784762864478106	3.6354883637651283	4.2910889734397175	3.940884261028104	3.7470777569218243	4.311465584225493	4.354830501128682	2.4080331713085914	2.262304411474685	1.68513200348522	1.602886286822586	1.3251257284329332	1.0857002975708965	1.465270355096695	1.8835735853900692	2.7288215918199414	1.4473013444890839	2.2913649185933416	4.2037404871795	6.392424031516383	1.8381475488321524	8.793436557107253	2.06458169561905	1.622330300125156	1.0714285714285714	5.815530084409494	1.4648594442096101	1.9591992395913165
	# checklists reporting species - (Brown-headed Cowbird)	16	20	18	27	9	8	7	9	39	75	261	872	1078	1388	1629	2587	2715	2655	2488	2343	799	611	521	561	414	342	265	293	204	208	211	233	137	73	35	51	29	45	35	56	20	15	12	22	4	8	9	42
	
High Count
	Brown-headed Cowbird	142	14	30	14	3	3	8	5	12	10	44	175	60	60	200	100	300	50	90	40	50	35	26	35	32	31	40	50	38	20	20	23	40	100	13	50	80	30	500	70	25	30	6	16	2	2	7	36
	# checklists reporting species - (Brown-headed Cowbird)	16	20	18	27	10	9	7	9	42	81	285	926	1179	1501	1788	2832	3007	2915	2744	2572	853	664	561	596	445	375	278	313	216	223	225	252	146	75	43	59	35	52	40	65	21	16	14	22	5	8	10	42
	
Totals
	Brown-headed Cowbird	167	45	120	74	11	11	16	15	73	177	794	3472	5404	7462	9458	13678	14302	11737	10354	9086	2572	2006	1663	1662	1342	1215	988	983	672	611	547	606	379	231	66	191	324	214	771	354	64	61	25	54	8	11	29	130
	# checklists reporting species - (Brown-headed Cowbird)	16	20	18	27	9	8	7	9	41	80	276	903	1116	1419	1659	2627	2761	2681	2524	2371	810	627	536	571	420	352	269	297	208	214	215	242	142	73	38	57	34	49	36	57	20	16	13	22	5	8	10	42
	
Average Count
	Brown-headed Cowbird	10.4375	2.25	6.666666666666667	2.740740740740741	1.2222222222222223	1.375	2.2857142857142856	1.6666666666666667	1.7804878048780488	2.2125	2.8768115942028984	3.8449612403100777	4.842293906810036	5.258632840028189	5.7010247136829415	5.206699657403883	5.1800072437522635	4.377844088026856	4.102218700475436	3.8321383382539014	3.1753086419753087	3.1993620414673045	3.1026119402985075	2.9106830122591942	3.1952380952380954	3.4517045454545454	3.6728624535315983	3.3097643097643097	3.230769230769231	2.8551401869158877	2.5441860465116277	2.5041322314049586	2.6690140845070425	3.164383561643836	1.736842105263158	3.3508771929824563	9.529411764705882	4.36734693877551	21.416666666666668	6.2105263157894735	3.2	3.8125	1.9230769230769231	2.4545454545454546	1.6	1.375	2.9	3.0952380952380953
	# checklists reporting species - (Brown-headed Cowbird)	16	20	18	27	9	8	7	9	41	80	276	903	1116	1419	1659	2627	2761	2681	2524	2371	810	627	536	571	420	352	269	297	208	214	215	242	142	73	38	57	34	49	36	57	20	16	13	22	5	8	10	42
	
