

	Week starting on...	1/1	1/8	1/15	1/22	2/1	2/8	2/15	2/22	3/1	3/8	3/15	3/22	4/1	4/8	4/15	4/22	5/1	5/8	5/15	5/22	6/1	6/8	6/15	6/22	7/1	7/8	7/15	7/22	8/1	8/8	8/15	8/22	9/1	9/8	9/15	9/22	10/1	10/8	10/15	10/22	11/1	11/8	11/15	11/22	12/1	12/8	12/15	12/22
Frequency (%)
	Belted Kingfisher	0.9866102889358703	1.2368583797155226	1.0280042538107055	1.2607160867372669	1.2114537444933922	1.2321478577429292	0.7980239407182215	0.9547383309759547	0.9088060169225948	1.7806670435274168	2.1132075471698113	4.289444237224916	9.204218600191755	14.65863453815261	15.076560659599528	17.276720351390924	14.751103668747145	11.252622115672759	9.58904109589041	8.947459684411307	7.78816199376947	7.375565610859729	7.583417593528817	7.405875051717005	8.482400461627236	10.475578406169666	13.351134846461948	17.010309278350515	19.66794380587484	20.56650246305419	22.69464384318056	21.820136151916874	24.878836833602584	24.505766062602966	24.104234527687296	21.22923588039867	17.178612059158134	16.148597422289612	12.734944380514001	8.772429507262888	4.871287128712871	4.264475743348982	3.34056399132321	3.4359341445955622	3.3364226135310475	2.989130434782609	3.2871287128712874	1.752897936104043
	Total # checklists submitted - (Belted Kingfisher)	4257	3234	2821	3966	2724	3571	5263	2828	3191	3538	3975	5362	4172	3984	4245	6147	6569	6674	6278	5767	2568	2210	1978	2417	1733	1556	1498	2134	1566	1624	1811	2791	2476	2428	2456	3010	2637	2638	2607	3511	2525	2556	2305	2794	2158	2208	2525	3537
	
Abundance
	Belted Kingfisher	0.009631195677707306	0.013296227581941867	0.011697979439914925	0.012859304084720122	0.013582966226138032	0.012321478577429292	0.008740262207866237	0.009193776520509194	0.010028204324663115	0.02006783493499152	0.02188679245283019	0.047743379336068634	0.10930009587727708	0.18825301204819278	0.19575971731448763	0.21913128355295267	0.18054498401583194	0.1330536409949056	0.11086333227142402	0.10126582278481013	0.08605919003115264	0.08190045248868778	0.09302325581395349	0.08812577575506826	0.11886901327178304	0.13239074550128535	0.19025367156208278	0.26101218369259604	0.2879948914431673	0.2955665024630542	0.36443953616786307	0.3167323539949839	0.3784329563812601	0.37932454695222406	0.36807817589576547	0.30697674418604654	0.22639362912400454	0.21986353297952996	0.15151515151515152	0.09655368840786101	0.050693069306930696	0.047339593114241005	0.03600867678958785	0.03543307086614173	0.033364226135310475	0.03170289855072464	0.03881188118811881	0.018094430308170765
	Total # checklists submitted - (Belted Kingfisher)	4257	3234	2821	3966	2724	3571	5263	2828	3191	3538	3975	5362	4172	3984	4245	6147	6569	6674	6278	5767	2568	2210	1978	2417	1733	1556	1498	2134	1566	1624	1811	2791	2476	2428	2456	3010	2637	2638	2607	3511	2525	2556	2305	2794	2158	2208	2525	3537
	
Birds Per Party Hour
	Belted Kingfisher	3.2882321859163053	2.439979244117809	1.3298128113016088	1.3156707128044611	1.0377658326756811	1.116845841280057	1.361445987245115	3.0652095729603337	1.2310386896729204	1.5033497986353175	1.3214563704569844	1.0395885061135826	1.170216318371381	0.9809553706787114	1.181556207163702	0.9512335612686054	0.8365989888332335	0.6904326612907172	0.7825135204833948	0.661997643060216	1.0571684703860234	1.2468624208729755	1.384251286162546	1.128221188896071	1.141447316290334	1.0738634855824725	1.4272174920773446	1.3211138060483565	1.1556322974797644	1.2698507809008175	1.0736802534591157	0.9970483655523384	0.9604758115082958	0.86648898744072	1.020994186972008	1.1569109532485098	0.8838764328741355	0.7614414055984896	1.0125838749798006	0.7007240968121339	1.1759785968051848	0.9370380724546755	1.076591438800277	0.9681517192224608	1.669985155024352	1.0344022538532998	0.7395540219705372	1.0513918567600808
	# checklists reporting species - (Belted Kingfisher)	41	46	33	57	36	46	43	28	30	66	86	238	394	600	653	1063	995	777	623	537	207	163	164	183	160	169	211	385	315	353	430	640	611	612	612	655	460	426	347	323	128	111	81	106	76	73	84	64
	
High Count
	Belted Kingfisher	3	2	4	2	2	2	2	1	2	2	2	2	6	5	8	6	4	5	8	3	3	5	4	4	8	6	6	5	6	8	6	7	6	7	9	11	5	6	4	3	2	6	2	3	2	2	3	2
	# checklists reporting species - (Belted Kingfisher)	45	47	36	60	38	47	45	31	32	68	94	246	410	626	697	1119	1029	805	650	568	227	183	192	207	185	187	228	404	340	367	444	679	650	642	661	693	490	454	359	333	136	117	85	108	82	77	86	66
	
Totals
	Belted Kingfisher	43	51	39	59	41	47	48	30	35	76	97	271	483	795	894	1413	1255	949	750	633	247	198	229	243	253	231	318	615	496	522	702	973	974	968	986	995	639	612	423	365	142	128	92	113	82	81	101	68
	# checklists reporting species - (Belted Kingfisher)	41	47	35	58	37	46	44	30	32	68	90	242	401	614	676	1085	1011	794	631	549	220	175	187	202	182	182	219	396	322	362	435	670	627	626	643	678	477	443	354	331	133	115	84	107	81	77	85	66
	
Average Count
	Belted Kingfisher	1.048780487804878	1.0851063829787233	1.1142857142857143	1.0172413793103448	1.1081081081081081	1.0217391304347827	1.0909090909090908	1.0	1.09375	1.1176470588235294	1.0777777777777777	1.1198347107438016	1.2044887780548628	1.294788273615635	1.3224852071005917	1.3023041474654378	1.241345202769535	1.1952141057934509	1.1885895404120443	1.1530054644808743	1.1227272727272728	1.1314285714285715	1.2245989304812834	1.202970297029703	1.39010989010989	1.2692307692307692	1.452054794520548	1.553030303030303	1.5403726708074534	1.441988950276243	1.6137931034482758	1.4522388059701492	1.5534290271132376	1.5463258785942493	1.5334370139968896	1.4675516224188792	1.3396226415094339	1.381489841986456	1.194915254237288	1.1027190332326284	1.0676691729323309	1.1130434782608696	1.0952380952380953	1.0560747663551402	1.0123456790123457	1.051948051948052	1.188235294117647	1.0303030303030303
	# checklists reporting species - (Belted Kingfisher)	41	47	35	58	37	46	44	30	32	68	90	242	401	614	676	1085	1011	794	631	549	220	175	187	202	182	182	219	396	322	362	435	670	627	626	643	678	477	443	354	331	133	115	84	107	81	77	85	66
	
