

	Week starting on...	1/1	1/8	1/15	1/22	2/1	2/8	2/15	2/22	3/1	3/8	3/15	3/22	4/1	4/8	4/15	4/22	5/1	5/8	5/15	5/22	6/1	6/8	6/15	6/22	7/1	7/8	7/15	7/22	8/1	8/8	8/15	8/22	9/1	9/8	9/15	9/22	10/1	10/8	10/15	10/22	11/1	11/8	11/15	11/22	12/1	12/8	12/15	12/22
Frequency (%)
	House Finch	14.893117218698615	14.904143475572045	15.703651187522155	15.607665153807362	18.06167400881057	19.462335480257632	19.00057001710051	17.715700141442717	18.489501723597616	18.004522328999435	19.49685534591195	22.286460276016413	22.435282837967403	25.251004016064254	24.14605418138987	24.646168862859934	24.265489420003046	23.074617920287682	20.32494424976107	17.54811860586093	18.53582554517134	21.67420814479638	21.385237613751265	22.052130740587504	21.869590305828044	23.77892030848329	24.766355140186917	23.008434864104967	20.434227330779056	19.704433497536947	16.178906681391496	13.722680042995341	11.67205169628433	10.749588138385501	10.789902280130294	12.524916943521594	14.524080394387562	14.594389689158454	15.995397008055237	17.03218456280262	16.871287128712872	17.33176838810642	15.357917570498916	16.642806012884755	19.508804448563485	19.83695652173913	24.03960396039604	18.23579304495335
	Total # checklists submitted - (House Finch)	4257	3234	2821	3966	2724	3571	5263	2828	3191	3538	3975	5362	4172	3984	4245	6147	6569	6674	6278	5767	2568	2210	1978	2417	1733	1556	1498	2134	1566	1624	1811	2791	2476	2428	2456	3010	2637	2638	2607	3511	2525	2556	2305	2794	2158	2208	2525	3537
	
Abundance
	House Finch	0.7171717171717171	0.7210884353741497	0.8394186458702588	0.6860816944024206	0.7059471365638766	0.7846541584990199	0.7480524415732472	0.5304101838755304	0.540582889376371	0.50423968343697	0.509937106918239	0.5645281611339052	0.5426653883029722	0.597640562248996	0.5199057714958775	0.5147226289246787	0.5104277667833764	0.5	0.4440904746734629	0.3728108201838044	0.39758566978193144	0.47285067873303166	0.5050556117290192	0.5200661977658254	0.5747259088286208	0.6741645244215938	0.7363150867823764	0.7263355201499532	0.6098339719029374	0.6145320197044335	0.5168415240198785	0.39555714797563596	0.33077544426494343	0.32825370675453047	0.28420195439739415	0.30199335548172757	0.42813803564656805	0.4347990902198635	0.5128500191791331	0.4893192822557676	0.5540594059405941	0.5610328638497653	0.6004338394793927	0.6152469577666428	0.7877664504170528	0.8519021739130435	1.8340594059405941	0.9239468476109698
	Total # checklists submitted - (House Finch)	4257	3234	2821	3966	2724	3571	5263	2828	3191	3538	3975	5362	4172	3984	4245	6147	6569	6674	6278	5767	2568	2210	1978	2417	1733	1556	1498	2134	1566	1624	1811	2791	2476	2428	2456	3010	2637	2638	2607	3511	2525	2556	2305	2794	2158	2208	2525	3537
	
Birds Per Party Hour
	House Finch	10.148201237583592	10.185317493825865	10.471037816656523	9.070688053099525	7.069241171357137	7.392959855747977	7.764822276795529	6.7756142343611145	6.142227440194283	5.11059512208322	5.172878066738156	5.931202281244221	3.902034713287199	4.391799998074077	3.5012082242936957	3.667366028844095	3.7686438816850703	3.327500771476284	3.062599488955134	2.76283249580944	4.400535433167516	4.783600769736197	5.061553163091885	6.917769686249499	6.225514465584601	5.201691017220782	4.01851986907699	4.768486125096813	2.9585996925987663	5.356840139304723	4.178963987343753	4.012492249635144	2.992360925848742	5.930594516254741	3.541280700614232	3.663874484733939	5.029465106913238	3.7272543652593484	5.273573965862249	4.389117995265257	4.835318197008398	5.756969392208366	5.576054703770283	5.574917401556779	7.23790379212217	7.889616095422097	7.254434094928242	7.775258327598989
	# checklists reporting species - (House Finch)	648	491	457	621	504	711	1047	519	633	665	810	1228	944	1022	1041	1545	1597	1562	1312	1023	507	496	420	541	371	367	366	481	318	316	297	360	275	262	268	371	372	388	428	609	443	440	359	484	432	443	628	654
	
High Count
	House Finch	50	60	80	40	58	69	30	30	25	26	15	25	32	30	15	15	20	20	40	12	15	16	19	13	15	16	20	28	30	25	38	23	22	22	14	18	80	40	41	22	48	25	50	60	36	36	81	90
	# checklists reporting species - (House Finch)	722	535	492	678	550	745	1078	563	670	699	857	1303	1021	1099	1126	1648	1739	1659	1407	1103	550	535	461	578	422	400	400	530	360	346	323	403	304	291	291	414	417	422	463	653	474	467	380	518	458	475	670	705
	
Totals
	House Finch	3403	2552	2538	2918	2093	2968	4202	1676	1908	1942	2248	3279	2424	2592	2405	3395	3621	3576	3058	2309	1148	1132	1063	1327	1061	1094	1161	1633	1039	1089	1000	1148	836	894	754	1002	1213	1231	1468	1873	1524	1476	1435	1953	1798	2026	5143	3486
	# checklists reporting species - (House Finch)	688	523	481	657	524	729	1068	547	651	685	840	1287	998	1081	1101	1609	1672	1613	1361	1081	526	521	454	571	409	386	391	523	346	335	315	391	297	283	286	402	403	414	457	641	464	457	372	508	450	464	664	692
	
Average Count
	House Finch	4.946220930232558	4.879541108986616	5.276507276507276	4.441400304414003	3.9942748091603053	4.071330589849109	3.9344569288389515	3.0639853747714807	2.9308755760368665	2.835036496350365	2.676190476190476	2.5477855477855478	2.428857715430862	2.397779833487512	2.184377838328792	2.1100062150403978	2.16566985645933	2.216986980781153	2.2468772961058043	2.135985198889917	2.182509505703422	2.1727447216890594	2.341409691629956	2.3239929947460594	2.5941320293398533	2.8341968911917097	2.969309462915601	3.1223709369024855	3.0028901734104045	3.2507462686567163	3.1746031746031744	2.9360613810741687	2.814814814814815	3.1590106007067136	2.6363636363636362	2.4925373134328357	3.009925558312655	2.973429951690821	3.212253829321663	2.921996879875195	3.2844827586206895	3.2297592997811817	3.85752688172043	3.844488188976378	3.9955555555555557	4.366379310344827	7.745481927710843	5.03757225433526
	# checklists reporting species - (House Finch)	688	523	481	657	524	729	1068	547	651	685	840	1287	998	1081	1101	1609	1672	1613	1361	1081	526	521	454	571	409	386	391	523	346	335	315	391	297	283	286	402	403	414	457	641	464	457	372	508	450	464	664	692
	
