

	Week starting on...	1/1	1/8	1/15	1/22	2/1	2/8	2/15	2/22	3/1	3/8	3/15	3/22	4/1	4/8	4/15	4/22	5/1	5/8	5/15	5/22	6/1	6/8	6/15	6/22	7/1	7/8	7/15	7/22	8/1	8/8	8/15	8/22	9/1	9/8	9/15	9/22	10/1	10/8	10/15	10/22	11/1	11/8	11/15	11/22	12/1	12/8	12/15	12/22
Frequency (%)
	Scarlet Tanager	0.0	0.0	0.0	0.0	0.0	0.0	0.0	0.0	0.0	0.0	0.0	0.0	0.0	0.0	0.0	0.0	0.5936976708783681	6.128258915193287	18.190506530742276	5.912953008496618	1.0124610591900312	0.40723981900452494	0.40444893832153694	0.4551096400496483	0.28851702250432776	0.3213367609254499	0.06675567423230974	0.18744142455482662	0.2554278416347382	0.3078817733990148	0.5521811154058531	1.2898602651379434	3.1906300484652665	4.118616144975288	3.6237785016286646	3.089700996677741	1.7064846416382253	0.03790750568612585	0.0	0.0	0.039603960396039604	0.0	0.0	0.0	0.0	0.0	0.0	0.0
	Total # checklists submitted - (Scarlet Tanager)	4257	3234	2821	3966	2724	3571	5263	2828	3191	3538	3975	5362	4172	3984	4245	6147	6569	6674	6278	5767	2568	2210	1978	2417	1733	1556	1498	2134	1566	1624	1811	2791	2476	2428	2456	3010	2637	2638	2607	3511	2525	2556	2305	2794	2158	2208	2525	3537
	
Abundance
	Scarlet Tanager	0.0	0.0	0.0	0.0	0.0	0.0	0.0	0.0	0.0	0.0	0.0	0.0	0.0	0.0	0.0	0.0	0.006545897396864058	0.09334731795025472	0.3515450780503345	0.08583318883301544	0.011292834890965732	0.004072398190045249	0.003538928210313448	0.005792304509722797	0.003462204270051933	0.004498714652956298	6.675567423230974E-4	0.0018744142455482662	0.004469987228607918	0.003694581280788177	0.006626173384870237	0.0146900752418488	0.0444264943457189	0.05230642504118616	0.054967426710097717	0.04019933554817276	0.026545316647705725	3.790750568612585E-4	0.0	0.0	3.9603960396039607E-4	0.0	0.0	0.0	0.0	0.0	0.0	0.0
	Total # checklists submitted - (Scarlet Tanager)	4257	3234	2821	3966	2724	3571	5263	2828	3191	3538	3975	5362	4172	3984	4245	6147	6569	6674	6278	5767	2568	2210	1978	2417	1733	1556	1498	2134	1566	1624	1811	2791	2476	2428	2456	3010	2637	2638	2607	3511	2525	2556	2305	2794	2158	2208	2525	3537
	
Birds Per Party Hour
	Scarlet Tanager	0.0	0.0	0.0	0.0	0.0	0.0	0.0	0.0	0.0	0.0	0.0	0.0	0.0	0.0	0.0	0.0	0.7325197965504332	1.0284088965257403	1.3252801899089839	1.0787624390356025	1.1112963850541673	3.0798372180309097	0.6602765351573754	2.3400935092002912	2.824858859206333	3.3478998411227328	0.4284490145672665	0.6302324728952697	1.2560777890153445	0.616378425817743	2.4762543835910136	1.7284552772903585	1.0500070558394163	1.074722428425767	0.9824072999219082	1.33840580498047	0.7530589358880441	0.31313131313131315	1.199040767386091	0.0	1.0	0.0	0.0	0.0	0.0	0.0	0.0	0.0
	# checklists reporting species - (Scarlet Tanager)	0.0	0.0	0.0	0.0	0.0	0.0	0.0	0.0	0.0	0.0	0.0	0.0	0.0	0.0	0.0	0.0	43	453	1292	435	34	9	7	10	6	8	2	5	4	5	9	39	89	110	102	105	45	2	1	0.0	1	0.0	0.0	0.0	0.0	0.0	0.0	0.0
	
High Count
	Scarlet Tanager	0.0	0.0	0.0	0.0	0.0	0.0	0.0	0.0	0.0	0.0	0.0	0.0	0.0	0.0	0.0	0.0	3	13	15	12	2	1	1	2	3	2	1	1	4	2	2	10	6	4	6	4	10	1	1	0.0	1	0.0	0.0	0.0	0.0	0.0	0.0	0.0
	# checklists reporting species - (Scarlet Tanager)	0.0	0.0	0.0	0.0	0.0	0.0	0.0	0.0	0.0	0.0	0.0	0.0	0.0	0.0	0.0	0.0	51	498	1362	462	34	17	18	27	12	10	2	6	4	5	10	41	92	114	110	110	54	2	1	0.0	1	0.0	0.0	0.0	0.0	0.0	0.0	0.0
	
Totals
	Scarlet Tanager	0.0	0.0	0.0	0.0	0.0	0.0	0.0	0.0	0.0	0.0	0.0	0.0	0.0	0.0	0.0	0.0	57	732	2523	665	37	17	17	30	15	12	2	6	7	6	12	58	123	139	162	141	82	2	1	0.0	1	0.0	0.0	0.0	0.0	0.0	0.0	0.0
	# checklists reporting species - (Scarlet Tanager)	0.0	0.0	0.0	0.0	0.0	0.0	0.0	0.0	0.0	0.0	0.0	0.0	0.0	0.0	0.0	0.0	47	476	1323	454	34	17	17	26	12	10	2	6	4	5	10	41	89	111	106	110	53	2	1	0.0	1	0.0	0.0	0.0	0.0	0.0	0.0	0.0
	
Average Count
	Scarlet Tanager	0.0	0.0	0.0	0.0	0.0	0.0	0.0	0.0	0.0	0.0	0.0	0.0	0.0	0.0	0.0	0.0	1.2127659574468086	1.5378151260504203	1.90702947845805	1.4647577092511013	1.088235294117647	1.0	1.0	1.1538461538461537	1.25	1.2	1.0	1.0	1.75	1.2	1.2	1.4146341463414633	1.3820224719101124	1.2522522522522523	1.528301886792453	1.2818181818181817	1.5471698113207548	1.0	1.0	0.0	1.0	0.0	0.0	0.0	0.0	0.0	0.0	0.0
	# checklists reporting species - (Scarlet Tanager)	0.0	0.0	0.0	0.0	0.0	0.0	0.0	0.0	0.0	0.0	0.0	0.0	0.0	0.0	0.0	0.0	47	476	1323	454	34	17	17	26	12	10	2	6	4	5	10	41	89	111	106	110	53	2	1	0.0	1	0.0	0.0	0.0	0.0	0.0	0.0	0.0
	
