

	Week starting on...	1/1	1/8	1/15	1/22	2/1	2/8	2/15	2/22	3/1	3/8	3/15	3/22	4/1	4/8	4/15	4/22	5/1	5/8	5/15	5/22	6/1	6/8	6/15	6/22	7/1	7/8	7/15	7/22	8/1	8/8	8/15	8/22	9/1	9/8	9/15	9/22	10/1	10/8	10/15	10/22	11/1	11/8	11/15	11/22	12/1	12/8	12/15	12/22
Frequency (%)
	Common Merganser	16.983791402396054	16.542980828695114	15.171924849344204	17.574382249117498	16.666666666666664	10.837300476057127	9.63328899866996	17.114568599717114	17.298652460043872	17.552289429055964	16.9811320754717	13.409175680716151	11.625119846596357	8.785140562248996	9.069493521790342	6.035464454205304	4.3385599025726895	2.0227749475576866	1.0672188595093979	0.7109415640714409	0.27258566978193144	0.18099547511312217	0.10111223458038424	0.2068680182043856	0.3462204270051933	0.1928020565552699	0.20026702269692925	0.09372071227741331	0.38314176245210724	0.12315270935960591	0.05521811154058532	0.35829451809387314	1.2116316639741518	1.6474464579901154	2.1579804560260585	2.5913621262458473	2.578687902919985	3.828658074298711	5.178365937859609	6.607804044431786	7.801980198019802	9.624413145539906	11.062906724511931	10.164638511095205	12.3725671918443	14.31159420289855	15.603960396039604	16.652530392988407
	Total # checklists submitted - (Common Merganser)	4257	3234	2821	3966	2724	3571	5263	2828	3191	3538	3975	5362	4172	3984	4245	6147	6569	6674	6278	5767	2568	2210	1978	2417	1733	1556	1498	2134	1566	1624	1811	2791	2476	2428	2456	3010	2637	2638	2607	3511	2525	2556	2305	2794	2158	2208	2525	3537
	
Abundance
	Common Merganser	1.8339206013624618	1.8457019171304885	1.293158454448777	1.0847201210287443	1.07856093979442	0.7258471016521982	0.5827474824244727	1.3935643564356435	1.189595738013162	1.4810627473148672	1.2538364779874214	1.1654233494964565	0.9827420901246404	0.5855923694779116	0.542756183745583	0.30453879941434847	0.14842441771959203	0.056637698531615224	0.0272379738770309	0.012658227848101266	0.0050623052959501555	0.005429864253393665	0.0010111223458038423	0.0024824162184526274	0.004616272360069244	0.0019280205655526992	0.0026702269692923898	9.372071227741331E-4	0.005108556832694764	0.0018472906403940886	0.0	0.004299534217126478	0.049273021001615507	0.07084019769357495	0.059446254071661236	0.07774086378737542	0.10845657944634055	0.16300227445034116	0.19601074031453777	0.5454286528054685	0.6328712871287129	0.7363067292644757	1.0008676789587851	0.8521832498210451	1.0055607043558852	1.59375	1.5326732673267327	1.4763924229573084
	Total # checklists submitted - (Common Merganser)	4257	3234	2821	3966	2724	3571	5263	2828	3191	3538	3975	5362	4172	3984	4245	6147	6569	6674	6278	5767	2568	2210	1978	2417	1733	1556	1498	2134	1566	1624	1811	2791	2476	2428	2456	3010	2637	2638	2607	3511	2525	2556	2305	2794	2158	2208	2525	3537
	
Birds Per Party Hour
	Common Merganser	12.295290476242569	13.00267438538251	9.589096040716402	7.269841504377725	6.009539704264325	6.669313941447207	6.1253102371367	7.947591632722816	8.21271676425243	6.514518341629942	6.052247010310817	5.23311062068053	4.860067219534472	3.51936354558147	3.404610170232261	2.700021699873292	1.627435653090034	1.1233210885926408	1.1040143886846554	0.927147775796427	1.2143040682619148	1.151866515837104	0.4468375136314068	10.320696202125037	0.7793688062853856	1.256198910081744	0.4977768685215494	0.34509803921568627	1.3409537753608032	0.375	0.0	11.120757090802181	1.3805841110010417	1.7912778275252599	1.6377529562981004	1.8767785256900318	4.300686543723215	1.6835600059081324	1.4701186790540894	6.300956197690134	6.286472590943867	7.086860498009177	5.582515001598968	8.84629947995947	6.318803465460905	6.310690302004381	7.788926115411839	8.9038430301695
	# checklists reporting species - (Common Merganser)	685	518	418	675	425	357	494	466	529	601	647	675	462	339	368	350	278	136	66	43	8	4	3	6	6	4	4	3	4	2	0	11	30	41	55	77	64	102	132	229	198	243	241	273	261	308	382	580
	
High Count
	Common Merganser	384	258	131	75	134	100	62	92	125	104	93	150	70	60	80	30	21	16	12	7	3	9	1	4	2	1	2	1	3	2	3	2	19	51	10	33	20	35	22	200	200	100	200	95	120	250	148	130
	# checklists reporting species - (Common Merganser)	777	577	464	744	482	410	549	517	597	661	717	762	514	376	404	390	301	142	71	47	8	4	3	7	6	4	4	3	6	3	2	15	32	43	59	83	70	111	144	262	218	269	274	316	297	358	432	633
	
Totals
	Common Merganser	8123	6580	3939	4588	3004	2786	3235	4085	3949	5443	5313	6395	4350	2534	2403	1958	1014	412	175	86	16	12	3	11	8	4	5	3	8	4	3	18	124	175	165	279	289	456	531	2056	1694	2106	2378	2607	2432	4178	4193	5526
	# checklists reporting species - (Common Merganser)	707	542	433	699	436	374	516	481	540	612	659	694	474	344	374	358	282	139	68	45	8	4	3	7	6	4	4	3	5	3	1	15	32	42	58	82	68	108	138	248	205	252	253	286	282	329	402	592
	
Average Count
	Common Merganser	11.48939179632249	12.140221402214022	9.096997690531177	6.563662374821173	6.889908256880734	7.449197860962567	6.26937984496124	8.492723492723492	7.312962962962963	8.893790849673202	8.062215477996965	9.214697406340058	9.177215189873417	7.366279069767442	6.425133689839572	5.4692737430167595	3.595744680851064	2.964028776978417	2.573529411764706	1.9111111111111112	2.0	3.0	1.0	1.5714285714285714	1.3333333333333333	1.0	1.25	1.0	1.6	1.3333333333333333	3.0	1.2	3.875	4.166666666666667	2.8448275862068964	3.402439024390244	4.25	4.222222222222222	3.847826086956522	8.290322580645162	8.263414634146342	8.357142857142858	9.399209486166008	9.115384615384615	8.624113475177305	12.699088145896656	10.430348258706468	9.33445945945946
	# checklists reporting species - (Common Merganser)	707	542	433	699	436	374	516	481	540	612	659	694	474	344	374	358	282	139	68	45	8	4	3	7	6	4	4	3	5	3	1	15	32	42	58	82	68	108	138	248	205	252	253	286	282	329	402	592
	
