

	Week starting on...	1/1	1/8	1/15	1/22	2/1	2/8	2/15	2/22	3/1	3/8	3/15	3/22	4/1	4/8	4/15	4/22	5/1	5/8	5/15	5/22	6/1	6/8	6/15	6/22	7/1	7/8	7/15	7/22	8/1	8/8	8/15	8/22	9/1	9/8	9/15	9/22	10/1	10/8	10/15	10/22	11/1	11/8	11/15	11/22	12/1	12/8	12/15	12/22
Frequency (%)
	Northern Pintail	3.2652102419544278	2.9684601113172544	2.6586316908897554	3.303076147251639	2.1659324522760643	1.3441612993559227	1.0070302109063272	1.6619519094766622	1.1908492635537449	2.2894290559638217	1.9119496855345912	1.268183513614323	0.7909875359539789	0.5020080321285141	0.37691401648998824	0.2602895721490158	0.030446034404018874	0.0	0.0	0.0	0.0	0.0	0.0	0.0	0.0	0.0	0.0	0.0	0.06385696040868455	0.7389162561576355	0.6626173384870238	0.32246506628448585	0.9289176090468497	0.7825370675453047	1.0586319218241043	1.9933554817275747	1.6306408797876375	3.184230477634572	3.452243958573072	3.8165764739390484	3.6435643564356432	3.051643192488263	2.0824295010845986	1.6105941302791698	3.104726598702502	2.4909420289855073	2.376237623762376	2.572801809443031
	Total # checklists submitted - (Northern Pintail)	4257	3234	2821	3966	2724	3571	5263	2828	3191	3538	3975	5362	4172	3984	4245	6147	6569	6674	6278	5767	2568	2210	1978	2417	1733	1556	1498	2134	1566	1624	1811	2791	2476	2428	2456	3010	2637	2638	2607	3511	2525	2556	2305	2794	2158	2208	2525	3537
	
Abundance
	Northern Pintail	0.035001174536058256	0.039888682745825604	0.03792981212336051	0.050932929904185575	0.023127753303964757	0.014561747409689163	0.013110393311799353	0.02050919377652051	0.06988404888749608	0.23996608253250423	0.0860377358490566	0.07590451324132787	0.03906999041227229	0.008283132530120483	0.007302709069493522	0.003416300634455832	4.5669051606028315E-4	0.0	0.0	0.0	0.0	0.0	0.0	0.0	0.0	0.0	0.0	0.0	6.385696040868455E-4	0.007389162561576354	0.006626173384870237	0.0035829451809387316	0.009289176090468497	0.01070840197693575	0.015879478827361564	0.030564784053156147	0.027303754266211604	0.07012888551933283	0.06635980053701572	0.08117345485616634	0.05861386138613861	0.05203442879499218	0.02863340563991323	0.023264137437365783	0.04077849860982391	0.03804347826086957	0.04237623762376238	0.04438789934973141
	Total # checklists submitted - (Northern Pintail)	4257	3234	2821	3966	2724	3571	5263	2828	3191	3538	3975	5362	4172	3984	4245	6147	6569	6674	6278	5767	2568	2210	1978	2417	1733	1556	1498	2134	1566	1624	1811	2791	2476	2428	2456	3010	2637	2638	2607	3511	2525	2556	2305	2794	2158	2208	2525	3537
	
Birds Per Party Hour
	Northern Pintail	1.093837344372571	3.365931274270555	1.5438554026616327	1.401736749656753	1.3626413127141852	1.4783518200864647	1.3668864298269199	1.9232462209423111	2.616098061581653	4.790966407691566	1.4842241546181925	2.209045888581313	1.243783152102939	0.7352408273338006	0.6375001156642337	3.82181627647988	0.9	0.0	0.0	0.0	0.0	0.0	0.0	0.0	0.0	0.0	0.0	0.0	0.9671179883945842	0.37761855753184015	0.31585592008230573	0.45001857887836144	0.3815289954734308	0.36511327495072493	1.0868809488408637	0.5692927150851297	0.7887723624788413	0.8933490363661137	0.7407218133582327	1.1626665171081985	0.9627551355420227	0.8641798645203759	0.48761660171365534	0.6248034618074229	0.63266492701318	0.662109105066249	0.820738670812728	0.9967450192302486
	# checklists reporting species - (Northern Pintail)	137	98	77	135	59	50	56	46	40	81	75	68	33	20	17	15	2	0.0	0.0	0.0	0.0	0.0	0.0	0.0	0.0	0.0	0.0	0.0	1	12	13	9	24	20	28	60	48	84	92	140	100	80	47	47	68	55	63	98
	
High Count
	Northern Pintail	4	8	6	21	3	2	6	5	100	293	24	49	26	3	5	4	2	0.0	0.0	0.0	0.0	0.0	0.0	0.0	0.0	0.0	0.0	0.0	1	1	1	2	1	4	10	5	7	8	12	48	19	14	4	5	4	4	14	20
	# checklists reporting species - (Northern Pintail)	149	102	81	143	63	55	58	51	44	86	79	77	37	21	18	20	2	0.0	0.0	0.0	0.0	0.0	0.0	0.0	0.0	0.0	0.0	0.0	1	12	14	10	25	20	29	63	50	88	100	150	108	86	54	57	75	64	71	104
	
Totals
	Northern Pintail	158	136	112	214	66	60	74	62	237	886	344	443	165	34	33	29	3	0.0	0.0	0.0	0.0	0.0	0.0	0.0	0.0	0.0	0.0	0.0	1	12	14	11	25	27	42	99	86	198	191	350	167	143	73	80	102	94	119	169
	# checklists reporting species - (Northern Pintail)	142	101	79	142	62	55	58	50	43	86	77	75	35	20	18	18	2	0.0	0.0	0.0	0.0	0.0	0.0	0.0	0.0	0.0	0.0	0.0	1	12	14	10	25	20	29	63	50	87	97	147	104	84	53	55	73	63	70	103
	
Average Count
	Northern Pintail	1.1126760563380282	1.3465346534653466	1.4177215189873418	1.5070422535211268	1.064516129032258	1.0909090909090908	1.2758620689655173	1.24	5.511627906976744	10.30232558139535	4.467532467532467	5.906666666666666	4.714285714285714	1.7	1.8333333333333333	1.6111111111111112	1.5	0.0	0.0	0.0	0.0	0.0	0.0	0.0	0.0	0.0	0.0	0.0	1.0	1.0	1.0	1.1	1.0	1.35	1.4482758620689655	1.5714285714285714	1.72	2.2758620689655173	1.9690721649484537	2.380952380952381	1.6057692307692308	1.7023809523809523	1.3773584905660377	1.4545454545454546	1.3972602739726028	1.492063492063492	1.7	1.6407766990291262
	# checklists reporting species - (Northern Pintail)	142	101	79	142	62	55	58	50	43	86	77	75	35	20	18	18	2	0.0	0.0	0.0	0.0	0.0	0.0	0.0	0.0	0.0	0.0	0.0	1	12	14	10	25	20	29	63	50	87	97	147	104	84	53	55	73	63	70	103
	
