

	Week starting on...	1/1	1/8	1/15	1/22	2/1	2/8	2/15	2/22	3/1	3/8	3/15	3/22	4/1	4/8	4/15	4/22	5/1	5/8	5/15	5/22	6/1	6/8	6/15	6/22	7/1	7/8	7/15	7/22	8/1	8/8	8/15	8/22	9/1	9/8	9/15	9/22	10/1	10/8	10/15	10/22	11/1	11/8	11/15	11/22	12/1	12/8	12/15	12/22
Frequency (%)
	Ruddy Duck	1.432933991073526	1.3296227581941866	1.2761432116270826	0.7564296520423601	0.881057268722467	1.008120974516942	0.4180125403762113	0.9547383309759547	1.3788780946411783	2.2611644997173546	3.069182389937107	2.4990675121223425	3.1879194630872485	3.1877510040160644	3.439340400471143	1.7569546120058566	0.6241437052823869	0.1498351813005694	0.5256451099076139	0.8149817929599444	0.1557632398753894	0.0	0.05055611729019212	0.0	0.0	0.0	0.0	0.0	0.0	0.06157635467980296	0.0	0.14331780723754925	0.04038772213247173	0.08237232289950577	0.0	0.19933554817275745	0.720515737580584	1.3646702047005308	1.534330648254699	1.9082882369695242	2.3366336633663365	1.9170579029733958	1.735357917570499	1.8969219756621332	1.3901760889712698	0.9057971014492754	0.8316831683168318	0.8481764206955046
	Total # checklists submitted - (Ruddy Duck)	4257	3234	2821	3966	2724	3571	5263	2828	3191	3538	3975	5362	4172	3984	4245	6147	6569	6674	6278	5767	2568	2210	1978	2417	1733	1556	1498	2134	1566	1624	1811	2791	2476	2428	2456	3010	2637	2638	2607	3511	2525	2556	2305	2794	2158	2208	2525	3537
	
Abundance
	Ruddy Duck	0.2767206953253465	0.14935064935064934	0.15916341722793337	0.03908219868885527	0.028634361233480177	0.04508541024922991	0.03154094622838685	0.060113154172560114	0.07051081165778753	0.16167326172979085	0.15974842767295597	0.20775829914211116	0.19990412272291466	0.2090863453815261	0.12461719670200236	0.07353180413209696	0.015527477546049627	0.006442912795924483	0.019751513220770945	0.013351829374024623	0.001557632398753894	0.0	5.055611729019212E-4	0.0	0.0	0.0	0.0	0.0	0.0	0.0012315270935960591	0.0	0.004299534217126478	4.038772213247173E-4	0.004118616144975288	0.0	0.0019933554817275745	0.015547971179370497	0.03639120545868082	0.037591100882240124	0.053261179151238965	0.10217821782178217	0.12910798122065728	0.13752711496746203	0.5522548317823909	0.4411492122335496	0.10869565217391304	0.19207920792079208	0.19762510602205258
	Total # checklists submitted - (Ruddy Duck)	4257	3234	2821	3966	2724	3571	5263	2828	3191	3538	3975	5362	4172	3984	4245	6147	6569	6674	6278	5767	2568	2210	1978	2417	1733	1556	1498	2134	1566	1624	1811	2791	2476	2428	2456	3010	2637	2638	2607	3511	2525	2556	2305	2794	2158	2208	2525	3537
	
Birds Per Party Hour
	Ruddy Duck	47.829627811744615	16.21309107633881	15.694767826714587	7.719930200922823	2.5085162190556214	4.7341506359763015	5.960173185385327	7.005491155396911	3.862704632820054	7.531705206237433	5.263006916094913	8.02163112040506	5.427007229063198	5.650198499318034	2.8498451223530212	2.6796608349795066	2.024295157012288	1.063626822514294	1.0382274556987054	0.506210908277215	0.3586455081804939	0.0	0.6591957811470006	0.0	0.0	0.0	0.0	0.0	0.0	0.5	0.0	0.9972512500188329	0.6666666666666666	2.25	0.0	1.3577822548171743	0.9147336287090382	1.721417808441564	1.0081599913243775	1.9324446676678304	5.167777088293351	6.722648382276021	5.572779821466794	26.13868107978639	48.22449848492859	22.97355752336148	17.791276956403387	27.301458094205902
	# checklists reporting species - (Ruddy Duck)	51	37	36	29	21	33	22	24	40	76	125	133	134	128	145	107	39	10	35	49	5	0.0	1	0.0	0.0	0.0	0.0	0.0	0.0	1	0.0	4	1	2	0.0	6	18	35	38	66	58	47	41	54	29	18	22	25
	
High Count
	Ruddy Duck	120	100	125	23	19	51	54	32	42	100	50	65	60	45	39	20	8	19	10	5	1	0.0	1	0.0	0.0	0.0	0.0	0.0	0.0	2	0.0	3	1	8	0.0	1	6	13	8	40	60	200	94	180	157	57	150	120
	# checklists reporting species - (Ruddy Duck)	66	44	40	35	26	36	24	28	48	83	135	149	144	137	159	116	44	12	37	50	5	0.0	1	0.0	0.0	0.0	0.0	0.0	0.0	1	0.0	4	1	2	0.0	7	22	41	48	73	68	51	48	63	37	30	28	35
	
Totals
	Ruddy Duck	1302	484	578	164	80	161	174	171	248	580	678	1224	882	955	614	475	105	47	128	80	5	0.0	1	0.0	0.0	0.0	0.0	0.0	0.0	2	0.0	12	1	10	0.0	7	44	113	112	213	313	336	395	1684	989	280	593	829
	# checklists reporting species - (Ruddy Duck)	54	38	36	33	22	33	23	25	42	77	130	140	139	132	157	111	42	12	35	50	5	0.0	1	0.0	0.0	0.0	0.0	0.0	0.0	1	0.0	4	1	2	0.0	7	22	41	47	72	64	48	47	60	32	24	25	29
	
Average Count
	Ruddy Duck	24.11111111111111	12.736842105263158	16.055555555555557	4.96969696969697	3.6363636363636362	4.878787878787879	7.565217391304348	6.84	5.904761904761905	7.532467532467533	5.2153846153846155	8.742857142857142	6.345323741007194	7.234848484848484	3.910828025477707	4.2792792792792795	2.5	3.9166666666666665	3.657142857142857	1.6	1.0	0.0	1.0	0.0	0.0	0.0	0.0	0.0	0.0	2.0	0.0	3.0	1.0	5.0	0.0	1.0	2.0	2.7560975609756095	2.382978723404255	2.9583333333333335	4.890625	7.0	8.404255319148936	28.066666666666666	30.90625	11.666666666666666	23.72	28.586206896551722
	# checklists reporting species - (Ruddy Duck)	54	38	36	33	22	33	23	25	42	77	130	140	139	132	157	111	42	12	35	50	5	0.0	1	0.0	0.0	0.0	0.0	0.0	0.0	1	0.0	4	1	2	0.0	7	22	41	47	72	64	48	47	60	32	24	25	29
	
