

	Week starting on...	1/1	1/8	1/15	1/22	2/1	2/8	2/15	2/22	3/1	3/8	3/15	3/22	4/1	4/8	4/15	4/22	5/1	5/8	5/15	5/22	6/1	6/8	6/15	6/22	7/1	7/8	7/15	7/22	8/1	8/8	8/15	8/22	9/1	9/8	9/15	9/22	10/1	10/8	10/15	10/22	11/1	11/8	11/15	11/22	12/1	12/8	12/15	12/22
Frequency (%)
	Least Sandpiper	0.0	0.0	0.0	0.0	0.0	0.0	0.0	0.0	0.0	0.0	0.0	0.0	0.0	0.0	0.0	0.03253619651862698	0.8068199117065001	4.150434522025772	7.470532016565786	7.42153632737992	1.5965732087227413	0.09049773755656108	0.10111223458038424	0.08274720728175423	1.5579919215233697	4.627249357326478	7.810413885180241	7.075913776944705	6.577266922094509	10.529556650246304	12.589729431253453	12.361160874238625	9.248788368336026	5.107084019769357	3.9902280130293155	2.292358803986711	1.441031475161168	0.0758150113722517	0.038358266206367474	0.0	0.0	0.0	0.0	0.0	0.0	0.0	0.0	0.0
	Total # checklists submitted - (Least Sandpiper)	4257	3234	2821	3966	2724	3571	5263	2828	3191	3538	3975	5362	4172	3984	4245	6147	6569	6674	6278	5767	2568	2210	1978	2417	1733	1556	1498	2134	1566	1624	1811	2791	2476	2428	2456	3010	2637	2638	2607	3511	2525	2556	2305	2794	2158	2208	2525	3537
	
Abundance
	Least Sandpiper	0.0	0.0	0.0	0.0	0.0	0.0	0.0	0.0	0.0	0.0	0.0	0.0	0.0	0.0	0.0	3.2536196518626975E-4	0.016897549094230475	0.24528019178903207	0.5872889455240522	0.4256979365354604	0.03543613707165109	9.049773755656109E-4	0.0010111223458038423	0.0012412081092263137	0.05193306405077899	0.16773778920308482	0.2923898531375167	0.21790065604498593	0.2624521072796935	0.6330049261083743	0.6024295969077857	0.5661053385883196	0.30573505654281097	0.12355848434925865	0.12337133550488599	0.03787375415282392	0.019340159271899887	7.58150113722517E-4	3.835826620636747E-4	0.0	0.0	0.0	0.0	0.0	0.0	0.0	0.0	0.0
	Total # checklists submitted - (Least Sandpiper)	4257	3234	2821	3966	2724	3571	5263	2828	3191	3538	3975	5362	4172	3984	4245	6147	6569	6674	6278	5767	2568	2210	1978	2417	1733	1556	1498	2134	1566	1624	1811	2791	2476	2428	2456	3010	2637	2638	2607	3511	2525	2556	2305	2794	2158	2208	2525	3537
	
Birds Per Party Hour
	Least Sandpiper	0.0	0.0	0.0	0.0	0.0	0.0	0.0	0.0	0.0	0.0	0.0	0.0	0.0	0.0	0.0	0.32142857142857145	1.1293085553260223	4.866737271806956	3.4434116447547103	2.6145203591500206	0.9297196896136508	0.4227918700216994	0.324544784759499	0.3611111111111111	2.264611137222654	2.2869226085195975	3.1999216627513993	2.1769642427921023	2.8929217253129234	9.122133436817295	3.2988904376149817	3.107969205826094	2.4296063148677765	1.2631389317584294	1.2822567693346203	0.5651634166735138	0.4550842998042417	0.31172427193898616	0.18867924528301888	0.0	0.0	0.0	0.0	0.0	0.0	0.0	0.0	0.0
	# checklists reporting species - (Least Sandpiper)	0.0	0.0	0.0	0.0	0.0	0.0	0.0	0.0	0.0	0.0	0.0	0.0	0.0	0.0	0.0	2	55	286	504	446	41	2	2	2	30	76	131	176	114	198	264	385	244	130	102	73	40	2	1	0.0	0.0	0.0	0.0	0.0	0.0	0.0	0.0	0.0
	
High Count
	Least Sandpiper	0.0	0.0	0.0	0.0	0.0	0.0	0.0	0.0	0.0	0.0	0.0	0.0	0.0	0.0	0.0	1	13	55	60	100	7	1	1	2	7	15	22	20	17	35	52	30	20	20	16	8	3	5	1	0.0	0.0	0.0	0.0	0.0	0.0	0.0	0.0	0.0
	# checklists reporting species - (Least Sandpiper)	0.0	0.0	0.0	0.0	0.0	0.0	0.0	0.0	0.0	0.0	0.0	0.0	0.0	0.0	0.0	2	56	303	529	474	42	2	2	3	30	79	139	188	119	209	280	413	255	138	112	80	40	3	1	0.0	0.0	0.0	0.0	0.0	0.0	0.0	0.0	0.0
	
Totals
	Least Sandpiper	0.0	0.0	0.0	0.0	0.0	0.0	0.0	0.0	0.0	0.0	0.0	0.0	0.0	0.0	0.0	2	125	1768	3968	2705	92	2	2	4	94	275	505	603	469	1227	1344	1804	826	351	333	127	53	7	1	0.0	0.0	0.0	0.0	0.0	0.0	0.0	0.0	0.0
	# checklists reporting species - (Least Sandpiper)	0.0	0.0	0.0	0.0	0.0	0.0	0.0	0.0	0.0	0.0	0.0	0.0	0.0	0.0	0.0	2	55	296	515	457	41	2	2	3	30	79	139	188	117	206	274	399	251	135	111	78	40	3	1	0.0	0.0	0.0	0.0	0.0	0.0	0.0	0.0	0.0
	
Average Count
	Least Sandpiper	0.0	0.0	0.0	0.0	0.0	0.0	0.0	0.0	0.0	0.0	0.0	0.0	0.0	0.0	0.0	1.0	2.272727272727273	5.972972972972973	7.704854368932039	5.919037199124727	2.2439024390243905	1.0	1.0	1.3333333333333333	3.1333333333333333	3.481012658227848	3.633093525179856	3.2074468085106385	4.0085470085470085	5.956310679611651	4.905109489051095	4.521303258145363	3.2908366533864544	2.6	3.0	1.6282051282051282	1.325	2.3333333333333335	1.0	0.0	0.0	0.0	0.0	0.0	0.0	0.0	0.0	0.0
	# checklists reporting species - (Least Sandpiper)	0.0	0.0	0.0	0.0	0.0	0.0	0.0	0.0	0.0	0.0	0.0	0.0	0.0	0.0	0.0	2	55	296	515	457	41	2	2	3	30	79	139	188	117	206	274	399	251	135	111	78	40	3	1	0.0	0.0	0.0	0.0	0.0	0.0	0.0	0.0	0.0
	
