

	Week starting on...	1/1	1/8	1/15	1/22	2/1	2/8	2/15	2/22	3/1	3/8	3/15	3/22	4/1	4/8	4/15	4/22	5/1	5/8	5/15	5/22	6/1	6/8	6/15	6/22	7/1	7/8	7/15	7/22	8/1	8/8	8/15	8/22	9/1	9/8	9/15	9/22	10/1	10/8	10/15	10/22	11/1	11/8	11/15	11/22	12/1	12/8	12/15	12/22
Frequency (%)
	Red-tailed Hawk	18.675123326286116	17.439703153988866	21.62353775257001	19.389813414019162	21.402349486049925	18.006160739288717	17.11951358540756	21.88826025459689	21.811344406142275	23.23346523459582	22.69182389937107	20.626631853785902	21.836049856184083	17.59538152610442	17.502944640753828	18.00878477306003	15.162125133201402	15.313155528918191	12.806626314112773	12.398127275880007	13.746105919003115	14.072398190045249	12.43680485338726	10.591642532064542	11.54068090017311	12.724935732647817	13.150867823765019	13.16776007497657	11.558109833971903	11.145320197044335	11.651021535063501	14.116804012898603	16.31663974151858	17.99835255354201	19.177524429967427	19.302325581395348	16.306408797876372	20.697498104624714	24.165707710011507	24.067217317003703	22.693069306930695	21.205007824726135	19.95661605206074	16.463851109520398	18.39666357738647	22.056159420289855	26.732673267326735	19.93214588634436
	Total # checklists submitted - (Red-tailed Hawk)	4257	3234	2821	3966	2724	3571	5263	2828	3191	3538	3975	5362	4172	3984	4245	6147	6569	6674	6278	5767	2568	2210	1978	2417	1733	1556	1498	2134	1566	1624	1811	2791	2476	2428	2456	3010	2637	2638	2607	3511	2525	2556	2305	2794	2158	2208	2525	3537
	
Abundance
	Red-tailed Hawk	0.25980737608644583	0.24304267161410018	0.3112371499468274	0.2700453857791225	0.31607929515418504	0.23774852982357883	0.24605738172145164	0.32284299858557286	0.3202757756189282	0.3617863199547767	0.33937106918238996	0.3021260723610593	0.31279961649089166	0.24899598393574296	0.223321554770318	0.23019359036928583	0.19059217536915818	0.1908900209769254	0.163109270468302	0.1595283509623721	0.17834890965732086	0.18099547511312217	0.16936299292214357	0.1448076127430699	0.14483554529717255	0.17930591259640102	0.17222963951935916	0.17760074976569823	0.14623243933588762	0.14901477832512317	0.1695196024295969	0.1963453959154425	0.2617124394184168	0.37355848434925865	0.4222312703583062	0.467109634551495	0.40424725066363293	0.6974981046247157	1.7418488684311468	2.956707490743378	1.215049504950495	1.4151017214397497	0.43817787418655096	0.2698639942734431	0.27201112140871175	0.33469202898550726	0.5152475247524753	0.2680237489397795
	Total # checklists submitted - (Red-tailed Hawk)	4257	3234	2821	3966	2724	3571	5263	2828	3191	3538	3975	5362	4172	3984	4245	6147	6569	6674	6278	5767	2568	2210	1978	2417	1733	1556	1498	2134	1566	1624	1811	2791	2476	2428	2456	3010	2637	2638	2607	3511	2525	2556	2305	2794	2158	2208	2525	3537
	
Birds Per Party Hour
	Red-tailed Hawk	2.549667935976762	2.512900008988499	2.5848357915508635	2.4549188958707187	3.0564225141133274	2.3332102788230875	2.145058068153847	1.9507134268787276	2.503474545526015	2.046108459816425	1.8065749685984775	2.141836384893286	1.8856346860412547	1.6573583525220097	1.8171810514060611	1.334397640642942	1.2503819139647083	1.4009997632551925	1.2967898248784238	1.464767733556433	2.0912855922415825	1.713939882110161	2.5723541704358586	2.0516990271812037	2.547360374835846	3.0009494076473824	1.6955892443292448	2.6546561001563096	1.4933071118007646	1.3292618056627472	1.4651430895254263	1.0583326222107643	1.315823452940854	1.5356947346573522	1.8883476169693236	1.851720299379763	2.0454210384309732	3.125430385263893	3.7271954625232926	9.052852821152339	6.015647644297991	5.1790760974609045	3.4738210384053003	2.0095697112826465	2.111835756711924	2.36863314713172	1.5023667039492925	1.917592582707103
	# checklists reporting species - (Red-tailed Hawk)	885	612	644	832	626	708	965	667	764	882	940	1160	951	742	773	1146	1035	1097	843	771	392	332	259	280	225	225	219	299	207	205	232	449	473	544	608	719	558	709	824	1065	725	668	559	549	438	520	730	749
	
High Count
	Red-tailed Hawk	10	7	8	10	10	7	8	9	12	15	9	10	20	21	6	6	6	4	5	6	5	5	4	4	4	5	5	5	5	5	24	11	20	45	54	58	43	144	213	647	327	246	100	24	18	15	14	8
	# checklists reporting species - (Red-tailed Hawk)	945	696	693	917	692	763	1039	720	820	941	1001	1240	1021	784	825	1215	1081	1134	884	805	420	355	279	294	247	236	230	326	219	224	242	466	490	572	627	755	587	741	861	1130	761	703	592	574	478	566	784	790
	
Totals
	Red-tailed Hawk	1270	946	986	1260	998	1008	1469	1041	1173	1412	1473	1775	1441	1093	1058	1545	1357	1400	1114	1037	540	456	393	398	306	336	313	433	281	290	346	651	839	1240	1531	2005	1669	3144	6623	16585	6008	5905	2216	1083	684	834	1495	1059
	# checklists reporting species - (Red-tailed Hawk)	935	687	690	905	682	755	1028	714	810	935	988	1225	1003	773	807	1197	1061	1121	864	787	410	349	274	289	240	231	225	319	215	222	242	464	483	562	621	745	575	727	851	1109	756	693	586	571	477	557	781	783
	
Average Count
	Red-tailed Hawk	1.358288770053476	1.3770014556040757	1.4289855072463769	1.3922651933701657	1.4633431085043989	1.3350993377483444	1.428988326848249	1.4579831932773109	1.4481481481481482	1.5101604278074867	1.4908906882591093	1.4489795918367347	1.4366899302093719	1.4139715394566623	1.3110285006195788	1.2907268170426065	1.2789820923656927	1.2488849241748439	1.2893518518518519	1.317662007623888	1.3170731707317074	1.3065902578796562	1.4343065693430657	1.3771626297577855	1.275	1.4545454545454546	1.3911111111111112	1.3573667711598747	1.3069767441860465	1.3063063063063063	1.4297520661157024	1.4030172413793103	1.7370600414078674	2.206405693950178	2.465378421900161	2.6912751677852347	2.902608695652174	4.3246217331499315	7.782608695652174	14.954914337240757	7.947089947089947	8.520923520923521	3.781569965870307	1.8966725043782837	1.4339622641509433	1.497307001795332	1.914212548015365	1.3524904214559388
	# checklists reporting species - (Red-tailed Hawk)	935	687	690	905	682	755	1028	714	810	935	988	1225	1003	773	807	1197	1061	1121	864	787	410	349	274	289	240	231	225	319	215	222	242	464	483	562	621	745	575	727	851	1109	756	693	586	571	477	557	781	783
	
