

	Week starting on...	1/1	1/8	1/15	1/22	2/1	2/8	2/15	2/22	3/1	3/8	3/15	3/22	4/1	4/8	4/15	4/22	5/1	5/8	5/15	5/22	6/1	6/8	6/15	6/22	7/1	7/8	7/15	7/22	8/1	8/8	8/15	8/22	9/1	9/8	9/15	9/22	10/1	10/8	10/15	10/22	11/1	11/8	11/15	11/22	12/1	12/8	12/15	12/22
Frequency (%)
	Eastern Kingbird	0.0	0.0	0.0	0.0	0.0	0.0	0.0	0.0	0.0	0.0	0.0	0.0	0.0	0.0	0.0	0.3578981617048967	8.052976099862994	16.257117171111776	29.89805670595731	37.22906190393619	26.168224299065418	22.30769230769231	22.295247724974722	18.700868845676457	22.96595499134449	24.80719794344473	28.237650200267023	31.443298969072163	31.928480204342275	29.43349753694581	28.492545554942023	22.644213543532786	13.045234248788368	5.313014827018122	1.3843648208469055	0.0664451827242525	0.07584376185058779	0.03790750568612585	0.0	0.0	0.0	0.0	0.0	0.0	0.0	0.0	0.0	0.0
	Total # checklists submitted - (Eastern Kingbird)	4257	3234	2821	3966	2724	3571	5263	2828	3191	3538	3975	5362	4172	3984	4245	6147	6569	6674	6278	5767	2568	2210	1978	2417	1733	1556	1498	2134	1566	1624	1811	2791	2476	2428	2456	3010	2637	2638	2607	3511	2525	2556	2305	2794	2158	2208	2525	3537
	
Abundance
	Eastern Kingbird	0.0	0.0	0.0	0.0	0.0	0.0	0.0	0.0	0.0	0.0	0.0	0.0	0.0	0.0	0.0	0.004229705547421507	0.14385751255898918	0.40185795624812704	1.0414144632048423	1.3769724293393446	0.831386292834891	0.5778280542986425	0.5338725985844287	0.4224244931733554	0.582804385458742	0.7210796915167095	1.0921228304405874	1.3481724461105904	1.2592592592592593	1.2456896551724137	1.2274986195472115	0.9247581512002866	0.4087237479806139	0.12767710049423395	0.018729641693811076	6.64451827242525E-4	7.584376185058779E-4	3.790750568612585E-4	0.0	0.0	0.0	0.0	0.0	0.0	0.0	0.0	0.0	0.0
	Total # checklists submitted - (Eastern Kingbird)	4257	3234	2821	3966	2724	3571	5263	2828	3191	3538	3975	5362	4172	3984	4245	6147	6569	6674	6278	5767	2568	2210	1978	2417	1733	1556	1498	2134	1566	1624	1811	2791	2476	2428	2456	3010	2637	2638	2607	3511	2525	2556	2305	2794	2158	2208	2525	3537
	
Birds Per Party Hour
	Eastern Kingbird	0.0	0.0	0.0	0.0	0.0	0.0	0.0	0.0	0.0	0.0	0.0	0.0	0.0	0.0	0.0	0.450099381864243	0.971717069796049	1.2150808747687756	1.633689255654696	2.054925055553317	2.587783599684968	1.8868913766874724	2.0858963939180577	2.2312907519814567	2.7573935961914495	2.857864018916503	3.142508765257871	2.7638593051467724	2.4683763173939712	3.5173252980361176	2.1241226224318157	1.9797273040742212	1.8734944769874682	1.060302898500123	0.5356932926703958	0.35714285714285715	0.7425697644293682	0.0	0.0	0.0	0.0	0.0	0.0	0.0	0.0	0.0	0.0	0.0
	# checklists reporting species - (Eastern Kingbird)	0.0	0.0	0.0	0.0	0.0	0.0	0.0	0.0	0.0	0.0	0.0	0.0	0.0	0.0	0.0	25	548	1107	1905	2192	679	492	448	463	402	391	430	684	492	488	511	628	323	133	34	2	2	1	0.0	0.0	0.0	0.0	0.0	0.0	0.0	0.0	0.0	0.0
	
High Count
	Eastern Kingbird	0.0	0.0	0.0	0.0	0.0	0.0	0.0	0.0	0.0	0.0	0.0	0.0	0.0	0.0	0.0	3	18	40	30	100	25	20	20	25	20	20	26	40	30	40	45	38	20	11	3	1	1	1	0.0	0.0	0.0	0.0	0.0	0.0	0.0	0.0	0.0	0.0
	# checklists reporting species - (Eastern Kingbird)	0.0	0.0	0.0	0.0	0.0	0.0	0.0	0.0	0.0	0.0	0.0	0.0	0.0	0.0	0.0	31	584	1183	2017	2336	756	555	513	567	493	436	452	727	537	527	559	674	338	142	37	2	2	1	0.0	0.0	0.0	0.0	0.0	0.0	0.0	0.0	0.0	0.0
	
Totals
	Eastern Kingbird	0.0	0.0	0.0	0.0	0.0	0.0	0.0	0.0	0.0	0.0	0.0	0.0	0.0	0.0	0.0	34	1007	2859	6840	8460	2256	1352	1138	1162	1112	1187	1680	2990	2037	2114	2313	2692	1057	334	50	2	2	1	0.0	0.0	0.0	0.0	0.0	0.0	0.0	0.0	0.0	0.0
	# checklists reporting species - (Eastern Kingbird)	0.0	0.0	0.0	0.0	0.0	0.0	0.0	0.0	0.0	0.0	0.0	0.0	0.0	0.0	0.0	29	567	1142	1931	2235	719	534	496	546	467	416	434	698	502	495	521	637	328	136	37	2	2	1	0.0	0.0	0.0	0.0	0.0	0.0	0.0	0.0	0.0	0.0
	
Average Count
	Eastern Kingbird	0.0	0.0	0.0	0.0	0.0	0.0	0.0	0.0	0.0	0.0	0.0	0.0	0.0	0.0	0.0	1.1724137931034482	1.7760141093474426	2.503502626970228	3.5422061108234075	3.785234899328859	3.1376912378303197	2.5318352059925093	2.2943548387096775	2.128205128205128	2.3811563169164884	2.8533653846153846	3.870967741935484	4.283667621776504	4.057768924302789	4.270707070707071	4.43953934740883	4.226059654631083	3.222560975609756	2.4558823529411766	1.3513513513513513	1.0	1.0	1.0	0.0	0.0	0.0	0.0	0.0	0.0	0.0	0.0	0.0	0.0
	# checklists reporting species - (Eastern Kingbird)	0.0	0.0	0.0	0.0	0.0	0.0	0.0	0.0	0.0	0.0	0.0	0.0	0.0	0.0	0.0	29	567	1142	1931	2235	719	534	496	546	467	416	434	698	502	495	521	637	328	136	37	2	2	1	0.0	0.0	0.0	0.0	0.0	0.0	0.0	0.0	0.0	0.0
	
