

	Week starting on...	1/1	1/8	1/15	1/22	2/1	2/8	2/15	2/22	3/1	3/8	3/15	3/22	4/1	4/8	4/15	4/22	5/1	5/8	5/15	5/22	6/1	6/8	6/15	6/22	7/1	7/8	7/15	7/22	8/1	8/8	8/15	8/22	9/1	9/8	9/15	9/22	10/1	10/8	10/15	10/22	11/1	11/8	11/15	11/22	12/1	12/8	12/15	12/22
Frequency (%)
	Green-winged Teal	3.9229504345783415	3.896103896103896	1.4179369018078696	1.5128593040847202	1.0279001468428781	0.3640436852422291	0.4180125403762113	1.0961810466760962	0.8774678784080225	1.5262860373092142	3.471698113207547	3.991048116374487	4.937679769894535	5.396586345381526	3.109540636042403	2.3914104441190824	2.877150251179784	1.5882529217860355	0.7327174259318254	0.3121206866655107	0.661993769470405	0.36199095022624433	0.40444893832153694	0.6206040546131568	0.17311021350259664	0.1928020565552699	0.7343124165554071	0.4686035613870665	0.7662835249042145	2.1551724137931036	2.2639425731639977	5.1594410605517735	6.260096930533118	4.818780889621087	5.00814332247557	5.548172757475083	5.764125900644672	6.785443517816528	7.74836977368623	8.202791227570492	7.920792079207921	7.942097026604069	4.859002169197397	3.4717251252684322	1.9925857275254866	0.9057971014492754	1.1089108910891088	0.9329940627650551
	Total # checklists submitted - (Green-winged Teal)	4257	3234	2821	3966	2724	3571	5263	2828	3191	3538	3975	5362	4172	3984	4245	6147	6569	6674	6278	5767	2568	2210	1978	2417	1733	1556	1498	2134	1566	1624	1811	2791	2476	2428	2456	3010	2637	2638	2607	3511	2525	2556	2305	2794	2158	2208	2525	3537
	
Abundance
	Green-winged Teal	0.07869391590321823	0.07050092764378478	0.019496632399858205	0.015632879475542108	0.011013215859030838	0.003920470456454775	0.004560136804104123	0.01166902404526167	0.016609213412723284	0.03137365743357829	0.08327044025157233	0.16579634464751958	0.174496644295302	0.1588855421686747	0.15901060070671377	0.10557995770294452	0.11858730400365353	0.04569973029667366	0.009716470213443773	0.0034680076296167853	0.006230529595015576	0.0036199095022624436	0.004044489383215369	0.016135705419942078	0.006347374495095211	0.0019280205655526992	0.007343124165554072	0.007029053420805998	0.011494252873563218	0.03571428571428571	0.053561568194367755	0.16445718380508778	0.19749596122778676	0.1915156507413509	0.31555374592833874	0.3066445182724252	0.266970041714069	0.44124336618650495	0.5868814729574223	0.6881230418684136	0.5417821782178218	0.6075899843505478	0.3366594360086768	0.1807444523979957	0.06580166821130677	0.020380434782608696	0.02297029702970297	0.018094430308170765
	Total # checklists submitted - (Green-winged Teal)	4257	3234	2821	3966	2724	3571	5263	2828	3191	3538	3975	5362	4172	3984	4245	6147	6569	6674	6278	5767	2568	2210	1978	2417	1733	1556	1498	2134	1566	1624	1811	2791	2476	2428	2456	3010	2637	2638	2607	3511	2525	2556	2305	2794	2158	2208	2525	3537
	
Birds Per Party Hour
	Green-winged Teal	4.30251116514417	3.863926907133093	2.1718818324344356	1.4485253684624737	1.1470330756999474	1.0670138318172837	1.3946822187912133	0.96140776865553	2.7021155481856898	0.9253739991753425	2.4921887314342483	2.345793090818771	1.7824725950546563	1.4878800863117612	4.271867524101033	1.5849164022438003	2.6371407701148764	1.3221353838794594	0.46930641105449294	0.32522808339828746	0.3717542730245252	0.7602512970861154	0.4239409997812723	4.551039975224659	2.35	0.41539784262036783	0.3872443213845752	0.5133829898386774	0.8894181507633985	2.6127421458093125	1.832857391863108	2.2026608010168034	1.5266825934609742	2.346927357195252	5.2904475509852675	3.078521115530866	5.873286922413254	7.289026566281976	7.9716049439731655	8.12172266448274	6.944644047412174	11.712714595625703	5.8761964126454105	3.514013177860054	1.9345371806210823	1.2263645211835867	1.6839936422443624	1.4941234684514613
	# checklists reporting species - (Green-winged Teal)	181	134	43	61	28	14	23	33	28	55	139	211	214	219	134	144	193	106	44	19	18	10	8	18	3	4	11	10	14	41	45	156	154	117	122	161	151	182	203	290	207	198	113	96	44	21	31	34
	
High Count
	Green-winged Teal	20	4	4	2	2	2	2	2	19	17	12	45	17	14	35	17	18	8	4	2	2	1	1	5	9	1	2	6	3	4	12	28	17	30	70	44	54	68	56	60	73	61	32	40	24	7	5	5
	# checklists reporting species - (Green-winged Teal)	186	135	43	61	29	14	23	34	30	59	145	228	229	231	141	158	197	108	47	21	20	11	8	18	3	4	12	13	14	41	47	170	164	128	137	176	165	198	219	322	228	216	124	107	51	25	31	34
	
Totals
	Green-winged Teal	374	250	59	63	31	15	25	36	58	133	341	923	773	660	691	668	801	307	62	24	20	11	8	48	11	4	13	18	21	73	118	565	526	510	851	983	844	1335	1643	2742	1569	1656	884	555	166	56	63	65
	# checklists reporting species - (Green-winged Teal)	184	135	43	61	29	14	23	33	30	59	142	222	227	224	137	147	193	106	44	19	19	11	8	18	3	4	12	13	14	41	46	170	160	122	128	168	158	193	210	312	219	205	122	105	50	23	31	34
	
Average Count
	Green-winged Teal	2.032608695652174	1.8518518518518519	1.372093023255814	1.0327868852459017	1.0689655172413792	1.0714285714285714	1.0869565217391304	1.0909090909090908	1.9333333333333333	2.2542372881355934	2.4014084507042255	4.157657657657658	3.405286343612335	2.9464285714285716	5.043795620437956	4.54421768707483	4.150259067357513	2.8962264150943398	1.4090909090909092	1.263157894736842	1.0526315789473684	1.0	1.0	2.6666666666666665	3.6666666666666665	1.0	1.0833333333333333	1.3846153846153846	1.5	1.7804878048780488	2.5652173913043477	3.323529411764706	3.2875	4.180327868852459	6.6484375	5.851190476190476	5.341772151898734	6.917098445595855	7.8238095238095235	8.788461538461538	7.164383561643835	8.078048780487805	7.245901639344262	5.285714285714286	3.32	2.4347826086956523	2.032258064516129	1.911764705882353
	# checklists reporting species - (Green-winged Teal)	184	135	43	61	29	14	23	33	30	59	142	222	227	224	137	147	193	106	44	19	19	11	8	18	3	4	12	13	14	41	46	170	160	122	128	168	158	193	210	312	219	205	122	105	50	23	31	34
	
