

	Week starting on...	1/1	1/8	1/15	1/22	2/1	2/8	2/15	2/22	3/1	3/8	3/15	3/22	4/1	4/8	4/15	4/22	5/1	5/8	5/15	5/22	6/1	6/8	6/15	6/22	7/1	7/8	7/15	7/22	8/1	8/8	8/15	8/22	9/1	9/8	9/15	9/22	10/1	10/8	10/15	10/22	11/1	11/8	11/15	11/22	12/1	12/8	12/15	12/22
Frequency (%)
	Blue-gray Gnatcatcher	0.0	0.0	0.0	0.0	0.0	0.0	0.0	0.0	0.0	0.0	0.0	0.0	0.0	0.32630522088353414	2.1908127208480566	6.913941760208233	16.988887197442534	22.9997003296374	24.00446001911437	19.420842725853994	11.176012461059189	8.642533936651583	9.100101112234581	7.323127844435251	8.655510675129833	7.776349614395888	9.345794392523365	9.606373008434863	10.089399744572159	12.068965517241379	13.583655438983989	10.247223217484773	8.88529886914378	4.818780889621087	1.0993485342019544	0.16611295681063123	0.15168752370117558	0.0758150113722517	0.11507479861910241	0.0	0.1188118811881188	0.0	0.04338394793926247	0.03579098067287043	0.0	0.0	0.039603960396039604	0.0
	Total # checklists submitted - (Blue-gray Gnatcatcher)	4257	3234	2821	3966	2724	3571	5263	2828	3191	3538	3975	5362	4172	3984	4245	6147	6569	6674	6278	5767	2568	2210	1978	2417	1733	1556	1498	2134	1566	1624	1811	2791	2476	2428	2456	3010	2637	2638	2607	3511	2525	2556	2305	2794	2158	2208	2525	3537
	
Abundance
	Blue-gray Gnatcatcher	0.0	0.0	0.0	0.0	0.0	0.0	0.0	0.0	0.0	0.0	0.0	0.0	0.0	0.004016064257028112	0.030153121319199058	0.13372376769155686	0.39777743948850663	0.6096793527120168	0.6201019432940427	0.4177215189873418	0.23792834890965733	0.18235294117647058	0.2037411526794742	0.17418287132809268	0.20311598384304674	0.2275064267352185	0.2409879839786382	0.2619493908153702	0.23371647509578544	0.27155172413793105	0.30480397570403095	0.22070942314582587	0.15589660743134087	0.07742998352553541	0.013029315960912053	0.0016611295681063123	0.0018960940462646946	7.58150113722517E-4	0.0011507479861910242	0.0	0.001188118811881188	0.0	4.338394793926247E-4	3.5790980672870435E-4	0.0	0.0	3.9603960396039607E-4	0.0
	Total # checklists submitted - (Blue-gray Gnatcatcher)	4257	3234	2821	3966	2724	3571	5263	2828	3191	3538	3975	5362	4172	3984	4245	6147	6569	6674	6278	5767	2568	2210	1978	2417	1733	1556	1498	2134	1566	1624	1811	2791	2476	2428	2456	3010	2637	2638	2607	3511	2525	2556	2305	2794	2158	2208	2525	3537
	
Birds Per Party Hour
	Blue-gray Gnatcatcher	0.0	0.0	0.0	0.0	0.0	0.0	0.0	0.0	0.0	0.0	0.0	0.0	0.0	0.7310861694681594	0.9462220827569362	1.1232881914229282	1.2768883368117396	1.50259413620067	1.4340797765582938	1.2102591420489521	1.9794007034499255	2.522212236440514	2.2064077652235627	2.363249150410776	2.7144297034065916	1.8267884749296253	1.6804378258181873	2.010018533998332	1.4660237107816565	1.4543516877389617	1.2306997671591486	1.2008042215417591	0.8424716219221323	0.8241659461144157	0.48026208787547126	0.8045159909496729	1.2257209148160424	0.32860520094562645	0.5499000547401514	0.0	1.3167340695683887	0.0	0.4108463434675431	0.3749531308586427	0.0	0.0	0.2	0.0
	# checklists reporting species - (Blue-gray Gnatcatcher)	0.0	0.0	0.0	0.0	0.0	0.0	0.0	0.0	0.0	0.0	0.0	0.0	0.0	13	94	432	1165	1575	1534	1159	300	193	189	177	153	122	147	207	162	195	252	296	223	122	28	5	4	2	4	0.0	3	0.0	1	1	0.0	0.0	1	0.0
	
High Count
	Blue-gray Gnatcatcher	0.0	0.0	0.0	0.0	0.0	0.0	0.0	0.0	0.0	0.0	0.0	0.0	0.0	2	5	17	16	30	26	17	12	9	12	19	9	23	15	15	16	12	18	15	11	10	2	1	2	1	1	0.0	1	0.0	1	1	0.0	0.0	1	0.0
	# checklists reporting species - (Blue-gray Gnatcatcher)	0.0	0.0	0.0	0.0	0.0	0.0	0.0	0.0	0.0	0.0	0.0	0.0	0.0	13	100	455	1232	1654	1605	1216	315	225	224	229	189	132	152	221	173	209	262	306	234	128	28	5	4	2	4	0.0	3	0.0	2	1	0.0	0.0	1	0.0
	
Totals
	Blue-gray Gnatcatcher	0.0	0.0	0.0	0.0	0.0	0.0	0.0	0.0	0.0	0.0	0.0	0.0	0.0	16	137	872	2825	4300	4064	2554	654	440	455	474	396	375	391	587	385	465	604	650	404	205	34	5	5	2	4	0.0	3	0.0	2	1	0.0	0.0	1	0.0
	# checklists reporting species - (Blue-gray Gnatcatcher)	0.0	0.0	0.0	0.0	0.0	0.0	0.0	0.0	0.0	0.0	0.0	0.0	0.0	13	97	444	1196	1611	1549	1185	310	219	221	220	184	127	149	214	166	202	253	301	232	123	28	5	4	2	4	0.0	3	0.0	2	1	0.0	0.0	1	0.0
	
Average Count
	Blue-gray Gnatcatcher	0.0	0.0	0.0	0.0	0.0	0.0	0.0	0.0	0.0	0.0	0.0	0.0	0.0	1.2307692307692308	1.4123711340206186	1.9639639639639639	2.362040133779264	2.6691495965238983	2.6236281471917366	2.1552742616033753	2.109677419354839	2.009132420091324	2.0588235294117645	2.1545454545454548	2.152173913043478	2.952755905511811	2.6241610738255035	2.7429906542056073	2.319277108433735	2.301980198019802	2.3873517786561265	2.159468438538206	1.7413793103448276	1.6666666666666667	1.2142857142857142	1.0	1.25	1.0	1.0	0.0	1.0	0.0	1.0	1.0	0.0	0.0	1.0	0.0
	# checklists reporting species - (Blue-gray Gnatcatcher)	0.0	0.0	0.0	0.0	0.0	0.0	0.0	0.0	0.0	0.0	0.0	0.0	0.0	13	97	444	1196	1611	1549	1185	310	219	221	220	184	127	149	214	166	202	253	301	232	123	28	5	4	2	4	0.0	3	0.0	2	1	0.0	0.0	1	0.0
	
