

	Week starting on...	1/1	1/8	1/15	1/22	2/1	2/8	2/15	2/22	3/1	3/8	3/15	3/22	4/1	4/8	4/15	4/22	5/1	5/8	5/15	5/22	6/1	6/8	6/15	6/22	7/1	7/8	7/15	7/22	8/1	8/8	8/15	8/22	9/1	9/8	9/15	9/22	10/1	10/8	10/15	10/22	11/1	11/8	11/15	11/22	12/1	12/8	12/15	12/22
Frequency (%)
	Wood Duck	2.2316185106882784	1.7934446505875077	2.7649769585253456	2.4457892082702974	2.9001468428781205	1.9322318678241388	1.2350370511115334	2.2277227722772275	2.9144468818552176	5.2572074618428495	8.30188679245283	11.189854531891086	14.309683604985619	13.679718875502008	13.215547703180212	13.144623393525299	11.554270056325164	10.443512136649685	10.273972602739725	12.155366741806832	13.006230529595014	11.990950226244344	10.667340748230536	7.405875051717005	9.751875360646277	9.575835475578407	12.683578104138851	13.402061855670103	13.154533844189018	13.177339901477833	15.90281612368857	15.406664278036548	19.305331179321485	15.362438220757827	14.128664495114007	14.152823920265782	12.438376943496397	12.282031842304777	12.236286919831224	9.96866989461692	6.772277227722773	5.868544600938967	3.34056399132321	2.46957766642806	2.4559777571825765	2.536231884057971	2.732673267326733	1.6680802940344925
	Total # checklists submitted - (Wood Duck)	4257	3234	2821	3966	2724	3571	5263	2828	3191	3538	3975	5362	4172	3984	4245	6147	6569	6674	6278	5767	2568	2210	1978	2417	1733	1556	1498	2134	1566	1624	1811	2791	2476	2428	2456	3010	2637	2638	2607	3511	2525	2556	2305	2794	2158	2208	2525	3537
	
Abundance
	Wood Duck	0.06553911205073996	0.04916512059369202	0.07515065579581709	0.05925365607665154	0.07121879588839941	0.05460655278633436	0.03192095762872886	0.04632248939179632	0.0827326856784707	0.2026568682871679	0.34037735849056605	0.7068258112644535	1.2545541706615533	1.2700803212851406	1.0148409893992933	0.9952822515047991	0.9426092251484244	0.7869343721905904	0.7577253902516725	1.024622854170279	1.3251557632398754	1.2366515837104073	1.1208291203235592	0.7980968142325197	1.1419503750721292	1.18573264781491	1.5707610146862483	1.5379568884723525	1.3748403575989783	1.3676108374384237	1.6576477084483712	1.6037262629881763	2.1066235864297256	1.6536243822075782	1.7092833876221498	1.9724252491694352	1.8119074706105422	2.0401819560272934	1.6517069428461832	1.194531472514953	0.4978217821782178	0.30985915492957744	0.11409978308026031	0.06800286327845383	0.07043558850787766	0.07155797101449275	0.07881188118811881	0.05032513429459994
	Total # checklists submitted - (Wood Duck)	4257	3234	2821	3966	2724	3571	5263	2828	3191	3538	3975	5362	4172	3984	4245	6147	6569	6674	6278	5767	2568	2210	1978	2417	1733	1556	1498	2134	1566	1624	1811	2791	2476	2428	2456	3010	2637	2638	2607	3511	2525	2556	2305	2794	2158	2208	2525	3537
	
Birds Per Party Hour
	Wood Duck	5.092076873589171	3.928556366332086	6.054106818170333	3.043579545123519	4.280718703003344	6.803319659347583	3.7661639283788233	3.5925180419791936	2.9483551058748696	3.550622160459144	3.828112474811564	5.987635027147927	6.91280796443814	6.893702020465562	8.163199667471627	5.657145638705457	5.8673063651314035	4.954299557169803	3.8983524255400503	5.207168270001354	11.934792526221518	13.91855097440469	10.101193563765554	9.278702102438995	13.788361290205986	16.55115406567014	11.028014313644283	10.831866764957319	11.128760565952689	9.784140580398013	7.591539600876929	10.289712682276141	9.602000436190977	8.91127821332054	10.630208314060246	12.524020099806437	11.968689402639978	15.615725497589503	14.111221333300703	12.555078763751494	6.461170725546524	3.582031573388379	4.32600148922432	2.9294924827301796	4.028736748443268	3.2789058794432804	2.0984755361238245	2.7917672873165356
	# checklists reporting species - (Wood Duck)	96	56	79	102	78	70	65	64	93	193	339	598	598	553	561	798	762	705	653	715	330	260	209	181	166	146	189	276	194	221	295	435	450	359	349	430	322	316	319	350	176	150	80	71	53	58	69	61
	
High Count
	Wood Duck	14	14	13	11	6	6	6	8	16	18	20	34	50	52	49	52	47	38	46	63	60	52	46	93	56	55	53	55	51	65	60	63	58	69	78	114	95	127	94	92	70	20	18	24	7	9	16	10
	# checklists reporting species - (Wood Duck)	101	61	83	106	80	71	67	66	97	199	351	632	636	585	597	856	801	753	683	752	356	289	230	197	187	159	199	317	220	244	312	476	493	400	385	467	356	347	350	376	195	159	80	75	54	58	72	62
	
Totals
	Wood Duck	290	161	216	248	194	197	171	134	277	759	1410	3905	5380	5177	4438	6329	6422	5555	4945	6170	3550	2913	2318	2005	2023	1867	2418	3455	2260	2371	3163	4816	5278	4191	4471	6478	5214	5685	4555	4353	1339	829	271	206	159	162	206	182
	# checklists reporting species - (Wood Duck)	97	60	82	105	79	71	66	66	97	198	344	622	622	568	576	810	770	723	662	727	338	270	219	190	177	153	191	288	204	227	303	458	459	373	370	446	337	329	330	360	186	154	80	75	54	58	72	61
	
Average Count
	Wood Duck	2.9896907216494846	2.683333333333333	2.6341463414634148	2.361904761904762	2.4556962025316458	2.7746478873239435	2.590909090909091	2.0303030303030303	2.8556701030927836	3.8333333333333335	4.098837209302325	6.278135048231511	8.64951768488746	9.11443661971831	7.704861111111111	7.81358024691358	8.34025974025974	7.683264177040111	7.469788519637462	8.486932599724897	10.502958579881657	10.78888888888889	10.584474885844749	10.552631578947368	11.429378531073446	12.202614379084967	12.659685863874346	11.996527777777779	11.07843137254902	10.444933920704846	10.438943894389439	10.51528384279476	11.498910675381264	11.235924932975871	12.083783783783783	14.524663677130045	15.47181008902077	17.279635258358663	13.803030303030303	12.091666666666667	7.198924731182796	5.383116883116883	3.3875	2.7466666666666666	2.9444444444444446	2.793103448275862	2.861111111111111	2.9836065573770494
	# checklists reporting species - (Wood Duck)	97	60	82	105	79	71	66	66	97	198	344	622	622	568	576	810	770	723	662	727	338	270	219	190	177	153	191	288	204	227	303	458	459	373	370	446	337	329	330	360	186	154	80	75	54	58	72	61
	
