

	Week starting on...	1/1	1/8	1/15	1/22	2/1	2/8	2/15	2/22	3/1	3/8	3/15	3/22	4/1	4/8	4/15	4/22	5/1	5/8	5/15	5/22	6/1	6/8	6/15	6/22	7/1	7/8	7/15	7/22	8/1	8/8	8/15	8/22	9/1	9/8	9/15	9/22	10/1	10/8	10/15	10/22	11/1	11/8	11/15	11/22	12/1	12/8	12/15	12/22
Frequency (%)
	Blackpoll Warbler	0.0	0.0	0.0	0.0	0.0	0.0	0.0	0.0	0.0	0.0	0.0	0.0	0.0	0.0	0.0	0.01626809825931349	0.015223017202009437	1.1387473778843273	8.904109589041095	16.99323738512225	3.0763239875389408	0.4977375565610859	0.05055611729019212	0.0	0.05770340450086555	0.0	0.0	0.0	0.0	0.0	0.4969630038652678	1.7198136868505913	7.512116316639742	11.161449752883032	11.034201954397393	8.338870431893687	5.726204019719378	2.2365428354814254	0.49865746068277716	0.28481913984619767	0.039603960396039604	0.0	0.0	0.0	0.0	0.0	0.0	0.0
	Total # checklists submitted - (Blackpoll Warbler)	4257	3234	2821	3966	2724	3571	5263	2828	3191	3538	3975	5362	4172	3984	4245	6147	6569	6674	6278	5767	2568	2210	1978	2417	1733	1556	1498	2134	1566	1624	1811	2791	2476	2428	2456	3010	2637	2638	2607	3511	2525	2556	2305	2794	2158	2208	2525	3537
	
Abundance
	Blackpoll Warbler	0.0	0.0	0.0	0.0	0.0	0.0	0.0	0.0	0.0	0.0	0.0	0.0	0.0	0.0	0.0	1.6268098259313488E-4	1.5223017202009437E-4	0.014084507042253521	0.14272061165976427	0.37003641408011095	0.0529595015576324	0.005429864253393665	5.055611729019212E-4	0.0	5.770340450086555E-4	0.0	0.0	0.0	0.0	0.0	0.006626173384870237	0.02293084915800788	0.16235864297253635	0.2598846787479407	0.2780944625407166	0.1777408637873754	0.12097080015168753	0.03449583017437453	0.004602991944764097	0.0028481913984619764	3.9603960396039607E-4	0.0	0.0	0.0	0.0	0.0	0.0	0.0
	Total # checklists submitted - (Blackpoll Warbler)	4257	3234	2821	3966	2724	3571	5263	2828	3191	3538	3975	5362	4172	3984	4245	6147	6569	6674	6278	5767	2568	2210	1978	2417	1733	1556	1498	2134	1566	1624	1811	2791	2476	2428	2456	3010	2637	2638	2607	3511	2525	2556	2305	2794	2158	2208	2525	3537
	
Birds Per Party Hour
	Blackpoll Warbler	0.0	0.0	0.0	0.0	0.0	0.0	0.0	0.0	0.0	0.0	0.0	0.0	0.0	0.0	0.0	5.9880239520958085	0.8333333333333334	0.8952048168794259	0.8223873431278613	1.4437038862456695	1.5887244110813814	1.690906854177692	1.0	0.0	0.26089225150013046	0.0	0.0	0.0	0.0	0.0	0.47715784977056525	0.6380536097480767	0.9567337153003695	1.0977845426481667	1.1494482126882464	0.9854824120177951	0.8980508222415748	0.8460231912446621	0.544386631199406	0.43912853274104235	0.2	0.0	0.0	0.0	0.0	0.0	0.0	0.0
	# checklists reporting species - (Blackpoll Warbler)	0.0	0.0	0.0	0.0	0.0	0.0	0.0	0.0	0.0	0.0	0.0	0.0	0.0	0.0	0.0	1	1	77	610	1160	111	13	1	0.0	1	0.0	0.0	0.0	0.0	0.0	9	52	187	280	291	267	159	63	13	11	1	0.0	0.0	0.0	0.0	0.0	0.0	0.0
	
High Count
	Blackpoll Warbler	0.0	0.0	0.0	0.0	0.0	0.0	0.0	0.0	0.0	0.0	0.0	0.0	0.0	0.0	0.0	1	1	4	19	15	11	2	1	0.0	1	0.0	0.0	0.0	0.0	0.0	2	4	20	40	21	30	46	6	1	1	1	0.0	0.0	0.0	0.0	0.0	0.0	0.0
	# checklists reporting species - (Blackpoll Warbler)	0.0	0.0	0.0	0.0	0.0	0.0	0.0	0.0	0.0	0.0	0.0	0.0	0.0	0.0	0.0	1	1	83	663	1256	125	15	1	0.0	2	0.0	0.0	0.0	0.0	0.0	9	54	202	304	309	283	170	67	14	11	1	0.0	0.0	0.0	0.0	0.0	0.0	0.0
	
Totals
	Blackpoll Warbler	0.0	0.0	0.0	0.0	0.0	0.0	0.0	0.0	0.0	0.0	0.0	0.0	0.0	0.0	0.0	1	1	106	1027	2679	208	16	1	0.0	2	0.0	0.0	0.0	0.0	0.0	12	70	420	705	784	612	353	103	13	11	1	0.0	0.0	0.0	0.0	0.0	0.0	0.0
	# checklists reporting species - (Blackpoll Warbler)	0.0	0.0	0.0	0.0	0.0	0.0	0.0	0.0	0.0	0.0	0.0	0.0	0.0	0.0	0.0	1	1	80	625	1224	122	15	1	0.0	2	0.0	0.0	0.0	0.0	0.0	9	54	196	292	304	277	168	65	13	11	1	0.0	0.0	0.0	0.0	0.0	0.0	0.0
	
Average Count
	Blackpoll Warbler	0.0	0.0	0.0	0.0	0.0	0.0	0.0	0.0	0.0	0.0	0.0	0.0	0.0	0.0	0.0	1.0	1.0	1.325	1.6432	2.1887254901960786	1.7049180327868851	1.0666666666666667	1.0	0.0	1.0	0.0	0.0	0.0	0.0	0.0	1.3333333333333333	1.2962962962962963	2.142857142857143	2.414383561643836	2.5789473684210527	2.2093862815884475	2.1011904761904763	1.5846153846153845	1.0	1.0	1.0	0.0	0.0	0.0	0.0	0.0	0.0	0.0
	# checklists reporting species - (Blackpoll Warbler)	0.0	0.0	0.0	0.0	0.0	0.0	0.0	0.0	0.0	0.0	0.0	0.0	0.0	0.0	0.0	1	1	80	625	1224	122	15	1	0.0	2	0.0	0.0	0.0	0.0	0.0	9	54	196	292	304	277	168	65	13	11	1	0.0	0.0	0.0	0.0	0.0	0.0	0.0
	
