

	Week starting on...	1/1	1/8	1/15	1/22	2/1	2/8	2/15	2/22	3/1	3/8	3/15	3/22	4/1	4/8	4/15	4/22	5/1	5/8	5/15	5/22	6/1	6/8	6/15	6/22	7/1	7/8	7/15	7/22	8/1	8/8	8/15	8/22	9/1	9/8	9/15	9/22	10/1	10/8	10/15	10/22	11/1	11/8	11/15	11/22	12/1	12/8	12/15	12/22
Frequency (%)
	Red-breasted Merganser	27.695560253699792	27.056277056277057	25.09748316199929	26.096822995461423	26.174743024963288	18.482217866143937	15.333460003800115	27.475247524752476	31.651519899717957	31.40192198982476	28.754716981132077	26.837001118985455	26.390220517737294	23.870481927710845	24.216725559481745	20.562876199772244	17.232455472674683	12.466287084207373	8.330678560050972	6.866655106641234	1.1682242990654206	0.7239819004524887	0.455005055611729	0.33098882912701694	0.05770340450086555	0.5141388174807198	0.4005340453938585	0.8903467666354266	0.38314176245210724	0.3694581280788177	0.3313086692435119	0.7165890361877463	1.1308562197092082	1.1943986820428336	1.4250814332247557	2.026578073089701	3.0337504740235115	5.307050796057619	7.249712313003452	17.744232412418114	24.99009900990099	29.26447574334898	26.5943600867679	25.94846098783107	27.38646895273401	26.902173913043477	20.554455445544555	27.84845914616907
	Total # checklists submitted - (Red-breasted Merganser)	4257	3234	2821	3966	2724	3571	5263	2828	3191	3538	3975	5362	4172	3984	4245	6147	6569	6674	6278	5767	2568	2210	1978	2417	1733	1556	1498	2134	1566	1624	1811	2791	2476	2428	2456	3010	2637	2638	2607	3511	2525	2556	2305	2794	2158	2208	2525	3537
	
Abundance
	Red-breasted Merganser	3.4059196617336154	3.8073593073593073	2.716058135412974	2.218103883005547	2.437591776798825	1.7283674040884907	1.3085692570777123	2.66973125884017	3.4882481980570352	3.8694177501413227	3.4470440251572327	3.8504289444237223	3.8044103547459254	3.6227409638554215	4.546996466431096	3.617374328940947	3.0767240066981274	1.6732094695834583	1.226505256451099	0.5860932894052366	0.044003115264797506	0.02081447963800905	0.01314459049544995	0.011998345055854365	0.008078476630121177	0.011568123393316195	0.006008010680907877	0.021087160262417994	0.005747126436781609	0.0049261083743842365	0.009387078961899503	0.016123253314224293	0.030290791599353797	0.026771004942339374	0.03908794788273615	0.06411960132890365	0.384907091391733	1.143669446550417	3.201764480245493	16.77670179436058	22.005148514851484	16.178403755868544	11.539696312364425	6.93092340730136	5.187673772011121	4.327445652173913	4.2752475247524755	3.381113938365847
	Total # checklists submitted - (Red-breasted Merganser)	4257	3234	2821	3966	2724	3571	5263	2828	3191	3538	3975	5362	4172	3984	4245	6147	6569	6674	6278	5767	2568	2210	1978	2417	1733	1556	1498	2134	1566	1624	1811	2791	2476	2428	2456	3010	2637	2638	2607	3511	2525	2556	2305	2794	2158	2208	2525	3537
	
Birds Per Party Hour
	Red-breasted Merganser	13.796302469174265	14.801601445024982	9.223590687479053	10.086407233453318	10.292158970330304	10.226479819533953	8.92532298496656	10.47815836307905	11.942420934649707	10.512729640965462	9.739770502208845	12.899762318708781	11.661815697545613	13.3169098948566	15.176336764588108	12.706641544713001	11.083228456703013	8.898820980580794	8.206214776548142	4.420776294901761	1.134492941399963	1.465126359168154	1.38736255042968	2.2892762598866154	5.6	3.081487251238217	0.736068834746459	1.1374313959294553	0.9202491861450206	0.8158471837488458	1.1206962924941761	1.0257060828952849	0.9534300955438086	0.8276042716481372	3.4820488347665033	3.0327624530420247	4.209067671674968	11.931975450021094	23.733406175830634	60.941014852954154	39.16346297508384	35.97538878966542	34.24984467627905	23.09690550171453	13.310091453416062	12.61983081156933	15.309587745148512	12.075723319297246
	# checklists reporting species - (Red-breasted Merganser)	1113	828	682	986	663	620	777	737	948	1032	1066	1351	1027	905	975	1200	1080	817	512	406	30	14	9	8	1	10	7	19	5	6	6	22	28	30	37	63	81	140	189	607	601	707	583	694	556	566	507	964
	
High Count
	Red-breasted Merganser	423	535	400	540	200	200	300	250	150	300	215	400	400	300	450	500	720	300	820	150	24	10	8	10	14	5	2	10	2	3	8	8	20	16	20	22	220	750	3000	5000	4000	3500	3100	2500	1230	350	458	300
	# checklists reporting species - (Red-breasted Merganser)	1237	920	748	1090	744	686	859	814	1057	1171	1200	1510	1165	1005	1077	1319	1163	863	547	425	31	17	9	8	1	10	7	19	7	6	6	22	28	31	41	67	86	150	208	663	674	786	646	784	628	630	566	1046
	
Totals
	Red-breasted Merganser	14898	13038	7874	9010	6691	6286	7096	7630	11358	14049	14100	20973	16587	14885	19847	22797	20387	11531	7824	3773	113	46	26	29	14	22	10	45	10	8	17	47	75	81	122	211	1043	3226	11067	74765	57382	44394	27621	19947	11652	10242	11722	12207
	# checklists reporting species - (Red-breasted Merganser)	1138	854	698	1012	677	642	801	750	962	1050	1082	1381	1054	925	991	1213	1090	822	522	411	30	14	9	8	1	10	7	19	6	6	6	22	28	30	38	66	84	147	198	626	613	717	598	708	574	579	522	979
	
Average Count
	Red-breasted Merganser	13.091388400702987	15.266978922716628	11.28080229226361	8.903162055335969	9.883308714918758	9.791277258566979	8.85892634207241	10.173333333333334	11.806652806652806	13.38	13.031423290203326	15.186821144098479	15.73719165085389	16.09189189189189	20.027245206861757	18.793899422918383	18.70366972477064	14.027980535279806	14.988505747126437	9.180048661800486	3.7666666666666666	3.2857142857142856	2.888888888888889	3.625	14.0	2.2	1.4285714285714286	2.3684210526315788	1.6666666666666667	1.3333333333333333	2.8333333333333335	2.1363636363636362	2.6785714285714284	2.7	3.210526315789474	3.196969696969697	12.416666666666666	21.94557823129252	55.89393939393939	119.43290734824281	93.60848287112562	61.9163179916318	46.18896321070234	28.173728813559322	20.299651567944252	17.689119170984455	22.455938697318008	12.468845760980592
	# checklists reporting species - (Red-breasted Merganser)	1138	854	698	1012	677	642	801	750	962	1050	1082	1381	1054	925	991	1213	1090	822	522	411	30	14	9	8	1	10	7	19	6	6	6	22	28	30	38	66	84	147	198	626	613	717	598	708	574	579	522	979
	
