

	Week starting on...	1/1	1/8	1/15	1/22	2/1	2/8	2/15	2/22	3/1	3/8	3/15	3/22	4/1	4/8	4/15	4/22	5/1	5/8	5/15	5/22	6/1	6/8	6/15	6/22	7/1	7/8	7/15	7/22	8/1	8/8	8/15	8/22	9/1	9/8	9/15	9/22	10/1	10/8	10/15	10/22	11/1	11/8	11/15	11/22	12/1	12/8	12/15	12/22
Frequency (%)
	Long-eared Owl	1.738313366220343	1.453308596165739	1.7724211272598371	1.588502269288956	1.6152716593245229	0.8961075329039485	0.6270188105643169	1.0254596888260255	0.7207771858351614	1.3849632560768796	0.7798742138364779	0.5408429690414025	0.2636625119846596	0.2259036144578313	0.23557126030624262	0.16268098259313485	0.09133810321205663	0.029967036260113877	0.0	0.0	0.0	0.0	0.0	0.0	0.0	0.0	0.0	0.0	0.0	0.0	0.0	0.03582945180938731	0.0	0.0	0.0	0.0664451827242525	0.0	0.0	0.23014959723820483	0.48419253773853604	1.0693069306930694	1.056338028169014	1.3882863340563991	0.7874015748031495	0.7414272474513438	0.9510869565217392	1.504950495049505	2.205258693808312
	Total # checklists submitted - (Long-eared Owl)	4257	3234	2821	3966	2724	3571	5263	2828	3191	3538	3975	5362	4172	3984	4245	6147	6569	6674	6278	5767	2568	2210	1978	2417	1733	1556	1498	2134	1566	1624	1811	2791	2476	2428	2456	3010	2637	2638	2607	3511	2525	2556	2305	2794	2158	2208	2525	3537
	
Abundance
	Long-eared Owl	0.026779422128259338	0.02937538651824366	0.03225806451612903	0.028744326777609682	0.031938325991189426	0.01708204984598152	0.008930267908037241	0.013083451202263084	0.014415543716703227	0.02006783493499152	0.009559748427672956	0.007459903021260724	0.003835091083413231	0.0035140562248995983	0.0035335689045936395	0.0017894908085244834	9.133810321205663E-4	2.9967036260113877E-4	0.0	0.0	0.0	0.0	0.0	0.0	0.0	0.0	0.0	0.0	0.0	0.0	0.0	3.5829451809387314E-4	0.0	0.0	0.0	6.64451827242525E-4	0.0	0.0	0.0023014959723820483	0.005981201936770151	0.016633663366336635	0.012519561815336464	0.021691973969631236	0.012526843235504653	0.008804448563484708	0.017663043478260868	0.02811881188118812	0.043256997455470736
	Total # checklists submitted - (Long-eared Owl)	4257	3234	2821	3966	2724	3571	5263	2828	3191	3538	3975	5362	4172	3984	4245	6147	6569	6674	6278	5767	2568	2210	1978	2417	1733	1556	1498	2134	1566	1624	1811	2791	2476	2428	2456	3010	2637	2638	2607	3511	2525	2556	2305	2794	2158	2208	2525	3537
	
Birds Per Party Hour
	Long-eared Owl	1.606801773561904	2.1393574031410196	1.5412524977747375	2.381318004852397	1.5980094310039994	1.1332135744661542	1.8095593485052073	1.0562492670283492	1.5212621504907573	0.8788189788119073	0.638477387332513	1.337651188647101	0.31570772811240766	1.3858225909703994	0.29107798525885303	0.3386126870839417	0.712545882050526	10.25	0.0	0.0	0.0	0.0	0.0	0.0	0.0	0.0	0.0	0.0	0.0	0.0	0.0	0.3157562361856647	0.0	0.0	0.0	0.200664384940608	0.0	0.0	0.3531470573113642	1.3790166100264971	0.9091136765110552	0.4031913912706648	2.6934017876925807	4.506993536797885	0.7294403895792969	9.57500958462753	1.04720175291056	2.142072048344963
	# checklists reporting species - (Long-eared Owl)	80	63	57	71	46	32	36	28	26	56	30	27	11	9	9	12	6	2	0.0	0.0	0.0	0.0	0.0	0.0	0.0	0.0	0.0	0.0	0.0	0.0	0.0	1	0.0	0.0	0.0	2	0.0	0.0	6	20	32	26	36	23	22	29	43	84
	
High Count
	Long-eared Owl	6	6	9	6	7	5	4	4	8	6	4	4	4	5	2	2	1	1	0.0	0.0	0.0	0.0	0.0	0.0	0.0	0.0	0.0	0.0	0.0	0.0	0.0	1	0.0	0.0	0.0	1	0.0	0.0	1	2	7	2	6	5	4	7	6	5
	# checklists reporting species - (Long-eared Owl)	90	72	65	84	52	41	44	36	40	67	37	35	14	13	13	15	6	2	0.0	0.0	0.0	0.0	0.0	0.0	0.0	0.0	0.0	0.0	0.0	0.0	0.0	1	0.0	0.0	0.0	2	0.0	0.0	6	23	36	30	40	31	22	39	53	93
	
Totals
	Long-eared Owl	134	136	108	146	95	77	59	49	77	107	44	49	20	19	19	16	6	2	0.0	0.0	0.0	0.0	0.0	0.0	0.0	0.0	0.0	0.0	0.0	0.0	0.0	1	0.0	0.0	0.0	2	0.0	0.0	6	27	55	34	64	44	29	73	105	176
	# checklists reporting species - (Long-eared Owl)	88	72	64	83	51	40	44	36	39	66	37	35	14	13	13	15	6	2	0.0	0.0	0.0	0.0	0.0	0.0	0.0	0.0	0.0	0.0	0.0	0.0	0.0	1	0.0	0.0	0.0	2	0.0	0.0	6	22	36	29	40	31	22	39	53	93
	
Average Count
	Long-eared Owl	1.5227272727272727	1.8888888888888888	1.6875	1.7590361445783131	1.8627450980392157	1.925	1.3409090909090908	1.3611111111111112	1.9743589743589745	1.621212121212121	1.1891891891891893	1.4	1.4285714285714286	1.4615384615384615	1.4615384615384615	1.0666666666666667	1.0	1.0	0.0	0.0	0.0	0.0	0.0	0.0	0.0	0.0	0.0	0.0	0.0	0.0	0.0	1.0	0.0	0.0	0.0	1.0	0.0	0.0	1.0	1.2272727272727273	1.5277777777777777	1.1724137931034482	1.6	1.4193548387096775	1.3181818181818181	1.8717948717948718	1.9811320754716981	1.89247311827957
	# checklists reporting species - (Long-eared Owl)	88	72	64	83	51	40	44	36	39	66	37	35	14	13	13	15	6	2	0.0	0.0	0.0	0.0	0.0	0.0	0.0	0.0	0.0	0.0	0.0	0.0	0.0	1	0.0	0.0	0.0	2	0.0	0.0	6	22	36	29	40	31	22	39	53	93
	
