

	Week starting on...	1/1	1/8	1/15	1/22	2/1	2/8	2/15	2/22	3/1	3/8	3/15	3/22	4/1	4/8	4/15	4/22	5/1	5/8	5/15	5/22	6/1	6/8	6/15	6/22	7/1	7/8	7/15	7/22	8/1	8/8	8/15	8/22	9/1	9/8	9/15	9/22	10/1	10/8	10/15	10/22	11/1	11/8	11/15	11/22	12/1	12/8	12/15	12/22
Frequency (%)
	Rusty Blackbird	0.3523608174770966	0.0927643784786642	0.07089684509039348	2.042360060514372	0.9911894273127754	0.4760571268552226	0.4370131103933118	0.6364922206506365	0.6894390473205891	0.36743923120407007	0.628930817610063	1.063036180529653	0.9108341323106425	2.183734939759036	2.426383981154299	4.213437449162193	5.480286192723398	2.652082709020078	1.35393437400446	0.0	0.0	0.0	0.0	0.0	0.0	0.0	0.0	0.0	0.0	0.0	0.0	0.0	0.04038772213247173	0.20593080724876442	1.506514657980456	3.820598006644518	4.512703830109974	3.9423805913570886	4.487917146144994	2.307035032754201	1.7425742574257428	1.7605633802816902	1.1713665943600868	0.8231925554760201	0.27803521779425394	0.1358695652173913	0.2376237623762376	0.14136273678258413
	Total # checklists submitted - (Rusty Blackbird)	4257	3234	2821	3966	2724	3571	5263	2828	3191	3538	3975	5362	4172	3984	4245	6147	6569	6674	6278	5767	2568	2210	1978	2417	1733	1556	1498	2134	1566	1624	1811	2791	2476	2428	2456	3010	2637	2638	2607	3511	2525	2556	2305	2794	2158	2208	2525	3537
	
Abundance
	Rusty Blackbird	0.0035236081747709656	0.0015460729746444033	7.089684509039348E-4	0.02042360060514372	0.011380323054331865	0.00504060487258471	0.004940148204446134	0.007072135785007072	0.00940144155437167	0.00791407574901074	0.015345911949685535	0.02443118239462887	0.02109300095877277	0.045180722891566265	0.05041224970553593	0.09484301285179762	0.1654741969858426	0.05079412646089302	0.021344377190187957	0.0	0.0	0.0	0.0	0.0	0.0	0.0	0.0	0.0	0.0	0.0	0.0	0.0	4.038772213247173E-4	0.0037067545304777594	0.035423452768729644	0.13953488372093023	0.20894956389836936	0.19484457922668688	0.3801304181051017	0.10424380518370835	0.21584158415841584	0.23435054773082942	0.20607375271149675	0.01717967072297781	0.006950880444856348	0.001358695652173913	0.002772277227722772	0.0014136273678258412
	Total # checklists submitted - (Rusty Blackbird)	4257	3234	2821	3966	2724	3571	5263	2828	3191	3538	3975	5362	4172	3984	4245	6147	6569	6674	6278	5767	2568	2210	1978	2417	1733	1556	1498	2134	1566	1624	1811	2791	2476	2428	2456	3010	2637	2638	2607	3511	2525	2556	2305	2794	2158	2208	2525	3537
	
Birds Per Party Hour
	Rusty Blackbird	2.242834656937807	2.6997634900515273	0.5871544167228591	1.501991102922429	1.953834024657163	4.967989294837287	2.567034967458369	3.1561411057452076	1.344705803120219	1.9731734555981042	2.993665363551604	1.7042211438004955	1.257429022344237	1.2116479171760903	0.9405248857659065	1.2532097021074962	1.3662205031458337	1.358625059673078	0.8364880651474467	1.3333333333333333	0.0	0.0	0.0	0.0	0.0	0.0	0.0	0.0	0.0	0.0	0.0	0.0	0.36363636363636365	0.5359313883883364	1.031319035402139	1.3076299577406434	1.977007842214896	2.0298660585912667	4.09780884501231	2.7039903138501713	3.5216406076013804	3.1380905175700757	8.866126367358756	0.8693113834881856	0.817230130805456	0.7578263725037094	2.7295584564578204	1.5897810407482138
	# checklists reporting species - (Rusty Blackbird)	16	4	2	87	27	17	24	20	24	13	25	55	38	88	106	273	377	180	88	1	0.0	0.0	0.0	0.0	0.0	0.0	0.0	0.0	0.0	0.0	0.0	0.0	1	6	40	122	122	105	122	84	53	46	30	24	6	3	6	7
	
High Count
	Rusty Blackbird	1	3	1	1	3	2	3	3	5	5	10	11	11	15	12	16	25	30	10	2	0.0	0.0	0.0	0.0	0.0	0.0	0.0	0.0	0.0	0.0	0.0	0.0	1	4	7	30	116	90	127	46	185	335	195	20	4	1	2	1
	# checklists reporting species - (Rusty Blackbird)	16	4	2	87	27	17	24	20	24	13	25	58	43	96	110	293	393	193	89	1	0.0	0.0	0.0	0.0	0.0	0.0	0.0	0.0	0.0	0.0	0.0	0.0	1	7	42	130	136	118	134	96	53	49	31	26	6	3	6	8
	
Totals
	Rusty Blackbird	16	6	2	87	31	18	27	22	32	28	61	134	104	206	228	642	1155	359	145	2	0.0	0.0	0.0	0.0	0.0	0.0	0.0	0.0	0.0	0.0	0.0	0.0	1	10	96	493	675	621	1061	478	565	605	479	68	15	3	7	7
	# checklists reporting species - (Rusty Blackbird)	16	4	2	87	27	17	24	20	24	13	25	57	43	93	108	280	386	189	88	1	0.0	0.0	0.0	0.0	0.0	0.0	0.0	0.0	0.0	0.0	0.0	0.0	1	6	42	129	134	113	132	92	53	49	31	26	6	3	6	7
	
Average Count
	Rusty Blackbird	1.0	1.5	1.0	1.0	1.1481481481481481	1.0588235294117647	1.125	1.1	1.3333333333333333	2.1538461538461537	2.44	2.3508771929824563	2.4186046511627906	2.21505376344086	2.111111111111111	2.2928571428571427	2.9922279792746114	1.8994708994708995	1.6477272727272727	2.0	0.0	0.0	0.0	0.0	0.0	0.0	0.0	0.0	0.0	0.0	0.0	0.0	1.0	1.6666666666666667	2.2857142857142856	3.8217054263565893	5.037313432835821	5.495575221238938	8.037878787878787	5.195652173913044	10.660377358490566	12.346938775510203	15.451612903225806	2.6153846153846154	2.5	1.0	1.1666666666666667	1.0
	# checklists reporting species - (Rusty Blackbird)	16	4	2	87	27	17	24	20	24	13	25	57	43	93	108	280	386	189	88	1	0.0	0.0	0.0	0.0	0.0	0.0	0.0	0.0	0.0	0.0	0.0	0.0	1	6	42	129	134	113	132	92	53	49	31	26	6	3	6	7
	
