

	Week starting on...	1/1	1/8	1/15	1/22	2/1	2/8	2/15	2/22	3/1	3/8	3/15	3/22	4/1	4/8	4/15	4/22	5/1	5/8	5/15	5/22	6/1	6/8	6/15	6/22	7/1	7/8	7/15	7/22	8/1	8/8	8/15	8/22	9/1	9/8	9/15	9/22	10/1	10/8	10/15	10/22	11/1	11/8	11/15	11/22	12/1	12/8	12/15	12/22
Frequency (%)
	Dunlin	0.0	0.0	0.0	0.0	0.0	0.0	0.0	0.0	0.0	0.0	0.0	0.01864975755315181	0.023969319271332692	0.5522088353413654	0.4004711425206125	0.17894908085244834	0.243568275232151	1.183697932274498	5.606881172347881	12.432807352176175	4.55607476635514	0.8597285067873304	0.15166835187057634	0.04137360364087712	0.05770340450086555	0.0	0.0	0.0	0.0	0.12315270935960591	2.5952512424075094	0.35829451809387314	0.08077544426494346	1.070840197693575	1.4250814332247557	1.7940199335548173	3.0337504740235115	2.7293404094010616	3.298810893747603	4.386214753631444	2.851485148514852	1.330203442879499	0.5639913232104121	0.07158196134574087	0.04633920296570899	0.0	0.07920792079207921	0.0
	Total # checklists submitted - (Dunlin)	4257	3234	2821	3966	2724	3571	5263	2828	3191	3538	3975	5362	4172	3984	4245	6147	6569	6674	6278	5767	2568	2210	1978	2417	1733	1556	1498	2134	1566	1624	1811	2791	2476	2428	2456	3010	2637	2638	2607	3511	2525	2556	2305	2794	2158	2208	2525	3537
	
Abundance
	Dunlin	0.0	0.0	0.0	0.0	0.0	0.0	0.0	0.0	0.0	0.0	0.0	1.864975755315181E-4	2.3969319271332693E-4	0.012801204819277108	0.005889281507656066	0.0021148527737107534	0.003196833612421982	0.027869343721905904	0.801688435807582	6.7475290445638985	0.1378504672897196	0.00904977375565611	0.004044489383215369	0.0012412081092263137	5.770340450086555E-4	0.0	0.0	0.0	0.0	0.0012315270935960591	0.025952512424075095	0.0035829451809387316	8.077544426494346E-4	0.012355848434925865	0.019136807817589578	0.03122923588039867	0.10011376564277588	0.07884761182714177	0.1549673954737246	0.18142979208202792	0.12514851485148515	0.03169014084507042	0.01475054229934924	7.158196134574087E-4	4.633920296570899E-4	0.0	7.920792079207921E-4	0.0
	Total # checklists submitted - (Dunlin)	4257	3234	2821	3966	2724	3571	5263	2828	3191	3538	3975	5362	4172	3984	4245	6147	6569	6674	6278	5767	2568	2210	1978	2417	1733	1556	1498	2134	1566	1624	1811	2791	2476	2428	2456	3010	2637	2638	2607	3511	2525	2556	2305	2794	2158	2208	2525	3537
	
Birds Per Party Hour
	Dunlin	0.0	0.0	0.0	0.0	0.0	0.0	0.0	0.0	0.0	0.0	0.0	0.5	0.3333333333333333	2.4147594387294387	1.2517949997922801	0.23517279821627649	0.2495583996527064	1.088835084601758	4.966579664775432	20.09564352569496	1.493968578900849	0.8211166342444387	0.8133333333333334	3.0	1.5	0.0	0.0	0.0	0.0	0.4222222222222222	0.6209662574794421	0.6225619110192043	0.6858563127666006	0.3817843980810749	0.852671225605679	0.7670683640045661	1.5149938759158184	1.0100463476427037	1.899120410487716	1.591146194224788	1.7048677957416138	0.9091984369852757	0.7065631111173878	0.21702234496610595	1.0905125408942202	0.0	0.24074074074074073	0.0
	# checklists reporting species - (Dunlin)	0.0	0.0	0.0	0.0	0.0	0.0	0.0	0.0	0.0	0.0	0.0	1	1	23	19	13	17	83	378	764	130	21	5	1	2	0.0	0.0	0.0	0.0	2	49	11	2	28	38	55	84	76	88	171	78	36	13	3	1	0	2	0.0
	
High Count
	Dunlin	0.0	0.0	0.0	0.0	0.0	0.0	0.0	0.0	0.0	0.0	0.0	1	1	7	4	2	3	11	125	3400	14	2	3	3	1	0.0	0.0	0.0	0.0	1	1	1	1	4	8	11	17	10	28	36	35	9	8	1	1	1	1	0.0
	# checklists reporting species - (Dunlin)	0.0	0.0	0.0	0.0	0.0	0.0	0.0	0.0	0.0	0.0	0.0	1	1	24	21	14	17	87	392	829	135	23	5	1	2	0.0	0.0	0.0	0.0	3	50	11	2	29	40	61	88	80	96	180	86	39	16	4	2	1	2	0.0
	
Totals
	Dunlin	0.0	0.0	0.0	0.0	0.0	0.0	0.0	0.0	0.0	0.0	0.0	1	1	53	29	15	22	197	5561	42689	419	26	12	3	2	0.0	0.0	0.0	0.0	3	50	11	2	33	75	105	290	239	439	783	355	93	37	3	2	0	2	0.0
	# checklists reporting species - (Dunlin)	0.0	0.0	0.0	0.0	0.0	0.0	0.0	0.0	0.0	0.0	0.0	1	1	23	21	13	17	86	385	786	134	22	5	1	2	0.0	0.0	0.0	0.0	3	50	11	2	29	40	61	88	80	96	179	86	39	16	3	2	0	2	0.0
	
Average Count
	Dunlin	0.0	0.0	0.0	0.0	0.0	0.0	0.0	0.0	0.0	0.0	0.0	1.0	1.0	2.3043478260869565	1.380952380952381	1.1538461538461537	1.2941176470588236	2.2906976744186047	14.444155844155844	54.3117048346056	3.126865671641791	1.1818181818181819	2.4	3.0	1.0	0.0	0.0	0.0	0.0	1.0	1.0	1.0	1.0	1.1379310344827587	1.875	1.721311475409836	3.2954545454545454	2.9875	4.572916666666667	4.374301675977653	4.127906976744186	2.3846153846153846	2.3125	1.0	1.0	0.0	1.0	0.0
	# checklists reporting species - (Dunlin)	0.0	0.0	0.0	0.0	0.0	0.0	0.0	0.0	0.0	0.0	0.0	1	1	23	21	13	17	86	385	786	134	22	5	1	2	0.0	0.0	0.0	0.0	3	50	11	2	29	40	61	88	80	96	179	86	39	16	3	2	0	2	0.0
	
