

	Week starting on...	1/1	1/8	1/15	1/22	2/1	2/8	2/15	2/22	3/1	3/8	3/15	3/22	4/1	4/8	4/15	4/22	5/1	5/8	5/15	5/22	6/1	6/8	6/15	6/22	7/1	7/8	7/15	7/22	8/1	8/8	8/15	8/22	9/1	9/8	9/15	9/22	10/1	10/8	10/15	10/22	11/1	11/8	11/15	11/22	12/1	12/8	12/15	12/22
Frequency (%)
	Sandhill Crane	0.0	0.0	0.0	0.0	0.0	0.0	0.0	0.0	0.031338138514572234	0.02826455624646693	0.25157232704402516	0.2424468481909735	0.09587727708533077	0.2259036144578313	0.18845700824499412	0.06507239303725396	0.13700715481808495	0.11986814504045551	0.12742911755336095	0.0	0.1557632398753894	0.0	0.0	0.0	0.0	0.0	0.0	0.0	0.0	0.0	0.0	0.0	0.0	0.0	0.0	0.132890365448505	0.037921880925293895	0.0	0.0	0.25633722586157787	0.2772277227722772	0.7042253521126761	0.5206073752711496	0.7874015748031495	0.3707136237256719	0.0	0.039603960396039604	0.0
	Total # checklists submitted - (Sandhill Crane)	4257	3234	2821	3966	2724	3571	5263	2828	3191	3538	3975	5362	4172	3984	4245	6147	6569	6674	6278	5767	2568	2210	1978	2417	1733	1556	1498	2134	1566	1624	1811	2791	2476	2428	2456	3010	2637	2638	2607	3511	2525	2556	2305	2794	2158	2208	2525	3537
	
Abundance
	Sandhill Crane	0.0	0.0	0.0	0.0	0.0	0.0	0.0	0.0	3.1338138514572234E-4	2.826455624646693E-4	0.006792452830188679	0.007646400596792242	0.0011984659635666348	0.0030120481927710845	0.002591283863368669	0.001138766878151944	0.0018267620642411326	0.001947857356907402	0.001752150366358713	0.0	0.003115264797507788	0.0	0.0	0.0	0.0	0.0	0.0	0.0	0.0	0.0	0.0	0.0	0.0	0.0	0.0	9.966777408637873E-4	0.004550625711035267	0.0	0.0	0.009114212475078326	0.01702970297029703	0.6956181533646323	0.1683297180043384	0.449176807444524	0.0690454124189064	0.0	0.018217821782178217	0.0
	Total # checklists submitted - (Sandhill Crane)	4257	3234	2821	3966	2724	3571	5263	2828	3191	3538	3975	5362	4172	3984	4245	6147	6569	6674	6278	5767	2568	2210	1978	2417	1733	1556	1498	2134	1566	1624	1811	2791	2476	2428	2456	3010	2637	2638	2607	3511	2525	2556	2305	2794	2158	2208	2525	3537
	
Birds Per Party Hour
	Sandhill Crane	0.0	0.0	0.0	0.0	0.0	0.0	0.0	0.0	0.46511627906976744	0.25	9.327070756580184	10.09615986568317	1.1359820645096195	1.5250605076665142	3.4536218391509848	5.137197428384511	0.48977875688785644	1.0053452777718663	0.9495180019450927	29.41176470588235	1.1358444427442398	0.0	0.0	0.0	0.0	0.0	0.0	0.0	0.0	0.0	0.0	0.0	0.0	0.0	0.0	0.25099423461583714	7.910349373764008	0.0	0.0	0.7779001229637648	3.225224935925672	49.15595631891944	327.1966863546341	93.06218369889139	5.088740890381886	0.0	7.666666666666667	0.0
	# checklists reporting species - (Sandhill Crane)	0.0	0.0	0.0	0.0	0.0	0.0	0.0	0.0	1	2	14	15	6	10	9	5	10	7	10	2	4	0.0	0.0	0.0	0.0	0.0	0.0	0.0	0.0	0.0	0.0	0.0	0.0	0.0	1	3	1	0.0	0.0	10	8	21	19	39	15	0.0	1	0.0
	
High Count
	Sandhill Crane	0.0	0.0	0.0	0.0	0.0	0.0	0.0	0.0	1	3	25	13	5	5	3	4	3	3	4	1	2	0.0	0.0	0.0	0.0	0.0	0.0	0.0	0.0	0.0	0.0	0.0	0.0	0.0	1	1	12	0.0	0.0	14	20	586	120	354	73	0.0	46	0.0
	# checklists reporting species - (Sandhill Crane)	0.0	0.0	0.0	0.0	0.0	0.0	0.0	0.0	1	2	15	17	7	12	12	9	11	10	10	2	4	0.0	0.0	0.0	0.0	0.0	0.0	0.0	0.0	0.0	0.0	0.0	0.0	0.0	1	4	1	0.0	0.0	10	9	22	19	40	17	0.0	2	0.0
	
Totals
	Sandhill Crane	0.0	0.0	0.0	0.0	0.0	0.0	0.0	0.0	1	4	79	65	12	22	14	18	14	16	13	2	8	0.0	0.0	0.0	0.0	0.0	0.0	0.0	0.0	0.0	0.0	0.0	0.0	0.0	1	3	12	0.0	0.0	46	52	2034	622	1890	499	0.0	50	0.0
	# checklists reporting species - (Sandhill Crane)	0.0	0.0	0.0	0.0	0.0	0.0	0.0	0.0	1	2	14	17	7	12	11	9	11	10	10	2	4	0.0	0.0	0.0	0.0	0.0	0.0	0.0	0.0	0.0	0.0	0.0	0.0	0.0	1	3	1	0.0	0.0	10	9	22	19	40	17	0.0	2	0.0
	
Average Count
	Sandhill Crane	0.0	0.0	0.0	0.0	0.0	0.0	0.0	0.0	1.0	2.0	5.642857142857143	3.823529411764706	1.7142857142857142	1.8333333333333333	1.2727272727272727	2.0	1.2727272727272727	1.6	1.3	1.0	2.0	0.0	0.0	0.0	0.0	0.0	0.0	0.0	0.0	0.0	0.0	0.0	0.0	0.0	1.0	1.0	12.0	0.0	0.0	4.6	5.777777777777778	92.45454545454545	32.73684210526316	47.25	29.352941176470587	0.0	25.0	0.0
	# checklists reporting species - (Sandhill Crane)	0.0	0.0	0.0	0.0	0.0	0.0	0.0	0.0	1	2	14	17	7	12	11	9	11	10	10	2	4	0.0	0.0	0.0	0.0	0.0	0.0	0.0	0.0	0.0	0.0	0.0	0.0	0.0	1	3	1	0.0	0.0	10	9	22	19	40	17	0.0	2	0.0
	
