

	Week starting on...	1/1	1/8	1/15	1/22	2/1	2/8	2/15	2/22	3/1	3/8	3/15	3/22	4/1	4/8	4/15	4/22	5/1	5/8	5/15	5/22	6/1	6/8	6/15	6/22	7/1	7/8	7/15	7/22	8/1	8/8	8/15	8/22	9/1	9/8	9/15	9/22	10/1	10/8	10/15	10/22	11/1	11/8	11/15	11/22	12/1	12/8	12/15	12/22
Frequency (%)
	Rough-legged Hawk	0.3758515386422363	0.49474335188620905	0.42538107054236085	0.6303580433686334	0.6975036710719531	0.3640436852422291	0.36101083032490977	0.4596888260254597	0.25070510811657787	0.02826455624646693	0.10062893081761005	0.05594927265945542	0.09587727708533077	0.0251004016064257	0.023557126030624265	0.04880429477794046	0.0	0.0	0.0	0.0	0.0	0.0	0.0	0.0	0.0	0.0	0.0	0.0	0.0	0.0	0.0	0.0	0.0	0.04118616144975289	0.0	0.03322259136212625	0.0	0.18953752843062927	0.5753739930955121	2.677299914554258	1.4653465346534653	1.3693270735524257	0.39045553145336226	0.35790980672870437	0.27803521779425394	1.4492753623188406	1.8217821782178216	0.5371783997738196
	Total # checklists submitted - (Rough-legged Hawk)	4257	3234	2821	3966	2724	3571	5263	2828	3191	3538	3975	5362	4172	3984	4245	6147	6569	6674	6278	5767	2568	2210	1978	2417	1733	1556	1498	2134	1566	1624	1811	2791	2476	2428	2456	3010	2637	2638	2607	3511	2525	2556	2305	2794	2158	2208	2525	3537
	
Abundance
	Rough-legged Hawk	0.004228329809725159	0.005875077303648732	0.0038993264799716413	0.006555723651033787	0.008076358296622614	0.003920470456454775	0.004560136804104123	0.0049504950495049506	0.002820432466311501	2.826455624646693E-4	0.0010062893081761006	5.594927265945542E-4	9.587727708533077E-4	2.51004016064257E-4	2.3557126030624264E-4	4.880429477794046E-4	0.0	0.0	0.0	0.0	0.0	0.0	0.0	0.0	0.0	0.0	0.0	0.0	0.0	0.0	0.0	0.0	0.0	4.1186161449752884E-4	0.0	3.322259136212625E-4	0.0	0.001516300227445034	0.009205983889528193	0.04129877527769866	0.022574257425742573	0.022300469483568074	0.005639913232104121	0.005010737294201861	0.0027803521779425394	0.014945652173913044	0.020594059405940595	0.006502685891998869
	Total # checklists submitted - (Rough-legged Hawk)	4257	3234	2821	3966	2724	3571	5263	2828	3191	3538	3975	5362	4172	3984	4245	6147	6569	6674	6278	5767	2568	2210	1978	2417	1733	1556	1498	2134	1566	1624	1811	2791	2476	2428	2456	3010	2637	2638	2607	3511	2525	2556	2305	2794	2158	2208	2525	3537
	
Birds Per Party Hour
	Rough-legged Hawk	1.252201379520802	0.7216096337881215	0.35806921182957635	0.6943916657240148	0.5415768372788696	0.9782611617964714	0.5836446058123366	0.8024134287681683	0.3354104888853632	0.3269230769230769	0.6617657603490678	0.2630652440940383	0.5859712230215828	0.3000300030003	1.25	0.3591717611301074	0.0	0.0	0.0	0.0	0.0	0.0	0.0	0.0	0.0	0.0	0.0	0.0	0.0	0.0	0.0	0.0	0.0	0.125	0.0	0.8319131961065901	0.0	1.6573830116701374	0.36599530157644466	0.7942586110591622	0.9966388291413348	0.8138637786592792	0.8739233109543336	1.1062712588191046	0.4880796333279588	4.191361957952179	0.5470433968989353	0.866512656859407
	# checklists reporting species - (Rough-legged Hawk)	18	20	16	27	17	14	15	11	6	2	4	4	4	1	1	3	0.0	0.0	0.0	0.0	0.0	0.0	0.0	0.0	0.0	0.0	0.0	0.0	0.0	0.0	0.0	0.0	0.0	1	0.0	5	0.0	8	22	128	63	50	24	17	8	42	51	25
	
High Count
	Rough-legged Hawk	2	2	1	3	2	2	3	2	2	1	1	1	1	1	1	1	0.0	0.0	0.0	0.0	0.0	0.0	0.0	0.0	0.0	0.0	0.0	0.0	0.0	0.0	0.0	0.0	0.0	1	0.0	1	0.0	1	3	7	4	4	5	5	2	2	4	3
	# checklists reporting species - (Rough-legged Hawk)	22	21	22	34	24	20	23	13	10	3	5	4	4	1	1	3	0.0	0.0	0.0	0.0	0.0	0.0	0.0	0.0	0.0	0.0	0.0	0.0	0.0	0.0	0.0	0.0	0.0	1	0.0	5	0.0	9	25	133	67	53	25	20	12	51	60	32
	
Totals
	Rough-legged Hawk	23	25	21	39	27	21	28	14	11	3	5	4	4	1	1	3	0.0	0.0	0.0	0.0	0.0	0.0	0.0	0.0	0.0	0.0	0.0	0.0	0.0	0.0	0.0	0.0	0.0	1	0.0	5	0.0	8	35	197	98	82	32	26	13	51	68	36
	# checklists reporting species - (Rough-legged Hawk)	21	21	21	34	24	20	23	13	10	3	5	4	4	1	1	3	0.0	0.0	0.0	0.0	0.0	0.0	0.0	0.0	0.0	0.0	0.0	0.0	0.0	0.0	0.0	0.0	0.0	1	0.0	5	0.0	8	24	132	67	53	25	20	11	50	60	32
	
Average Count
	Rough-legged Hawk	1.0952380952380953	1.1904761904761905	1.0	1.1470588235294117	1.125	1.05	1.2173913043478262	1.0769230769230769	1.1	1.0	1.0	1.0	1.0	1.0	1.0	1.0	0.0	0.0	0.0	0.0	0.0	0.0	0.0	0.0	0.0	0.0	0.0	0.0	0.0	0.0	0.0	0.0	0.0	1.0	0.0	1.0	0.0	1.0	1.4583333333333333	1.4924242424242424	1.462686567164179	1.5471698113207548	1.28	1.3	1.1818181818181819	1.02	1.1333333333333333	1.125
	# checklists reporting species - (Rough-legged Hawk)	21	21	21	34	24	20	23	13	10	3	5	4	4	1	1	3	0.0	0.0	0.0	0.0	0.0	0.0	0.0	0.0	0.0	0.0	0.0	0.0	0.0	0.0	0.0	0.0	0.0	1	0.0	5	0.0	8	24	132	67	53	25	20	11	50	60	32
	
