

	Week starting on...	1/1	1/8	1/15	1/22	2/1	2/8	2/15	2/22	3/1	3/8	3/15	3/22	4/1	4/8	4/15	4/22	5/1	5/8	5/15	5/22	6/1	6/8	6/15	6/22	7/1	7/8	7/15	7/22	8/1	8/8	8/15	8/22	9/1	9/8	9/15	9/22	10/1	10/8	10/15	10/22	11/1	11/8	11/15	11/22	12/1	12/8	12/15	12/22
Frequency (%)
	Warbling Vireo	0.0	0.0	0.0	0.0	0.0	0.0	0.0	0.0	0.0	0.0	0.0	0.0	0.0	0.0	0.0	0.43923865300146414	15.908052976099862	31.46538807311957	43.517043644472764	44.65059823131611	34.42367601246106	29.90950226244344	28.00808897876643	21.84526272238312	22.56203115983843	22.62210796915167	23.83177570093458	21.743205248359885	18.837803320561942	16.44088669950739	17.283268912203205	19.813686850591186	25.040387722132472	18.57495881383855	7.36970684039088	0.7973421926910298	0.30337504740235116	0.03790750568612585	0.0	0.0	0.0	0.0	0.3036876355748373	0.03579098067287043	0.0	0.0	0.0	0.0
	Total # checklists submitted - (Warbling Vireo)	4257	3234	2821	3966	2724	3571	5263	2828	3191	3538	3975	5362	4172	3984	4245	6147	6569	6674	6278	5767	2568	2210	1978	2417	1733	1556	1498	2134	1566	1624	1811	2791	2476	2428	2456	3010	2637	2638	2607	3511	2525	2556	2305	2794	2158	2208	2525	3537
	
Abundance
	Warbling Vireo	0.0	0.0	0.0	0.0	0.0	0.0	0.0	0.0	0.0	0.0	0.0	0.0	0.0	0.0	0.0	0.005043110460387181	0.3647434921601461	1.0513934671860954	1.8474036317298503	1.777874111323045	1.0475077881619939	0.7669683257918553	0.6911021233569262	0.5196524617294166	0.5291402192729371	0.5559125964010283	0.6001335113484646	0.5909090909090909	0.5051085568326947	0.40086206896551724	0.4726670347874103	0.5288427087065568	0.7342487883683361	0.4028006589785832	0.10179153094462541	0.008305647840531562	0.0030337504740235114	3.790750568612585E-4	0.0	0.0	0.0	0.0	0.003036876355748373	3.5790980672870435E-4	0.0	0.0	0.0	0.0
	Total # checklists submitted - (Warbling Vireo)	4257	3234	2821	3966	2724	3571	5263	2828	3191	3538	3975	5362	4172	3984	4245	6147	6569	6674	6278	5767	2568	2210	1978	2417	1733	1556	1498	2134	1566	1624	1811	2791	2476	2428	2456	3010	2637	2638	2607	3511	2525	2556	2305	2794	2158	2208	2525	3537
	
Birds Per Party Hour
	Warbling Vireo	0.0	0.0	0.0	0.0	0.0	0.0	0.0	0.0	0.0	0.0	0.0	0.0	0.0	0.0	0.0	0.6847207628971926	1.3373956894309345	2.0561671591129946	2.2423881296020505	2.4798934233327814	3.1936475732085317	3.3875055663006512	3.5244874281030807	3.1978128659286376	3.0796863130952086	2.1335727775074194	2.3360573465596377	1.9855091377666774	1.7690552754618993	1.7626501371954788	1.251580308497867	1.3943473943481535	1.484076163537256	1.1417593909771682	0.925712460385034	0.7102220440016909	0.6206502731969326	0.8453085376162299	0.0	0.0	0.0	0.0	0.9647342664468604	0.2	0.0	0.0	0.0	0.0
	# checklists reporting species - (Warbling Vireo)	0.0	0.0	0.0	0.0	0.0	0.0	0.0	0.0	0.0	0.0	0.0	0.0	0.0	0.0	0.0	26	1074	2100	2769	2591	876	646	539	521	385	349	361	458	297	274	314	565	624	460	189	26	8	1	0.0	0.0	0.0	0.0	7	1	0.0	0.0	0.0	0.0
	
High Count
	Warbling Vireo	0.0	0.0	0.0	0.0	0.0	0.0	0.0	0.0	0.0	0.0	0.0	0.0	0.0	0.0	0.0	4	40	55	65	60	25	18	36	24	20	19	15	22	15	16	32	20	30	20	5	2	1	1	0.0	0.0	0.0	0.0	1	1	0.0	0.0	0.0	0.0
	# checklists reporting species - (Warbling Vireo)	0.0	0.0	0.0	0.0	0.0	0.0	0.0	0.0	0.0	0.0	0.0	0.0	0.0	0.0	0.0	31	1136	2245	2929	2780	941	687	582	552	405	364	376	480	311	287	335	593	653	483	199	28	9	1	0.0	0.0	0.0	0.0	7	1	0.0	0.0	0.0	0.0
	
Totals
	Warbling Vireo	0.0	0.0	0.0	0.0	0.0	0.0	0.0	0.0	0.0	0.0	0.0	0.0	0.0	0.0	0.0	36	2526	7287	12045	10626	2756	1751	1413	1281	944	881	924	1283	828	692	954	1604	1867	1039	271	30	9	1	0.0	0.0	0.0	0.0	7	1	0.0	0.0	0.0	0.0
	# checklists reporting species - (Warbling Vireo)	0.0	0.0	0.0	0.0	0.0	0.0	0.0	0.0	0.0	0.0	0.0	0.0	0.0	0.0	0.0	28	1101	2139	2796	2616	879	656	544	529	386	351	364	467	298	275	319	574	638	469	194	28	9	1	0.0	0.0	0.0	0.0	7	1	0.0	0.0	0.0	0.0
	
Average Count
	Warbling Vireo	0.0	0.0	0.0	0.0	0.0	0.0	0.0	0.0	0.0	0.0	0.0	0.0	0.0	0.0	0.0	1.2857142857142858	2.2942779291553133	3.4067321178120618	4.30793991416309	4.0619266055045875	3.135381114903299	2.669207317073171	2.5974264705882355	2.421550094517958	2.4455958549222796	2.50997150997151	2.5384615384615383	2.747323340471092	2.778523489932886	2.5163636363636366	2.9905956112852663	2.794425087108014	2.926332288401254	2.215351812366738	1.3969072164948453	1.0714285714285714	1.0	1.0	0.0	0.0	0.0	0.0	1.0	1.0	0.0	0.0	0.0	0.0
	# checklists reporting species - (Warbling Vireo)	0.0	0.0	0.0	0.0	0.0	0.0	0.0	0.0	0.0	0.0	0.0	0.0	0.0	0.0	0.0	28	1101	2139	2796	2616	879	656	544	529	386	351	364	467	298	275	319	574	638	469	194	28	9	1	0.0	0.0	0.0	0.0	7	1	0.0	0.0	0.0	0.0
	
