

	Week starting on...	1/1	1/8	1/15	1/22	2/1	2/8	2/15	2/22	3/1	3/8	3/15	3/22	4/1	4/8	4/15	4/22	5/1	5/8	5/15	5/22	6/1	6/8	6/15	6/22	7/1	7/8	7/15	7/22	8/1	8/8	8/15	8/22	9/1	9/8	9/15	9/22	10/1	10/8	10/15	10/22	11/1	11/8	11/15	11/22	12/1	12/8	12/15	12/22
Frequency (%)
	Red-throated Loon	0.0	0.0	0.0	0.02521432173474534	0.0	0.0	0.0	0.07072135785007072	0.3760576621748668	0.14132278123233466	0.05031446540880503	0.09324878776575904	0.047938638542665384	0.2259036144578313	0.5182567726737338	0.43923865300146414	0.9438270665245851	0.5394066526820497	0.9875756610385472	1.179122594069707	0.19470404984423675	0.0	0.0	0.0	0.0	0.0	0.0	0.0	0.0	0.0	0.0	0.0	0.28271405492730206	0.08237232289950577	0.04071661237785017	0.03322259136212625	0.15168752370117558	0.45489006823351025	0.5753739930955121	1.7943605810310452	1.0693069306930694	0.8607198748043818	0.43383947939262474	0.28632784538296346	0.3243744207599629	0.04528985507246377	0.1188118811881188	0.05654509471303364
	Total # checklists submitted - (Red-throated Loon)	4257	3234	2821	3966	2724	3571	5263	2828	3191	3538	3975	5362	4172	3984	4245	6147	6569	6674	6278	5767	2568	2210	1978	2417	1733	1556	1498	2134	1566	1624	1811	2791	2476	2428	2456	3010	2637	2638	2607	3511	2525	2556	2305	2794	2158	2208	2525	3537
	
Abundance
	Red-throated Loon	0.0	0.0	0.0	2.521432173474534E-4	0.0	0.0	0.0	7.072135785007072E-4	0.004387339392040113	0.0016958733747880158	5.031446540880503E-4	9.324878776575904E-4	4.7938638542665386E-4	0.002259036144578313	0.007538280329799764	0.006995282251504799	0.042928908509666616	0.020077914294276297	0.03106084740363173	0.014392231662909658	0.0019470404984423676	0.0	0.0	0.0	0.0	0.0	0.0	0.0	0.0	0.0	0.0	0.0	0.002827140549273021	8.237232289950577E-4	4.0716612377850165E-4	9.966777408637873E-4	0.0026545316647705727	0.004169825625473844	0.00728807057920982	0.032469381942466534	0.019801980198019802	0.01056338028169014	0.005639913232104121	0.0035790980672870437	0.003243744207599629	4.528985507246377E-4	0.001188118811881188	5.654509471303364E-4
	Total # checklists submitted - (Red-throated Loon)	4257	3234	2821	3966	2724	3571	5263	2828	3191	3538	3975	5362	4172	3984	4245	6147	6569	6674	6278	5767	2568	2210	1978	2417	1733	1556	1498	2134	1566	1624	1811	2791	2476	2428	2456	3010	2637	2638	2607	3511	2525	2556	2305	2794	2158	2208	2525	3537
	
Birds Per Party Hour
	Red-throated Loon	0.0	0.0	0.0	0.2222222222222222	0.0	0.0	0.0	0.8402072125921498	1.0650388504604267	1.085089909913156	0.25001500150015	0.30049382716049383	0.43333333333333335	0.41238733691337043	1.3636781345397355	0.5127226498698406	1.366053922446404	0.8880064400465291	1.0336165095081953	0.33233039066631576	0.30652387260316777	0.0	0.0	0.0	0.0	0.0	0.0	0.0	0.0	0.0	0.0	0.0	0.24759232994518948	0.6222222222222222	0.2	0.0	0.9623931623931624	0.6945368029554575	0.4059738003852285	0.6639961790687073	0.7147598234843344	0.5494873001369901	0.49047532041144704	0.3399306400584084	0.41866435035037547	0.3333333333333333	0.5396825396825397	0.22055580061755625
	# checklists reporting species - (Red-throated Loon)	0	0	0.0	1	0.0	0.0	0.0	2	12	8	2	5	2	9	22	28	64	37	70	72	5	0.0	0.0	0.0	0.0	0.0	0.0	0.0	0.0	0.0	0.0	0.0	8	2	1	0	6	13	15	69	30	22	10	8	7	1	3	2
	
High Count
	Red-throated Loon	1	2	0.0	1	0.0	0.0	0.0	1	3	4	1	1	1	1	3	6	62	34	27	5	1	0.0	0.0	0.0	0.0	0.0	0.0	0.0	0.0	0.0	0.0	0.0	1	1	1	3	2	3	5	12	10	3	2	3	1	1	1	1
	# checklists reporting species - (Red-throated Loon)	1	1	0.0	1	0.0	0.0	0.0	2	13	12	3	5	3	10	23	30	65	37	70	75	5	0.0	0.0	0.0	0.0	0.0	0.0	0.0	0.0	0.0	0.0	0.0	8	2	1	1	6	14	16	72	33	26	10	9	7	1	3	4
	
Totals
	Red-throated Loon	1	2	0.0	1	0.0	0.0	0.0	2	15	19	3	5	3	9	34	48	315	135	225	88	5	0.0	0.0	0.0	0.0	0.0	0.0	0.0	0.0	0.0	0.0	0.0	8	2	1	3	9	15	24	128	56	30	13	11	7	1	3	4
	# checklists reporting species - (Red-throated Loon)	1	1	0.0	1	0.0	0.0	0.0	2	13	12	3	5	3	9	23	30	65	37	70	73	5	0.0	0.0	0.0	0.0	0.0	0.0	0.0	0.0	0.0	0.0	0.0	8	2	1	1	6	13	16	72	32	25	10	9	7	1	3	4
	
Average Count
	Red-throated Loon	1.0	2.0	0.0	1.0	0.0	0.0	0.0	1.0	1.1538461538461537	1.5833333333333333	1.0	1.0	1.0	1.0	1.4782608695652173	1.6	4.846153846153846	3.6486486486486487	3.2142857142857144	1.2054794520547945	1.0	0.0	0.0	0.0	0.0	0.0	0.0	0.0	0.0	0.0	0.0	0.0	1.0	1.0	1.0	3.0	1.5	1.1538461538461537	1.5	1.7777777777777777	1.75	1.2	1.3	1.2222222222222223	1.0	1.0	1.0	1.0
	# checklists reporting species - (Red-throated Loon)	1	1	0.0	1	0.0	0.0	0.0	2	13	12	3	5	3	9	23	30	65	37	70	73	5	0.0	0.0	0.0	0.0	0.0	0.0	0.0	0.0	0.0	0.0	0.0	8	2	1	1	6	13	16	72	32	25	10	9	7	1	3	4
	
