

	Week starting on...	1/1	1/8	1/15	1/22	2/1	2/8	2/15	2/22	3/1	3/8	3/15	3/22	4/1	4/8	4/15	4/22	5/1	5/8	5/15	5/22	6/1	6/8	6/15	6/22	7/1	7/8	7/15	7/22	8/1	8/8	8/15	8/22	9/1	9/8	9/15	9/22	10/1	10/8	10/15	10/22	11/1	11/8	11/15	11/22	12/1	12/8	12/15	12/22
Frequency (%)
	Swamp Sparrow	0.6812309137890533	1.1131725417439702	0.7798652959943283	1.2859304084720122	1.1380323054331865	0.8681041725007002	0.6270188105643169	0.9193776520509194	0.7521153243497336	0.5652911249293386	0.7798742138364779	0.7646400596792242	1.1505273250239694	3.1124497991967868	7.915194346289753	11.469009272816008	12.208859796011568	7.896314054540006	5.9891685250079645	1.161782555921623	0.46728971962616817	0.6334841628959276	1.4155712841253791	0.7860984691766653	0.51933064050779	0.6426735218508998	0.801068090787717	0.6560449859418931	0.19157088122605362	0.3078817733990148	0.7178354500276091	0.573271228950197	0.7269789983844911	1.2767710049423393	3.3794788273615635	5.4485049833887045	9.366704588547591	8.491281273692191	7.940161104718067	6.0096838507547705	3.5247524752475243	2.112676056338028	1.735357917570499	2.040085898353615	1.7608897126969416	1.4039855072463767	2.495049504950495	1.2722646310432568
	Total # checklists submitted - (Swamp Sparrow)	4257	3234	2821	3966	2724	3571	5263	2828	3191	3538	3975	5362	4172	3984	4245	6147	6569	6674	6278	5767	2568	2210	1978	2417	1733	1556	1498	2134	1566	1624	1811	2791	2476	2428	2456	3010	2637	2638	2607	3511	2525	2556	2305	2794	2158	2208	2525	3537
	
Abundance
	Swamp Sparrow	0.009161381254404511	0.012987012987012988	0.00957107408720312	0.015632879475542108	0.014684287812041116	0.011761411369364323	0.007980239407182215	0.010961810466760962	0.009088060169225948	0.005652911249293386	0.009559748427672956	0.008392390898918314	0.016059443911792905	0.041917670682730925	0.14605418138987045	0.2225475841874085	0.2650327294869843	0.13230446508840277	0.08697037273016885	0.016126235477718052	0.00895638629283489	0.009502262443438913	0.023255813953488372	0.023582954075299957	0.006924408540103866	0.014138817480719794	0.012016021361815754	0.011715089034676664	0.0019157088122605363	0.003694581280788177	0.009387078961899503	0.00680759584378359	0.009289176090468497	0.014827018121911038	0.06636807817589577	0.12093023255813953	0.2912400455062571	0.211144806671721	0.18603759110088225	0.11706066647678724	0.04594059405940594	0.026604068857589983	0.02125813449023861	0.024695776664280602	0.021316033364226137	0.01585144927536232	0.031683168316831684	0.01583262651964942
	Total # checklists submitted - (Swamp Sparrow)	4257	3234	2821	3966	2724	3571	5263	2828	3191	3538	3975	5362	4172	3984	4245	6147	6569	6674	6278	5767	2568	2210	1978	2417	1733	1556	1498	2134	1566	1624	1811	2791	2476	2428	2456	3010	2637	2638	2607	3511	2525	2556	2305	2794	2158	2208	2525	3537
	
Birds Per Party Hour
	Swamp Sparrow	0.6120127477950066	0.6501372594876474	0.9445121178147715	1.1207614370958554	2.216566870137236	4.036902635628299	0.7481171667478891	1.3387513689080583	0.9236114761701918	1.0798357344584737	2.172671402172099	0.988316154962441	1.0024335752127091	0.9301464349638375	1.5930823470460542	1.143427297922323	1.029906085844571	0.8166871532719981	0.6707544531504391	0.835252001792863	1.5741590178068983	9.589254413673581	1.82879919885583	2.8847151386688603	2.18253427772132	1.7559635471635267	2.811688446458074	1.7049911802346436	0.325	0.6998274046886084	1.0637135647501355	0.5547439031532218	0.6265319411781964	0.6143602502748481	0.8817657652959302	0.9025603498719157	1.3575545751974452	1.2733663125882835	1.466880407463885	0.8965011866700893	0.7679807797490623	0.5555824260300288	0.9725817408545974	0.9100204117305333	0.8456039604650439	0.549470489581356	0.43831220548091376	1.2720243123893453
	# checklists reporting species - (Swamp Sparrow)	31	34	22	54	32	30	32	29	26	22	31	41	49	131	340	732	831	541	384	69	13	14	28	19	10	10	13	13	2	5	16	17	18	32	87	172	251	225	205	217	89	56	41	59	38	31	61	46
	
High Count
	Swamp Sparrow	3	2	2	3	4	4	3	2	3	2	3	2	7	5	23	21	45	42	10	8	8	4	6	12	7	10	4	4	2	2	3	2	2	3	13	30	37	26	33	14	4	3	3	5	3	2	4	3
	# checklists reporting species - (Swamp Sparrow)	34	38	27	56	32	31	34	29	27	22	31	42	52	140	366	782	868	555	396	77	19	33	54	62	54	11	15	16	3	5	16	17	19	33	95	180	271	248	226	227	95	58	42	60	42	35	68	51
	
Totals
	Swamp Sparrow	44	45	32	69	41	42	43	36	32	23	38	46	71	186	676	1474	1894	923	565	104	30	40	72	100	63	23	21	27	3	6	21	20	23	37	177	388	833	611	520	431	127	72	51	72	51	39	86	65
	# checklists reporting species - (Swamp Sparrow)	33	38	27	56	32	30	34	29	27	22	31	42	52	137	354	762	849	548	386	76	19	33	54	62	54	11	15	15	2	5	16	17	18	32	93	179	265	241	219	223	93	58	42	60	42	35	67	51
	
Average Count
	Swamp Sparrow	1.3333333333333333	1.1842105263157894	1.1851851851851851	1.2321428571428572	1.28125	1.4	1.2647058823529411	1.2413793103448276	1.1851851851851851	1.0454545454545454	1.2258064516129032	1.0952380952380953	1.3653846153846154	1.3576642335766422	1.9096045197740112	1.9343832020997376	2.2308598351001176	1.6843065693430657	1.4637305699481866	1.368421052631579	1.5789473684210527	1.2121212121212122	1.3333333333333333	1.6129032258064515	1.1666666666666667	2.090909090909091	1.4	1.8	1.5	1.2	1.3125	1.1764705882352942	1.2777777777777777	1.15625	1.903225806451613	2.1675977653631286	3.1433962264150943	2.5352697095435683	2.374429223744292	1.9327354260089686	1.3655913978494623	1.2413793103448276	1.2142857142857142	1.2	1.2142857142857142	1.1142857142857143	1.2835820895522387	1.2745098039215685
	# checklists reporting species - (Swamp Sparrow)	33	38	27	56	32	30	34	29	27	22	31	42	52	137	354	762	849	548	386	76	19	33	54	62	54	11	15	15	2	5	16	17	18	32	93	179	265	241	219	223	93	58	42	60	42	35	67	51
	
