

	Week starting on...	1/1	1/8	1/15	1/22	2/1	2/8	2/15	2/22	3/1	3/8	3/15	3/22	4/1	4/8	4/15	4/22	5/1	5/8	5/15	5/22	6/1	6/8	6/15	6/22	7/1	7/8	7/15	7/22	8/1	8/8	8/15	8/22	9/1	9/8	9/15	9/22	10/1	10/8	10/15	10/22	11/1	11/8	11/15	11/22	12/1	12/8	12/15	12/22
Frequency (%)
	Yellow-bellied Sapsucker	0.14094432699083861	0.21645021645021645	0.38993264799716415	0.07564296520423601	0.07342143906020558	0.08401008120974517	0.057001710051301537	0.0	0.06267627702914447	0.02826455624646693	0.07547169811320754	0.4475941812756434	5.656759348034516	17.06827309236948	18.138987043580684	14.315926468195869	9.48393971685188	2.5621816002397364	0.9397897419560369	0.2601005722212589	0.1557632398753894	0.13574660633484162	0.0	0.04137360364087712	0.0	0.0	0.06675567423230974	0.0	0.1277139208173691	0.0	0.11043622308117064	0.0	0.04038772213247173	0.16474464579901155	3.705211726384365	12.990033222591363	21.160409556313994	12.547384382107657	3.49060222477944	0.7974935915693534	0.5148514851485149	0.27386541471048514	0.21691973969631237	0.25053686471009307	0.18535681186283595	0.18115942028985507	0.1188118811881188	0.19790783149561775
	Total # checklists submitted - (Yellow-bellied Sapsucker)	4257	3234	2821	3966	2724	3571	5263	2828	3191	3538	3975	5362	4172	3984	4245	6147	6569	6674	6278	5767	2568	2210	1978	2417	1733	1556	1498	2134	1566	1624	1811	2791	2476	2428	2456	3010	2637	2638	2607	3511	2525	2556	2305	2794	2158	2208	2525	3537
	
Abundance
	Yellow-bellied Sapsucker	0.0014094432699083862	0.0021645021645021645	0.0038993264799716413	7.564296520423601E-4	0.0011013215859030838	8.401008120974517E-4	5.700171005130154E-4	0.0	6.267627702914447E-4	2.826455624646693E-4	7.547169811320754E-4	0.00484893696381947	0.0800575263662512	0.2838855421686747	0.39199057714958774	0.24434683585488856	0.13913837722636627	0.02906802517231046	0.010035043007327174	0.0026010057222125888	0.001557632398753894	0.0013574660633484162	0.0	4.137360364087712E-4	0.0	0.0	6.675567423230974E-4	0.0	0.001277139208173691	0.0	0.0011043622308117063	0.0	4.038772213247173E-4	0.0016474464579901153	0.06270358306188925	0.2431893687707641	0.4774364808494501	0.1899166034874905	0.04602991944764097	0.008259755055539733	0.005940594059405941	0.0027386541471048514	0.0021691973969631237	0.0025053686471009306	0.0018535681186283596	0.0018115942028985507	0.001188118811881188	0.0019790783149561775
	Total # checklists submitted - (Yellow-bellied Sapsucker)	4257	3234	2821	3966	2724	3571	5263	2828	3191	3538	3975	5362	4172	3984	4245	6147	6569	6674	6278	5767	2568	2210	1978	2417	1733	1556	1498	2134	1566	1624	1811	2791	2476	2428	2456	3010	2637	2638	2607	3511	2525	2556	2305	2794	2158	2208	2525	3537
	
Birds Per Party Hour
	Yellow-bellied Sapsucker	2.1861503499862187	2.0284563070719694	1.6802956583888045	2.6	0.822246455834242	1.6130814912570108	1.1036553524804178	0.0	0.611111111111111	1.1534025374855825	0.6826831389471354	1.380713397512664	1.2789910907659092	1.7410579544485514	1.6998976298746897	1.6682734308082416	1.2561077930817934	1.133260672292411	0.9146111812320448	1.2834329741070483	1.604213553388347	0.9418800300026353	0.0	0.5216484089723527	0.0	0.0	1.5772870662460567	0.0	0.9335734293717487	0.0	0.8392953580348096	0.0	0.3333333333333333	0.3615961340128561	0.9111521296689881	1.0983752171755286	1.595194895335176	1.1951516691983441	1.2641664637405723	0.8314975156950527	1.86279208941131	1.2733657868906523	1.6793798110062148	1.1756173533786798	1.3342113678600365	3.2798105847053822	0.6527777777777778	2.50967415700882
	# checklists reporting species - (Yellow-bellied Sapsucker)	6	8	13	2	3	4	3	0.0	3	1	3	28	256	733	800	917	669	181	63	15	4	3	1	1	0.0	0	1	0.0	2	0.0	2	0.0	2	5	98	403	585	337	92	33	13	8	4	7	4	5	3	7
	
High Count
	Yellow-bellied Sapsucker	1	1	1	1	2	1	1	0.0	1	1	1	3	18	15	20	15	15	4	3	1	1	1	1	1	0.0	3	1	0.0	1	0.0	1	0.0	1	1	7	16	25	12	6	2	3	1	1	1	1	1	1	1
	# checklists reporting species - (Yellow-bellied Sapsucker)	7	8	13	3	3	4	4	0.0	3	1	3	30	268	780	850	970	683	183	65	15	4	3	1	1	0.0	1	1	0.0	2	0.0	2	0.0	2	5	107	449	630	365	98	33	13	8	5	7	5	6	4	7
	
Totals
	Yellow-bellied Sapsucker	7	8	13	3	4	4	3	0.0	3	1	3	33	377	1271	1791	1626	991	206	69	15	4	3	1	1	0.0	3	1	0.0	2	0.0	2	0.0	2	5	171	813	1390	538	125	35	15	8	5	7	5	6	4	7
	# checklists reporting species - (Yellow-bellied Sapsucker)	7	8	13	3	3	4	3	0.0	3	1	3	29	267	770	834	942	678	181	63	15	4	3	1	1	0.0	1	1	0.0	2	0.0	2	0.0	2	5	102	437	617	354	96	33	13	8	5	7	5	6	4	7
	
Average Count
	Yellow-bellied Sapsucker	1.0	1.0	1.0	1.0	1.3333333333333333	1.0	1.0	0.0	1.0	1.0	1.0	1.1379310344827587	1.4119850187265917	1.6506493506493507	2.147482014388489	1.7261146496815287	1.4616519174041298	1.138121546961326	1.0952380952380953	1.0	1.0	1.0	1.0	1.0	0.0	3.0	1.0	0.0	1.0	0.0	1.0	0.0	1.0	1.0	1.6764705882352942	1.860411899313501	2.2528363047001623	1.5197740112994351	1.3020833333333333	1.0606060606060606	1.1538461538461537	1.0	1.0	1.0	1.0	1.0	1.0	1.0
	# checklists reporting species - (Yellow-bellied Sapsucker)	7	8	13	3	3	4	3	0.0	3	1	3	29	267	770	834	942	678	181	63	15	4	3	1	1	0.0	1	1	0.0	2	0.0	2	0.0	2	5	102	437	617	354	96	33	13	8	5	7	5	6	4	7
	
