

	Week starting on...	1/1	1/8	1/15	1/22	2/1	2/8	2/15	2/22	3/1	3/8	3/15	3/22	4/1	4/8	4/15	4/22	5/1	5/8	5/15	5/22	6/1	6/8	6/15	6/22	7/1	7/8	7/15	7/22	8/1	8/8	8/15	8/22	9/1	9/8	9/15	9/22	10/1	10/8	10/15	10/22	11/1	11/8	11/15	11/22	12/1	12/8	12/15	12/22
Frequency (%)
	Great Crested Flycatcher	0.0	0.0	0.0	0.0	0.0	0.0	0.0	0.0	0.0	0.0	0.0	0.0	0.0	0.0	0.0	0.16268098259313485	5.206271883087228	7.58166017380881	14.74992035680153	12.900988382174441	13.862928348909657	10.316742081447963	9.30232558139535	6.454282167976831	7.732256203115984	6.619537275064268	5.740987983978639	6.091846298031865	5.427841634738186	4.310344827586207	5.908337934842629	8.778215693299893	10.218093699515347	7.413509060955518	2.1172638436482085	0.26578073089701	0.07584376185058779	0.03790750568612585	0.0	0.0	0.0	0.0	0.0	0.0	0.0	0.0	0.0	0.0
	Total # checklists submitted - (Great Crested Flycatcher)	4257	3234	2821	3966	2724	3571	5263	2828	3191	3538	3975	5362	4172	3984	4245	6147	6569	6674	6278	5767	2568	2210	1978	2417	1733	1556	1498	2134	1566	1624	1811	2791	2476	2428	2456	3010	2637	2638	2607	3511	2525	2556	2305	2794	2158	2208	2525	3537
	
Abundance
	Great Crested Flycatcher	0.0	0.0	0.0	0.0	0.0	0.0	0.0	0.0	0.0	0.0	0.0	0.0	0.0	0.0	0.0	0.002440214738897023	0.06454559293652001	0.10113874737788432	0.23223956674100033	0.20114444251777355	0.21378504672897197	0.1411764705882353	0.14004044489383216	0.10550268928423666	0.10040392383150606	0.10025706940874037	0.08878504672897196	0.10121836925960637	0.08237547892720307	0.05233990147783251	0.0883489784649365	0.12432819777857398	0.12560581583198707	0.09019769357495881	0.025651465798045604	0.0026578073089701	7.584376185058779E-4	3.790750568612585E-4	0.0	0.0	0.0	0.0	0.0	0.0	0.0	0.0	0.0	0.0
	Total # checklists submitted - (Great Crested Flycatcher)	4257	3234	2821	3966	2724	3571	5263	2828	3191	3538	3975	5362	4172	3984	4245	6147	6569	6674	6278	5767	2568	2210	1978	2417	1733	1556	1498	2134	1566	1624	1811	2791	2476	2428	2456	3010	2637	2638	2607	3511	2525	2556	2305	2794	2158	2208	2525	3537
	
Birds Per Party Hour
	Great Crested Flycatcher	0.0	0.0	0.0	0.0	0.0	0.0	0.0	0.0	0.0	0.0	0.0	0.0	0.0	0.0	0.0	1.0188654917568503	0.8105103691067042	0.9951231092445362	0.9565711251720841	1.167971529065693	2.021194471720879	2.4437134963612515	2.554800469670164	1.9011062354189523	2.3147516644512334	1.231852094780856	1.3044492072706342	1.4240577126603282	1.4006173561205624	1.6942867802996295	1.0916763188249383	0.7780285697339709	0.6533942481983466	0.6195372758856647	0.43501257777908797	0.5372211105115439	0.33285222984664226	0.2857142857142857	0.0	0.0	0.0	0.0	0.0	0.0	0.0	0.0	0.0	0.0
	# checklists reporting species - (Great Crested Flycatcher)	0.0	0.0	0.0	0.0	0.0	0.0	0.0	0.0	0.0	0.0	0.0	0.0	0.0	0.0	0.0	11	372	530	980	785	378	234	188	161	138	104	86	128	85	71	113	253	258	190	60	9	2	1	0.0	0.0	0.0	0.0	0.0	0.0	0.0	0.0	0.0	0.0
	
High Count
	Great Crested Flycatcher	0.0	0.0	0.0	0.0	0.0	0.0	0.0	0.0	0.0	0.0	0.0	0.0	0.0	0.0	0.0	6	5	6	12	14	6	5	9	10	5	4	12	10	7	4	6	10	12	4	3	1	1	1	0.0	0.0	0.0	0.0	0.0	0.0	0.0	0.0	0.0	0.0
	# checklists reporting species - (Great Crested Flycatcher)	0.0	0.0	0.0	0.0	0.0	0.0	0.0	0.0	0.0	0.0	0.0	0.0	0.0	0.0	0.0	12	389	552	1020	853	437	278	257	233	190	116	90	137	94	76	118	275	271	192	63	9	2	1	0.0	0.0	0.0	0.0	0.0	0.0	0.0	0.0	0.0	0.0
	
Totals
	Great Crested Flycatcher	0.0	0.0	0.0	0.0	0.0	0.0	0.0	0.0	0.0	0.0	0.0	0.0	0.0	0.0	0.0	17	478	722	1557	1286	638	371	356	331	232	167	138	233	143	91	171	382	330	233	74	9	2	1	0.0	0.0	0.0	0.0	0.0	0.0	0.0	0.0	0.0	0.0
	# checklists reporting species - (Great Crested Flycatcher)	0.0	0.0	0.0	0.0	0.0	0.0	0.0	0.0	0.0	0.0	0.0	0.0	0.0	0.0	0.0	12	383	542	991	835	426	272	251	230	186	112	86	131	87	73	118	272	263	191	62	9	2	1	0.0	0.0	0.0	0.0	0.0	0.0	0.0	0.0	0.0	0.0
	
Average Count
	Great Crested Flycatcher	0.0	0.0	0.0	0.0	0.0	0.0	0.0	0.0	0.0	0.0	0.0	0.0	0.0	0.0	0.0	1.4166666666666667	1.248041775456919	1.3321033210332103	1.5711402623612514	1.540119760479042	1.4976525821596245	1.3639705882352942	1.4183266932270917	1.4391304347826086	1.2473118279569892	1.4910714285714286	1.6046511627906976	1.7786259541984732	1.6436781609195403	1.2465753424657535	1.4491525423728813	1.4044117647058822	1.2547528517110267	1.219895287958115	1.1935483870967742	1.0	1.0	1.0	0.0	0.0	0.0	0.0	0.0	0.0	0.0	0.0	0.0	0.0
	# checklists reporting species - (Great Crested Flycatcher)	0.0	0.0	0.0	0.0	0.0	0.0	0.0	0.0	0.0	0.0	0.0	0.0	0.0	0.0	0.0	12	383	542	991	835	426	272	251	230	186	112	86	131	87	73	118	272	263	191	62	9	2	1	0.0	0.0	0.0	0.0	0.0	0.0	0.0	0.0	0.0	0.0
	
