

	Week starting on...	1/1	1/8	1/15	1/22	2/1	2/8	2/15	2/22	3/1	3/8	3/15	3/22	4/1	4/8	4/15	4/22	5/1	5/8	5/15	5/22	6/1	6/8	6/15	6/22	7/1	7/8	7/15	7/22	8/1	8/8	8/15	8/22	9/1	9/8	9/15	9/22	10/1	10/8	10/15	10/22	11/1	11/8	11/15	11/22	12/1	12/8	12/15	12/22
Frequency (%)
	American Black Duck	19.61475217289171	20.006184291898577	18.610421836228287	19.667170953101362	17.878120411160058	12.685522262671519	9.842295268858066	17.043847241867045	18.270134753995613	17.919728660260034	16.930817610062892	14.378963073480044	12.727708533077662	10.416666666666668	6.07773851590106	3.8555392874572965	2.9989343887958593	2.2924782738987117	2.038865880853775	2.2368649211028266	2.1806853582554515	1.6742081447963801	1.6683518705763396	1.8618121638394702	2.8851702250432774	3.3419023136246784	5.006675567423231	5.904404873477039	5.747126436781609	5.665024630541872	5.41137493097736	6.986743102830527	8.40064620355412	7.619439868204283	7.41042345276873	8.837209302325581	9.025407660219948	10.917361637604246	13.003452243958574	16.17772714326403	16.633663366336634	16.51017214397496	15.791757049891539	14.63851109520401	15.384615384615385	17.617753623188406	18.019801980198018	19.451512581283573
	Total # checklists submitted - (American Black Duck)	4257	3234	2821	3966	2724	3571	5263	2828	3191	3538	3975	5362	4172	3984	4245	6147	6569	6674	6278	5767	2568	2210	1978	2417	1733	1556	1498	2134	1566	1624	1811	2791	2476	2428	2456	3010	2637	2638	2607	3511	2525	2556	2305	2794	2158	2208	2525	3537
	
Abundance
	American Black Duck	0.8672774254169603	0.9724799010513296	0.7876639489542715	0.8290468986384266	0.7063142437591777	0.592551106132736	0.4721641649249477	0.7797029702970297	0.7947351927295518	0.7815149802148106	0.6238993710691824	0.5121223424095487	0.38998082454458294	0.27259036144578314	0.14016489988221437	0.08134049129656744	0.06028314811995737	0.03970632304465088	0.03424657534246575	0.033986474770244496	0.031931464174454825	0.02895927601809955	0.028816986855409503	0.03640877120397187	0.07674552798615118	0.11889460154241645	0.11682242990654206	0.17713214620431114	0.18518518518518517	0.14532019704433496	0.13749309773605742	0.20530275886778931	0.21122778675282713	0.17751235584843492	0.1490228013029316	0.21196013289036544	0.2169131588926811	0.30477634571645185	0.40736478711162255	0.5827399601253204	0.6031683168316831	0.6709702660406885	0.5843817787418655	0.5458124552612742	0.6107506950880445	0.7151268115942029	0.8471287128712871	0.8428046366977665
	Total # checklists submitted - (American Black Duck)	4257	3234	2821	3966	2724	3571	5263	2828	3191	3538	3975	5362	4172	3984	4245	6147	6569	6674	6278	5767	2568	2210	1978	2417	1733	1556	1498	2134	1566	1624	1811	2791	2476	2428	2456	3010	2637	2638	2607	3511	2525	2556	2305	2794	2158	2208	2525	3537
	
Birds Per Party Hour
	American Black Duck	4.678740942468984	4.233742624036711	5.193222626498139	5.070975881208843	5.300431627239277	5.616004017118339	4.69833610890434	3.6526344094356684	3.755528224529071	3.2070591333675877	2.598426196639493	2.611938069327435	2.952833061944735	1.7768222776132347	1.8636326335457714	1.2456599007851026	0.8546609435033773	2.704792362176498	0.9209374914898026	0.5660106006738399	1.038339501664164	1.0805084932072782	2.4391965743328297	2.03144970519068	1.673647343668921	2.6941116605588387	1.7900630474897097	2.1821340260390683	1.4420104930969504	1.5760058903223992	1.1971237353339712	2.5381741917772547	1.473157990130431	1.044294142431893	1.253620413049726	1.5555481053326665	1.669040710458677	1.3171628051719206	2.135108865863095	2.068032606952344	2.2100191843119363	2.7590983981386836	2.425384039621677	3.4327165371162387	2.4441533291571	2.811304900452531	2.825108498881654	3.640678378189661
	# checklists reporting species - (American Black Duck)	794	629	515	748	476	435	501	465	562	619	654	738	524	416	253	237	188	158	127	130	55	36	35	45	48	52	72	125	92	97	99	202	200	182	185	267	243	282	345	561	423	417	356	400	321	375	454	677
	
High Count
	American Black Duck	45	75	100	61	75	107	40	54	40	39	26	34	20	11	12	10	15	10	12	13	4	19	9	10	10	22	13	20	25	21	18	20	20	20	8	16	16	24	23	29	30	26	51	35	26	40	35	38
	# checklists reporting species - (American Black Duck)	870	688	558	821	515	477	551	514	618	669	699	799	553	437	268	249	203	161	131	138	57	40	39	47	56	57	80	134	97	98	105	208	213	195	199	276	258	310	373	606	454	459	391	440	362	417	493	727
	
Totals
	American Black Duck	3765	3328	2335	3436	2008	2153	2573	2268	2628	2863	2556	2796	1663	1121	615	517	407	275	220	223	83	66	64	99	147	202	183	411	315	252	258	611	529	446	397	660	609	853	1138	2192	1612	1844	1484	1594	1390	1694	2287	3068
	# checklists reporting species - (American Black Duck)	812	651	528	770	482	445	518	479	572	628	660	750	531	424	257	240	193	158	127	134	57	38	37	46	52	53	74	127	93	97	101	205	205	187	194	274	249	295	361	584	434	428	371	411	334	388	466	696
	
Average Count
	American Black Duck	4.636699507389163	5.1121351766513055	4.422348484848484	4.462337662337663	4.16597510373444	4.8382022471910116	4.967181467181467	4.734864300626305	4.594405594405594	4.558917197452229	3.8727272727272726	3.728	3.1318267419962336	2.643867924528302	2.3929961089494163	2.154166666666667	2.1088082901554404	1.740506329113924	1.7322834645669292	1.664179104477612	1.456140350877193	1.736842105263158	1.7297297297297298	2.152173913043478	2.826923076923077	3.811320754716981	2.472972972972973	3.236220472440945	3.3870967741935485	2.597938144329897	2.5544554455445545	2.9804878048780488	2.580487804878049	2.3850267379679146	2.0463917525773194	2.408759124087591	2.4457831325301207	2.8915254237288135	3.152354570637119	3.7534246575342465	3.7142857142857144	4.308411214953271	4.0	3.878345498783455	4.161676646706587	4.365979381443299	4.907725321888412	4.408045977011494
	# checklists reporting species - (American Black Duck)	812	651	528	770	482	445	518	479	572	628	660	750	531	424	257	240	193	158	127	134	57	38	37	46	52	53	74	127	93	97	101	205	205	187	194	274	249	295	361	584	434	428	371	411	334	388	466	696
	
