

	Week starting on...	1/1	1/8	1/15	1/22	2/1	2/8	2/15	2/22	3/1	3/8	3/15	3/22	4/1	4/8	4/15	4/22	5/1	5/8	5/15	5/22	6/1	6/8	6/15	6/22	7/1	7/8	7/15	7/22	8/1	8/8	8/15	8/22	9/1	9/8	9/15	9/22	10/1	10/8	10/15	10/22	11/1	11/8	11/15	11/22	12/1	12/8	12/15	12/22
Frequency (%)
	Savannah Sparrow	0.02349072116513977	0.0	0.07089684509039348	0.12607160867372666	0.03671071953010279	0.11201344161299356	0.19000570017100513	0.07072135785007072	0.031338138514572234	0.02826455624646693	0.025157232704402514	0.0	0.4793863854266539	2.2590361445783134	4.546525323910483	5.970392061168049	8.555335667529304	6.667665567875337	7.454603376871615	7.005375411825907	2.803738317757009	2.307692307692308	2.8816986855409503	1.9031857674803476	2.423542989036353	2.056555269922879	1.7356475300400533	1.5932521087160263	1.532567049808429	0.6157635467980296	2.0982882385422417	2.293084915800788	1.5751211631663975	2.42998352553542	2.44299674267101	3.089700996677741	2.2373909745923397	2.4260803639120545	1.2274645186037592	0.4557106237539163	0.19801980198019803	0.19561815336463223	0.08676789587852494	0.07158196134574087	0.18535681186283595	0.04528985507246377	0.4356435643564357	0.11309018942606729
	Total # checklists submitted - (Savannah Sparrow)	4257	3234	2821	3966	2724	3571	5263	2828	3191	3538	3975	5362	4172	3984	4245	6147	6569	6674	6278	5767	2568	2210	1978	2417	1733	1556	1498	2134	1566	1624	1811	2791	2476	2428	2456	3010	2637	2638	2607	3511	2525	2556	2305	2794	2158	2208	2525	3537
	
Abundance
	Savannah Sparrow	2.349072116513977E-4	0.0	0.0010634526763559022	0.002017145738779627	3.671071953010279E-4	0.0019602352282273874	0.003230096902907087	0.0010608203677510608	3.1338138514572234E-4	2.826455624646693E-4	2.5157232704402514E-4	0.0	0.007190795781399808	0.036646586345381524	0.09658421672555949	0.14869041809012526	0.19911706500228346	0.15627809409649385	0.15402994584262503	0.12068666551066412	0.05646417445482866	0.05339366515837104	0.1577350859453994	0.07571369466280513	0.16156953260242354	0.07969151670951156	0.050734312416555405	0.045454545454545456	0.03384418901660281	0.009852216748768473	0.054113749309773605	0.07380867072733788	0.03877221324717286	0.048187808896210875	0.04804560260586319	0.07940199335548173	0.03640500568828214	0.04435178165276725	0.018411967779056387	0.004557106237539163	0.0019801980198019802	0.0019561815336463224	8.676789587852494E-4	0.0010737294201861132	0.0018535681186283596	4.528985507246377E-4	0.005148514851485149	0.0014136273678258412
	Total # checklists submitted - (Savannah Sparrow)	4257	3234	2821	3966	2724	3571	5263	2828	3191	3538	3975	5362	4172	3984	4245	6147	6569	6674	6278	5767	2568	2210	1978	2417	1733	1556	1498	2134	1566	1624	1811	2791	2476	2428	2456	3010	2637	2638	2607	3511	2525	2556	2305	2794	2158	2208	2525	3537
	
Birds Per Party Hour
	Savannah Sparrow	0.2069108214359611	0.0	0.4054448105539895	0.4535678608247374	0.43159257660768235	0.8240084751990714	0.4932051492006346	0.4187678137294219	0.19801980198019803	0.856898029134533	0.3333333333333333	0.0	0.8057419669538565	1.6258870148139148	1.4008509018013267	1.4834808657079603	1.2008644083880722	1.000514014133902	1.4854756972642216	1.0103164953277446	2.925571562869861	3.1087396858747924	5.669432641179959	5.933596015200088	8.083146077076883	2.735016857747743	1.9540689627564576	2.156230526253077	1.218033027001773	1.0691390760210622	1.5624268059395918	2.0060017789970557	1.615499916165359	1.0462890080449605	1.2689351664626132	1.4476076954953998	1.8456781705373	0.7927141727803799	0.5290807210501205	0.3458587368484551	0.26944444444444443	1.0309905995030426	0.5949882201756265	1.4284490145672666	1.4426305109758348	0.6523157208088715	0.28660037302378366	0.254540695877013
	# checklists reporting species - (Savannah Sparrow)	1	0.0	2	6	1	4	11	2	1	1	1	0.0	21	99	198	373	577	466	475	397	73	52	61	49	41	33	26	34	23	9	37	66	42	61	62	94	59	65	31	17	5	5	3	2	4	1	12	4
	
High Count
	Savannah Sparrow	1	0.0	2	2	1	2	2	2	1	1	1	0.0	4	8	18	26	31	21	18	11	15	14	51	38	55	20	14	22	6	6	10	23	10	12	12	15	6	20	5	2	1	1	1	2	1	1	2	2
	# checklists reporting species - (Savannah Sparrow)	1	0.0	2	6	1	4	11	2	1	1	1	0.0	23	103	213	398	602	486	499	443	85	62	70	68	56	35	28	38	25	11	40	68	43	63	66	100	66	69	34	17	5	5	3	2	5	1	12	4
	
Totals
	Savannah Sparrow	1	0.0	3	9	1	7	18	3	1	1	1	0.0	33	168	436	959	1353	1107	1013	749	171	141	330	218	295	149	78	101	54	17	101	217	111	121	126	262	108	144	52	18	5	5	3	3	5	1	14	5
	# checklists reporting species - (Savannah Sparrow)	1	0.0	2	6	1	4	11	2	1	1	1	0.0	23	102	202	380	586	476	481	422	78	58	68	68	50	33	27	37	23	10	39	67	43	61	64	97	63	68	34	17	5	5	3	2	5	1	12	4
	
Average Count
	Savannah Sparrow	1.0	0.0	1.5	1.5	1.0	1.75	1.6363636363636365	1.5	1.0	1.0	1.0	0.0	1.434782608695652	1.6470588235294117	2.1584158415841586	2.5236842105263158	2.3088737201365186	2.3256302521008405	2.106029106029106	1.7748815165876777	2.1923076923076925	2.4310344827586206	4.852941176470588	3.2058823529411766	5.9	4.515151515151516	2.888888888888889	2.72972972972973	2.347826086956522	1.7	2.58974358974359	3.2388059701492535	2.5813953488372094	1.9836065573770492	1.96875	2.7010309278350517	1.7142857142857142	2.1176470588235294	1.5294117647058822	1.0588235294117647	1.0	1.0	1.0	1.5	1.0	1.0	1.1666666666666667	1.25
	# checklists reporting species - (Savannah Sparrow)	1	0.0	2	6	1	4	11	2	1	1	1	0.0	23	102	202	380	586	476	481	422	78	58	68	68	50	33	27	37	23	10	39	67	43	61	64	97	63	68	34	17	5	5	3	2	5	1	12	4
	
