

	Week starting on...	1/1	1/8	1/15	1/22	2/1	2/8	2/15	2/22	3/1	3/8	3/15	3/22	4/1	4/8	4/15	4/22	5/1	5/8	5/15	5/22	6/1	6/8	6/15	6/22	7/1	7/8	7/15	7/22	8/1	8/8	8/15	8/22	9/1	9/8	9/15	9/22	10/1	10/8	10/15	10/22	11/1	11/8	11/15	11/22	12/1	12/8	12/15	12/22
Frequency (%)
	Tundra Swan	1.738313366220343	1.4223871366728509	1.5951790145338534	1.361573373676248	0.881057268722467	0.644077289274713	0.8170245107353221	2.758132956152758	2.130993418990912	5.115884680610514	2.691823899371069	1.1189854531891086	0.4793863854266539	0.1757028112449799	0.11778563015312131	0.04880429477794046	0.0	0.0	0.0	0.05202011444425178	0.0	0.0	0.0	0.0	0.0	0.0	0.0	0.0	0.0	0.0	0.0	0.0	0.0	0.0	0.0	0.0	0.15168752370117558	0.45489006823351025	1.1507479861910241	1.7658786670464257	1.4653465346534653	1.4475743348982786	1.1279826464208242	0.9663564781675018	0.8341056533827619	0.9510869565217392	1.5445544554455446	1.413627367825841
	Total # checklists submitted - (Tundra Swan)	4257	3234	2821	3966	2724	3571	5263	2828	3191	3538	3975	5362	4172	3984	4245	6147	6569	6674	6278	5767	2568	2210	1978	2417	1733	1556	1498	2134	1566	1624	1811	2791	2476	2428	2456	3010	2637	2638	2607	3511	2525	2556	2305	2794	2158	2208	2525	3537
	
Abundance
	Tundra Swan	0.028423772609819122	0.023809523809523808	0.02977667493796526	0.02395360564800807	0.016152716593245228	0.014001680201624195	0.014630438913167395	0.7309052333804809	0.2942651206518333	2.823063877897117	0.5205031446540881	0.13278627377844088	0.03547459252157239	0.004518072289156626	0.0016489988221436984	9.760858955588092E-4	0.0	0.0	0.0	5.202011444425178E-4	0.0	0.0	0.0	0.0	0.0	0.0	0.0	0.0	0.0	0.0	0.0	0.0	0.0	0.0	0.0	0.0	0.006825938566552901	0.011751326762699014	0.029535864978902954	0.04129877527769866	0.04712871287128713	0.04538341158059468	0.07505422993492408	0.023264137437365783	0.011584800741427247	0.012681159420289856	0.03603960396039604	0.037602487984167376
	Total # checklists submitted - (Tundra Swan)	4257	3234	2821	3966	2724	3571	5263	2828	3191	3538	3975	5362	4172	3984	4245	6147	6569	6674	6278	5767	2568	2210	1978	2417	1733	1556	1498	2134	1566	1624	1811	2791	2476	2428	2456	3010	2637	2638	2607	3511	2525	2556	2305	2794	2158	2208	2525	3537
	
Birds Per Party Hour
	Tundra Swan	0.6803134309530178	0.5548523599473556	0.715317258333358	0.8441469232822522	0.7267551141410338	1.792332431792738	0.8840749251311065	16.228628038514906	22.88723232512923	59.12657496193062	10.283034613995746	4.519077735707043	2.774650306535603	1.1161100803957946	0.36178339456659037	0.8125	0.0	0.0	0.0	0.2518518518518518	0.0	0.0	0.0	0.0	0.0	0.0	0.0	0.0	0.0	0.0	0.0	0.0	0.0	0.0	0.0	0.0	1.1514926613751568	0.6936557941508437	0.6283255774573062	0.5860390672498965	1.5713220642576124	0.8401493726051175	3.2468215418300765	1.1091966521660237	0.7410272218347809	0.5913945253197228	5.603202906679095	0.9991102145551083
	# checklists reporting species - (Tundra Swan)	74	43	49	53	23	22	40	80	72	195	110	60	21	7	6	4	0.0	0.0	0.0	3	0.0	1	0.0	0.0	0.0	0.0	0.0	0.0	0.0	0.0	0.0	0.0	0.0	0.0	0.0	0.0	4	12	32	67	41	40	29	27	21	20	40	49
	
High Count
	Tundra Swan	8	6	7	10	5	8	6	703	385	606	168	55	29	6	4	2	0.0	0.0	0.0	1	0.0	1	0.0	0.0	0.0	0.0	0.0	0.0	0.0	0.0	0.0	0.0	0.0	0.0	0.0	0.0	5	3	70	22	30	20	26	17	3	5	12	23
	# checklists reporting species - (Tundra Swan)	83	53	52	62	26	27	48	90	76	218	123	66	21	8	6	5	0.0	0.0	0.0	3	0.0	1	0.0	0.0	0.0	0.0	0.0	0.0	0.0	0.0	0.0	0.0	0.0	0.0	0.0	0.0	4	13	35	69	43	43	32	32	25	27	47	51
	
Totals
	Tundra Swan	133	92	97	108	47	59	85	2581	1389	12285	2375	746	153	20	11	7	0.0	0.0	0.0	3	0.0	1	0.0	0.0	0.0	0.0	0.0	0.0	0.0	0.0	0.0	0.0	0.0	0.0	0.0	0.0	18	34	157	166	157	141	230	71	34	36	120	135
	# checklists reporting species - (Tundra Swan)	81	52	52	60	26	27	48	89	76	214	119	62	21	7	6	4	0.0	0.0	0.0	3	0.0	1	0.0	0.0	0.0	0.0	0.0	0.0	0.0	0.0	0.0	0.0	0.0	0.0	0.0	0.0	4	13	35	69	43	43	31	32	24	27	46	51
	
Average Count
	Tundra Swan	1.6419753086419753	1.7692307692307692	1.8653846153846154	1.8	1.8076923076923077	2.185185185185185	1.7708333333333333	29.0	18.276315789473685	57.40654205607477	19.95798319327731	12.03225806451613	7.285714285714286	2.857142857142857	1.8333333333333333	1.75	0.0	0.0	0.0	1.0	0.0	1.0	0.0	0.0	0.0	0.0	0.0	0.0	0.0	0.0	0.0	0.0	0.0	0.0	0.0	0.0	4.5	2.6153846153846154	4.485714285714286	2.4057971014492754	3.6511627906976742	3.2790697674418605	7.419354838709677	2.21875	1.4166666666666667	1.3333333333333333	2.608695652173913	2.6470588235294117
	# checklists reporting species - (Tundra Swan)	81	52	52	60	26	27	48	89	76	214	119	62	21	7	6	4	0.0	0.0	0.0	3	0.0	1	0.0	0.0	0.0	0.0	0.0	0.0	0.0	0.0	0.0	0.0	0.0	0.0	0.0	0.0	4	13	35	69	43	43	31	32	24	27	46	51
	
