

	Week starting on...	1/1	1/8	1/15	1/22	2/1	2/8	2/15	2/22	3/1	3/8	3/15	3/22	4/1	4/8	4/15	4/22	5/1	5/8	5/15	5/22	6/1	6/8	6/15	6/22	7/1	7/8	7/15	7/22	8/1	8/8	8/15	8/22	9/1	9/8	9/15	9/22	10/1	10/8	10/15	10/22	11/1	11/8	11/15	11/22	12/1	12/8	12/15	12/22
Frequency (%)
	Wilson's Warbler	0.0	0.0	0.0	0.0	0.0	0.0	0.0	0.0	0.0	0.0	0.0	0.0	0.0	0.0	0.0	0.0	0.1217841376160755	2.3374288282888824	9.700541573749602	9.606381134038495	0.9345794392523363	0.0	0.0	0.0	0.0	0.0	0.0	0.0	0.0	0.12315270935960591	0.22087244616234128	3.618774632748119	9.773828756058158	12.273476112026358	6.718241042345277	3.6544850498338874	1.8202502844141069	0.3032600454890068	0.0	0.02848191398461977	0.039603960396039604	0.11737089201877934	0.08676789587852494	0.17895490336435219	0.0	0.0	0.0	0.0
	Total # checklists submitted - (Wilson's Warbler)	4257	3234	2821	3966	2724	3571	5263	2828	3191	3538	3975	5362	4172	3984	4245	6147	6569	6674	6278	5767	2568	2210	1978	2417	1733	1556	1498	2134	1566	1624	1811	2791	2476	2428	2456	3010	2637	2638	2607	3511	2525	2556	2305	2794	2158	2208	2525	3537
	
Abundance
	Wilson's Warbler	0.0	0.0	0.0	0.0	0.0	0.0	0.0	0.0	0.0	0.0	0.0	0.0	0.0	0.0	0.0	0.0	0.001217841376160755	0.02846868444710818	0.13953488372093023	0.16889197156233743	0.010903426791277258	0.0	0.0	0.0	0.0	0.0	0.0	0.0	0.0	0.0012315270935960591	0.0016565433462175593	0.06162665711214618	0.20436187399030695	0.21252059308072488	0.09527687296416938	0.053488372093023255	0.02578687902919985	0.003411675511751327	0.0	2.848191398461977E-4	3.9603960396039607E-4	0.0011737089201877935	8.676789587852494E-4	0.0017895490336435219	0.0	0.0	0.0	0.0
	Total # checklists submitted - (Wilson's Warbler)	4257	3234	2821	3966	2724	3571	5263	2828	3191	3538	3975	5362	4172	3984	4245	6147	6569	6674	6278	5767	2568	2210	1978	2417	1733	1556	1498	2134	1566	1624	1811	2791	2476	2428	2456	3010	2637	2638	2607	3511	2525	2556	2305	2794	2158	2208	2525	3537
	
Birds Per Party Hour
	Wilson's Warbler	0.0	0.0	0.0	0.0	0.0	0.0	0.0	0.0	0.0	0.0	0.0	0.0	0.0	0.0	0.0	0.0	0.8435478180453161	0.7623972715079451	0.7432922329991674	1.092046581675337	1.050744147475696	0.0	0.0	0.0	0.0	0.0	0.0	0.0	0.0	0.3333333333333333	0.41038165040993896	0.8181577107804909	0.9917500871220927	0.8057156931441497	0.7866075730438918	0.8006135361984502	0.5070351067055481	0.7669562913899859	0.0	0.2857142857142857	0.9233610341643582	0.5251782360918789	0.5132275132275133	0.4663549845348561	0.5	0.0	0.0	0.0
	# checklists reporting species - (Wilson's Warbler)	0.0	0.0	0.0	0.0	0.0	0.0	0.0	0.0	0.0	0.0	0.0	0.0	0.0	0.0	0.0	0.0	9	175	682	673	45	0	0.0	0.0	0.0	0.0	0.0	0.0	0.0	1	4	105	254	326	179	119	48	9	0.0	1	1	3	2	5	1	0	0.0	0.0
	
High Count
	Wilson's Warbler	0.0	0.0	0.0	0.0	0.0	0.0	0.0	0.0	0.0	0.0	0.0	0.0	0.0	0.0	0.0	0.0	2	6	13	46	4	1	0.0	0.0	0.0	0.0	0.0	0.0	0.0	1	1	15	20	20	7	6	5	2	0.0	1	1	1	1	1	1	1	0.0	0.0
	# checklists reporting species - (Wilson's Warbler)	0.0	0.0	0.0	0.0	0.0	0.0	0.0	0.0	0.0	0.0	0.0	0.0	0.0	0.0	0.0	0.0	11	190	727	731	47	1	0.0	0.0	0.0	0.0	0.0	0.0	0.0	2	5	116	270	346	194	130	52	9	0.0	1	1	3	2	5	6	1	0.0	0.0
	
Totals
	Wilson's Warbler	0.0	0.0	0.0	0.0	0.0	0.0	0.0	0.0	0.0	0.0	0.0	0.0	0.0	0.0	0.0	0.0	12	228	1032	1276	60	1	0.0	0.0	0.0	0.0	0.0	0.0	0.0	2	4	206	545	585	275	187	72	10	0.0	1	1	3	2	5	6	1	0.0	0.0
	# checklists reporting species - (Wilson's Warbler)	0.0	0.0	0.0	0.0	0.0	0.0	0.0	0.0	0.0	0.0	0.0	0.0	0.0	0.0	0.0	0.0	10	183	702	701	46	1	0.0	0.0	0.0	0.0	0.0	0.0	0.0	2	4	114	265	339	187	129	51	9	0.0	1	1	3	2	5	6	1	0.0	0.0
	
Average Count
	Wilson's Warbler	0.0	0.0	0.0	0.0	0.0	0.0	0.0	0.0	0.0	0.0	0.0	0.0	0.0	0.0	0.0	0.0	1.2	1.2459016393442623	1.4700854700854702	1.8202567760342367	1.3043478260869565	1.0	0.0	0.0	0.0	0.0	0.0	0.0	0.0	1.0	1.0	1.8070175438596492	2.056603773584906	1.7256637168141593	1.4705882352941178	1.449612403100775	1.411764705882353	1.1111111111111112	0.0	1.0	1.0	1.0	1.0	1.0	1.0	1.0	0.0	0.0
	# checklists reporting species - (Wilson's Warbler)	0.0	0.0	0.0	0.0	0.0	0.0	0.0	0.0	0.0	0.0	0.0	0.0	0.0	0.0	0.0	0.0	10	183	702	701	46	1	0.0	0.0	0.0	0.0	0.0	0.0	0.0	2	4	114	265	339	187	129	51	9	0.0	1	1	3	2	5	6	1	0.0	0.0
	
