

	Week starting on...	1/1	1/8	1/15	1/22	2/1	2/8	2/15	2/22	3/1	3/8	3/15	3/22	4/1	4/8	4/15	4/22	5/1	5/8	5/15	5/22	6/1	6/8	6/15	6/22	7/1	7/8	7/15	7/22	8/1	8/8	8/15	8/22	9/1	9/8	9/15	9/22	10/1	10/8	10/15	10/22	11/1	11/8	11/15	11/22	12/1	12/8	12/15	12/22
Frequency (%)
	Rose-breasted Grosbeak	0.0	0.0	0.0	0.0	0.0	0.0	0.0	0.0	0.0	0.0	0.0	0.0	0.0	0.0	0.0	0.14641288433382138	8.890242045973512	22.909799220857057	26.1707550175215	6.554534419975725	3.4267912772585665	3.076923076923077	2.5278058645096055	2.44104261481175	2.1350259665320253	2.185089974293059	1.602136181575434	0.9840674789128397	1.2132822477650063	1.477832512315271	1.601325234676974	2.615549982085274	5.936995153473344	8.113673805601318	5.863192182410423	2.990033222591362	1.4031095942358742	0.265352539802881	0.2685078634445723	0.05696382796923954	0.0	0.0	0.0	0.0	0.0	0.0	0.039603960396039604	0.0
	Total # checklists submitted - (Rose-breasted Grosbeak)	4257	3234	2821	3966	2724	3571	5263	2828	3191	3538	3975	5362	4172	3984	4245	6147	6569	6674	6278	5767	2568	2210	1978	2417	1733	1556	1498	2134	1566	1624	1811	2791	2476	2428	2456	3010	2637	2638	2607	3511	2525	2556	2305	2794	2158	2208	2525	3537
	
Abundance
	Rose-breasted Grosbeak	0.0	0.0	0.0	0.0	0.0	0.0	0.0	0.0	0.0	0.0	0.0	0.0	0.0	0.0	0.0	0.0019521717911176184	0.15892829958897853	0.5976925382079712	0.678082191780822	0.0958904109589041	0.042834890965732085	0.0416289592760181	0.03741152679474216	0.036822507240380636	0.026543566070398154	0.030848329048843187	0.02069425901201602	0.011715089034676664	0.011494252873563218	0.017857142857142856	0.02319160684704583	0.03797921891795056	0.11066235864297254	0.1569192751235585	0.13029315960912052	0.04950166112956811	0.01820250284414107	0.00265352539802881	0.0034522439585730723	5.696382796923954E-4	0.0	0.0	0.0	0.0	0.0	0.0	3.9603960396039607E-4	0.0
	Total # checklists submitted - (Rose-breasted Grosbeak)	4257	3234	2821	3966	2724	3571	5263	2828	3191	3538	3975	5362	4172	3984	4245	6147	6569	6674	6278	5767	2568	2210	1978	2417	1733	1556	1498	2134	1566	1624	1811	2791	2476	2428	2456	3010	2637	2638	2607	3511	2525	2556	2305	2794	2158	2208	2525	3537
	
Birds Per Party Hour
	Rose-breasted Grosbeak	0.0	0.0	0.0	0.0	0.0	0.0	0.0	0.0	0.0	0.0	0.0	0.0	0.0	0.0	0.0	1.0541270957104758	1.910833385967283	2.4593227457287825	1.901468531554174	1.4222077505642126	3.516341746893048	1.941399364526914	2.459100473846918	6.632150096679669	2.9401212161701085	1.4926757856459376	1.2331219459860994	1.6253332924613086	0.937487756455391	2.6884464477653416	1.2105269752464447	0.8036277230209391	1.2545161258491715	2.022958378801552	1.6853723428018363	1.4141308032443987	1.0550997756155063	1.0733787939175747	0.6768999102764035	0.55	0.0	0.0	0.0	0.0	0.0	0.0	0.16	0.0
	# checklists reporting species - (Rose-breasted Grosbeak)	0.0	0.0	0.0	0.0	0.0	0.0	0.0	0.0	0.0	0.0	0.0	0.0	0.0	0.0	0.0	11	667	1738	1836	467	97	70	59	59	36	35	25	21	21	24	34	79	148	218	156	85	39	8	8	2	1	0.0	0.0	0.0	0.0	0.0	1	0
	
High Count
	Rose-breasted Grosbeak	0.0	0.0	0.0	0.0	0.0	0.0	0.0	0.0	0.0	0.0	0.0	0.0	0.0	0.0	0.0	4	15	32	35	7	5	5	4	6	3	4	3	2	2	2	5	4	11	16	20	10	3	1	2	1	1	0.0	0.0	0.0	0.0	0.0	1	1
	# checklists reporting species - (Rose-breasted Grosbeak)	0.0	0.0	0.0	0.0	0.0	0.0	0.0	0.0	0.0	0.0	0.0	0.0	0.0	0.0	0.0	11	726	1869	1926	509	124	118	99	112	67	42	26	23	23	26	35	82	154	226	164	97	41	8	8	2	1	0.0	0.0	0.0	0.0	0.0	1	1
	
Totals
	Rose-breasted Grosbeak	0.0	0.0	0.0	0.0	0.0	0.0	0.0	0.0	0.0	0.0	0.0	0.0	0.0	0.0	0.0	14	1276	4718	4852	749	148	145	125	141	76	57	35	27	22	31	48	115	286	423	341	154	52	8	10	2	1	0.0	0.0	0.0	0.0	0.0	1	0
	# checklists reporting species - (Rose-breasted Grosbeak)	0.0	0.0	0.0	0.0	0.0	0.0	0.0	0.0	0.0	0.0	0.0	0.0	0.0	0.0	0.0	11	700	1813	1877	495	123	116	97	109	64	41	26	23	21	26	34	82	151	221	160	92	41	8	8	2	1	0.0	0.0	0.0	0.0	0.0	1	0
	
Average Count
	Rose-breasted Grosbeak	0.0	0.0	0.0	0.0	0.0	0.0	0.0	0.0	0.0	0.0	0.0	0.0	0.0	0.0	0.0	1.2727272727272727	1.822857142857143	2.6023166023166024	2.5849760255727223	1.513131313131313	1.2032520325203253	1.25	1.288659793814433	1.2935779816513762	1.1875	1.3902439024390243	1.3461538461538463	1.173913043478261	1.0476190476190477	1.1923076923076923	1.411764705882353	1.4024390243902438	1.8940397350993377	1.914027149321267	2.13125	1.673913043478261	1.2682926829268293	1.0	1.25	1.0	1.0	0.0	0.0	0.0	0.0	0.0	1.0	0.0
	# checklists reporting species - (Rose-breasted Grosbeak)	0.0	0.0	0.0	0.0	0.0	0.0	0.0	0.0	0.0	0.0	0.0	0.0	0.0	0.0	0.0	11	700	1813	1877	495	123	116	97	109	64	41	26	23	21	26	34	82	151	221	160	92	41	8	8	2	1	0.0	0.0	0.0	0.0	0.0	1	0
	
