

	Week starting on...	1/1	1/8	1/15	1/22	2/1	2/8	2/15	2/22	3/1	3/8	3/15	3/22	4/1	4/8	4/15	4/22	5/1	5/8	5/15	5/22	6/1	6/8	6/15	6/22	7/1	7/8	7/15	7/22	8/1	8/8	8/15	8/22	9/1	9/8	9/15	9/22	10/1	10/8	10/15	10/22	11/1	11/8	11/15	11/22	12/1	12/8	12/15	12/22
Frequency (%)
	Turkey Vulture	0.0	0.0	0.0	0.07564296520423601	0.0	0.05600672080649678	0.019000570017100513	0.1768033946251768	0.4700720777185835	1.4980214810627475	3.421383647798742	6.061171204774338	10.378715244487056	10.16566265060241	11.849234393404005	11.761835041483652	10.701781093012636	10.818100089901108	8.665179993628543	8.21917808219178	7.554517133956386	7.420814479638009	6.370070778564206	5.047579644187008	5.71263704558569	5.719794344473008	5.874499332443257	4.686035613870666	4.853128991060025	4.248768472906404	4.417448923246825	5.19527051236116	7.915993537964459	10.090609555189456	11.604234527687296	13.521594684385382	11.528251801289343	14.101592115238818	18.48868431146912	11.10794645400171	6.4950495049504955	2.9342723004694835	0.5206073752711496	0.5010737294201861	0.04633920296570899	0.1358695652173913	0.19801980198019803	0.0
	Total # checklists submitted - (Turkey Vulture)	4257	3234	2821	3966	2724	3571	5263	2828	3191	3538	3975	5362	4172	3984	4245	6147	6569	6674	6278	5767	2568	2210	1978	2417	1733	1556	1498	2134	1566	1624	1811	2791	2476	2428	2456	3010	2637	2638	2607	3511	2525	2556	2305	2794	2158	2208	2525	3537
	
Abundance
	Turkey Vulture	0.0	0.0	0.0	7.564296520423601E-4	0.0	5.600672080649678E-4	1.9000570017100514E-4	0.001768033946251768	0.005014102162331557	0.023742227247032222	0.04855345911949686	0.11805296531145096	0.21788111217641418	0.22665662650602408	0.25159010600706716	0.23962908735968766	0.1978992236261227	0.21905903506143243	0.16279069767441862	0.18380440436968962	0.15070093457943926	0.16018099547511314	0.12588473205257836	0.0964004964832437	0.1102135025966532	0.10347043701799485	0.09012016021361816	0.07872539831302718	0.11047254150702426	0.06588669950738917	0.08282716731087797	0.09853099247581512	0.17164781906300486	0.2940691927512356	0.8322475570032574	3.098671096345515	6.1240045506257115	5.440485216072783	17.815880322209438	4.448590145257762	0.28316831683168314	0.23630672926447574	0.006507592190889371	0.006084466714387974	9.267840593141798E-4	0.001358695652173913	0.002772277227722772	0.0
	Total # checklists submitted - (Turkey Vulture)	4257	3234	2821	3966	2724	3571	5263	2828	3191	3538	3975	5362	4172	3984	4245	6147	6569	6674	6278	5767	2568	2210	1978	2417	1733	1556	1498	2134	1566	1624	1811	2791	2476	2428	2456	3010	2637	2638	2607	3511	2525	2556	2305	2794	2158	2208	2525	3537
	
Birds Per Party Hour
	Turkey Vulture	0.0	0.0	0.0	21.149569412886756	0.0	3.003003003003003	4.016064257028113	5.144155464321421	0.686463184519049	5.153570195460748	1.5624545017095017	3.175699258912347	4.133867859118387	1.929614659989201	3.4597221480491758	2.4579723746107995	1.358661676274051	1.7209156896282964	2.237980013436149	2.883184162712848	2.2796407076186758	2.5102034611458026	2.503537927429699	3.3651409676222097	4.21525606337333	2.8132431744899584	1.8403589105549456	2.3374131702717356	2.896090767560445	1.4478932058369687	1.815820607728264	1.605188543529716	1.4096760597360556	1.9324836674065486	4.447668091100557	10.474751562571303	27.7384698468511	28.216124020665212	46.046726354956114	24.889557454705884	2.709593540022882	3.6693868314090676	2.5831860741983115	0.8523562347371982	1.3333333333333333	0.5486560062551252	0.343001443001443	0.0
	# checklists reporting species - (Turkey Vulture)	0.0	0.0	0.0	3	0.0	1	3	9	26	73	156	384	502	436	531	762	729	769	572	501	214	186	136	137	114	88	97	113	80	74	89	161	225	301	373	537	438	520	663	519	210	101	20	16	3	4	6	0.0
	
High Count
	Turkey Vulture	0.0	0.0	0.0	1	0.0	1	1	1	3	6	7	30	51	61	35	50	12	14	16	26	13	16	11	12	9	8	8	9	18	6	13	8	17	60	142	592	800	1022	1595	519	60	83	8	4	2	1	3	0.0
	# checklists reporting species - (Turkey Vulture)	0.0	0.0	0.0	3	0.0	2	4	12	28	81	175	432	546	474	562	820	781	808	609	523	236	197	143	146	118	95	102	118	88	77	93	169	238	315	391	556	456	559	692	547	220	104	23	17	3	5	7	0.0
	
Totals
	Turkey Vulture	0.0	0.0	0.0	3	0.0	2	4	12	34	116	246	813	1156	1055	1191	1652	1433	1625	1143	1145	441	430	284	273	231	170	169	202	188	117	172	307	521	1001	2920	12993	23039	24196	59830	19040	968	975	35	21	4	5	9	0.0
	# checklists reporting species - (Turkey Vulture)	0.0	0.0	0.0	3	0.0	2	4	12	28	81	171	422	538	464	555	800	760	787	592	514	229	194	139	144	117	90	100	116	84	77	93	162	227	310	382	550	447	550	682	538	219	104	23	17	3	5	7	0.0
	
Average Count
	Turkey Vulture	0.0	0.0	0.0	1.0	0.0	1.0	1.0	1.0	1.2142857142857142	1.4320987654320987	1.4385964912280702	1.9265402843601895	2.1486988847583643	2.273706896551724	2.145945945945946	2.065	1.8855263157894737	2.064803049555273	1.9307432432432432	2.227626459143969	1.925764192139738	2.216494845360825	2.0431654676258995	1.8958333333333333	1.9743589743589745	1.8888888888888888	1.69	1.7413793103448276	2.238095238095238	1.5194805194805194	1.8494623655913978	1.8950617283950617	2.2951541850220263	3.229032258064516	7.643979057591623	23.623636363636365	51.541387024608504	43.99272727272727	87.72727272727273	35.39033457249071	4.420091324200913	9.375	1.5217391304347827	1.2352941176470589	1.3333333333333333	1.0	1.2857142857142858	0.0
	# checklists reporting species - (Turkey Vulture)	0.0	0.0	0.0	3	0.0	2	4	12	28	81	171	422	538	464	555	800	760	787	592	514	229	194	139	144	117	90	100	116	84	77	93	162	227	310	382	550	447	550	682	538	219	104	23	17	3	5	7	0.0
	
