

	Week starting on...	1/1	1/8	1/15	1/22	2/1	2/8	2/15	2/22	3/1	3/8	3/15	3/22	4/1	4/8	4/15	4/22	5/1	5/8	5/15	5/22	6/1	6/8	6/15	6/22	7/1	7/8	7/15	7/22	8/1	8/8	8/15	8/22	9/1	9/8	9/15	9/22	10/1	10/8	10/15	10/22	11/1	11/8	11/15	11/22	12/1	12/8	12/15	12/22
Frequency (%)
	Bonaparte's Gull	0.0	0.030921459492888066	0.0	0.0	0.0	0.0	0.0	0.0	0.0	0.0	0.0	0.26109660574412535	1.342281879194631	3.438755020080321	4.734982332155477	2.2612656580445747	1.7810930126351043	1.4833682948756368	2.851226505256451	3.8148083925784637	0.8177570093457943	0.3167420814479638	0.455005055611729	1.2412081092263136	0.6924408540103866	1.2210796915167095	0.6008010680907877	0.4217432052483599	0.7662835249042145	1.600985221674877	0.8834897846493651	0.9673951988534576	0.5654281098546041	0.20593080724876442	0.12214983713355047	0.0664451827242525	0.30337504740235116	1.250947687642153	1.534330648254699	2.6488180005696385	2.851485148514852	2.112676056338028	0.3470715835140998	0.14316392269148173	0.09267840593141798	0.0	0.2376237623762376	0.05654509471303364
	Total # checklists submitted - (Bonaparte's Gull)	4257	3234	2821	3966	2724	3571	5263	2828	3191	3538	3975	5362	4172	3984	4245	6147	6569	6674	6278	5767	2568	2210	1978	2417	1733	1556	1498	2134	1566	1624	1811	2791	2476	2428	2456	3010	2637	2638	2607	3511	2525	2556	2305	2794	2158	2208	2525	3537
	
Abundance
	Bonaparte's Gull	0.0	3.0921459492888067E-4	0.0	0.0	0.0	0.0	0.0	0.0	0.0	0.0	0.0	0.005967922417008579	0.0987535953978907	0.7344377510040161	1.009658421672556	1.5900439238653001	0.5679707718069722	0.8037159124962541	0.3575979611341191	0.18224380093636205	0.03387850467289719	0.050226244343891405	0.019716885743174924	0.023169218038891187	0.05020196191575303	0.07005141388174807	0.009345794392523364	0.004217432052483599	0.007662835249042145	0.02586206896551724	0.02153506350082827	0.015764958796130418	0.03150242326332795	0.014827018121911038	0.0012214983713355048	0.002990033222591362	0.008722032612817596	0.1717210007581501	0.16455696202531644	0.34634007405297634	0.5774257425742574	0.2640845070422535	0.0078091106290672455	0.002863278453829635	0.0013901760889712697	0.0	0.010297029702970298	5.654509471303364E-4
	Total # checklists submitted - (Bonaparte's Gull)	4257	3234	2821	3966	2724	3571	5263	2828	3191	3538	3975	5362	4172	3984	4245	6147	6569	6674	6278	5767	2568	2210	1978	2417	1733	1556	1498	2134	1566	1624	1811	2791	2476	2428	2456	3010	2637	2638	2607	3511	2525	2556	2305	2794	2158	2208	2525	3537
	
Birds Per Party Hour
	Bonaparte's Gull	0.0	0.2	0.0	0.0	0.0	0.0	0.0	0.0	0.0	0.0	0.0	2.1186583127553056	5.31045022111272	39.99248299405648	13.547105425994621	24.94337956275811	13.767918494214365	30.794677077136	8.547967893738189	2.6933618107521693	2.8416018360736457	14.40124875581292	2.72505223611613	1.769811553948424	6.2640199641100525	4.062310346099971	10.617108064088455	0.6368985044740629	1.2757008766997913	0.8077799609781798	1.2524539995249315	0.8162508944385413	1.8400127926829335	7.056898029134533	0.5563786914697539	4.271970624235006	3.174603878012174	4.277482592971228	5.393398981453181	5.012702091451072	6.274374426767723	5.861715773450931	0.6298340009712124	0.5223726627981947	0.28206015847372873	0.0	1.9016602809706258	30.22900864936793
	# checklists reporting species - (Bonaparte's Gull)	0.0	1	0.0	0.0	0.0	0.0	0.0	0.0	0.0	0.0	0.0	15	63	143	191	140	120	101	189	242	24	8	9	32	14	20	12	12	13	29	19	31	16	5	4	2	7	34	44	97	75	53	9	3	2	0.0	6	3
	
High Count
	Bonaparte's Gull	0.0	1	0.0	0.0	0.0	0.0	0.0	0.0	0.0	0.0	0.0	12	40	400	250	2300	500	1000	320	60	16	100	9	3	62	40	4	1	3	10	6	3	35	20	25	6	7	100	58	350	150	80	8	3	2	0.0	7	15
	# checklists reporting species - (Bonaparte's Gull)	0.0	1	0.0	0.0	0.0	0.0	0.0	0.0	0.0	0.0	0.0	15	66	155	218	146	123	107	192	245	25	8	9	32	14	20	12	12	15	29	20	34	18	6	4	2	9	35	46	98	78	59	10	5	2	0.0	6	3
	
Totals
	Bonaparte's Gull	0.0	1	0.0	0.0	0.0	0.0	0.0	0.0	0.0	0.0	0.0	44	484	3569	4603	9978	4329	6360	2444	1172	93	119	39	61	93	110	18	12	18	45	45	55	84	36	28	9	27	456	486	1336	1571	688	23	9	3	0.0	26	17
	# checklists reporting species - (Bonaparte's Gull)	0.0	1	0.0	0.0	0.0	0.0	0.0	0.0	0.0	0.0	0.0	15	64	148	200	144	121	104	189	243	25	8	9	32	14	20	12	12	14	29	20	34	17	5	4	2	8	34	46	98	77	55	10	5	2	0.0	6	3
	
Average Count
	Bonaparte's Gull	0.0	1.0	0.0	0.0	0.0	0.0	0.0	0.0	0.0	0.0	0.0	2.933333333333333	7.5625	24.114864864864863	23.015	69.29166666666667	35.77685950413223	61.15384615384615	12.931216931216932	4.823045267489712	3.72	14.875	4.333333333333333	1.90625	6.642857142857143	5.5	1.5	1.0	1.2857142857142858	1.5517241379310345	2.25	1.6176470588235294	4.9411764705882355	7.2	7.0	4.5	3.375	13.411764705882353	10.565217391304348	13.63265306122449	20.4025974025974	12.50909090909091	2.3	1.8	1.5	0.0	4.333333333333333	5.666666666666667
	# checklists reporting species - (Bonaparte's Gull)	0.0	1	0.0	0.0	0.0	0.0	0.0	0.0	0.0	0.0	0.0	15	64	148	200	144	121	104	189	243	25	8	9	32	14	20	12	12	14	29	20	34	17	5	4	2	8	34	46	98	77	55	10	5	2	0.0	6	3
	
