

	Week starting on...	1/1	1/8	1/15	1/22	2/1	2/8	2/15	2/22	3/1	3/8	3/15	3/22	4/1	4/8	4/15	4/22	5/1	5/8	5/15	5/22	6/1	6/8	6/15	6/22	7/1	7/8	7/15	7/22	8/1	8/8	8/15	8/22	9/1	9/8	9/15	9/22	10/1	10/8	10/15	10/22	11/1	11/8	11/15	11/22	12/1	12/8	12/15	12/22
Frequency (%)
	Ruby-crowned Kinglet	0.305379375146817	0.525664811379097	0.38993264799716415	0.4286434694906707	0.07342143906020558	0.14001680201624195	0.057001710051301537	0.24752475247524752	0.0940144155437167	0.11305822498586772	0.05031446540880503	0.18649757553151808	1.0786193672099713	13.177710843373495	30.718492343934038	48.34878802667968	51.1341147815497	34.83667965238238	19.92672825740682	0.8670019074041962	0.0	0.0	0.0	0.0	0.0	0.0	0.0	0.0	0.0	0.06157635467980296	0.05521811154058532	0.03582945180938731	0.6865912762520193	3.706754530477759	8.794788273615636	19.601328903654487	40.045506257110354	44.88248673237301	38.51169927119294	26.459698091711765	9.782178217821782	6.298904538341158	3.4273318872017353	3.579098067287044	1.7608897126969416	1.4945652173913044	1.2277227722772277	0.3675431156347187
	Total # checklists submitted - (Ruby-crowned Kinglet)	4257	3234	2821	3966	2724	3571	5263	2828	3191	3538	3975	5362	4172	3984	4245	6147	6569	6674	6278	5767	2568	2210	1978	2417	1733	1556	1498	2134	1566	1624	1811	2791	2476	2428	2456	3010	2637	2638	2607	3511	2525	2556	2305	2794	2158	2208	2525	3537
	
Abundance
	Ruby-crowned Kinglet	0.003288700963119568	0.005256648113790971	0.004253810705423609	0.0045385779122541605	7.342143906020558E-4	0.0014001680201624195	5.700171005130154E-4	0.0024752475247524753	0.0012535255405828893	0.0011305822498586771	5.031446540880503E-4	0.002051473330846699	0.012703739213806327	0.29292168674698793	1.372909305064782	2.5950870343256875	5.053737250723093	1.2993706922385375	0.475469894870978	0.010404022888850355	0.0	0.0	0.0	0.0	0.0	0.0	0.0	0.0	0.0	6.157635467980296E-4	5.521811154058532E-4	3.5829451809387314E-4	0.007673667205169628	0.05642504118616145	0.1995114006514658	1.1584717607973423	3.4452028820629503	3.4260803639120545	2.0514000767165324	0.8743947593278268	0.19603960396039605	0.13302034428794993	0.06420824295010846	0.04438081603435934	0.022706209453197405	0.01585144927536232	0.012673267326732674	0.0036754311563471868
	Total # checklists submitted - (Ruby-crowned Kinglet)	4257	3234	2821	3966	2724	3571	5263	2828	3191	3538	3975	5362	4172	3984	4245	6147	6569	6674	6278	5767	2568	2210	1978	2417	1733	1556	1498	2134	1566	1624	1811	2791	2476	2428	2456	3010	2637	2638	2607	3511	2525	2556	2305	2794	2158	2208	2525	3537
	
Birds Per Party Hour
	Ruby-crowned Kinglet	0.8183485966892314	0.8522333771321355	0.8041816389768163	0.7651435504834535	0.30952380952380953	0.6976858483336001	1.0848554806538	0.8103904157758195	0.4639463671294825	0.49305879178675727	0.27884615384615385	0.7493461152347665	1.1190501893865021	2.0339639772094933	3.773178540307678	4.9253235826643715	5.5051048756526315	2.4164115821424166	1.5348255493254228	1.6907770366972048	0.0	0.0	0.0	0.0	0.0	0.0	0.0	0.0	0.0	0.6743088334457181	0.856898029134533	1.1111111111111112	0.5508581280600454	1.318077154056333	1.04722929759055	2.470402210146316	5.088166651473784	4.752101151410373	3.3640857252407286	2.225974053476725	1.480711887852433	1.5934726345768881	1.1713695896283263	1.1930224658384088	0.684284338498941	0.744842534867608	0.4617273363932693	1.077210898071663
	# checklists reporting species - (Ruby-crowned Kinglet)	14	18	11	17	2	5	4	7	3	4	2	10	45	560	1309	3061	3410	2370	1277	51	4	1	0.0	0.0	0.0	0.0	0.0	0.0	0.0	1	1	1	18	92	233	609	1085	1208	1009	949	256	171	81	110	42	36	32	14
	
High Count
	Ruby-crowned Kinglet	2	1	2	2	1	1	1	1	2	1	1	2	2	22	120	100	1500	200	30	3	2	1	0.0	0.0	0.0	0.0	0.0	0.0	0.0	1	1	1	3	8	26	300	300	200	250	60	15	18	8	5	4	2	2	1
	# checklists reporting species - (Ruby-crowned Kinglet)	14	18	11	17	2	5	4	7	3	4	2	11	51	588	1438	3260	3638	2479	1332	57	4	1	0.0	0.0	0.0	0.0	0.0	0.0	0.0	1	1	2	18	94	249	669	1208	1333	1118	1021	272	178	88	113	43	37	33	14
	
Totals
	Ruby-crowned Kinglet	15	18	12	18	2	5	4	7	4	4	2	12	57	1271	6265	16864	34143	9009	3115	66	5	1	0.0	0.0	0.0	0.0	0.0	0.0	0.0	1	1	2	21	141	549	3762	9715	9693	5679	3244	520	355	157	142	54	39	34	14
	# checklists reporting species - (Ruby-crowned Kinglet)	14	18	11	17	2	5	4	7	3	4	2	11	49	577	1361	3133	3465	2405	1291	52	4	1	0.0	0.0	0.0	0.0	0.0	0.0	0.0	1	1	2	18	93	244	647	1156	1266	1071	985	267	173	86	112	43	37	33	14
	
Average Count
	Ruby-crowned Kinglet	1.0714285714285714	1.0	1.0909090909090908	1.0588235294117647	1.0	1.0	1.0	1.0	1.3333333333333333	1.0	1.0	1.0909090909090908	1.163265306122449	2.2027729636048528	4.603232916972814	5.382700287264603	9.853679653679654	3.745945945945946	2.412858249419055	1.2692307692307692	1.25	1.0	0.0	0.0	0.0	0.0	0.0	0.0	0.0	1.0	1.0	1.0	1.1666666666666667	1.5161290322580645	2.25	5.814528593508501	8.403979238754324	7.656398104265403	5.302521008403361	3.2934010152284263	1.9475655430711611	2.052023121387283	1.8255813953488371	1.2678571428571428	1.255813953488372	1.054054054054054	1.0303030303030303	1.0
	# checklists reporting species - (Ruby-crowned Kinglet)	14	18	11	17	2	5	4	7	3	4	2	11	49	577	1361	3133	3465	2405	1291	52	4	1	0.0	0.0	0.0	0.0	0.0	0.0	0.0	1	1	2	18	93	244	647	1156	1266	1071	985	267	173	86	112	43	37	33	14
	
