

	Week starting on...	1/1	1/8	1/15	1/22	2/1	2/8	2/15	2/22	3/1	3/8	3/15	3/22	4/1	4/8	4/15	4/22	5/1	5/8	5/15	5/22	6/1	6/8	6/15	6/22	7/1	7/8	7/15	7/22	8/1	8/8	8/15	8/22	9/1	9/8	9/15	9/22	10/1	10/8	10/15	10/22	11/1	11/8	11/15	11/22	12/1	12/8	12/15	12/22
Frequency (%)
	Great Egret	0.0	0.0	0.0	0.0	0.0	0.0	0.0	0.0	0.0	0.0	0.0	0.39164490861618795	1.174496644295302	3.790160642570281	4.876325088339223	6.539775500244022	8.981580149185568	7.671561282589153	7.9483912073908884	9.866481706259753	9.462616822429906	8.552036199095022	7.735085945399393	5.957798924286306	8.482400461627236	9.383033419023135	15.82109479305741	19.0253045923149	18.64623243933589	19.15024630541872	21.148536720044177	19.957004657828737	21.2843295638126	17.257001647446458	16.083061889250814	14.950166112956811	11.30072051573758	9.249431387414708	4.1426927502876865	1.8513244090002847	0.7920792079207921	0.39123630672926446	0.04338394793926247	0.07158196134574087	0.0	0.0	0.0	0.0
	Total # checklists submitted - (Great Egret)	4257	3234	2821	3966	2724	3571	5263	2828	3191	3538	3975	5362	4172	3984	4245	6147	6569	6674	6278	5767	2568	2210	1978	2417	1733	1556	1498	2134	1566	1624	1811	2791	2476	2428	2456	3010	2637	2638	2607	3511	2525	2556	2305	2794	2158	2208	2525	3537
	
Abundance
	Great Egret	0.0	0.0	0.0	0.0	0.0	0.0	0.0	0.0	0.0	0.0	0.0	0.0039164490861618795	0.012943432406519654	0.06350401606425703	0.0866902237926973	0.18220270050431103	0.21464454254833307	0.18579562481270603	0.2018158649251354	0.26686318709901163	0.1954828660436137	0.18099547511312217	0.16329625884732052	0.12163839470417874	0.14598961338718985	0.16645244215938304	0.33377837116154874	0.39268978444236174	0.3825031928480204	0.42857142857142855	0.4389839867476532	0.4353278394840559	0.4693053311793215	0.32825370675453047	0.3131107491856677	0.3132890365448505	0.1918847174819871	0.18309325246398786	0.05907172995780591	0.034747935061236114	0.012277227722772278	0.004694835680751174	4.338394793926247E-4	3.5790980672870435E-4	0.0	0.0	0.0	0.0
	Total # checklists submitted - (Great Egret)	4257	3234	2821	3966	2724	3571	5263	2828	3191	3538	3975	5362	4172	3984	4245	6147	6569	6674	6278	5767	2568	2210	1978	2417	1733	1556	1498	2134	1566	1624	1811	2791	2476	2428	2456	3010	2637	2638	2607	3511	2525	2556	2305	2794	2158	2208	2525	3537
	
Birds Per Party Hour
	Great Egret	0.0	0.0	0.0	0.0	0.0	0.0	0.0	0.0	0.0	0.0	0.0	1.431271185381563	0.5945005752747209	2.0493818348737722	1.2597483024953886	1.4889988818701387	1.1900876617834788	1.020621929992711	1.2627828771613543	1.3367983967278143	1.4022881861191117	1.4226049449708493	3.4732589460337846	1.7846666339510588	1.8428554964821964	1.196778271333026	2.4070420620296327	1.4918164135353813	2.0829535162729838	1.936115250787892	1.471527868532877	1.9660180502589106	1.3536428748492797	1.2068302867683631	1.364096857886727	1.6091039445543402	1.725566266681735	1.2880653064276573	1.6938496168557198	1.8046988331971512	0.9777454174376697	0.5653987361970727	0.5455537370430987	0.3333333333333333	0.0	0.0	0.0	0.0
	# checklists reporting species - (Great Egret)	0.0	0.0	0.0	0.0	0.0	0.0	0.0	0.0	0.0	0.0	1	22	49	172	207	407	612	528	520	609	252	191	163	153	148	147	257	423	297	327	409	590	539	430	413	462	300	245	112	68	18	10	1	1	0.0	0.0	0.0	0.0
	
High Count
	Great Egret	0.0	0.0	0.0	0.0	0.0	0.0	0.0	0.0	0.0	0.0	1	1	3	7	21	22	16	22	21	14	8	11	15	12	10	9	10	13	11	14	15	12	11	16	11	11	12	8	5	8	5	2	1	1	0.0	0.0	0.0	0.0
	# checklists reporting species - (Great Egret)	0.0	0.0	0.0	0.0	0.0	0.0	0.0	0.0	0.0	0.0	1	22	54	182	231	452	642	553	544	640	264	207	173	166	165	159	269	453	325	343	427	613	573	460	446	497	327	266	123	71	21	11	2	3	0.0	0.0	0.0	0.0
	
Totals
	Great Egret	0.0	0.0	0.0	0.0	0.0	0.0	0.0	0.0	0.0	0.0	1	22	59	300	445	1238	1498	1335	1348	1674	531	429	361	324	276	274	549	916	651	747	877	1332	1221	869	874	1027	559	519	171	143	32	13	2	2	0.0	0.0	0.0	0.0
	# checklists reporting species - (Great Egret)	0.0	0.0	0.0	0.0	0.0	0.0	0.0	0.0	0.0	0.0	1	22	54	180	222	432	624	537	526	621	259	200	169	158	157	152	263	436	304	337	421	605	552	443	435	484	315	254	119	69	19	11	2	2	0.0	0.0	0.0	0.0
	
Average Count
	Great Egret	0.0	0.0	0.0	0.0	0.0	0.0	0.0	0.0	0.0	0.0	1.0	1.0	1.0925925925925926	1.6666666666666667	2.0045045045045047	2.865740740740741	2.4006410256410255	2.4860335195530725	2.5627376425855513	2.6956521739130435	2.0501930501930503	2.145	2.136094674556213	2.050632911392405	1.7579617834394905	1.8026315789473684	2.08745247148289	2.1009174311926606	2.1414473684210527	2.2166172106824926	2.0831353919239906	2.2016528925619836	2.2119565217391304	1.9616252821670428	2.0091954022988507	2.121900826446281	1.7746031746031745	2.043307086614173	1.4369747899159664	2.072463768115942	1.6842105263157894	1.1818181818181819	1.0	1.0	0.0	0.0	0.0	0.0
	# checklists reporting species - (Great Egret)	0.0	0.0	0.0	0.0	0.0	0.0	0.0	0.0	0.0	0.0	1	22	54	180	222	432	624	537	526	621	259	200	169	158	157	152	263	436	304	337	421	605	552	443	435	484	315	254	119	69	19	11	2	2	0.0	0.0	0.0	0.0
	
