

	Week starting on...	1/1	1/8	1/15	1/22	2/1	2/8	2/15	2/22	3/1	3/8	3/15	3/22	4/1	4/8	4/15	4/22	5/1	5/8	5/15	5/22	6/1	6/8	6/15	6/22	7/1	7/8	7/15	7/22	8/1	8/8	8/15	8/22	9/1	9/8	9/15	9/22	10/1	10/8	10/15	10/22	11/1	11/8	11/15	11/22	12/1	12/8	12/15	12/22
Frequency (%)
	Chimney Swift	0.0	0.0	0.0	0.0	0.0	0.0	0.0	0.0	0.0	0.0	0.0	0.0	0.0	0.0	0.16489988221436985	2.977061981454368	13.381032120566298	18.909199880131855	26.935329722841665	31.26408878099532	32.242990654205606	33.800904977375566	31.294236602628917	28.009929664873813	26.428159261396424	29.048843187660665	25.567423230974633	27.366447985004687	32.69476372924649	28.01724137931034	26.28382109331861	21.712647796488714	14.90306946688207	7.701812191103789	2.1172638436482085	0.7308970099667774	0.07584376185058779	0.0	0.0	0.0	0.0	0.0	0.0	0.0	0.0	0.0	0.0	0.0
	Total # checklists submitted - (Chimney Swift)	4257	3234	2821	3966	2724	3571	5263	2828	3191	3538	3975	5362	4172	3984	4245	6147	6569	6674	6278	5767	2568	2210	1978	2417	1733	1556	1498	2134	1566	1624	1811	2791	2476	2428	2456	3010	2637	2638	2607	3511	2525	2556	2305	2794	2158	2208	2525	3537
	
Abundance
	Chimney Swift	0.0	0.0	0.0	0.0	0.0	0.0	0.0	0.0	0.0	0.0	0.0	0.0	0.0	0.0	0.004711425206124852	0.1498291849682772	0.9331709544831785	1.5092897812406354	1.8943931188276522	2.2739726027397262	1.699766355140187	1.4705882352941178	1.0672396359959555	0.9205626810095159	0.9515291402192729	1.1105398457583548	1.17022696929239	1.2835051546391754	1.5683269476372925	2.0745073891625614	1.9939260077305356	1.7244715155858115	0.8893376413570274	0.49917627677100496	0.16123778501628663	0.022591362126245847	7.584376185058779E-4	0.0	0.0	0.0	0.0	0.0	0.0	0.0	0.0	0.0	0.0	0.0
	Total # checklists submitted - (Chimney Swift)	4257	3234	2821	3966	2724	3571	5263	2828	3191	3538	3975	5362	4172	3984	4245	6147	6569	6674	6278	5767	2568	2210	1978	2417	1733	1556	1498	2134	1566	1624	1811	2791	2476	2428	2456	3010	2637	2638	2607	3511	2525	2556	2305	2794	2158	2208	2525	3537
	
Birds Per Party Hour
	Chimney Swift	0.0	0.0	0.0	0.0	0.0	0.0	0.0	0.0	0.0	0.0	0.0	0.0	0.0	0.0	16.77475075610278	4.350022467815671	7.031883599648023	10.374974251672883	12.908860138437113	8.019631417951196	7.951013110130098	10.129505774233138	8.59570343715482	11.443629506571298	8.819288705221211	7.816412202978721	12.921928490435171	7.157806834279275	12.65898257257496	13.516575864516835	12.365247378190862	8.536219859959523	6.046474086449508	5.372359503879268	11.937326752017116	2.092145319027751	6.550412175015853	0.0	0.0	0.0	0.0	0.0	0.0	0.0	0.0	0.0	0.0	0.0
	# checklists reporting species - (Chimney Swift)	0.0	0.0	0.0	0.0	0.0	0.0	0.0	0.0	0.0	0.0	0.0	0.0	0.0	0.0	6	200	919	1243	1724	1848	875	758	630	688	468	463	392	599	511	488	471	597	356	183	50	21	2	0.0	0.0	0.0	0.0	0.0	0.0	0.0	0.0	0.0	0.0	0.0
	
High Count
	Chimney Swift	0.0	0.0	0.0	0.0	0.0	0.0	0.0	0.0	0.0	0.0	0.0	0.0	0.0	0.0	10	250	320	500	604	920	656	160	49	30	31	53	35	210	98	333	308	300	120	200	200	20	1	0.0	0.0	0.0	0.0	0.0	0.0	0.0	0.0	0.0	0.0	0.0
	# checklists reporting species - (Chimney Swift)	0.0	0.0	0.0	0.0	0.0	0.0	0.0	0.0	0.0	0.0	0.0	0.0	0.0	0.0	9	221	1095	1419	1897	2045	975	850	702	780	538	529	445	683	575	538	536	673	393	198	64	25	2	0.0	0.0	0.0	0.0	0.0	0.0	0.0	0.0	0.0	0.0	0.0
	
Totals
	Chimney Swift	0.0	0.0	0.0	0.0	0.0	0.0	0.0	0.0	0.0	0.0	0.0	0.0	0.0	0.0	26	1425	6867	11924	12997	14105	5152	3593	2299	2519	1850	1991	2010	3371	3013	3937	4022	5792	2382	1277	512	75	2	0.0	0.0	0.0	0.0	0.0	0.0	0.0	0.0	0.0	0.0	0.0
	# checklists reporting species - (Chimney Swift)	0.0	0.0	0.0	0.0	0.0	0.0	0.0	0.0	0.0	0.0	0.0	0.0	0.0	0.0	8	219	1048	1332	1798	1937	926	809	671	747	501	491	424	640	532	517	505	645	371	187	59	22	2	0.0	0.0	0.0	0.0	0.0	0.0	0.0	0.0	0.0	0.0	0.0
	
Average Count
	Chimney Swift	0.0	0.0	0.0	0.0	0.0	0.0	0.0	0.0	0.0	0.0	0.0	0.0	0.0	0.0	3.25	6.506849315068493	6.552480916030534	8.951951951951951	7.228587319243604	7.281879194630872	5.563714902807775	4.441285537700865	3.4262295081967213	3.3721552878179386	3.6926147704590817	4.054989816700611	4.740566037735849	5.2671875	5.663533834586466	7.615087040618955	7.964356435643564	8.97984496124031	6.420485175202156	6.828877005347594	8.677966101694915	3.409090909090909	1.0	0.0	0.0	0.0	0.0	0.0	0.0	0.0	0.0	0.0	0.0	0.0
	# checklists reporting species - (Chimney Swift)	0.0	0.0	0.0	0.0	0.0	0.0	0.0	0.0	0.0	0.0	0.0	0.0	0.0	0.0	8	219	1048	1332	1798	1937	926	809	671	747	501	491	424	640	532	517	505	645	371	187	59	22	2	0.0	0.0	0.0	0.0	0.0	0.0	0.0	0.0	0.0	0.0	0.0
	
