

	Week starting on...	1/1	1/8	1/15	1/22	2/1	2/8	2/15	2/22	3/1	3/8	3/15	3/22	4/1	4/8	4/15	4/22	5/1	5/8	5/15	5/22	6/1	6/8	6/15	6/22	7/1	7/8	7/15	7/22	8/1	8/8	8/15	8/22	9/1	9/8	9/15	9/22	10/1	10/8	10/15	10/22	11/1	11/8	11/15	11/22	12/1	12/8	12/15	12/22
Frequency (%)
	Common Goldeneye	31.289640591966172	31.478045763760047	29.10315490960652	33.58547655068079	31.607929515418505	21.36656398767852	18.92456773703211	30.233380480905232	32.49764963961141	31.628038439796498	27.69811320754717	22.417008578888474	17.929050814956852	12.725903614457831	9.799764428739694	4.376118431755327	2.100776373877302	1.3185495954450104	1.4176489327811406	1.6126235477718052	0.6230529595015576	0.4977375565610859	0.8594539939332658	0.4964832436905255	0.5770340450086555	0.8354755784061696	1.4686248331108143	1.218369259606373	1.3409961685823755	0.8004926108374385	1.0491441192711208	0.7165890361877463	1.4539579967689822	0.9472817133443162	1.3029315960912053	1.06312292358804	1.061812665908229	1.55420773313116	4.027617951668585	9.114212475078325	12.712871287128714	17.41001564945227	17.87418655097614	18.503937007874015	23.308619091751623	25.588768115942027	23.96039603960396	31.94797851286401
	Total # checklists submitted - (Common Goldeneye)	4257	3234	2821	3966	2724	3571	5263	2828	3191	3538	3975	5362	4172	3984	4245	6147	6569	6674	6278	5767	2568	2210	1978	2417	1733	1556	1498	2134	1566	1624	1811	2791	2476	2428	2456	3010	2637	2638	2607	3511	2525	2556	2305	2794	2158	2208	2525	3537
	
Abundance
	Common Goldeneye	8.208832511158093	9.592145949288806	6.686635944700461	7.202471003530005	6.466960352422907	4.276673200784094	3.596047881436443	6.420792079207921	6.08649326230022	6.345958168456756	5.007044025157232	4.0067139127191345	2.3259827420901247	1.4952309236947792	0.781625441696113	0.1675614120709289	0.059674227431876996	0.02427329937069224	0.028193692258681107	0.025489856077683372	0.008566978193146417	0.007692307692307693	0.010616784630940344	0.006619776582540339	0.009232544720138488	0.01992287917737789	0.029372496662216287	0.01640112464854733	0.022988505747126436	0.01293103448275862	0.019878520154610713	0.012182013615191688	0.0327140549273021	0.02059308072487644	0.025651465798045604	0.024916943521594685	0.016685627607129314	0.029188779378316907	0.3881856540084388	3.2292794075761893	10.055049504950494	14.23982785602504	12.39002169197397	9.763063707945598	8.663113994439296	10.426177536231885	8.13940594059406	9.659598529827537
	Total # checklists submitted - (Common Goldeneye)	4257	3234	2821	3966	2724	3571	5263	2828	3191	3538	3975	5362	4172	3984	4245	6147	6569	6674	6278	5767	2568	2210	1978	2417	1733	1556	1498	2134	1566	1624	1811	2791	2476	2428	2456	3010	2637	2638	2607	3511	2525	2556	2305	2794	2158	2208	2525	3537
	
Birds Per Party Hour
	Common Goldeneye	32.67856033749088	33.7610875791178	28.605016150069044	33.05822587878171	31.37773543793049	27.17988218603302	23.613485213427605	26.29761417479093	23.50160845533716	18.981271689321833	14.586467877538281	15.901619246957184	9.71091018525158	14.867778831874606	5.504826948187925	2.7359134985601647	1.6615900458859207	0.8417744333395784	0.9287952308410425	0.528837478942341	0.5801532599919316	0.4216874404312408	0.9081722249019768	0.464379147727089	2.9464509041220057	0.8318312520894356	1.0190569654452215	0.5350759189782281	0.7530617686449532	0.5071480631481031	0.6880986947307737	0.711622732957099	1.8400161481981283	0.6105877263499155	0.6831305795184485	0.6280654202493209	0.4115196652593788	0.5231666779654458	2.56339461139442	10.976027707603091	28.749032528261072	39.311144445839865	37.469249798438206	29.650586852138314	19.71948203576684	23.433116174850532	18.21303273783119	30.226242406602733
	# checklists reporting species - (Common Goldeneye)	1236	954	774	1239	770	712	950	805	972	1029	1008	1132	701	483	394	269	135	87	90	96	18	15	21	13	11	13	23	28	22	13	18	19	40	23	32	31	30	40	104	312	309	419	388	487	468	528	573	1088
	
High Count
	Common Goldeneye	834	567	500	1000	420	400	300	400	400	313	300	500	180	150	200	30	15	15	16	8	2	2	4	2	2	4	4	3	3	4	5	3	4	4	4	4	4	11	112	500	1500	590	930	700	500	835	528	450
	# checklists reporting species - (Common Goldeneye)	1408	1083	876	1407	903	795	1056	904	1094	1176	1154	1273	795	533	434	288	144	91	92	96	18	15	23	13	13	13	23	28	22	13	21	21	41	24	36	35	32	42	116	353	359	476	441	559	539	607	650	1210
	
Totals
	Common Goldeneye	35481	32034	19766	29480	17877	15557	19402	18476	20028	22968	20293	21980	9917	6121	3375	1074	398	169	179	157	26	21	28	17	20	31	46	37	38	21	38	35	87	51	67	78	51	78	1063	12009	27427	40135	30662	29783	19894	24796	21316	34813
	# checklists reporting species - (Common Goldeneye)	1266	983	785	1270	787	729	971	819	985	1044	1022	1151	717	491	404	273	137	89	90	96	18	15	23	13	13	13	23	28	22	13	20	21	41	24	36	34	32	41	109	333	324	431	403	500	483	542	591	1114
	
Average Count
	Common Goldeneye	28.026066350710902	32.58799593082401	25.179617834394904	23.212598425196852	22.715374841168995	21.340192043895748	19.981462409886714	22.55921855921856	20.332994923857868	22.0	19.856164383561644	19.096437880104258	13.831241283124129	12.466395112016293	8.353960396039604	3.934065934065934	2.9051094890510947	1.898876404494382	1.988888888888889	1.6354166666666667	1.4444444444444444	1.4	1.2173913043478262	1.3076923076923077	1.5384615384615385	2.3846153846153846	2.0	1.3214285714285714	1.7272727272727273	1.6153846153846154	1.9	1.6666666666666667	2.1219512195121952	2.125	1.8611111111111112	2.2941176470588234	1.59375	1.9024390243902438	9.752293577981652	36.06306306306306	84.65123456790124	93.12064965197216	76.08436724565757	59.566	41.18840579710145	45.74907749077491	36.06768189509306	31.25044883303411
	# checklists reporting species - (Common Goldeneye)	1266	983	785	1270	787	729	971	819	985	1044	1022	1151	717	491	404	273	137	89	90	96	18	15	23	13	13	13	23	28	22	13	20	21	41	24	36	34	32	41	109	333	324	431	403	500	483	542	591	1114
	
