

	Week starting on...	1/1	1/8	1/15	1/22	2/1	2/8	2/15	2/22	3/1	3/8	3/15	3/22	4/1	4/8	4/15	4/22	5/1	5/8	5/15	5/22	6/1	6/8	6/15	6/22	7/1	7/8	7/15	7/22	8/1	8/8	8/15	8/22	9/1	9/8	9/15	9/22	10/1	10/8	10/15	10/22	11/1	11/8	11/15	11/22	12/1	12/8	12/15	12/22
Frequency (%)
	Song Sparrow	7.963354474982381	8.132343846629562	6.41616448068061	8.371154815935451	7.415565345080763	4.9565947913749655	5.301159034771043	10.007072135785007	10.999686618614854	20.463538722442056	33.081761006289305	47.09063782170832	55.129434324065194	57.153614457831324	54.58186101295642	54.67707824955262	52.625970467346626	49.55049445609829	49.63364128703409	53.54603780128316	45.01557632398754	44.16289592760181	43.124368048533874	37.23624327678941	43.335256780150026	46.07969151670951	46.461949265687586	46.90721649484536	46.10472541507024	39.224137931034484	36.88569850911099	31.0641347187388	30.492730210016155	27.224052718286657	28.094462540716613	31.3953488372093	35.646568069776265	37.60424564063685	36.13348676639816	33.75106807177442	21.861386138613863	16.705790297339593	9.804772234273319	9.87831066571224	9.453197405004634	9.601449275362318	12.792079207920793	8.510036754311564
	Total # checklists submitted - (Song Sparrow)	4257	3234	2821	3966	2724	3571	5263	2828	3191	3538	3975	5362	4172	3984	4245	6147	6569	6674	6278	5767	2568	2210	1978	2417	1733	1556	1498	2134	1566	1624	1811	2791	2476	2428	2456	3010	2637	2638	2607	3511	2525	2556	2305	2794	2158	2208	2525	3537
	
Abundance
	Song Sparrow	0.16208597603946442	0.1487322201607916	0.12761432116270827	0.132375189107413	0.12518355359765052	0.07952954354522543	0.09804294128823865	0.1746817538896747	0.19178940770918207	0.5525720746184285	1.6357232704402516	2.9807907497202537	4.37751677852349	4.343122489959839	3.7868080094228502	3.4226451927769643	3.077028467042168	2.4540005993407252	2.4308697037273017	2.593549505808913	2.05607476635514	1.8411764705882352	1.7411526794742165	1.4451799751758378	1.6728216964800924	2.0347043701799485	2.369826435246996	2.5576382380506093	2.3652618135376757	1.8306650246305418	1.5880728879072337	1.2884270870655679	1.182956381260097	1.0102965403624382	1.1539087947882736	1.629235880398671	2.1588926810769813	2.136467020470053	1.938626774069812	1.378809455995443	0.659009900990099	0.3873239436619718	0.20216919739696312	0.18575518969219756	0.19230769230769232	0.23641304347826086	0.3310891089108911	0.2046932428611818
	Total # checklists submitted - (Song Sparrow)	4257	3234	2821	3966	2724	3571	5263	2828	3191	3538	3975	5362	4172	3984	4245	6147	6569	6674	6278	5767	2568	2210	1978	2417	1733	1556	1498	2134	1566	1624	1811	2791	2476	2428	2456	3010	2637	2638	2607	3511	2525	2556	2305	2794	2158	2208	2525	3537
	
Birds Per Party Hour
	Song Sparrow	1.7421530885587957	1.212976729717581	1.3461794753175413	1.2854970612341117	1.4092437125228685	1.5656240697916792	1.6788398302344172	1.6092398631822433	1.4353180315072203	2.258904464876903	3.6545140301476557	4.96747361028128	5.498611848298271	6.07743426923023	5.4913674655580795	4.435860776427196	3.7733746891960185	3.1360841073579975	2.9015298999717727	3.20403420641353	4.1938059654544935	4.516840751206922	5.1932110095886515	5.053751916666189	4.734280286473121	4.46754970367235	4.788535488277362	4.7855666612478736	3.7190091177905957	4.932373230278207	2.718285134220985	2.495642725343395	2.3907819860732347	2.1416452066261105	2.1161410679933295	2.760481208674204	3.668156246554289	3.1688731854643546	3.3539010747221507	2.3267832668297914	1.92232335459365	1.2591434664197512	1.336695579920632	1.2245120584024574	1.1911171779196943	1.3967821346685156	1.0601935480364104	1.2770250945969095
	# checklists reporting species - (Song Sparrow)	351	264	184	334	208	183	281	283	354	738	1296	2503	2253	2212	2236	3239	3326	3221	3004	2984	1129	943	828	892	734	701	672	973	710	643	672	864	742	663	702	953	937	985	940	1185	557	431	228	282	206	216	326	310
	
High Count
	Song Sparrow	21	12	17	12	20	26	14	10	12	20	75	100	200	100	75	100	74	60	50	100	52	46	41	40	45	40	50	76	100	60	50	60	45	45	51	63	155	128	80	94	30	100	10	14	11	23	29	20
	# checklists reporting species - (Song Sparrow)	369	287	199	362	220	192	295	299	370	773	1393	2684	2460	2411	2455	3531	3632	3485	3295	3280	1228	1026	899	953	790	752	734	1065	766	680	715	914	785	700	752	1018	1007	1064	1027	1267	582	463	243	308	230	238	353	322
	
Totals
	Song Sparrow	753	519	394	593	373	354	537	517	645	2042	6678	16367	18818	17679	16534	21588	20676	16849	15580	15415	5408	4191	3534	3593	2951	3242	3622	5590	3810	3097	2973	3685	2989	2517	2952	5059	5849	5865	5270	5002	1732	1189	513	588	470	584	917	765
	# checklists reporting species - (Song Sparrow)	364	285	198	359	217	191	294	291	366	751	1318	2554	2304	2255	2283	3290	3374	3251	3039	3017	1142	957	839	903	737	703	685	983	713	645	678	873	750	673	727	981	966	1017	977	1221	570	454	242	306	229	234	351	320
	
Average Count
	Song Sparrow	2.068681318681319	1.8210526315789475	1.9898989898989898	1.6518105849582172	1.7188940092165899	1.8534031413612566	1.8265306122448979	1.7766323024054982	1.7622950819672132	2.719041278295606	5.0667678300455234	6.408379013312451	8.167534722222221	7.839911308203991	7.242225142356548	6.561702127659575	6.128037937166568	5.1827130113811135	5.12668641000329	5.109380178985748	4.735551663747811	4.379310344827586	4.212157330154946	3.9789590254706533	4.004070556309363	4.611664295874823	5.287591240875912	5.686673448626653	5.3436185133239835	4.801550387596899	4.384955752212389	4.221076746849943	3.985333333333333	3.7399702823179792	4.060522696011004	5.156982670744139	6.054865424430642	5.766961651917404	5.394063459570113	4.096642096642096	3.0385964912280703	2.618942731277533	2.1198347107438016	1.9215686274509804	2.052401746724891	2.4957264957264957	2.6125356125356127	2.390625
	# checklists reporting species - (Song Sparrow)	364	285	198	359	217	191	294	291	366	751	1318	2554	2304	2255	2283	3290	3374	3251	3039	3017	1142	957	839	903	737	703	685	983	713	645	678	873	750	673	727	981	966	1017	977	1221	570	454	242	306	229	234	351	320
	
