

	Week starting on...	1/1	1/8	1/15	1/22	2/1	2/8	2/15	2/22	3/1	3/8	3/15	3/22	4/1	4/8	4/15	4/22	5/1	5/8	5/15	5/22	6/1	6/8	6/15	6/22	7/1	7/8	7/15	7/22	8/1	8/8	8/15	8/22	9/1	9/8	9/15	9/22	10/1	10/8	10/15	10/22	11/1	11/8	11/15	11/22	12/1	12/8	12/15	12/22
Frequency (%)
	Eastern Wood-Pewee	0.0	0.0	0.0	0.0	0.0	0.0	0.0	0.0	0.0	0.0	0.0	0.0	0.0	0.0	0.0	0.0	0.18267620642411325	1.7081210668264908	12.679197196559414	22.940870469915033	17.445482866043612	13.031674208144798	10.76845298281092	8.60570955730244	7.789959607616849	7.712082262210797	8.611481975967958	6.841611996251172	7.471264367816093	8.312807881773399	11.76145775814467	15.299175922608384	18.295638126009692	15.32125205930807	12.174267100977199	4.5514950166112955	1.5168752370117558	0.265352539802881	0.038358266206367474	0.02848191398461977	0.07920792079207921	0.0	0.0	0.0	0.0	0.0	0.0	0.0
	Total # checklists submitted - (Eastern Wood-Pewee)	4257	3234	2821	3966	2724	3571	5263	2828	3191	3538	3975	5362	4172	3984	4245	6147	6569	6674	6278	5767	2568	2210	1978	2417	1733	1556	1498	2134	1566	1624	1811	2791	2476	2428	2456	3010	2637	2638	2607	3511	2525	2556	2305	2794	2158	2208	2525	3537
	
Abundance
	Eastern Wood-Pewee	0.0	0.0	0.0	0.0	0.0	0.0	0.0	0.0	0.0	0.0	0.0	0.0	0.0	0.0	0.0	0.0	0.001978992236261227	0.020227749475576866	0.17601146862057981	0.38581584879486736	0.286214953271028	0.19366515837104073	0.1769464105156724	0.12536201903185767	0.11309867282169649	0.11503856041131105	0.14152202937249667	0.12792877225866917	0.12388250319284802	0.1625615763546798	0.24792932081722804	0.285202436402723	0.3602584814216478	0.2524711696869852	0.19258957654723127	0.05813953488372093	0.016306408797876374	0.003032600454890068	3.835826620636747E-4	2.848191398461977E-4	7.920792079207921E-4	0.0	0.0	0.0	0.0	0.0	0.0	0.0
	Total # checklists submitted - (Eastern Wood-Pewee)	4257	3234	2821	3966	2724	3571	5263	2828	3191	3538	3975	5362	4172	3984	4245	6147	6569	6674	6278	5767	2568	2210	1978	2417	1733	1556	1498	2134	1566	1624	1811	2791	2476	2428	2456	3010	2637	2638	2607	3511	2525	2556	2305	2794	2158	2208	2525	3537
	
Birds Per Party Hour
	Eastern Wood-Pewee	0.0	0.0	0.0	0.0	0.0	0.0	0.0	0.0	0.0	0.0	0.0	0.0	0.0	0.0	0.0	0.0	0.5599188444519837	0.676386153358627	0.7653546124939529	1.2353963666983037	2.0991377506738464	2.254567362695787	1.8782874244484529	2.2987908076513133	1.857012727879375	1.3234430668184654	1.5138800789881766	1.5771189020969596	1.556966178472177	1.882898569792435	1.503840663920643	1.319618289684094	1.3636846647600362	1.2343472929299601	0.9745739820588266	0.8147459917933431	0.6035675226022333	0.5979196299538623	0.4	0.14285714285714285	0.1625	0.0	0.0	0.0	0.0	0.0	0.0	0.0
	# checklists reporting species - (Eastern Wood-Pewee)	0.0	0.0	0.0	0.0	0.0	0.0	0.0	0.0	0.0	0.0	0.0	0.0	0.0	0.0	0.0	0.0	10	115	840	1374	472	294	219	210	137	127	133	163	117	143	228	443	466	390	313	142	42	7	1	1	2	0.0	0.0	0.0	0.0	0.0	0.0	0.0
	
High Count
	Eastern Wood-Pewee	0.0	0.0	0.0	0.0	0.0	0.0	0.0	0.0	0.0	0.0	0.0	0.0	0.0	0.0	0.0	0.0	2	5	7	18	10	11	9	11	5	6	6	12	8	11	12	15	21	13	10	5	2	2	1	1	1	0.0	0.0	0.0	0.0	0.0	0.0	0.0
	# checklists reporting species - (Eastern Wood-Pewee)	0.0	0.0	0.0	0.0	0.0	0.0	0.0	0.0	0.0	0.0	0.0	0.0	0.0	0.0	0.0	0.0	12	123	883	1485	538	343	284	300	188	150	141	172	127	152	242	467	486	404	329	152	44	9	1	1	3	0.0	0.0	0.0	0.0	0.0	0.0	0.0
	
Totals
	Eastern Wood-Pewee	0.0	0.0	0.0	0.0	0.0	0.0	0.0	0.0	0.0	0.0	0.0	0.0	0.0	0.0	0.0	0.0	13	143	1200	2411	823	499	420	395	248	212	226	302	205	287	488	844	933	647	517	192	47	10	1	1	2	0.0	0.0	0.0	0.0	0.0	0.0	0.0
	# checklists reporting species - (Eastern Wood-Pewee)	0.0	0.0	0.0	0.0	0.0	0.0	0.0	0.0	0.0	0.0	0.0	0.0	0.0	0.0	0.0	0.0	10	120	861	1446	513	330	275	292	184	147	139	168	122	148	238	460	478	398	323	150	43	9	1	1	2	0.0	0.0	0.0	0.0	0.0	0.0	0.0
	
Average Count
	Eastern Wood-Pewee	0.0	0.0	0.0	0.0	0.0	0.0	0.0	0.0	0.0	0.0	0.0	0.0	0.0	0.0	0.0	0.0	1.3	1.1916666666666667	1.3937282229965158	1.6673582295988936	1.6042884990253412	1.5121212121212122	1.5272727272727273	1.3527397260273972	1.3478260869565217	1.4421768707482994	1.6258992805755397	1.7976190476190477	1.680327868852459	1.9391891891891893	2.0504201680672267	1.8347826086956522	1.9518828451882846	1.6256281407035176	1.6006191950464397	1.28	1.0930232558139534	1.1111111111111112	1.0	1.0	1.0	0.0	0.0	0.0	0.0	0.0	0.0	0.0
	# checklists reporting species - (Eastern Wood-Pewee)	0.0	0.0	0.0	0.0	0.0	0.0	0.0	0.0	0.0	0.0	0.0	0.0	0.0	0.0	0.0	0.0	10	120	861	1446	513	330	275	292	184	147	139	168	122	148	238	460	478	398	323	150	43	9	1	1	2	0.0	0.0	0.0	0.0	0.0	0.0	0.0
	
