

	Week starting on...	1/1	1/8	1/15	1/22	2/1	2/8	2/15	2/22	3/1	3/8	3/15	3/22	4/1	4/8	4/15	4/22	5/1	5/8	5/15	5/22	6/1	6/8	6/15	6/22	7/1	7/8	7/15	7/22	8/1	8/8	8/15	8/22	9/1	9/8	9/15	9/22	10/1	10/8	10/15	10/22	11/1	11/8	11/15	11/22	12/1	12/8	12/15	12/22
Frequency (%)
	Cooper's Hawk	6.13107822410148	6.029684601113173	5.884438142502659	6.026222894604135	5.5433186490455215	5.152618314197704	5.054151624548736	6.895332390381895	5.390159824506425	6.726964386659128	7.9245283018867925	9.063782170831779	9.971236816874402	10.843373493975903	10.765606595995289	11.66422645192777	10.717004110214646	9.289781240635302	7.470532016565786	5.375411825906017	4.439252336448598	5.158371040723981	5.409504550050556	4.30285477865122	4.385458742065782	3.984575835475578	5.607476635514018	6.373008434864105	6.832694763729247	7.08128078817734	10.657095527332965	9.315657470440703	12.035541195476576	14.41515650741351	14.210097719869708	15.21594684385382	15.130830489192265	13.229719484457922	15.726889144610665	12.788379379094275	10.891089108910892	10.133020344287951	8.76355748373102	7.695060844667144	7.599629286376275	7.608695652173914	9.544554455445544	5.4283290924512295
	Total # checklists submitted - (Cooper's Hawk)	4257	3234	2821	3966	2724	3571	5263	2828	3191	3538	3975	5362	4172	3984	4245	6147	6569	6674	6278	5767	2568	2210	1978	2417	1733	1556	1498	2134	1566	1624	1811	2791	2476	2428	2456	3010	2637	2638	2607	3511	2525	2556	2305	2794	2158	2208	2525	3537
	
Abundance
	Cooper's Hawk	0.06295513272257458	0.06277056277056277	0.05955334987593052	0.06101865859808371	0.05800293685756241	0.053486418370204424	0.05263157894736842	0.07284299858557285	0.06204951425885302	0.07857546636517806	0.09433962264150944	0.10984707198806415	0.12583892617449666	0.13177710843373494	0.13191990577149587	0.1390922401171303	0.12406759019637692	0.1051842972729997	0.08043963045555909	0.058262528177561994	0.04789719626168224	0.05972850678733032	0.0743174924165824	0.06288787753413322	0.06982111944604731	0.05784061696658098	0.09479305740987984	0.11433926897844424	0.10280970625798212	0.08805418719211823	0.1247929320817228	0.11035471157291293	0.14983844911147012	0.20675453047775946	0.23574918566775244	0.2282392026578073	0.2131209708001517	0.2047005307050796	0.252397391637898	0.18655653659925947	0.12792079207920792	0.11815336463223787	0.10065075921908893	0.08339298496778812	0.08387395736793327	0.08152173913043478	0.11405940594059406	0.056827820186598814
	Total # checklists submitted - (Cooper's Hawk)	4257	3234	2821	3966	2724	3571	5263	2828	3191	3538	3975	5362	4172	3984	4245	6147	6569	6674	6278	5767	2568	2210	1978	2417	1733	1556	1498	2134	1566	1624	1811	2791	2476	2428	2456	3010	2637	2638	2607	3511	2525	2556	2305	2794	2158	2208	2525	3537
	
Birds Per Party Hour
	Cooper's Hawk	2.8298182913863146	2.004661647099278	1.9950135188623725	1.8003415555655546	2.556197182411082	1.718735111473476	2.238279351653337	1.9933650206637474	1.8305631321712121	2.021441011705427	1.3779077775858999	2.135263032575477	1.4565354351555542	1.461475206272725	1.3841354650889433	1.2043592169184296	1.3111244479631132	0.8668405955703251	0.840601023131584	0.9005035693910555	2.620748175338337	1.64657771460597	2.476069551158049	2.5389197526658203	3.220753166772737	2.645071224889976	2.891795500301522	1.8618021171877532	1.958251032995468	1.6506259500560023	0.8680918260042683	0.9792234067217419	0.751154766091542	0.9661294939742403	1.131689874473698	1.1175848991711788	1.2908746063538428	0.9639032486350878	0.9822391790270796	1.242764943594411	1.3435417149778892	1.0611197375866948	1.6716414685947085	1.3235759320554252	1.5279574342603488	1.1845853759162692	1.2740162130122012	2.0353911426201066
	# checklists reporting species - (Cooper's Hawk)	302	231	200	270	173	208	297	209	202	273	349	537	453	469	492	751	766	651	486	323	128	113	110	106	83	70	91	150	117	125	207	292	349	436	437	531	467	429	493	527	321	291	247	246	188	184	258	222
	
High Count
	Cooper's Hawk	3	2	3	3	4	2	2	3	3	3	4	3	4	4	4	3	4	3	3	2	3	6	5	5	5	4	6	6	5	4	3	4	8	16	18	15	8	14	10	11	5	5	4	3	3	3	5	2
	# checklists reporting species - (Cooper's Hawk)	329	252	225	302	198	232	326	236	217	290	367	566	476	487	516	794	796	683	513	347	149	130	130	138	101	79	100	164	124	134	221	303	362	454	460	562	496	454	527	553	341	301	259	258	206	195	276	247
	
Totals
	Cooper's Hawk	335	263	227	305	203	239	334	248	246	336	443	689	598	587	633	940	917	766	549	377	161	153	176	194	158	114	166	294	186	167	258	355	455	680	782	855	731	704	833	803	407	346	300	282	223	204	321	256
	# checklists reporting species - (Cooper's Hawk)	325	251	220	294	194	228	321	233	215	286	361	563	471	482	513	783	784	669	498	337	142	123	126	127	97	75	96	162	122	133	220	302	359	449	454	557	489	448	524	550	338	299	259	257	205	190	273	244
	
Average Count
	Cooper's Hawk	1.0307692307692307	1.047808764940239	1.0318181818181817	1.0374149659863945	1.0463917525773196	1.0482456140350878	1.0404984423676011	1.0643776824034334	1.1441860465116278	1.1748251748251748	1.2271468144044322	1.2238010657193605	1.2696390658174097	1.2178423236514522	1.2339181286549707	1.2005108556832695	1.1696428571428572	1.1449925261584455	1.1024096385542168	1.1186943620178043	1.1338028169014085	1.2439024390243902	1.3968253968253967	1.5275590551181102	1.6288659793814433	1.52	1.7291666666666667	1.8148148148148149	1.5245901639344261	1.255639097744361	1.1727272727272726	1.1754966887417218	1.267409470752089	1.5144766146993318	1.722466960352423	1.5350089766606823	1.4948875255623721	1.5714285714285714	1.5896946564885497	1.46	1.2041420118343196	1.157190635451505	1.1583011583011582	1.0972762645914398	1.0878048780487806	1.0736842105263158	1.1758241758241759	1.0491803278688525
	# checklists reporting species - (Cooper's Hawk)	325	251	220	294	194	228	321	233	215	286	361	563	471	482	513	783	784	669	498	337	142	123	126	127	97	75	96	162	122	133	220	302	359	449	454	557	489	448	524	550	338	299	259	257	205	190	273	244
	
