

	Week starting on...	1/1	1/8	1/15	1/22	2/1	2/8	2/15	2/22	3/1	3/8	3/15	3/22	4/1	4/8	4/15	4/22	5/1	5/8	5/15	5/22	6/1	6/8	6/15	6/22	7/1	7/8	7/15	7/22	8/1	8/8	8/15	8/22	9/1	9/8	9/15	9/22	10/1	10/8	10/15	10/22	11/1	11/8	11/15	11/22	12/1	12/8	12/15	12/22
Frequency (%)
	Northern Goshawk	0.18792576932111815	0.06184291898577613	0.03544842254519674	0.07564296520423601	0.03671071953010279	0.0	0.03800114003420103	0.0	0.031338138514572234	0.0847936687394008	0.0	0.05594927265945542	0.09587727708533077	0.07530120481927711	0.04711425206124853	0.1138766878151944	0.015223017202009437	0.029967036260113877	0.0	0.0	0.0	0.0	0.0	0.0	0.0	0.0	0.0	0.0	0.0	0.0	0.0	0.0	0.0	0.04118616144975289	0.0	0.0664451827242525	0.15168752370117558	0.530705079605762	1.611047180667434	1.0538308174309314	0.6732673267326733	0.7042253521126761	0.2603036876355748	0.17895490336435219	0.13901760889712697	0.09057971014492754	0.1188118811881188	0.19790783149561775
	Total # checklists submitted - (Northern Goshawk)	4257	3234	2821	3966	2724	3571	5263	2828	3191	3538	3975	5362	4172	3984	4245	6147	6569	6674	6278	5767	2568	2210	1978	2417	1733	1556	1498	2134	1566	1624	1811	2791	2476	2428	2456	3010	2637	2638	2607	3511	2525	2556	2305	2794	2158	2208	2525	3537
	
Abundance
	Northern Goshawk	0.0018792576932111817	9.276437847866419E-4	3.544842254519674E-4	7.564296520423601E-4	3.671071953010279E-4	0.0	3.800114003420103E-4	0.0	3.1338138514572234E-4	8.479366873940079E-4	0.0	5.594927265945542E-4	9.587727708533077E-4	7.530120481927711E-4	4.711425206124853E-4	0.001138766878151944	1.5223017202009437E-4	2.9967036260113877E-4	0.0	0.0	0.0	0.0	0.0	0.0	0.0	0.0	0.0	0.0	0.0	0.0	0.0	0.0	0.0	4.1186161449752884E-4	0.0	6.64451827242525E-4	0.0015168752370117557	0.00530705079605762	0.02032988108937476	0.015665052691540872	0.010297029702970298	0.008607198748043818	0.0026030368763557484	0.0017895490336435219	0.0013901760889712697	9.057971014492754E-4	0.001188118811881188	0.0019790783149561775
	Total # checklists submitted - (Northern Goshawk)	4257	3234	2821	3966	2724	3571	5263	2828	3191	3538	3975	5362	4172	3984	4245	6147	6569	6674	6278	5767	2568	2210	1978	2417	1733	1556	1498	2134	1566	1624	1811	2791	2476	2428	2456	3010	2637	2638	2607	3511	2525	2556	2305	2794	2158	2208	2525	3537
	
Birds Per Party Hour
	Northern Goshawk	0.20459071204986717	0.3111111111111111	0.5225806451612903	0.2	0.0	0.0	1.5651816084220977	0.0	0.0	0.14074074074074075	0.0	0.4399934249966158	0.3734663800392261	0.2092436974789916	0.18333333333333332	0.37892678631918003	0.75	0.7556644044002432	0.0	0.0	0.0	5.9880239520958085	0.0	0.0	0.0	0.0	0.0	0.0	0.0	0.0	0.0	0.0	0.0	0.6395478649176668	0.0	0.5601099732789645	0.6438691119876687	0.30579519274104816	0.3904539643873986	0.7122239798184117	0.892078130615299	0.4514476557359575	0.7612987881175542	0.5207837301587301	0.43334333433343336	0.2814836691098264	0.15595238095238095	0.5038418172713367
	# checklists reporting species - (Northern Goshawk)	8	2	2	2	0	0	4	0	0	3	3	3	4	4	2	7	2	2	0.0	0.0	0.0	1	0.0	0.0	0.0	0.0	0.0	0.0	0.0	0.0	0.0	0.0	0.0	2	0	5	10	16	52	52	34	25	13	8	3	3	3	9
	
High Count
	Northern Goshawk	1	2	2	1	1	1	1	1	1	1	1	1	1	1	1	1	1	1	0.0	0.0	0.0	1	0.0	0.0	0.0	0.0	0.0	0.0	0.0	0.0	0.0	0.0	0.0	1	1	1	1	1	4	4	4	3	2	1	1	1	2	1
	# checklists reporting species - (Northern Goshawk)	11	5	5	5	3	2	6	1	2	6	5	5	4	5	2	8	2	2	0.0	0.0	0.0	1	0.0	0.0	0.0	0.0	0.0	0.0	0.0	0.0	0.0	0.0	0.0	3	1	6	12	17	54	57	34	28	14	9	3	6	6	10
	
Totals
	Northern Goshawk	11	7	7	5	3	2	6	1	1	6	5	5	4	5	2	8	2	2	0.0	0.0	0.0	1	0.0	0.0	0.0	0.0	0.0	0.0	0.0	0.0	0.0	0.0	0.0	3	1	6	12	17	67	77	48	32	15	9	3	6	8	10
	# checklists reporting species - (Northern Goshawk)	11	5	5	5	3	2	6	1	1	6	5	5	4	5	2	8	2	2	0.0	0.0	0.0	1	0.0	0.0	0.0	0.0	0.0	0.0	0.0	0.0	0.0	0.0	0.0	3	1	6	12	17	54	57	34	28	14	9	3	6	6	10
	
Average Count
	Northern Goshawk	1.0	1.4	1.4	1.0	1.0	1.0	1.0	1.0	1.0	1.0	1.0	1.0	1.0	1.0	1.0	1.0	1.0	1.0	0.0	0.0	0.0	1.0	0.0	0.0	0.0	0.0	0.0	0.0	0.0	0.0	0.0	0.0	0.0	1.0	1.0	1.0	1.0	1.0	1.2407407407407407	1.3508771929824561	1.411764705882353	1.1428571428571428	1.0714285714285714	1.0	1.0	1.0	1.3333333333333333	1.0
	# checklists reporting species - (Northern Goshawk)	11	5	5	5	3	2	6	1	1	6	5	5	4	5	2	8	2	2	0.0	0.0	0.0	1	0.0	0.0	0.0	0.0	0.0	0.0	0.0	0.0	0.0	0.0	0.0	3	1	6	12	17	54	57	34	28	14	9	3	6	6	10
	
