

	Week starting on...	1/1	1/8	1/15	1/22	2/1	2/8	2/15	2/22	3/1	3/8	3/15	3/22	4/1	4/8	4/15	4/22	5/1	5/8	5/15	5/22	6/1	6/8	6/15	6/22	7/1	7/8	7/15	7/22	8/1	8/8	8/15	8/22	9/1	9/8	9/15	9/22	10/1	10/8	10/15	10/22	11/1	11/8	11/15	11/22	12/1	12/8	12/15	12/22
Frequency (%)
	Common Nighthawk	0.0	0.0	0.0	0.0	0.0	0.0	0.0	0.0	0.0	0.0	0.0	0.0	0.0	0.0	0.0	0.0	0.015223017202009437	0.4195385076415942	0.7167887862376553	2.583665684064505	1.32398753894081	1.3574660633484164	1.6177957532861478	1.1998345055854365	0.8078476630121176	1.6066838046272494	2.069425901201602	1.4526710402999063	1.6602809706257982	1.9704433497536946	3.9757040309221425	5.087782156932999	2.7867528271405493	3.500823723228995	1.3436482084690555	0.5980066445182725	0.18960940462646947	0.0	0.0	0.0	0.0	0.0	0.0	0.0	0.0	0.0	0.0	0.0
	Total # checklists submitted - (Common Nighthawk)	4257	3234	2821	3966	2724	3571	5263	2828	3191	3538	3975	5362	4172	3984	4245	6147	6569	6674	6278	5767	2568	2210	1978	2417	1733	1556	1498	2134	1566	1624	1811	2791	2476	2428	2456	3010	2637	2638	2607	3511	2525	2556	2305	2794	2158	2208	2525	3537
	
Abundance
	Common Nighthawk	0.0	0.0	0.0	0.0	0.0	0.0	0.0	0.0	0.0	0.0	0.0	0.0	0.0	0.0	0.0	0.0	1.5223017202009437E-4	0.004195385076415942	0.010194329404268876	0.03468007629616785	0.018302180685358254	0.01809954751131222	0.020222446916076844	0.01779064956557716	0.0103866128101558	0.02249357326478149	0.0267022696929239	0.029522024367385193	0.031928480204342274	0.046798029556650245	0.25400331308669244	0.4417771408097456	0.11066235864297254	0.09266886326194398	0.021172638436482084	0.013289036544850499	0.004171406901782328	0.0	0.0	0.0	0.0	0.0	0.0	0.0	0.0	0.0	0.0	0.0
	Total # checklists submitted - (Common Nighthawk)	4257	3234	2821	3966	2724	3571	5263	2828	3191	3538	3975	5362	4172	3984	4245	6147	6569	6674	6278	5767	2568	2210	1978	2417	1733	1556	1498	2134	1566	1624	1811	2791	2476	2428	2456	3010	2637	2638	2607	3511	2525	2556	2305	2794	2158	2208	2525	3537
	
Birds Per Party Hour
	Common Nighthawk	0.0	0.0	0.0	0.0	0.0	0.0	0.0	0.0	0.0	0.0	0.0	0.0	0.0	0.0	0.0	0.0	4.0	0.8554555329546375	3.6221754229672674	4.161559908438908	3.984121754497376	4.5830987074046465	4.12381601101816	7.075070349371837	2.2897673660005053	6.276439789169961	2.5700723562114627	4.91044532821386	3.866364712820673	6.395792696580229	22.322651772568047	14.05307640640051	7.296128581994336	4.783001978398197	0.8929879413802038	2.026392154627888	2.3260264357117553	0.0	0.0	0.0	0.0	0.0	0.0	0.0	0.0	0.0	0.0	0.0
	# checklists reporting species - (Common Nighthawk)	0.0	0.0	0.0	0.0	0.0	0.0	0.0	0.0	0.0	0.0	0.0	0.0	0.0	0.0	0.0	0.0	1	31	59	214	63	61	55	39	24	40	42	55	36	37	80	183	82	98	40	17	4	1	0.0	0.0	0.0	0.0	0.0	0.0	0.0	0.0	0.0	0.0
	
High Count
	Common Nighthawk	0.0	0.0	0.0	0.0	0.0	0.0	0.0	0.0	0.0	0.0	0.0	0.0	0.0	0.0	0.0	0.0	1	2	7	6	4	3	4	4	4	4	3	7	10	12	120	133	52	40	8	12	6	1	0.0	0.0	0.0	0.0	0.0	0.0	0.0	0.0	0.0	0.0
	# checklists reporting species - (Common Nighthawk)	0.0	0.0	0.0	0.0	0.0	0.0	0.0	0.0	0.0	0.0	0.0	0.0	0.0	0.0	0.0	0.0	1	37	77	271	82	68	80	62	43	54	62	62	47	52	113	224	97	107	45	22	5	1	0.0	0.0	0.0	0.0	0.0	0.0	0.0	0.0	0.0	0.0
	
Totals
	Common Nighthawk	0.0	0.0	0.0	0.0	0.0	0.0	0.0	0.0	0.0	0.0	0.0	0.0	0.0	0.0	0.0	0.0	1	38	100	350	100	85	106	79	53	70	81	112	74	106	563	1578	389	305	80	51	11	1	0.0	0.0	0.0	0.0	0.0	0.0	0.0	0.0	0.0	0.0
	# checklists reporting species - (Common Nighthawk)	0.0	0.0	0.0	0.0	0.0	0.0	0.0	0.0	0.0	0.0	0.0	0.0	0.0	0.0	0.0	0.0	1	37	75	262	78	68	80	58	40	53	61	62	46	49	108	220	95	105	43	18	5	1	0.0	0.0	0.0	0.0	0.0	0.0	0.0	0.0	0.0	0.0
	
Average Count
	Common Nighthawk	0.0	0.0	0.0	0.0	0.0	0.0	0.0	0.0	0.0	0.0	0.0	0.0	0.0	0.0	0.0	0.0	1.0	1.027027027027027	1.3333333333333333	1.3358778625954197	1.2820512820512822	1.25	1.325	1.3620689655172413	1.325	1.320754716981132	1.3278688524590163	1.8064516129032258	1.608695652173913	2.163265306122449	5.212962962962963	7.172727272727273	4.094736842105263	2.9047619047619047	1.8604651162790697	2.8333333333333335	2.2	1.0	0.0	0.0	0.0	0.0	0.0	0.0	0.0	0.0	0.0	0.0
	# checklists reporting species - (Common Nighthawk)	0.0	0.0	0.0	0.0	0.0	0.0	0.0	0.0	0.0	0.0	0.0	0.0	0.0	0.0	0.0	0.0	1	37	75	262	78	68	80	58	40	53	61	62	46	49	108	220	95	105	43	18	5	1	0.0	0.0	0.0	0.0	0.0	0.0	0.0	0.0	0.0	0.0
	
