

	Week starting on...	1/1	1/8	1/15	1/22	2/1	2/8	2/15	2/22	3/1	3/8	3/15	3/22	4/1	4/8	4/15	4/22	5/1	5/8	5/15	5/22	6/1	6/8	6/15	6/22	7/1	7/8	7/15	7/22	8/1	8/8	8/15	8/22	9/1	9/8	9/15	9/22	10/1	10/8	10/15	10/22	11/1	11/8	11/15	11/22	12/1	12/8	12/15	12/22
Frequency (%)
	Northern Flicker	0.6812309137890533	0.463821892393321	0.42538107054236085	0.6051437216338881	0.7342143906020557	0.44805376645197426	0.6270188105643169	0.5657708628005658	0.5640864932623002	0.7066139061616733	1.3081761006289307	4.830287206266318	10.378715244487056	30.070281124497996	35.97173144876325	42.020497803806734	39.57984472522454	26.835480970931975	20.866517999362856	14.773712502167506	11.214953271028037	11.221719457013576	10.76845298281092	9.888291270169631	12.925562608193882	14.588688946015424	15.220293724966622	15.27647610121837	14.623243933588762	13.485221674876847	15.626725565985645	17.448943031171623	21.44588045234249	27.100494233937393	33.22475570032573	30.89700996677741	23.321956769055745	17.17210007581501	9.090909090909092	7.091996582170322	2.851485148514852	1.643192488262911	0.9978308026030369	0.894774516821761	0.7877664504170527	0.8152173913043478	1.306930693069307	0.5937234944868532
	Total # checklists submitted - (Northern Flicker)	4257	3234	2821	3966	2724	3571	5263	2828	3191	3538	3975	5362	4172	3984	4245	6147	6569	6674	6278	5767	2568	2210	1978	2417	1733	1556	1498	2134	1566	1624	1811	2791	2476	2428	2456	3010	2637	2638	2607	3511	2525	2556	2305	2794	2158	2208	2525	3537
	
Abundance
	Northern Flicker	0.0072821235611933285	0.00463821892393321	0.004253810705423609	0.006555723651033787	0.007709251101321586	0.004760571268552226	0.006270188105643169	0.006364922206506365	0.005954246317768724	0.00791407574901074	0.013584905660377358	0.06676613204028348	0.15987535953978907	0.8757530120481928	1.1557126030624263	1.1299821050919148	0.9493073527173086	0.4520527419838178	0.3141127747690347	0.19264782382521242	0.14213395638629284	0.14796380090497738	0.16127401415571285	0.1510136532892015	0.1996537795729948	0.256426735218509	0.27436582109479307	0.2685098406747891	0.2081736909323116	0.21674876847290642	0.23964660408614025	0.30204227875313505	0.36873990306946686	0.6198517298187809	0.8851791530944625	0.8255813953488372	0.5502464922260144	0.28089461713419256	0.13693901035673187	0.09085730561093705	0.032475247524752476	0.017605633802816902	0.011279826464208243	0.009663564781675018	0.008341056533827619	0.008605072463768116	0.013465346534653465	0.008199038733389879
	Total # checklists submitted - (Northern Flicker)	4257	3234	2821	3966	2724	3571	5263	2828	3191	3538	3975	5362	4172	3984	4245	6147	6569	6674	6278	5767	2568	2210	1978	2417	1733	1556	1498	2134	1566	1624	1811	2791	2476	2428	2456	3010	2637	2638	2607	3511	2525	2556	2305	2794	2158	2208	2525	3537
	
Birds Per Party Hour
	Northern Flicker	1.4940181620158202	1.0208702031377606	1.4871217384028532	1.488179467770492	1.1703605408955344	2.266112224585111	0.8331712399469995	1.0969820493618943	2.3335933060402247	0.9965228234785122	1.5258954634494661	1.300364206043808	1.238295959080958	2.2473657553450694	2.743430167261745	2.071446717655529	1.5080807287757352	1.1194419413490995	0.9158030827255073	1.2221038623171099	2.007131824195286	1.7837784370224774	1.6667060053202405	2.195857978392746	2.784895891970731	1.5211650512203745	1.695115794759826	1.6589370872709512	1.2933781587058273	1.1214530085651486	1.1629761078261158	1.4581894893014906	1.1268297228874165	1.503071797735249	1.5840023248901165	1.7379848202886663	1.710367265806384	1.096381168121715	1.076180835719532	0.9693881084029432	1.102699202947898	0.72107280526842	0.6443767946521908	0.5367316611295423	0.6763249122031124	0.7626976773961243	0.5463556515793587	1.6701525232148677
	# checklists reporting species - (Northern Flicker)	32	18	13	27	18	17	35	15	19	28	55	260	439	1239	1538	2603	2646	1828	1331	854	293	243	215	246	220	241	240	336	227	228	289	489	517	675	834	934	621	458	245	259	74	41	23	22	16	18	34	19
	
High Count
	Northern Flicker	2	1	1	2	2	2	1	2	2	2	2	12	20	50	85	40	41	23	10	6	9	6	7	9	7	18	15	15	6	14	8	12	10	30	25	35	30	12	12	4	3	2	3	2	2	3	2	5
	# checklists reporting species - (Northern Flicker)	38	19	17	34	21	19	36	17	25	33	62	287	478	1312	1668	2788	2783	1913	1402	916	328	283	260	321	278	264	249	359	247	246	306	526	557	721	910	1033	681	490	258	272	82	45	29	27	21	24	36	24
	
Totals
	Northern Flicker	40	19	17	36	22	20	36	19	26	36	62	388	744	3714	5174	7332	6510	3180	2089	1168	413	367	369	452	403	444	458	613	344	385	463	892	966	1613	2367	2731	1590	809	397	340	94	49	32	29	22	25	37	32
	# checklists reporting species - (Northern Flicker)	37	19	17	34	21	19	36	17	24	33	60	282	462	1285	1604	2681	2685	1859	1362	881	316	274	256	313	261	258	245	348	233	236	296	512	534	704	882	996	663	480	256	269	79	45	29	27	21	23	36	24
	
Average Count
	Northern Flicker	1.0810810810810811	1.0	1.0	1.0588235294117647	1.0476190476190477	1.0526315789473684	1.0	1.1176470588235294	1.0833333333333333	1.0909090909090908	1.0333333333333334	1.375886524822695	1.6103896103896105	2.890272373540856	3.2256857855361596	2.734800447594181	2.4245810055865924	1.7105970952124798	1.5337738619676946	1.325766174801362	1.3069620253164558	1.3394160583941606	1.44140625	1.4440894568690097	1.5440613026819923	1.7209302325581395	1.8693877551020408	1.7614942528735633	1.4763948497854078	1.63135593220339	1.5641891891891893	1.7421875	1.8089887640449438	2.2911931818181817	2.683673469387755	2.7419678714859437	2.3981900452488687	1.6854166666666666	1.55078125	1.2639405204460967	1.1898734177215189	1.0888888888888888	1.103448275862069	1.0740740740740742	1.0476190476190477	1.0869565217391304	1.0277777777777777	1.3333333333333333
	# checklists reporting species - (Northern Flicker)	37	19	17	34	21	19	36	17	24	33	60	282	462	1285	1604	2681	2685	1859	1362	881	316	274	256	313	261	258	245	348	233	236	296	512	534	704	882	996	663	480	256	269	79	45	29	27	21	23	36	24
	
